5.842821595638285362e+04
-5.882579135387251154e+04
2.446680987224045020e+04
2.992184209886986082e+03
-1.642853559693190255e+04
3.417200109191610682e+04
2.142586602467867851e+04
2.742670390006486195e+04
-2.211897710990386622e+04
1.180666511291547795e+04
2.385944636873201034e+03
1.093069719700547284e+04
5.326462089558326988e+04
2.665376573455709513e+04
-9.468607725666068291e+03
8.919225596187572592e+03
2.302234416728517681e+04
3.304303263348476321e+04
-1.481748567353251019e+04
5.871409041679742950e+04
-1.586499945460155141e+04
-1.962380912759575585e+04
5.845194792491261978e+03
5.913317891236765718e+04
-1.881780205491684683e+04
6.911792959922086993e+03
5.783461661339298007e+04
-2.212915553745424040e+04
6.223546757884375984e+04
-2.294470202520147723e+04
-4.666818500423483056e+04
5.045887082445770648e+04
5.013734125336581201e+04
-4.272975775386059104e+04
-2.813711396153926762e+04
-3.587719160753033066e+04
3.638188292910686869e+04
4.171989093395612872e+04
-5.727758132772831596e+04
4.851896285638763220e+04
-6.477810976759230471e+03
-5.826097785383225528e+03
-2.488574970821853276e+04
-3.183575501006023842e+04
6.360255132353769295e+04
6.755716026473619422e+02
2.731103733136159644e+04
-4.586752359725386486e+04
-1.451342216022209141e+04
4.134808461734131561e+04
-1.602155285526329862e+04
3.859206445944496227e+04
-2.825229678184967270e+03
-1.430143607555583458e+03
-2.176536250005363399e+04
-1.401487823390802441e+04
-1.198027498720672338e+04
3.771411344338734489e+04
9.197201593204144956e+03
7.622992703470388733e+03
-3.709156126591028442e+04
-3.948459841217008216e+04
3.758788388697046321e+04
-3.061281727626280554e+04
-1.307523624517705866e+04
7.278819464699813398e+04
4.249791983700845594e+04
-1.499965057625094596e+04
-8.841534003498173843e+04
-5.115996843879861262e+04
-5.242980478393374506e+04
1.651393638079210859e+03
3.351734054915767774e+04
-9.279473251198460275e+03
4.452290468685847736e+04
-4.480889732332434505e+04
6.765615389031288214e+04
1.498459578086172951e+04
5.054831073428868694e+04
-1.882178898293963357e+04
-5.652063660180437728e+04
5.371726397024314110e+02
-2.916353012602626768e+04
2.830583725607239103e+04
-4.197443152673612349e+04
-2.505617994710183484e+04
-3.887794504777231487e+04
7.775966264202195453e+04
-5.582761479991339002e+04
-1.822297576451864006e+04
-1.507521061688218106e+04
1.640004798200188452e+04
-3.269511504585085277e+04
-3.095615341497751797e+04
-2.577656346027438849e+04
1.095717215693450817e+04
-1.456226897331896726e+04
-2.788285658942960799e+04
-5.550242124906421668e+04
6.014482953824165452e+04
8.271246091236798384e+04
-6.711773358480801107e+04
-3.731157337076596014e+04
4.168253872384657370e+03
4.536140812749724864e+04
-3.902242993998219026e+04
-4.540710287230426184e+04
-8.892752421455274089e+03
-5.384408416310312532e+03
2.809150922258084393e+04
3.132447160776999340e+02
5.236677627858793858e+04
2.312094940592780040e+04
-3.223174916087511883e+04
2.728815512188027787e+04
-2.892039550598066853e+04
6.108968816189280005e+03
2.150906087996456336e+04
-2.489680953761940691e+04
2.052782538487193233e+04
2.459760434221267587e+03
2.260796755714992105e+04
-1.015139734572005727e+04
1.879754554173014913e+04
2.051868916701799026e+04
1.428416216841258938e+04
-3.307271421986291534e+04
4.872974670391320251e+04
-2.030061990244650224e+04
-2.080757293822007341e+04
8.051768807040811225e+03
-2.995839387359102329e+04
2.346048507433017221e+04
-2.558146535156106256e+04
-8.069095263556731516e+04
4.679537708956350252e+04
8.609904072353236552e+04
-1.771687166443804017e+04
5.860445150289146113e+04
3.499863990545771958e+04
5.002946853614620341e+04
3.585650668234624754e+04
-5.440237809058964194e+04
1.981434500847987147e+04
4.216818322953217285e+04
2.842139425099376240e+04
4.277260327996632259e+04
3.436986062982024123e+03
2.367462251604710764e+04
2.233573830229650412e+04
7.543137486310501117e+04
1.864446315871967818e+04
6.114933164577632851e+03
4.488145539771479889e+03
-3.516186945239458873e+04
4.125961773043074936e+04
2.468020016490540002e+04
-5.228722923512395937e+04
-2.640427113935383022e+04
-1.783558545100551055e+04
7.573646196344995587e+03
9.240885947702459816e+03
-1.147396314480026558e+04
-3.260903807970046182e+04
2.799933428389231995e+04
4.456598396995210351e+04
8.055826785362610826e+04
3.134658404528238316e+04
-4.385602000676636635e+03
-3.279882842407548014e+04
-1.575559692947408257e+04
5.679121815958260413e+02
-1.295100116738442011e+04
-4.581033822468545259e+04
-3.349518824728282198e+03
5.674559577913983230e+04
3.256553705683651424e+04
1.188239804181847103e+04
5.784303621783276321e+04
1.241943115885040015e+03
2.663974853198865821e+04
-1.238485174224194634e+04
-1.630347121755883927e+04
-3.665025265502177353e+04
-1.002444655069876171e+04
-3.008643635775557777e+04
-2.585734283722523105e+04
6.573592338415252743e+04
-9.632542680897349783e+03
6.282834062532567623e+04
-2.175554641346312565e+04
6.705291405007327558e+04
5.971280635021263151e+03
-5.683517638448390244e+03
1.796479872266602615e+04
3.286112470416375436e+04
-1.445490838275264468e+04
-8.477595692593076819e+03
-9.175866209280793555e+03
2.198298060044593149e+04
2.413657324280251123e+04
2.515645561673435077e+04
1.321197372907793215e+04
1.748422474291411709e+04
-7.372766868416768557e+04
-4.150101642788389290e+04
3.074144044298777953e+04
2.416768542185910337e+04
5.414603581117937574e+04
4.797969181189161463e+04
-5.585731922324107290e+04
7.251145196427591145e+03
3.031286569452012918e+04
6.473192400389426621e+04
3.592585061891219812e+04
-4.239368911226282944e+04
1.855013119508090313e+04
-1.646776974805124337e+04
-1.543355450353115521e+04
-6.066257741205162893e+04
-3.565901760113891942e+04
-2.867835353041687267e+04
-5.406056025418920763e+04
4.480465015313204640e+04
-7.199900642139538832e+03
2.645177940832401146e+04
4.739395718369502720e+04
-2.814176780169923950e+04
1.829023288504457742e+04
-5.159681809443050588e+04
-2.005270908442488872e+04
-6.032333967848566317e+03
1.059045777851448292e+04
3.643857700367104553e+04
2.142163569685734183e+04
-1.259900211752010364e+04
-8.625481524250828079e+04
2.046575400121801067e+04
1.750006900575386680e+03
-6.807431820551962301e+04
5.292735526784190006e+04
-4.733777034701818775e+04
1.610335063445560445e+04
4.161522457486777421e+04
4.470586000609737675e+04
-3.197520268809021582e+04
-1.032488146148701344e+04
8.124238183775640209e+04
-3.852174050078487198e+04
-2.869333679344775192e+03
-4.137184998959208315e+04
-2.262108146320700325e+04
-8.878576357647623809e+03
4.002879140144385019e+04
-3.542101701322870940e+04
-8.694692734305941485e+03
3.180434230227781518e+04
4.343637117986688099e+04
5.536197905435002031e+04
-5.156700315043527553e+03
-2.414347408253108370e+04
2.215992314149381855e+04
2.323074512746439359e+04
-1.063698917352709395e+04
-4.828890679427299619e+04
