1.211985466344726592e+04
3.209040627782502997e+04
-5.956696866937260893e+03
1.252140233632995842e+04
5.793335142268952040e+03
4.862442604523416958e+04
3.217582974575441403e+04
-3.575899482779008395e+04
-2.921035649400763214e+04
3.720909744058008800e+04
-3.765473543759297900e+04
6.933704419706235967e+03
4.229795655963693207e+03
-1.416049431373399420e+04
3.320226468572611338e+04
-3.233637340630170729e+04
2.306314524841919410e+04
3.420453937533444696e+04
2.093251158448184651e+04
-8.718487096984703385e+03
-5.499222494052566617e+04
4.369593281761340040e+04
-2.251116298997604463e+04
3.537706601615620912e+02
3.859571897528108821e+04
-3.293664174071709567e+04
3.987507029075538594e+04
4.445242875161369739e+04
-7.952662985423143255e+03
7.361699862098216727e+03
-2.402314225632893795e+04
-1.690858672981537438e+03
-4.447879089980983554e+04
-1.779002796740962003e+04
2.810866294613374703e+04
4.679815627271398625e+03
-5.978700734245475132e+02
-2.111935544880005182e+04
-1.187132961859815077e+04
-2.296474868152236013e+04
1.731059033454426753e+04
-2.626547017064843021e+04
-1.356918257740626905e+04
-1.818976755255035823e+04
5.560797724122649925e+03
-6.113484571018798306e+04
-7.604751310318709329e+03
-2.397161033753174706e+04
-3.503417146605446760e+04
-2.780830765869851166e+04
-2.914582021629158771e+04
-1.035419900373846758e+04
-2.165199689961707554e+04
-2.061646734221834049e+04
3.558836156451581701e+03
-1.336656703647540962e+04
-1.451300236004381077e+04
2.429235046212692737e+02
8.470169970250688493e+03
-5.126785793404829019e+04
-3.420337858911540388e+04
-4.092453261661031138e+04
2.429410739461409321e+04
3.119707507981559684e+04
-3.352127026800706062e+03
7.953923459398105479e+03
2.290193937067701700e+04
-2.346589896779727860e+04
3.664017078303750168e+04
1.976121945920192229e+04
-3.472517323114632745e+04
2.394267082802076766e+04
-6.214414692718417791e+04
-2.659563133266925433e+04
1.553041936865467051e+03
2.720612218687144923e+04
4.266900967263054190e+04
1.373941189532178578e+04
4.076559380913769564e+04
1.558513307098030600e+04
-2.591452420202528447e+04
-2.686662030240536478e+04
4.869682644623819215e+03
1.469189738879520883e+04
-6.527435076894819940e+04
9.704521591018783511e+03
-2.205916900376357717e+03
-4.434137632098476752e+04
7.464649453182774596e+04
3.273007898352410848e+04
4.177007708900728176e+04
2.527389285886408834e+04
1.508543165527145902e+04
4.301163935179059990e+03
3.778157022773064091e+04
-1.646349599236225549e+04
3.308313899648351799e+04
-8.587506408229806766e+03
-3.465132611783660104e+04
5.583433211532096720e+03
2.807844654854957116e+04
-2.440013028153943742e+04
-1.450836544483945545e+04
3.369601676330727787e+04
5.127511895526284934e+04
1.772229585987371320e+04
-6.522125087499147776e+04
1.330248611027396691e+04
-1.263902556120225563e+04
1.858580907256021646e+03
6.992243054179607498e+03
-5.303112711299778312e+03
1.315753442372165637e+03
1.698353199205509736e+04
-3.441031947010313161e+04
2.324163443305823967e+04
2.691139232684480521e+04
4.808073643980505949e+03
-4.779503422546774527e+04
-1.583953691155189154e+04
-3.944454020104701340e+04
8.414203708349112276e+03
-3.618721057320284444e+02
3.878779281963657559e+04
-4.376035008269570972e+04
-7.241394290815685054e+03
-1.039711484405139163e+04
-4.087919458344332088e+04
6.733827153466836535e+03
-3.985938722878838598e+04
6.181967848379058705e+04
-1.999306130049508511e+03
5.222511873126166756e+04
-3.950702574469115007e+03
6.430417049445566954e+04
-7.347080994905262742e+03
6.567024223513675679e+03
7.086050326066784692e+03
4.515971747214822972e+04
9.535959956167105702e+03
1.382768135965821784e+04
4.649160241272822168e+04
3.527584570617419377e+04
-3.909073321366842720e+03
1.751884256330972494e+04
-1.237235082571109342e+04
1.916695839627374517e+04
-8.126513414237526376e+03
-3.607818556844175328e+04
-3.787593366459826939e+04
3.678264661224662996e+04
1.057846402971153111e+04
-9.234419037101131835e+03
6.269306804016052411e+03
1.234499876085231881e+04
3.146652211757687473e+04
6.314463360653096061e+03
-3.380712799990490748e+04
3.769236610203160581e+03
8.440488382450779682e+03
2.826060436885917807e+04
-3.901616806393401203e+04
6.484543274456433437e+02
-1.130671187564538377e+04
-1.267186883137346922e+04
3.550063103686457180e+04
3.514114172315088217e+04
2.414126027013848579e+04
-9.591604661671319263e+03
7.158195969912131659e+03
1.548875101107301271e+04
6.389273319098878710e+04
1.140744069307695463e+04
1.950794172640758916e+04
-5.011187790945185725e+02
-5.972234384144948854e+04
2.364883163539727684e+04
2.748356741996456185e+04
-5.309218260028119403e+04
2.373281786095112693e+04
-2.927373772994829051e+04
-5.337285518599542411e+04
-1.170021315425349712e+04
-2.395425401235532263e+04
2.254425155201441612e+03
3.360988063236744347e+04
1.169918750909437767e+04
1.276506639379921216e+04
4.711219268551156711e+04
1.201601142529024401e+04
1.311941117360999215e+03
-1.192792299568367343e+04
-2.399717652230923704e+04
2.185252176617978876e+03
-1.120782076051347030e+04
2.844777992165168325e+04
-3.793380328080552135e+04
9.905112782172987863e+03
-1.939922339133666128e+03
-2.506427823794416781e+03
5.169961772402737552e+04
1.851080636853745091e+04
-2.552305476220311903e+04
7.580841754107837914e+03
2.205661530717186542e+04
2.535471474123102598e+04
-1.769605627198783986e+04
1.928417393904022538e+04
2.369262806906609330e+04
4.211922087609046866e+04
-4.948457156434560602e+04
-2.904761559134988784e+04
1.599779207114718520e+04
-1.852715066885592387e+04
-1.679925816380921106e+03
5.462743147625822530e+03
-2.687681723484713802e+04
1.723564206267874397e+04
3.663120699279769906e+04
-2.403611517579336214e+04
-4.035950644082103827e+04
-2.859345301837033549e+04
-5.811505104685705874e+02
-3.485683071922469480e+03
-2.174088722238633636e+04
-2.749423512318989378e+04
1.486995612171587163e+04
-3.163386906307409299e+04
-7.977782816371826812e+03
3.079439035625028919e+04
6.250890153162711613e+03
-4.758869661433149304e+03
-1.972195855900320794e+03
-9.350009596075906302e+03
2.857714573846628264e+04
-2.786068258997286762e+02
5.778440200784124499e+03
-1.380142425052601902e+04
5.409559884865592903e+04
-5.556963570549577526e+03
4.338352951856230356e+04
-2.049431734894734473e+04
2.421574513723267592e+04
-6.383275978435836805e+03
2.570530123498969988e+04
-4.099739543671743741e+04
-7.540524110139636832e+03
3.199171275764572783e+04
1.134500404294313057e+03
-7.299977177998071420e+04
-2.316840975899647310e+04
3.967057500692411122e+04
-2.850067169898895372e+04
3.047634675399917614e+04
3.070044896763171437e+03
1.145347327742519883e+04
2.683214556958658432e+04
-1.310464721889465363e+04
6.514033463725927140e+04
2.577540071103222726e+04
-9.534209689126440935e+03
4.782638220386248577e+04
1.088955347727356411e+03
1.367097569225727057e+04
-4.220331267672876129e+04
