-2.332771395312623099e+03
5.357591631066500850e+04
1.159850370705728710e+04
-1.226587981026610214e+04
3.527203216146927298e+04
-3.218770143696667219e+04
1.832050784045341788e+04
1.996563945622415486e+04
-3.028164976028177080e+03
1.505866429992156554e+04
5.639350901516111662e+03
4.303251631495977927e+04
7.998804700429323020e+03
4.158067488372370281e+04
-2.781628856084006839e+04
1.974759238499733328e+04
-3.816088535822073754e+04
1.807548562008250519e+04
-7.567080203842507035e+04
3.234313434148064698e+04
-1.187433375009546398e+04
-3.486315519753545959e+04
-4.658543901277465920e+04
3.528823891310158069e+04
4.833696118066376948e+04
-3.017922382741583078e+02
-3.312471406757037039e+04
-5.755375767237025866e+04
4.497854440687488386e+04
-4.586891202138886729e+04
7.493010107762449479e+04
-3.108219203686930268e+04
-1.104278054993546539e+04
2.230259518888469029e+04
1.063285237125594904e+03
2.872552326005553914e+04
-2.680255078532990592e+04
1.037035584530739106e+04
3.751843610446638922e+04
4.159673229010518116e+04
-3.244666172454282787e+04
-6.074538557997263706e+04
-3.649722144058697722e+03
-3.738558272393748666e+03
-7.021620101078270818e+04
4.384076181742420158e+04
5.117224035182668013e+04
-3.534055826339422492e+04
-3.547928171908238437e+04
8.699027887462031504e+04
-1.943226251136513019e+04
-1.855387062247182257e+04
4.572634030787617667e+04
2.584502622357311338e+03
2.218466247087746888e+04
-1.195926478582342952e+03
2.158100050583915072e+04
5.701317065888251091e+04
-6.587965657088109583e+04
2.072557451905928701e+03
1.281799305173617540e+04
-5.152957807921906351e+04
3.091412068799521876e+04
4.191487892378399556e+04
-5.930650963888929982e+04
-1.738079079722707684e+04
2.143740000829158816e+04
-4.469239697582543158e+04
1.598409919477274798e+03
1.255925089296108808e+03
-1.042295647313745030e+04
-7.898521176615020067e+02
1.255609574388122564e+04
-2.545253111476570120e+04
3.428989070029892173e+04
-1.888391028297292360e+04
-4.723498348477068066e+04
9.278685927530023037e+03
5.441217194776268298e+04
4.088907642210955237e+04
-4.690038055833242834e+04
-2.886909750371516202e+04
-1.372351888014226824e+04
-2.673421759040624966e+04
-7.478996175781486272e+03
4.466241279208423293e+03
-9.920128187159521985e+03
3.456692683117286651e+04
3.520934177588034800e+04
-1.629986391067435034e+04
2.114878836488046727e+04
-4.256858050761738559e+04
-2.204127365913353788e+04
-1.781911977181990369e+04
4.111795793286996195e+04
3.041416916455498722e+04
1.348321977947305095e+04
-1.264490845463314508e+04
-6.986476880402452662e+04
9.997862563389617208e+03
5.285671665983728417e+03
1.752809262475418655e+04
-2.630904277418523998e+04
3.474060002109425113e+04
1.338505104746629513e+04
-2.192062585408131417e+04
-2.262243319563518162e+04
-8.489238967025041347e+03
2.781187154759550322e+04
9.748788352894031050e+03
6.481694065097175189e+04
1.939142437156994492e+04
7.333514174326880493e+03
1.251214460599670383e+04
-7.451592644334350189e+04
-4.021523469694082451e+04
-3.414947803045961336e+04
-6.902419387959768937e+04
2.949297089614248398e+04
-6.399425172780406137e+04
-3.658113122895294509e+04
7.230723330812737913e+03
-2.075624874079297661e+04
-2.356734869235819497e+04
-2.416949020489964460e+04
3.691196760879637168e+03
4.961426521129738830e+04
1.892044845509681545e+04
-2.581999478443254702e+04
7.512857032403371704e+04
6.169657568956698378e+04
4.601708918879363046e+04
4.286405686346934817e+04
-1.723508763600643942e+04
-4.821384211689442054e+03
-6.863696218495487301e+03
2.188185064207131654e+04
-5.517251405423775577e+04
8.089834978539969597e+04
-2.898943899307152969e+04
2.849495507180378991e+04
-1.417348915015472357e+03
-3.526437847225603036e+04
2.225294914363496719e+04
3.994142852542493347e+04
1.511453669717176069e+02
2.280980455843968684e+03
-8.279953301082945472e+03
-1.580355754912161319e+04
1.390122056524345680e+04
7.701710276012245231e+03
1.303260880518324848e+04
-8.811163166963109688e+03
8.140511760608731493e+03
-9.772102321360483984e+03
-8.959672429799462407e+03
-3.853955235340283980e+04
-1.898414744905237967e+04
-3.335124383148168999e+04
2.239333299807631192e+04
5.133261080112720083e+04
-2.858359170895813804e+04
1.303571261431366293e+04
-5.993572970411782990e+03
-5.615489888850651914e+04
-3.917546057285343704e+04
3.113283081680434771e+04
-5.268234600607692119e+04
3.174020067775789357e+04
2.881207996309172449e+04
3.199871862411648635e+02
-3.626630029435137112e+04
-1.541075524962498275e+04
-4.032397199124632607e+04
-3.311664001007665502e+04
-9.020163107202501124e+03
2.086224518149880896e+04
-7.273310005468031704e+03
-4.341209112836021814e+04
-1.461293974592817176e+04
3.703440908235739334e+04
-1.663413244455624226e+04
-8.297024539647003621e+03
-4.325755157314294047e+04
-1.078661629397589058e+04
-1.285514524351121872e+04
7.021943745204989682e+04
5.824693576736939576e+04
-5.052548653803429625e+04
-2.169979067809650223e+04
2.259321035477989062e+04
1.443218815035745683e+04
-3.008503926934201900e+02
-2.553581216087132475e+02
-5.283888530695527152e+03
-4.905398130135247629e+04
-7.692520097454047573e+03
4.510199705506939063e+04
1.816798903246587724e+04
-2.923327799855105695e+03
3.512338722114019038e+04
-2.653790957044350944e+04
-1.317769007763401532e+04
2.143279839212006846e+04
-1.227161122918064393e+04
-2.420695938749076231e+04
-1.782375437646578939e+04
2.783639691496024534e+04
5.797349379411205155e+04
-4.098085592587244173e+04
-5.193107807095019962e+04
-4.784743908740885672e+03
-1.992210193571308264e+04
6.055397214530220663e+04
-2.225809004403881045e+04
3.048221250082567622e+03
-3.403076510408776812e+04
-4.121689221616386931e+04
7.125652747905167053e+04
-2.624730697947528097e+04
1.973021272185385897e+03
5.052301272278209012e+02
1.374820429101081572e+04
-5.365250362373868711e+02
-1.737444418145732925e+04
4.204519709550964762e+04
8.254110903877586679e+03
-2.006860938386793714e+04
-3.563235472765548184e+04
-3.020604934744750790e+04
-2.295274795683713819e+04
4.108728600463512066e+02
-6.592365636083565187e+04
7.240097083065420520e+03
-8.226890829544052394e+03
-8.217149924051358539e+04
2.506804665926837697e+04
-9.742284899828449852e+03
-4.444964133349793701e+04
-1.049560972056611718e+04
8.680384049197033164e+04
7.024937617338838209e+03
-2.327798164121123773e+04
-3.222470679164636385e+04
6.220849461902551411e+04
4.804720691014962540e+03
-4.015213547447917335e+03
2.540294981916209508e+04
2.106218208754764305e+02
2.556611558590142886e+04
1.457151737510501152e+04
2.846980765544443057e+04
-1.776641503051902691e+04
-4.571265989431362868e+03
4.472818303525769443e+04
3.968414138272603304e+04
-4.230116690201498568e+04
4.672130692708276911e+04
-8.177532736289668537e+04
3.345896576845138497e+03
-1.185628373644209751e+04
3.990238017836114886e+04
5.518415322143557569e+04
5.021960931993298436e+04
-3.524101038674113806e+04
