1.047845173199584315e+04
2.436454685560538564e+03
-4.355178955602445058e+03
-2.706635625374807660e+03
-4.280473959758719502e+03
-3.392753433331557608e+04
5.063763323236677934e+03
-2.352396643461922213e+04
-1.031565657106059462e+03
-2.953652650428697598e+04
5.611089256971084978e+03
-3.129839268251229441e+04
-4.373953104545587121e+04
-3.320058269638501315e+03
-2.889081631109005320e+04
3.624949327701186849e+04
1.499908658426020338e+04
-2.215358906451209805e+03
-2.300270458296860670e+04
-3.233016250905466222e+04
-1.660823304637187175e+04
3.894131799358508579e+04
2.060644101065146970e+04
1.443349159478943147e+04
-4.902085761111321335e+04
2.799459778454482876e+04
-7.083181367953912968e+02
5.726866634239194536e+04
-1.832200868801393517e+04
-1.707078208645655832e+04
4.266646339357490069e+04
-1.236112571341696639e+04
2.527577819031782565e+04
2.049366906300473420e+04
1.775003458111270447e+04
2.396482225143177129e+04
-4.044472908601299423e+04
-2.532166287844070030e+04
-8.354586939120650641e+03
4.177073530299460981e+04
-6.577278990828484893e+03
-3.431930776159485686e+04
3.378052636657947005e+03
8.579155611516205227e+02
-3.007671872323996922e+03
-4.363181543664853052e+03
-3.345425459720587969e+04
1.990408891028322250e+04
1.607620548970387790e+04
-2.829247125493239764e+03
1.410039550952130594e+04
-1.005939919146756802e+04
4.698307480314146233e+04
3.654646783340009279e+04
-2.815941781441498097e+04
2.854132703877760650e+04
2.757774164146498606e+03
-5.154550756478452968e+03
-5.412573775836108325e+03
-7.731970332890735335e+03
-3.889943298718573351e+04
4.366628359813205316e+04
5.066154058226736197e+03
2.267656353513852082e+04
-2.545674493620550857e+04
-4.998152248973595306e+03
-2.487260978030586921e+04
-1.738090374185385008e+04
-2.996721054616355468e+04
-1.964363215209791088e+04
-1.001320082241717682e+04
2.125902971849386449e+04
-1.704691976239483847e+04
-3.482300676476676745e+04
-6.621631759046846128e+03
-3.465072081184384842e+03
-1.897421148097031983e+04
1.675704145423523732e+04
3.120205058273764007e+04
8.743789664534786425e+03
1.264330507857522753e+04
2.592313704826026151e+04
7.308436525378627266e+03
2.674132775392177064e+04
2.750336184329951357e+04
3.667514358973860362e+04
1.675726202759988519e+04
1.491318197631428848e+04
7.549564783023562086e+03
1.539198533360475813e+04
-2.635761596088748411e+04
1.506774417756743605e+04
3.060406138168698453e+04
-6.310492114967504676e+03
-1.079044067961512383e+03
-4.447712393546631938e+04
1.781241526485268696e+04
2.239566009461311114e+04
1.052795296704209977e+04
5.087606415967499925e+04
-4.436548007525278081e+04
-2.785766859376771754e+04
1.936066015912368312e+04
-1.538837517549177619e+03
1.717377645317576753e+04
-1.581199535598882176e+04
2.270620780125050806e+04
-3.166760346678979840e+04
1.656858184993479517e+04
1.733299130084162607e+04
2.791291050199556048e+04
-8.144972035968959972e+03
1.843228822952370319e+04
-1.310101923734741104e+04
-1.729904177707792041e+04
2.469938929471271331e+04
-4.046397362588921169e+03
4.862169061234482797e+04
-2.107102702934975969e+04
9.845528739667121044e+03
2.524155580561910756e+04
1.108238581193852951e+04
-3.669063401688827435e+04
7.428064732032114080e+03
1.835078800106995186e+04
-3.368825133057300991e+04
3.783521948067583435e+04
2.298826643441624037e+04
1.120353341791555067e+04
-2.897035635831590298e+03
3.194951286849162352e+04
-7.922663793108495156e+03
-2.566995663612432691e+04
-2.826234867870173275e+03
-1.893059403478917011e+04
-4.782036148500749732e+03
7.015103446748729766e+03
-1.879701175932973274e+04
-2.242684565811581706e+04
-8.699752415898097752e+03
9.537902466005363749e+03
2.610355939735528591e+04
1.292965290481883858e+04
3.185156994733878673e+04
4.184585135776793322e+04
-1.382146838170892443e+04
4.697794094908184343e+04
-3.803360407109840708e+03
7.015047255739272032e+02
-1.645470972235255249e+04
-7.309438739131113834e+03
-1.735753540535941647e+04
-6.711316614052718251e+03
-1.549134123168751285e+04
1.294272591304124944e+04
-2.283732014902120500e+04
-2.202085051300679697e+04
-2.267258669183111579e+03
-2.446722485626443449e+04
-1.019805738164776267e+04
3.730154931489251612e+04
1.358301759867304463e+04
-2.321395060237395228e+04
3.642078212263341265e+04
-3.255619291882436301e+04
-2.849144655904574029e+04
-4.171326268704367976e+03
-8.372327563687524162e+03
2.961735748739339761e+04
-1.931939670549750372e+04
1.497037401331822366e+04
-4.431227031381268716e+03
-3.376823310847731045e+04
1.579835103552777218e+04
2.513262674926628461e+04
-1.569537148558644913e+04
2.439294614619788626e+04
1.271601542087706366e+04
2.204544561290347247e+03
-2.722275019817009161e+04
2.615722162501824641e+04
6.841819486892778514e+03
1.839523657165897748e+04
3.250033288954686213e+03
-3.281279035120256594e+03
1.037797231027892667e+04
7.669274079984299533e+03
1.021358648893723694e+04
9.329454539472086253e+03
-2.097165479512788079e+04
1.746550452453918115e+04
1.052992003549226501e+04
-3.781440692613189458e+04
-2.165268371955310613e+03
1.329200049533506535e+04
1.364550351019920527e+04
3.374879925008466671e+04
-2.592657592023301186e+04
1.608700602362478821e+04
-1.393436239837928042e+04
3.348488456620307261e+03
5.064869123947199228e+02
2.601420247179557919e+03
-2.348912097767388696e+04
5.518809563706525660e+04
1.005323446917996307e+03
-3.530089278360479511e+04
-2.094884371341368387e+04
-5.745416616803155921e+04
4.601908932221299619e+04
-4.510272321714573627e+04
5.496308339093567338e+04
-3.179758588036784931e+04
-1.313313328008561712e+03
5.028756142600384919e+04
2.541078232302282049e+04
1.787662143258800643e+04
9.898376532046588181e+03
3.052588565272518463e+04
3.666662621548816969e+04
2.320296155446510238e+04
-3.732811061496006005e+04
-3.327984168290542584e+03
1.771418561780559321e+04
1.823164401290419846e+04
1.133101318893594726e+04
-1.905786122615795466e+04
4.330574318592325290e+04
-3.893216491261438932e+04
-7.591264236362104384e+03
-3.429460957689691713e+04
-6.613969968982726277e+04
6.574084891606612473e+03
-6.316424232068871788e+03
-6.756603137803823302e+03
-2.139774718493755427e+04
-1.041813898227627942e+04
1.345463727673531321e+04
2.279620035473707321e+04
2.464662996675622344e+04
-1.607384413396042328e+04
2.481665917528418140e+04
1.127656789102253606e+04
4.401269096958754380e+04
-2.629835114864315619e+04
-1.688821621256936851e+04
4.953760321863879653e+04
-1.673833707200570279e+04
-1.481460288187654078e+04
-1.458862166879109645e+04
-3.288390951666603360e+04
3.141954690916678373e+04
1.468123857107694676e+04
1.993840161342458305e+04
9.174155945611252037e+02
1.357724431724457827e+04
-5.429501365942866687e+04
2.339485684911837234e+04
4.674441200164121983e+04
-2.099192327466896313e+04
2.124983403476804597e+04
-5.170118602966787148e+04
4.723031373356604308e+04
4.355695864605162205e+04
-1.146669443003562083e+04
