-5.080741611520832521e+04
2.691078331478652035e+04
1.554939952517785241e+04
2.141609807036041275e+03
-1.424979142830061573e+04
1.594298909897442718e+04
-2.706393840115027706e+04
-4.361431515065632993e+04
4.453090624221104918e+03
-1.574665545538714832e+04
1.100936891294945235e+04
-4.525618289065406134e+04
-4.024371452235696324e+03
-3.606745699870828685e+04
-5.948408186920997105e+04
-3.157557213490963841e+04
-3.632194002456859744e+04
-3.018904484856057388e+04
-1.366115407876862264e+04
-2.801158477750717793e+04
-3.476537823094369378e+04
1.152260227742364987e+04
5.209228288376104319e+04
-2.968272588178249134e+04
-3.952987428515664215e+04
-2.959915996009235459e+04
5.359146581373291701e+04
-3.821000515065287573e+02
-6.191258037308385974e+04
1.479641000372769668e+04
-3.504797886357860989e+04
-3.183269350805331851e+04
-2.302469283760411781e+04
2.795957438935932441e+04
6.641123112153662760e+02
-1.510765098184816634e+04
-1.890783102685583799e+04
2.918954794818715527e+04
2.207359026937073395e+03
-1.614837933023725964e+04
-1.577530285162057953e+04
-4.945711398127273424e+04
3.361120197834949795e+04
4.065669405900629499e+04
-2.468640000587594477e+04
-3.103364829214011843e+04
2.922488931350190251e+04
-2.867980869524199079e+04
4.511171616120657745e+03
3.626698587028465408e+04
-9.152767402501463948e+03
-5.220819767940077872e+04
4.166851751058184891e+04
2.575672112824256692e+04
2.185885595432789341e+04
3.554991011468363286e+04
-5.226503895348969309e+03
-4.638573703930075862e+04
2.985370089787037432e+04
3.726162623216336215e+04
2.436621216476403788e+04
4.976947453877219232e+02
-1.722818790526529119e+04
-3.445544459717806603e+04
-4.627054122100589302e+04
-4.638029896257847213e+03
1.425102569733892960e+04
4.129561853077831620e+04
-3.732109166890435154e+04
-6.552438951357275801e+04
-4.666041921186324180e+04
1.661343751254872768e+04
3.965031388684429112e+04
-6.473459277957671293e+04
1.499636917129033645e+04
-2.135689280516489816e+04
2.121004440788740339e+03
1.941271390923224681e+04
4.070571636861950537e+04
-4.197499635578264133e+04
-3.178210978612224062e+04
-6.000723276463405637e+04
4.079463864481705969e+04
2.009332750884993584e+04
-2.844037017121109238e+04
3.279617399613885209e+04
3.013287427785285763e+04
-6.442484168430076352e+03
5.658878271230131213e+04
1.201395528076938899e+04
-5.099533563298755325e+04
-4.080317865710236947e+04
2.787683982844079583e+04
-1.674069065968829091e+04
-1.191319273905572089e+02
5.269800835343000472e+03
3.661434839255999395e+04
9.891339641369988385e+03
1.564545802313508466e+04
-5.833488992172793223e+04
-3.762241314589075046e+04
3.495819657501444453e+03
-1.924647786708186686e+04
-1.821257309299566623e+04
7.794900324883373059e+02
-8.401147188778622876e+03
-1.570686780378391995e+04
2.538617335630320304e+04
-3.749356201637118647e+04
-4.241491355286637554e+04
-3.575699927985858812e+04
-3.634758135938059422e+04
-1.988727710589019262e+04
5.225156605352019687e+04
-1.476793657347695626e+04
-2.302381499970489313e+04
3.437208528582721192e+04
3.723956840224347980e+04
-3.551261400663772292e+03
-4.113051376779945713e+04
4.562076263462803763e+04
1.248101304475512734e+04
-1.160129342331529369e+04
2.735450886193555561e+04
-1.528422095622567940e+04
-1.957851296893799736e+04
7.921060308382361654e+03
3.201167604812775608e+04
-4.892961724986106856e+04
2.204176787101319132e+04
7.076058875826047370e+03
-4.647662608027319220e+04
2.605337177721317494e+04
3.215700495724672874e+04
-7.501585384467850417e+03
-9.602093761367437992e+02
3.489538541499496205e+04
-3.236443007876100819e+04
1.058410965823383958e+04
-5.164892002993001370e+04
2.492504893897316288e+04
2.793175501736870501e+03
6.148014913574742422e+03
-6.140418124396869825e+04
-4.662409633975852194e+04
-7.449751636710731873e+03
-3.120442278567235917e+04
2.202596408290549152e+04
-1.520074095661954561e+04
5.230752260783356178e+04
-7.452857204838602047e+04
4.584708022016369068e+04
-3.702511609940078051e+04
3.766210611653882370e+04
2.649325614976977522e+04
1.319390827858922057e+04
9.210650092779193074e+03
-1.951182567406108137e+04
2.239072973555599674e+04
1.611287090089493358e+04
-4.016164961231002235e+04
2.583131564601737773e+04
-2.717274953680302860e+04
4.980574018505939421e+03
-3.925895763915601128e+04
4.788173085379933764e+04
-4.363008104950525740e+04
2.495231105274388028e+04
-1.997922092613689529e+04
-4.750778999602005933e+04
-3.354537175964083144e+04
1.906266665283922339e+04
3.428823127333990851e+04
2.039250519954370247e+04
4.495713782565524889e+04
-5.637208467323333753e+04
-6.320533572167460079e+03
-2.692493501426945295e+04
-2.915746848451434562e+04
-5.757009747979708436e+02
-1.323320856521020505e+04
-5.099184329894877737e+04
-5.244461326463409705e+02
-1.370738255299884440e+04
5.621672944601777272e+04
-3.547780256928440213e+04
-4.922918222322042129e+04
3.934956936523177137e+04
-5.510188291441621004e+03
2.584903117648965417e+04
1.422752267759915594e+04
-1.381993984909427490e+04
-8.653576046906442571e+03
-3.630209735939278471e+04
-2.269078014791221904e+03
-1.462638706638226904e+04
2.108951812365260776e+04
-8.411559201739431956e+03
8.133225826900681568e+03
-2.884439070308321607e+04
-2.352130393597137299e+03
-8.272066704502694847e+03
-8.351382430990668581e+03
4.962822760495809052e+04
-1.584491881949210801e+04
1.932503641676374536e+04
-5.335992515519258450e+04
-2.376044072445070015e+03
3.507123953698819969e+04
1.477477617152493258e+04
-2.221000977124248675e+04
-4.071609002437762683e+04
1.816187480810335182e+04
3.159942840622546282e+04
2.982477804480835766e+04
-1.262165903906431231e+04
-1.472130417004690025e+04
1.739795712970625755e+04
3.120165607240694953e+04
4.517209892958460841e+04
8.261640014718906968e+03
3.414212152472165326e+04
7.652349413171677952e+03
5.585406559336939972e+04
-1.253122812913465532e+04
1.845830596938144708e+03
4.658548038356664620e+04
-2.028519642723494690e+04
2.522071346370821993e+04
-3.821791903889676178e+03
1.690953853436644567e+04
1.903404381554987049e+04
-4.592067889831990760e+04
-1.110737161056697369e+04
1.983852770234743730e+04
-2.721314904612852115e+04
-6.427825937434453226e+04
5.537830549534202146e+04
2.324669590775282268e+04
1.401350603791087451e+04
1.320125098897934004e+04
1.944899410694787002e+04
7.767631380427415024e+03
2.243338432737714356e+03
-3.862359611493894045e+04
-4.764023124263928912e+04
4.717449321576349030e+04
-2.674551163970207926e+04
-5.379699091495981520e+03
-1.092107726038513465e+04
-5.015587896003181231e+04
-4.357184821000917873e+04
4.757279254874803883e+04
1.168561625922661369e+04
2.423500438632279838e+04
-4.567117737760322780e+04
-2.471225154736017066e+04
-2.126954915730652647e+04
2.026035460293266806e+04
-1.189793408507917775e+04
-3.746517264089366654e+04
-4.982967436782451841e+03
-6.259184912643794405e+02
2.383224256449977474e+04
-8.086022631993741015e+03
