-4.527971140910219401e+04
2.766029056464490714e+04
1.554845418922994031e+04
7.062593015678653501e+03
4.093977427680013079e+02
1.067475174831584627e+04
-6.148352704778735642e+03
2.808177301330902628e+04
-5.274274590254275608e+03
-3.350166271986190986e+04
-2.891950100887078952e+04
-1.572584028931134890e+04
1.598859788220651353e+04
-3.210377500793742001e+04
3.679460096409906691e+04
3.359487125523979921e+04
-1.015204202251920287e+04
-4.226527194674100610e+04
-4.272341975740272756e+04
4.816202872428520641e+04
4.653165527676026250e+04
-2.499222822470430765e+04
-1.795945350833021439e+04
1.546511429148982461e+04
-4.919280330354955368e+04
2.727339802617395253e+04
4.672801111328581464e+04
3.025004679927448888e+04
-5.793459227206083597e+04
-1.420918087572049808e+04
2.642920097392943717e+04
3.207316766899388676e+04
4.271063142912301555e+04
-5.701012459453162592e+04
-1.545486828084061563e+04
-7.594559413235901047e+03
5.203626027473073918e+04
-1.765065990230084572e+04
4.333336306063537631e+04
5.671243476518950047e+03
-9.264943202744450900e+03
-5.837924738320304641e+03
4.826603195863470319e+04
2.450127376211196679e+04
-4.766305507107049380e+03
2.042644082382374836e+04
-3.650762606998048432e+04
8.956006158554444482e+03
-3.087430045085645543e+04
1.423600413836640428e+03
3.207367763199928231e+04
-1.750253129118608967e+03
1.622474896669889131e+04
-1.053793761511418961e+04
-3.070118893706133895e+04
-6.273276300310548322e+03
-4.027716614958499122e+04
3.276711446980041728e+04
-1.278824923759188096e+04
-5.278549119273854740e+04
2.662613445345111541e+04
-7.512226746651452231e+03
-1.604955520165885355e+04
-2.567285075881460580e+04
1.018824241474888186e+04
-1.598240311645357906e+04
-2.454966587428937055e+04
5.608755233135709204e+03
1.197806297936086958e+04
2.996047792307489362e+04
4.949681370802183665e+04
-3.576514444396111685e+03
-2.972308794561913601e+04
-2.667976699253551124e+04
1.359237284969517532e+04
5.026193602006189394e+03
1.759173537799917176e+04
-2.457732877857161657e+04
-1.361701587588960865e+04
-4.940551958257281512e+03
3.732409720419049700e+04
-5.016793440006252058e+04
3.159750379399394296e+04
5.614340592434634891e+04
6.376231384631294350e+04
-6.945119563669477429e+02
-4.254644839734538255e+04
-2.251240428148439969e+04
-2.844669201251350023e+04
-1.925647910818632590e+04
-8.347747396728469539e+03
3.373617341789985403e+03
1.255665456726885714e+04
-1.900195293412722458e+04
-1.303626042836650413e+04
-1.278431123955473413e+04
-2.583127203987084431e+04
-2.541164961424533249e+04
1.516474966213760854e+04
-1.128350073099856127e+04
-5.979231036305700400e+04
4.722440144899475854e+04
1.590776102367476597e+04
-2.038586481527467186e+04
-1.845343622740378123e+04
-2.408076911104586543e+04
-1.771286071861719029e+04
-2.916921285151152551e+04
-2.150128226982101478e+04
2.241742545976936162e+04
-3.116972331355270580e+04
-3.360763010231449880e+04
-2.667140251982313930e+04
1.374265789415877589e+04
2.325018193634280760e+04
2.743596297973105538e+04
-4.114541392411797278e+04
-1.169021749189539332e+04
3.273025084522010366e+04
-1.478284855559247444e+04
-2.043929039820269463e+04
1.846259258950279764e+04
-6.079977521143247941e+03
4.361452779938355206e+02
-3.067264203814455686e+04
1.430367170090172658e+04
4.527366894752979715e+04
-2.818757936071091990e+03
1.766539363893668997e+04
-1.249710536102678634e+04
1.402837386501306719e+04
-2.782620120573547320e+04
-4.083888359048985149e+04
-1.936423756277278244e+03
3.231369759314264684e+03
-1.680829988711335318e+04
-3.833709259141308576e+04
5.777260583207057607e+03
4.463908035257029405e+04
-5.448669396038962441e+04
2.118391018400278699e+04
-4.798419966685453255e+04
-3.745679781754105534e+03
-2.721374350054655952e+04
1.937617122413077232e+04
2.353176276787917959e+04
8.343951421851252235e+03
3.031316369253640732e+04
-2.437929166136230560e+04
6.603374443907754903e+04
-9.320930506456714284e+03
-2.240545222929992519e+02
3.836393933690229460e+03
1.708158846787665607e+04
-9.931739475294280055e+03
1.956993690222599253e+04
1.068354437393545595e+04
-4.651537355324688178e+03
-9.619014264276700487e+03
2.808958522808965427e+04
1.203373621027031913e+04
3.589234048611445905e+04
2.868651383663568777e+04
3.192143661395822710e+04
6.862855136353628950e+03
-9.149537192593807049e+03
6.704231177999862120e+04
-4.176933075307229592e+04
-6.654118932475458132e+04
4.119342114492308724e+02
-1.797115954041341683e+04
-9.649197884795954451e+03
7.327278557956316945e+03
5.740386745454870834e+04
1.592845555953117946e+04
1.317389962640075282e+04
-9.392863665407205190e+03
-2.880564011950189160e+04
-2.146133852859657418e+04
-5.098842030664386402e+04
3.404809627182958502e+04
-2.947879222733352435e+04
-1.050782914887958395e+04
1.045774897460477587e+04
6.887242857893665496e+04
1.545279419433459952e+04
2.208239431267271357e+04
-1.948015281778524241e+03
-2.667281299388946718e+04
6.358879005969557511e+03
2.875319270974017400e+03
-4.668299908472570678e+04
1.576626167581285517e+04
4.055201916761201915e+02
3.465952038918833568e+04
2.364816517694898721e+04
-6.680979269303803449e+03
8.473505002003788832e+03
5.177658470298518660e+04
-5.431540512385017064e+04
-2.612602818317947458e+04
2.247997105806721811e+04
3.547327432138428412e+04
2.051020093739841104e+04
1.480918933642654883e+04
1.605488948713299942e+04
-6.001642277389940318e+03
2.475476838548457090e+04
2.042467040862435169e+04
-2.061519701511283347e+04
1.441091895116495107e+04
4.627466859019186086e+04
1.684952643736310711e+04
1.301153971187581374e+04
4.408796991129196249e+04
2.945956832010798280e+03
4.501168585394729598e+04
-2.955313912051972147e+04
3.420507180629773939e+04
6.898385903142223833e+04
-2.328447278453455147e+04
7.249631482987786057e+02
1.829206661633669137e+04
3.320500023381378560e+04
1.302118874096303261e+04
2.905103022550103196e+04
-1.130642421995357836e+04
-3.122859934287243232e+04
-1.648621342564756196e+04
1.553396671118414633e+04
-4.802027095843956340e+04
4.219687475006208115e+04
-3.702177409696979157e+04
2.746058441242066328e+04
2.048852627982284685e+04
-4.686174807808711921e+04
-1.442662314168551347e+04
-3.324831435419029731e+04
-2.459712338476542209e+04
9.301427947122318074e+03
4.942218798509889893e+03
2.207029857530359368e+04
-2.640152301105179504e+04
4.183081879837132874e+04
4.823496867357673182e+04
1.060452024184390939e+04
-1.349376110577013060e+04
-2.307331976551918706e+04
1.027841805515390843e+04
6.825498285770656366e+04
9.609346648124923377e+03
-1.714837673594240550e+04
-2.892027081406593788e+04
3.969852756812881125e+04
9.029123320846958450e+03
2.299826802918541944e+04
2.310643241159735226e+03
-1.366265238820769628e+04
3.317053468066150344e+03
6.940649488540625498e+02
-3.841871871190651291e+04
-3.833306009233643272e+04
-1.457786408529248547e+04
6.197383418583783350e+04
-4.912228292206465994e+04
