-7.928951216178172672e+02
1.580088840179334056e+03
2.453145655476483080e+04
-2.980165943529851938e+04
-2.711443900523226694e+04
2.648906232302217904e+04
-1.224113282129791151e+04
-1.438986961100638837e+04
-5.119349706191016594e+04
-6.517174552847698214e+04
2.607647688359292806e+04
-1.398176206358162017e+04
-2.781937318371324727e+04
2.801905385152318104e+03
4.001023273814563436e+04
2.567455003100430986e+04
1.388063184549101607e+04
3.970624501594792673e+04
-4.001606565139787563e+04
-2.782895767715385591e+04
1.614847173626055337e+04
-2.619549454619713288e+04
3.642261863952055137e+04
-1.228222283253956994e+04
-2.407483961134049878e+03
-1.640825019445322687e+04
-5.775335459621438349e+04
-1.527820243579223279e+04
-2.230689264814927810e+04
-2.263042601724731139e+04
7.415566240680918781e+03
2.967350255149946679e+04
-3.380179684448947228e+04
3.837604815068310563e+04
-6.852128590042276483e+04
-2.220685268128362804e+04
-1.366377701984929445e+04
-3.521767623871418891e+03
-4.092923188925535942e+04
3.063541110412413400e+04
-7.107373899826128036e+04
-1.013082099244640631e+04
-4.263428852615778305e+04
-8.278564366333821454e+03
5.662835155859502265e+04
-4.034409430013802921e+04
1.892735781624102310e+04
-4.167279260096232611e+04
5.399902635738221579e+04
-2.450973774924329700e+04
-1.008698959146922425e+04
7.627470050001089476e+03
2.989142236590718676e+04
4.034598348971014639e+04
-6.410230917022632639e+03
-2.052709977942583646e+04
-3.539398882687676814e+04
-6.494109142261156194e+03
3.131819577753682097e+04
-7.921424360591455297e+03
-1.306838784298986866e+04
5.352454527074702492e+04
-1.651419985667065339e+04
-6.210202290186174650e+04
3.662501720991278853e+04
-1.026593519341678757e+03
1.816433492166452925e+04
3.375107530531955490e+03
-4.360323297195925261e+04
3.650368279965443799e+04
-3.627912896824837662e+04
2.822272305325767593e+04
1.832088283638598296e+04
-2.268319563662009750e+04
1.557331898788598664e+03
-1.641912820145079240e+04
-6.191669831368220002e+03
3.039816387581040181e+04
-1.902079214707772917e+04
-3.265676559054547397e+03
-1.458018526865586864e+04
2.039819829180894658e+03
-5.307792510293258965e+04
-8.110781405741681738e+03
-2.196503801458839371e+04
-1.002402905420556817e+04
-2.651679040705248190e+04
4.317112844899404445e+04
-1.877375147514608761e+04
3.905422134088158600e+03
7.199588729422351207e+03
2.443085487701308375e+04
-3.757562260744371451e+04
3.756047273905342536e+03
1.948875082254173685e+04
7.098480657294288676e+02
-2.420889609220567218e+04
2.794781069498123179e+04
-3.682321406034241227e+04
-3.252966113768387459e+03
-3.755842053655797645e+04
1.945035665967590103e+04
-1.206868185330424785e+04
3.960388564187368502e+03
2.273013035369961290e+04
-1.584444472326707910e+03
2.802486364302968650e+04
2.953039691581969964e+04
2.556647150905821400e+04
-3.930300123294201330e+04
-2.989266249632918698e+04
5.391386528411916515e+03
4.650492450967239711e+04
2.216593041546421773e+03
-4.123045985807350371e+04
7.007227167205551814e+04
3.013833574662788578e+03
-8.174477255348179824e+03
-1.437375480304648045e+04
-6.546098234849232540e+04
6.445496975913494680e+03
-5.370168907362480968e+04
2.304191045560567363e+04
5.379954425057622575e+04
-1.353515524368500519e+04
2.588402998523722636e+04
-1.295300640349064088e+04
1.182211403773811253e+04
3.239857899601317695e+04
2.047699106212689003e+04
1.165561749590056388e+04
-8.685299613418119407e+03
-1.069537830208376363e+04
1.619140705605809308e+04
-5.383036897100949864e+04
-8.783659220760018798e+03
-2.341163974877605506e+04
-4.068242703676559904e+04
1.003454536708794330e+04
3.832316533459361381e+03
1.867399399009837362e+04
-1.214685779262529104e+04
-8.158491660340228918e+03
-1.521832431712500875e+04
-4.725974233323746739e+04
-4.390805049038632569e+04
-9.691747555066913264e+03
-6.266898069532701811e+03
1.794517436530910345e+04
2.564524022621158656e+04
-6.461406578501866534e+03
1.385916584742649320e+04
2.200388894304110363e+04
-2.379522494052864204e+03
1.761177587179369584e+04
6.925300145659272857e+03
2.909227360300311193e+04
4.010037716396996643e+02
-5.130480972209460560e+03
-5.495276281846507482e+04
-2.764631658311571664e+04
-2.418638038797828995e+04
1.087223819976745108e+04
1.692374260282643718e+03
1.055797535710855527e+03
-1.495780067748406509e+04
4.482143337369061192e+04
-4.209233582182066311e+04
-1.138650960365047104e+04
-1.670229389557080140e+04
-1.245302392246526506e+04
1.019646657399049946e+04
3.685824720903083289e+03
-5.496645914125764102e+04
3.291753337758100679e+04
-2.972273403158474684e+04
-2.295362897861629608e+04
-2.790411096390919920e+04
2.588162228380482702e+04
-1.150813753241383347e+04
-3.564192917920026957e+04
1.269069122700907428e+04
1.982684299307863330e+04
-6.371107769441427808e+04
-1.330440055043996472e+04
-1.138405233351034622e+04
-3.979966903109581472e+04
-1.813822579207305171e+04
-2.552467494269238159e+04
2.134666224990818591e+04
-1.072937619991501742e+04
-3.285761418016573589e+04
1.121611779734739684e+03
2.533138396255403131e+04
-2.942301285920471400e+03
-1.789052423911609003e+04
2.307006732355841814e+04
-2.185395132326798557e+04
-4.286055847202429140e+04
2.526252606859514344e+04
1.942109140811544421e+03
-1.426283981775229404e+04
3.245875528190801197e+04
2.508469720392084128e+04
1.669081124328602891e+04
-3.704261515912596224e+04
1.946397681981390269e+04
-4.325658178334914555e+04
2.978804401000516737e+04
2.756544309404296291e+04
-5.412707147315300244e+04
4.067945039932535292e+04
-1.360612616848151265e+04
-3.491819302682925809e+03
8.320218325735460894e+03
2.900771649923857694e+04
-2.964611781412789060e+04
2.487763885308891622e+04
-1.854107884104968980e+04
3.757096345526064397e+04
-1.768365020273530536e+04
-1.274515470572449658e+03
5.633407162642490221e+03
4.129330518294119247e+04
-1.414380933045572965e+04
-2.201925658862373166e+04
5.952639889554345427e+04
-8.656897216907469556e+03
-2.796891543874528725e+04
-2.413213667014751991e+04
-4.036840170041210513e+04
-7.677586163945889894e+03
1.450326713499654034e+04
-2.330394619882279585e+04
3.210750562416330649e+04
-2.074083474299652516e+04
4.063162256532162428e+04
-3.177598428886469264e+04
-1.536062886454529325e+04
-2.048509293992412495e+04
-3.400283319864900932e+03
-5.673470517357215431e+04
-7.479062657640565703e+03
8.614664618558983420e+03
1.256530915184217338e+04
-2.215871592307477385e+03
1.940763180494293556e+04
-3.080604944066551616e+04
-3.370625223007312161e+04
3.472750618926097377e+04
-3.783076090399506938e+04
-5.273469289217418554e+04
2.027332124087818011e+04
5.848532488522039785e+03
3.744727970775064750e+04
-3.081299132077706236e+04
1.250042881264189964e+04
-1.159619997935474566e+04
8.505831940082427991e+02
6.969846572711188628e+02
-2.440287752665220614e+04
-1.267614557640813837e+04
-2.409722540531036066e+04
4.211259761891479866e+04
-1.610831546450473797e+04
