9.305533797850760180e-01
-1.227673256597770823e+00
-6.388202918470966551e-01
5.804875150838929576e-01
-8.513237223488576699e-01
-1.442920344165206537e+00
-1.403972122230489505e+00
-1.587793105142219774e-01
-1.347588194293712238e+00
-8.505581573998457490e-01
-4.110888663925527098e-01
4.310507176618605940e-01
-7.326045776012852784e-01
1.002347712829366078e+00
-6.515907829695549713e-02
-6.842095194826406379e-01
-1.709068151562332383e-01
-1.495572566569885575e+00
-8.946697998635623206e-01
5.827883889624166924e-01
-5.887345884586256961e-01
1.983114816873753627e-01
-9.352419185240145039e-01
-9.881010688046578672e-01
-4.238531623693087003e-03
8.684591746965832915e-01
-1.554221686160046356e-01
2.542599481929897487e-01
-9.093868171881340501e-02
-1.019512403603862194e-01
4.489464256210058402e-01
-2.847451957570846237e-01
9.260450748902522289e-01
-1.001863244224085792e+00
7.618570597578691039e-01
-1.398030940225361229e+00
7.270139517972777909e-01
-1.559293105819919978e-01
3.300570310509513550e-01
1.295150141050906534e+00
1.005002122741732284e+00
1.179002859032654005e+00
7.595297812308694496e-01
-6.040158664386913179e-02
-4.206308587509119401e-01
-4.370342977103180981e-01
4.716925982988210420e-01
6.956035595966614249e-01
9.609656761388531976e-01
-5.269543906389293486e-01
-8.182571568738810086e-01
9.931515323281037144e-01
-1.395135454130590758e-01
-1.372225103418073022e+00
1.149127816014290371e+00
-5.102225856290411032e-01
-7.628426059928503644e-01
1.165741670278682918e+00
6.802740684895699497e-01
-1.214400740936840029e+00
3.195963593117598367e-01
1.216059887640359216e+00
-2.902598860467779929e-01
-7.944626279406289404e-01
-1.505099276669062403e-01
7.196819139659946796e-01
-1.044274000202304098e+00
-7.730675684998117303e-02
2.170574627683866442e+00
-1.861975960590048995e+00
-7.766284124791795751e-01
7.089124623140872217e-01
-1.482574403537724184e+00
-1.478121262800220936e+00
-3.913341633536011055e-01
-1.270480894602231403e-01
2.088776249125471107e+00
3.415690743095584070e-04
-8.012643693279821733e-01
-4.501837236971696909e-01
-7.868917436808503529e-01
-9.364771534290550203e-02
3.141818804257699438e-01
-1.649431043378638773e+00
-1.328494426921319749e-01
-4.491354532062209470e-01
-1.720602763571196236e-01
-4.509311772444923871e-01
-2.600170581863410491e-02
5.035133113694628682e-01
-2.713158065193103097e-01
-3.061201515413292662e-01
-6.104429904792207928e-01
1.250758224387854778e+00
-2.882720223317712382e-01
-5.186910075974812129e-01
-3.419598357906676878e-01
-3.287789362159940776e-01
-1.308229655637214828e+00
1.318943525082509893e-01
2.817860502940940370e-01
3.550637624612543175e-01
-8.759012117290844168e-01
-5.607067440758952692e-01
4.430215833457296637e-01
6.533360212892229679e-01
1.155058430924794211e+00
1.290234585581502280e+00
1.151856248822431539e+00
-9.898495779675172690e-01
-1.150633207590966212e+00
-3.413452423011161252e-01
8.885659904539476850e-01
-7.994249648362089511e-01
1.719923484569740035e-01
7.947486072365599064e-02
-3.892884886960798485e-01
3.534750745429948715e-02
2.079242802194291029e-01
1.476826526030297293e+00
-3.703304139198798639e-01
1.140796307735879145e+00
7.554654248065559852e-01
1.611310704714296882e-01
-9.850171428666486539e-01
1.090111706302610978e-01
-5.910922667263890373e-01
-6.853141683690846531e-01
6.272021554831024304e-01
1.089195575801364807e-01
-5.722236672484886100e-01
8.947717412134242876e-01
5.639129654258346891e-01
-1.199422237644706818e-01
9.928561430838396262e-01
-8.219205699756567673e-01
6.316235801500289515e-01
-1.670189870263832366e-01
-1.466654152726530214e+00
1.742976881251059318e-01
-1.897558951643038005e+00
-1.203564418883640741e+00
-1.274240959101051174e-01
2.397728369190890163e-01
1.005622492065920692e+00
-1.570490960039239436e-01
-2.434282458355373491e-01
5.063198088979381506e-01
-1.006472238135720065e+00
4.243387286174714057e-01
3.829749552876071106e-01
-5.670880472760522206e-01
-6.099282935761394242e-01
7.091041987137944869e-01
-4.279012625158415406e-02
-6.411786106238267502e-01
-1.208077376618077015e+00
-4.428003830093821813e-01
-8.828237909106266823e-01
-4.462813606651703235e-01
-1.368141952820218998e+00
-5.120171242267938967e-03
-5.719985020014569654e-01
-1.321543238783322360e+00
-2.241599526710604362e+00
9.387524724839766410e-01
-8.456144104033929132e-01
-9.931363355314200003e-01
4.913732139931953347e-01
9.183957451168449360e-02
7.307552509312940092e-01
1.017537900927008243e+00
-2.637606298897338664e-01
5.358511355091968298e-01
-4.555348903037013952e-02
-8.502942622207690371e-02
-4.889111072746988862e-01
1.380753789506913076e+00
9.259318710059112334e-01
-1.759686357868048001e-01
4.863980368610155147e-01
4.246178467426174330e-01
-2.936731520934307560e-01
6.819682317150856932e-01
-6.938724329767850807e-02
7.638912230724949071e-01
6.141531801092343645e-01
-6.163226566289780051e-01
6.712925583623272630e-01
-5.258873735069987676e-01
-1.344304641619740837e+00
-1.412442935480775486e-01
7.968307465697476166e-01
5.545409463285211338e-01
-2.559409123189372304e-01
6.544708964825030062e-01
2.704103172859462223e-04
-5.597920597858703218e-01
6.691104622256546230e-01
1.297482595338829370e+00
-1.640588958868823166e+00
-3.990878827156841835e-01
-8.001388292127235013e-01
7.807426357451831000e-01
1.298666328220510646e+00
-1.548348612721452966e+00
3.021581978629890863e-01
-1.509049519202973810e+00
2.196926369627183739e-01
-3.825913595550645141e-01
-8.943800099337350096e-01
-2.049265223397434277e-01
1.089106825587154437e-01
1.559025636229508072e+00
1.876667447600967265e+00
-4.723952355739280407e-01
3.764782347873671942e-01
1.074572282447480820e+00
4.118113054105963788e-02
1.715469596960438770e+00
3.562163256108512588e-01
-3.190864313031482324e-01
9.362268403433530173e-01
5.928530952869942583e-01
-3.617516290515369604e-01
-1.600882373858249386e+00
5.541563801097894038e-01
-9.012703106395812958e-01
-4.796693964112241221e-02
2.100279431271263042e-01
-5.591535722985863099e-01
1.415804701199346205e+00
1.829366372572120425e-01
6.383015208975519883e-01
-1.429035465530200666e-01
-9.460703128233355352e-01
7.876015003403074796e-03
3.196968521329393575e-01
4.179810368501391538e-01
-5.710795155050072403e-01
-1.398501483561427783e+00
7.689636113136445461e-01
2.683864510772783207e-01
-2.778463211108801456e-01
-7.267901140190169418e-01
-1.721987076747559575e+00
-2.706452069935449956e-01
3.845628914233180373e-02
-3.371346092265928296e-01
3.919054274909548052e-01
-9.929738376139962686e-01
-1.624694743935432673e+00
-7.950295053328328976e-01
-3.459802504953875535e-01
-6.891833566990371862e-01
-6.022715651166319351e-01
-2.010735767315963596e+00
7.186250985978566153e-01
2.572873093400091515e-01
-1.552347904127306499e+00
4.858760466822934498e-01
1.199549354916101596e+00
8.750520072828371632e-01
-8.225106498668637300e-01
6.708925397066934915e-01
