-8.828449950957658610e-01
5.728329367467285271e-01
1.139463937475613919e+00
-5.497877515755238420e-01
-2.666488266752836678e-01
1.579816491337840523e+00
1.864517115575837103e+00
9.736338447509489402e-01
3.862054960273090809e-01
1.551141019245207309e+00
3.575792942324464097e+00
2.576793585717712110e-01
-4.924234344724462975e-01
-8.573898723124929733e-01
1.287873561105706388e+00
1.144697517673808340e+00
-8.839566174421258082e-02
4.221406124313092922e-01
-2.320386986506563609e+00
1.270388508236676817e+00
-1.381583660753037179e+00
-6.508557727396105941e-01
9.321933122744909817e-01
-1.389324788389916243e+00
-1.042003826022706685e-02
5.052225750746005550e-01
-1.177295301908048986e+00
-6.697928023718849877e-01
2.934298790503528931e+00
-1.548041339257274274e+00
1.054149286680028830e+00
5.947531611728356093e-01
1.960821774745401536e+00
4.718842942410742536e-01
-3.864734914343206373e-01
3.764579136412483651e-01
6.077936561839548668e-01
-1.383196349959215699e+00
-5.212498170365521544e-01
-4.871733160836143606e-01
-1.703137412984401522e-01
-3.826597599539385830e-01
-2.536963954172449798e-01
-1.363060097093173884e+00
-1.440409899474245137e+00
-1.698273973122378822e+00
-1.079914361626606256e+00
-1.353441289102709222e+00
5.539246443575691625e-01
3.006989624874161660e+00
-1.256027526242020853e+00
-2.783785775008186247e-01
6.846025503481574237e-01
-9.071802775175868971e-01
2.994243357644452153e-01
6.426038814282625244e-02
7.364900825269387052e-01
-2.389468988730922283e-01
1.229216341557833214e+00
-2.385356481771513604e+00
3.919488548555036256e-01
5.027370017728080009e-01
2.933625877828865969e-02
-1.033936881921538431e+00
6.514757468482554881e-01
-1.119935365588707210e+00
-5.637035920818878054e-01
-1.308851772502057420e+00
2.402233181905749915e-01
-2.735941368737547785e-01
-1.226991379835840501e+00
5.841927078749983293e-01
8.831665110386042183e-01
2.088959218687388153e-01
-9.231008762054373484e-01
-1.582786811709451680e+00
-9.048111631616629902e-01
-7.072436067836949114e-01
-8.694308385942334239e-01
5.097685973259852288e-01
-1.025176354913847065e+00
-2.334921682206478444e+00
-8.213364096249078372e-01
-1.698712701292127480e+00
-8.843574764152659640e-01
-1.007767711343671019e-01
2.464278107457113232e-01
-2.119344167354825448e+00
7.742525927821580084e-03
-9.557743200712891518e-01
-1.016790192409747995e+00
-5.753099689706570041e-01
-7.671487538806347484e-01
8.414588286597031175e-01
3.740149705346033082e-01
-1.947341354436431082e+00
-5.866504425125722566e-01
8.145813433585010754e-01
1.958989858306116050e+00
-1.531823663968039650e-01
-2.570094693530057484e+00
-1.806428031576501891e-01
-1.023398066764019454e+00
1.270789779999633051e+00
-2.067347343874647025e-01
-1.620732390757572694e-01
-3.038042933732489903e-01
-1.310762380163188912e+00
6.165285176852886018e-01
-9.073013858061357295e-01
-3.575791866462970647e-01
-8.458090681542099754e-01
-5.177809694702094623e-01
-1.123965306699367339e+00
1.027097822471152888e+00
1.129443312715393777e+00
-6.222071851500137196e-01
5.969994995028420348e-01
-1.690142752173311891e+00
-1.171682746091141425e+00
4.669781436654436013e-01
4.387488715561913555e-01
2.293719722754532231e-01
8.875746553796320937e-02
5.071075258029587030e-01
2.478322538853281742e-01
-7.847139507852000928e-02
6.119216788025775289e-01
5.248307372794643877e-01
-6.790249273477337866e-01
5.960811002361579014e-01
-1.484010449639070028e+00
-1.258024086186650126e-01
5.299019467626980839e-01
7.715382341997767401e-01
6.423664472371266587e-01
8.680504152650045935e-01
-2.808774476631968886e-01
1.434625814487234141e+00
-2.122242079461298392e+00
-1.585264044254842908e+00
-6.371216840212656773e-01
6.249160751573645811e-01
9.150569177943762567e-01
2.632111822749060970e+00
-1.992852616196172821e+00
-4.817374748982171662e-01
-4.742588310140051222e-01
-8.312280302101200391e-01
7.760291340751445111e-01
-1.486981077132958351e+00
-2.996210496859943451e+00
7.075731383927534868e-01
-2.565731536307035210e+00
1.095154414312762725e+00
2.580099207242081416e-02
-6.088997458426443909e-01
9.922584757060293192e-01
2.119656564080592831e-01
-4.479457325524710543e-01
7.843120787904969138e-01
-1.632152475730609675e-01
-1.136307020516895028e+00
-1.945159050191428207e+00
-2.772363140268054860e-01
-8.058038727107572630e-01
-7.694818585926656018e-01
6.004617875181383901e-01
-1.825127040442707516e-01
-2.234833927480067706e-02
4.932576373202807174e-02
5.872491462169379117e-01
-6.460626451928753733e-01
1.115612209486942924e-01
-5.280237614471996466e-01
3.207333272917365918e-01
7.084108254240692459e-02
-3.955895493956677195e-02
-6.668049338717370045e-01
6.207285265831880006e-02
7.252533594974300835e-01
3.019305146910025606e+00
-5.103115435121634569e-01
-9.032692367799977085e-02
2.918468467154082258e-01
-7.676973213321064415e-01
4.547553725713632256e-01
8.451640867374492494e-01
-5.910276239530494191e-01
4.610171483980759488e-01
2.257917462134797215e-01
-1.001220465674508953e+00
-2.601570017061013429e-01
1.435397031158367032e+00
-1.246078364957398765e+00
-2.346510924358556349e-01
4.730745806415586063e-01
-9.239744748342970659e-01
1.240298701276034254e+00
-9.486920153351474649e-01
-2.229248111823307898e-02
1.009371441377526768e+00
-3.020327601521121674e-01
1.141863091419168752e+00
-8.772308753563309858e-02
8.104585872565263083e-01
-1.709718604217095983e+00
-6.428091978654199012e-01
-7.610180332482460175e-01
-8.000601616289164664e-01
-1.641463715688852965e+00
-1.978521302822339178e+00
5.194006424634926011e-01
3.369474426182397231e-01
3.536400762138628973e-01
1.539958807895296933e-01
-8.126456207830203837e-01
3.328157745143175417e-01
-1.757013145951367594e+00
1.768713818011338201e+00
-1.592107662267615797e+00
-2.587894525155838843e-01
8.126864438442037430e-01
6.968508933547428175e-01
1.566485037528492219e+00
1.525229947275140718e-01
-4.076959661856480732e-01
3.846299353513523700e-01
-1.882914969064375388e-01
7.372171705943471043e-01
7.013640031738012093e-01
2.953265865989970207e-01
-2.303992513981736323e+00
7.910622807958526126e-01
6.191728865630823364e-01
-5.572978352880343378e-01
-8.709335672057403333e-01
1.961647980252050782e+00
3.743441820637197770e-01
-4.085922201640513340e-01
4.231435040623174881e-01
1.244129211914636601e-01
-4.668579455480073581e-01
-1.713026756310144227e+00
1.388271155121972189e+00
-1.248206410903063279e+00
-1.954865250742566118e+00
1.558232075016388607e-01
7.333218041714457680e-01
3.733651746849503406e-03
-7.171082647957270628e-02
4.522857345873729784e-01
1.617880422555607600e+00
4.652389142881876438e-01
2.290563671732829931e+00
9.829319138087593277e-01
-5.361248071835372775e-02
4.637691610910996687e-01
1.294336784411322050e+00
-2.051773413568262150e+00
-5.189461997894841971e-01
2.805744432748623063e-01
1.524961965247584317e+00
1.153690270461046330e+00
2.504667478621353638e+00
