-5.840955467149554897e+04
-6.301811577280592610e+04
6.330761185108692735e+04
8.443697840629480197e+04
7.707575459436913661e+04
8.351555712425072852e+04
7.823686890428312472e+04
-6.574611366575174907e+04
-9.921689606296175043e+04
7.269776298161773593e+04
9.559028800919184869e+04
-6.599613635219068965e+04
-9.913629238008437096e+04
7.571973908050965110e+04
-1.741360235907690731e+04
8.588988326884584967e+04
-6.763335798429207352e+04
-3.531345759831862233e+04
3.461665591724698174e+02
4.160434562653497414e+04
-7.333824478681288019e+04
7.236412065844131575e+04
-4.570143214311943302e+04
5.785345535029890743e+04
6.017529310497666302e+04
6.741034497677729814e+04
-2.302875537012673522e+04
5.432419093268836878e+04
-8.995927597443289415e+04
8.228531410803954350e+04
7.301648082721998435e+03
7.470130627688001550e+04
-6.836793531549835461e+04
7.834180062552206800e+04
-6.198396904174985684e+04
3.599111640511082078e+04
1.101379716740265576e+04
-2.159549325196928112e+04
-5.410797484296935727e+04
-2.057561516385211871e+04
-8.392230533654869942e+04
-9.503023407123434299e+04
-4.607634949180833792e+04
2.021251069472625750e+04
-6.167920658086091134e+04
-4.848300108785776683e+04
-2.058805756181528341e+04
-9.755810551445424790e+04
4.275947473544748937e+04
2.390906047179491361e+04
-8.539259255175580620e+04
-9.815626907466456760e+04
1.327908281221744073e+04
-6.600649187601132144e+04
5.846052841962841921e+04
-8.089856054391314683e+04
4.693114894326430658e+04
-4.853623901244024637e+03
7.305724889452465868e+04
-7.113084045576849894e+04
-1.602631895427261952e+04
8.846454950423934497e+04
4.530060259759977635e+04
2.184967137331566846e+04
-6.225357783413166180e+04
-3.982997169552250125e+04
8.440058694619295420e+04
3.072909050085432682e+04
8.945848431865795283e+04
-7.216397601280488743e+03
8.031098478105422691e+04
-5.108043566383506550e+04
2.281801000150056643e+04
8.423101748291694093e+04
2.772974003473595076e+04
-5.424531704869018722e+04
-7.528305384641906130e+04
2.017680657877661724e+04
-5.231861372338949150e+04
7.236802973410753475e+04
1.786533236057282193e+04
8.893772681876544084e+04
9.423648111366825469e+04
-2.490680003162995854e+04
-5.481376330930552649e+04
-6.876613840033099405e+04
9.688230550110238255e+04
9.809630850994909997e+04
-9.944581020271226589e+04
9.544721328660746804e+04
4.186992616576149157e+04
-5.662588203774860449e+04
6.748207699339174724e+04
-2.666550857478201215e+04
-1.099296907853005905e+04
7.553553746154438704e+04
1.486513260882643044e+04
-8.626667722113055061e+04
-1.281935872694079626e+04
-8.065144942811877991e+04
-1.452713689599858481e+04
-7.004941653163330557e+03
-1.299860368764017767e+04
-7.134976070261755376e+04
2.241675587845805785e+04
8.988332898475130787e+04
-2.045830058993932835e+04
-1.118437314186822732e+04
2.954310572400577439e+04
-9.048962678246748692e+04
-9.430890618335430918e+04
-3.490219115436814172e+04
3.170080168711527222e+04
-8.159048429611082247e+04
6.937666175615982502e+04
1.390604243131607655e+04
1.953238201849697361e+04
2.247929630580379671e+04
-2.854274573154173049e+04
3.633305121769911784e+04
3.053194769021599495e+04
-1.059763583079406089e+04
-9.994997792433317227e+04
-9.020675560701561335e+04
4.625096742572766379e+04
-2.459049193261584151e+03
7.045757621512588230e+04
4.002934710408263345e+04
2.896955536666850821e+04
9.151963039721496170e+04
3.037749872953711747e+04
-8.927656719209531730e+03
-3.285527725389451371e+04
5.074110483982244477e+04
-8.296944003219161823e+04
-3.197136114621421439e+04
-2.120194634982017760e+03
-1.490647290111458824e+04
4.315703156947781827e+04
4.110201547035291878e+04
6.261162925019249087e+04
-2.308978972801634882e+04
1.662022026399420793e+04
1.666532003402697592e+04
-4.036953804150609358e+04
-4.713456896673722076e+04
-5.406780999090097612e+04
-7.404187173306911427e+04
-3.474171046606081654e+04
2.472296030090990098e+04
-8.949359635142874322e+04
-8.399755052301063552e+04
-4.726732665472059307e+04
5.444096941507732117e+04
7.683248106446428574e+04
4.727541018040067866e+04
-6.928181624029914383e+04
-5.160760738664975179e+03
8.660441364568372956e+04
4.333357157254226877e+03
-6.582576052000187337e+04
1.324616667650001546e+04
-9.065893775122729130e+04
8.205461577138874418e+03
-9.847902630866956315e+04
8.846646059642550244e+04
7.155773528074906790e+04
4.020147773602479720e+04
4.214275245924951741e+04
1.452647098013688446e+04
-5.282672897296711744e+04
8.041240733309058123e+04
-2.472091681082323760e+02
9.597328066454510918e+03
-3.116803299379497912e+04
-6.889470619589254784e+04
5.264846861458877538e+04
3.816947694433656579e+04
-4.470457819919145550e+04
1.116641191245183836e+04
7.362360309037480329e+04
-6.654986582298630674e+04
-6.247627846813781071e+04
-9.128060435489704832e+04
6.717624684580693429e+04
3.674600268372304708e+04
-4.304913144832122634e+04
5.901907071023991011e+04
-9.173425365631954264e+03
-3.989263902247850638e+04
-7.040649532129219733e+04
7.749068640133713780e+04
-1.592009954030430345e+04
-2.327127777963589688e+04
4.721128381063565030e+04
-3.500059951688849833e+04
-4.272645464918872312e+04
-4.730869118226430146e+04
2.039465397514079450e+04
-7.439316891185386339e+04
1.652322460353264614e+04
-6.970739577359818213e+04
-2.576246530978350711e+04
5.100546195903119951e+04
3.747464018922294781e+04
3.329333161468055187e+04
-3.679241112565611547e+04
4.144777883424433094e+04
9.109787290782519267e+04
4.706445334388143965e+04
-9.405297260933936923e+04
-6.583841507906679180e+04
5.285944016812007612e+04
4.105463878394708445e+04
4.202379750261146000e+03
7.919611223808096838e+04
3.806031695730840875e+04
7.585602049566403730e+04
9.776248306227471039e+04
3.056372346369547449e+04
-3.508400803032203839e+04
2.166388523510422965e+04
1.797741261287453744e+04
-5.204052530373433547e+04
-3.202452387615496991e+04
4.177097750604536122e+04
3.354963048120961321e+04
6.464852259658187540e+04
-6.450939183194219368e+04
8.063472725611370697e+04
4.832619478197941498e+04
7.120843723278377729e+04
5.969403640526684467e+04
9.171637754147604574e+04
5.259087767611614981e+04
-5.362621437279742167e+03
3.960246674771361722e+04
2.285805195008764713e+04
-4.817798458057870448e+03
2.322252919696456229e+04
-7.518306387819263909e+04
7.168263847751395951e+04
-2.826759150032940397e+03
2.037142235932289623e+04
-6.807091761390637839e+04
3.827783283711923286e+04
-3.371859040849178564e+04
-4.749308446136093698e+04
2.241656707477700184e+04
5.656076224107821326e+04
-6.555234602625554544e+04
5.689143262729643902e+04
-9.550870897530791990e+04
7.341444430374284275e+04
2.216154729051816685e+04
8.521271351895757834e+04
3.151829503900796408e+04
7.188093504046519229e+04
-6.505049892210058897e+04
7.956873161136890121e+04
-2.502456736877365984e+04
-8.295491948069210048e+04
1.167824922492762016e+04
2.937968333992729094e+04
-2.170774225846445552e+04
