-4.616600360811925202e+04
-8.632508413549017860e+03
-7.980501153176062508e+04
-7.874059557971442700e+04
6.077266396420457022e+04
7.297821739723763312e+04
1.961288740405877888e+03
-1.281681968494025023e+04
8.490640504960503313e+04
-4.110463621810200857e+04
-9.048348303397186100e+04
7.062145944748756301e+04
7.533890044667516486e+04
-5.515545685938875249e+04
-8.533945249346179480e+04
6.128908109367257566e+04
7.208502064805305054e+03
-9.653829155036693555e+04
6.508936557206451107e+04
-8.156775584461554536e+04
4.982832875234205130e+04
5.206295310996870830e+04
-6.626690946296812035e+04
3.732447871799574932e+04
6.484579759921442746e+04
-8.060162753854997572e+04
-2.379518482823256363e+03
-7.741913831912358546e+03
6.415188413708194275e+04
9.771697378436953295e+04
5.061918616300032227e+03
9.856722308754407277e+04
-5.013861106461800227e+04
-8.507184340600119322e+04
-5.010745646622656204e+04
2.494853095079109698e+04
6.853244607252501009e+04
6.505469119865687389e+03
7.375991919966234127e+04
6.432958474240319629e+04
6.892227047982725708e+03
-9.766716076187297585e+04
-8.631417225131037412e+04
6.954707486410409911e+04
-5.651034478870325256e+04
7.705850464353150164e+04
9.310407590174162760e+04
-8.251978893031613552e+04
4.376853196038927854e+04
4.508761534217220469e+04
-3.890539095484491554e+03
-2.008770143795212789e+04
8.509653787030353851e+04
-1.656960198740127817e+04
4.043051763046473206e+04
-7.630739186848310055e+04
-3.775803471224258828e+03
-4.515248390191851649e+04
-1.489813560490177952e+04
-4.481218640063687781e+04
7.127072280612711620e+04
-7.104000281710819399e+04
2.458166242931815214e+04
-4.328886870641238056e+04
-3.505833413798017864e+04
4.429229785318508220e+04
-9.772236585228891636e+04
-9.512474442273061140e+04
-7.589035617175936932e+04
-9.614630280724288605e+04
2.561695547988916951e+04
5.465246846039912634e+04
-1.221416381697578618e+04
7.069653209646636969e+04
-1.221611507777964835e+04
8.381279504910173273e+03
5.074732622218046890e+04
-1.390712108009944131e+04
3.652725046931167162e+04
1.188443220300918438e+04
8.089732695778150810e+04
1.017899018854164751e+04
-1.536402920637238276e+04
-7.124434963145112852e+04
-2.325355741595654399e+04
6.969667654709101771e+04
2.158529035506846776e+04
-2.508194611509959577e+04
-6.270724926948532084e+04
7.352419217823733925e+04
-6.374839170099027251e+04
7.233969793141361151e+04
-3.622534061466329149e+04
-3.251779848349689564e+04
9.568603951738697651e+04
-7.765199500059447018e+03
-1.866954477041860810e+04
2.318809130329214167e+04
8.051478470458388983e+03
9.482214183934265748e+03
7.017952555561822010e+03
7.125792553285081522e+04
-1.802728985636702782e+04
7.630854330528344144e+04
7.224842370801282232e+04
1.485270861260180754e+04
4.895144263640017743e+04
-1.957034157159111055e+04
-7.496962280087337422e+04
-5.561010766617227637e+04
4.217952533581342868e+04
-5.580993802101273468e+04
6.932943763487952310e+03
8.681724944703090296e+04
5.718350313274260407e+04
-1.273613857297905997e+04
-4.255434432197673596e+04
-2.431172845541928382e+03
-8.927395100943447324e+04
8.733883288871651166e+04
4.031860894335634657e+04
4.650439488334122871e+04
5.641221502927521942e+04
-8.042929499895818299e+04
-9.960878547387581784e+04
6.854536566854701960e+04
6.314758477702881646e+04
2.845355085186979341e+04
-2.226961298969282871e+04
-7.952658480165645597e+04
-9.204236262950286618e+04
-5.582280100245728681e+04
-8.053296673466320499e+04
9.737786981330033450e+04
4.392419070122468838e+04
-4.153049834779404773e+04
1.104277816147186684e+02
8.446325240624113940e+04
9.885681536846316885e+04
6.198949176455953420e+04
8.670456049655524839e+04
8.213760718338454899e+04
-1.031172165688505265e+04
-7.202864975320456142e+04
-1.181575365827505811e+04
7.325022732446187001e+04
2.739711185361406478e+03
-7.564027120447269408e+04
-3.540329101849459403e+04
1.380536534683896934e+04
8.197085495021542010e+04
3.086548008799726813e+04
-1.851640129163029633e+04
-4.531388869572289695e+04
5.489511137613852770e+04
2.133560222577556488e+04
-4.225097243354788225e+04
-4.342800848856408993e+04
9.190877410331765714e+04
2.060556865267266767e+04
5.952404320097858727e+04
-8.009326557896705344e+04
-4.363451262851945648e+04
-7.685267707557136600e+04
4.254352313175763993e+04
4.697126211700504427e+03
-5.362918334064947703e+04
-3.465575182228022459e+04
4.771014069375993859e+04
7.639248070847336203e+04
2.210208964500436923e+04
6.432021335726534744e+04
-4.790863492826040601e+04
-7.483752784076149692e+04
8.585369560799367900e+04
-3.617818229676943156e+04
-6.179143259833959019e+04
-5.027726755515206605e+04
-1.507100475237766295e+04
5.851817875125820865e+04
-3.604037240841603489e+04
5.204503260660396336e+03
1.279047202083920820e+04
-2.780839006202905875e+04
1.323246508006359727e+04
6.854634310410717444e+04
7.248684076220756106e+04
4.606250976047429140e+04
8.038255199804747826e+04
-6.079576944297263253e+03
2.334676045919662783e+02
-5.601475444840770797e+04
6.379987782303048152e+04
8.347133418346774124e+04
-8.866686576180563134e+04
7.812201038097568380e+04
-2.472368862448252003e+03
-5.688052022762748675e+04
6.246561564769818915e+02
-1.747292718668851649e+03
-9.878785834313496889e+04
-1.578566552547822721e+04
-7.826344242434432090e+04
3.443609061301219481e+04
-5.740609178327175323e+04
-3.654221449339744868e+04
7.308513994931550405e+04
-6.377120598996739864e+04
-3.445608297263138957e+04
-6.322204527055988729e+04
-8.080202843555662548e+04
2.080086501048697028e+04
-2.574888737230978586e+04
-8.688462213290797081e+04
-6.480593810350948479e+04
8.436524831857846038e+02
4.932067744455186039e+04
4.325022779176657787e+04
8.322752059931372060e+04
-6.545910865598754754e+03
6.012272996874097589e+04
-2.338920521533703777e+03
6.865300856950996967e+04
4.662546306552585884e+04
-1.871397444909353362e+04
1.056137760012360741e+04
-8.426239102788332093e+04
1.814935444903219832e+04
6.241501479360739722e+03
-5.400489600355809671e+04
1.595062286203810618e+04
4.129403742527894065e+04
-7.853620824052795069e+04
4.789997584272600216e+04
3.734573296222460340e+04
9.662088788453162124e+04
4.753523948874812777e+04
-9.309210209034263971e+04
7.886761632788993302e+04
-6.219472921118384875e+03
-2.313069919158981429e+04
2.104718861520246719e+04
-3.444633478956494946e+04
7.783585878365457756e+04
-7.109612441654170107e+04
-8.447678453035077837e+04
5.904548049967995030e+04
-8.917622814467779244e+04
8.434322279263402743e+04
9.911783611673452833e+04
8.578661260583570765e+03
5.784809480504825478e+04
1.155823084192291208e+04
-9.863066910064773401e+04
-5.856353771405613224e+04
-7.202646524931288150e+04
-8.140489860909104755e+04
-3.442419018640455761e+04
2.270891253036047056e+04
-2.859260121589130722e+04
-8.301251534357169294e+04
-7.159915512816981936e+04
5.715633842001964513e+04
9.237341509362943179e+04
-1.795267038860972025e+04
