4.333525921774415474e+04
8.025916684097779216e+04
6.866558129062961962e+04
8.509316785147027986e+04
-9.451761124160267354e+04
2.888492595509363582e+03
-3.503837342619593983e+04
3.924730514623514637e+02
1.397305536934260090e+03
3.363606349392733682e+04
5.058527068762448471e+04
5.289615187106116423e+01
4.706055842531155940e+04
-8.394592637540819123e+04
5.392561244690052990e+04
2.633669414675085500e+04
-4.636877082951302145e+04
2.377693347403387088e+04
1.774992033022543546e+04
-5.047664723776217579e+04
-7.904305539794295328e+04
-9.539703122724432615e+04
6.316093995487557549e+04
1.640484625973496804e+04
-5.106529656738611084e+04
6.094626072683605162e+04
9.346193944864494551e+04
-6.941739105904936150e+04
6.844737134114764922e+04
2.032293622837563453e+04
8.539196980531902227e+03
-5.378941468531968712e+04
-8.349006240583999897e+04
4.316772697084294487e+04
-3.541041369836651575e+04
-6.738917690894816769e+04
-3.386017885744159139e+04
-2.536084474993119875e+04
-6.041473640363488812e+04
-8.683424462362290069e+04
1.577276501410913988e+04
8.323632471689095837e+04
-8.392770641245262232e+04
8.365086401988936996e+04
-9.471537970075005433e+04
-1.860317660179015002e+04
-9.502712660445820075e+04
-8.092280447719104995e+04
-5.372933001431444427e+04
-8.109924607276271854e+04
5.866354673625992291e+04
3.742680405423368211e+04
-1.699917968432316684e+02
7.471988734331181331e+04
-9.014876494279352482e+04
2.030470739915448212e+04
7.177034078283206327e+04
-2.905872846999279500e+04
-4.594376561427629349e+04
6.298595471969197388e+04
-4.194453417995726340e+04
-6.917297315483617422e+04
6.734728890166970086e+04
5.590155350065544917e+04
6.671049526733624225e+04
2.917196993071942416e+04
7.042548714194363856e+04
4.592718368334130355e+04
-4.551039410723541368e+04
9.668074703601871443e+04
6.377991301445141289e+04
5.599906930493324035e+04
-9.142453422150082770e+04
-3.034593964850805787e+04
9.540732665203420038e+04
6.491397907678258343e+04
-1.836537590304060723e+04
7.923586768097474123e+04
7.409787038559015491e+04
8.414339473112758014e+02
-6.595927432955009863e+04
4.761107235547342134e+04
3.975634616381720843e+04
7.876627081689357874e+04
4.007297149873414310e+04
6.893107514824419923e+04
-1.334606176416377821e+04
2.619990390162298354e+04
-5.887747255692370527e+04
-7.850819192668668984e+04
5.956640465544832841e+04
5.117642286768441409e+04
5.593859228736569639e+04
5.439413766299685813e+04
-8.246412858687258267e+04
-2.770211603256245871e+04
4.300958645914537192e+04
-2.155419683388789417e+04
-4.554433053382062644e+04
1.350093903966724611e+03
4.744098293643620855e+04
1.033089212766035416e+04
-1.681943080089465002e+04
-3.742468780521781446e+04
5.319780243484222592e+04
8.636103363073825312e+04
2.097233827733817816e+04
7.075944223654226516e+04
5.591508893264004291e+04
-6.123198796961188054e+04
2.537212219067479600e+04
-2.919585070143467237e+04
-1.433606840933459534e+04
2.200424357505907392e+04
3.372681488560264711e+02
6.123348626997804240e+04
-2.843527803436244540e+03
-8.175790801559160172e+04
6.447265622429858922e+04
-7.221605975450075903e+02
2.890329412412648162e+04
5.885720670438679372e+04
5.627210865003336949e+04
6.162291868238169991e+04
8.437276744735410830e+03
1.400008862349664560e+04
-3.589644890552482684e+04
-7.422895785464168875e+04
7.939928278990709805e+04
-5.895223816648231877e+04
8.700290469365472381e+04
-8.901094999239737808e+04
-2.228858471547783483e+04
4.128115159021478030e+04
1.827871848348211279e+04
1.574760918834675613e+04
5.539125064073959220e+04
3.781526758427017921e+04
9.999946039977822511e+04
9.176352909689674561e+03
8.250685697625426110e+04
5.465577617841793108e+04
-3.548505021336325444e+04
-4.967149216814191459e+04
-9.568151058833103161e+04
4.235876030269407784e+04
-3.362706218325602822e+04
-4.287954052176522237e+04
-2.775857829433892402e+04
3.781319436405384477e+04
-9.372408219664730132e+04
4.908675174657603202e+04
-4.720526988868188596e+02
6.614817301755269000e+04
-8.986858715589270287e+04
-7.270893642902604188e+04
-5.446977166535614379e+04
5.908436086267028440e+04
4.196105612283322989e+04
-7.904700750513508683e+04
6.696059070925194828e+04
-3.959976967911276006e+04
1.225611849179483397e+04
-4.179336723196821549e+04
-1.697226656596024259e+04
-3.626941257939377101e+04
-4.400384536051864416e+04
-6.031593163931385061e+04
-1.660338998123971805e+02
-7.128912906749533431e+04
-1.533080944260008437e+04
5.963719421470131056e+04
7.329749761367104657e+04
-5.824807058839946876e+03
-2.024722591983721941e+04
7.267978210583180044e+03
-8.817649132517495309e+04
-9.945137929198908387e+04
8.653654057543129602e+04
9.923781821619850234e+04
1.893343266301758922e+04
-3.981836787059798553e+03
5.166891222267056582e+04
2.454435189015099604e+04
4.457285223956628033e+04
1.785125941758707995e+04
-7.958355414859560551e+04
2.713081612293330545e+04
3.603154472143492058e+03
4.238327129619453626e+04
-8.871139435829813010e+04
6.511346949454857167e+03
4.352097470478371542e+04
4.966324795395651745e+04
-2.008041293278666853e+04
-2.649134306406425094e+04
-3.709922694924524694e+04
-8.984265275191377441e+04
2.173838202913646455e+04
-4.960501223912039859e+04
-9.131040534344120533e+04
-7.199232302521829843e+04
5.916837910236199241e+04
5.289435766457327190e+03
1.932039534674535753e+04
-4.171133373016207770e+04
-4.583153722079737781e+04
-3.790776091054359858e+04
-1.303062355326623219e+04
-9.555465195412759203e+04
-3.231303297186428972e+04
9.668807387852585816e+04
1.287414519046763053e+04
1.916506400664279499e+04
-3.166588664465248439e+04
-7.480825572351515802e+03
1.557082649337598741e+04
9.968689831110044906e+04
2.099570438455882322e+04
2.525247430442549012e+04
-3.794767514865407429e+04
-4.994321515811593417e+04
3.547378344556211232e+04
5.914096339917671139e+04
5.567908215094220213e+04
7.761362992582120933e+04
-1.920338962068176625e+04
5.251128283932605700e+04
-2.516888218769721789e+04
-3.432894755240561790e+04
1.908309745264142111e+04
-6.566221002673965995e+04
-9.556928006417863799e+03
8.577060044900443245e+03
9.259486771974137810e+04
-1.535329089289148396e+04
7.918988648210451356e+04
2.188518361333682697e+04
-2.847978318952006885e+04
-5.574464930313748482e+04
-3.128093843172235574e+04
4.732889762520647491e+04
5.969414485706078267e+04
3.053218067667001742e+04
-4.376496903200537054e+04
7.780944972289401630e+04
-4.096096819339877402e+04
9.345648614781840297e+04
-1.456906501759951061e+04
4.060459136290281549e+03
-5.494216119478150176e+03
-4.554482060039651697e+04
-8.371505683233946911e+04
-9.165464834539784351e+04
-6.001910179538355442e+04
-4.553546866493773268e+04
-4.892144778437125206e+04
-4.480469349521098775e+04
-3.140946260125972913e+04
-5.099936867194194201e+04
6.478962231848589727e+04
7.931539233473494824e+04
2.450517441311524453e+04
7.711452759721968323e+04
-5.815811248842425266e+04
