3.818572732535028626e+04
9.483958978449965070e+04
-4.065152201892968151e+04
-5.099899371619919293e+03
-2.146654916022652833e+04
4.453137515338931553e+04
8.247320200378967274e+04
4.079468336549121159e+04
-8.432288536439347081e+04
-6.554970947892355616e+04
3.217816014874170287e+04
-7.894887229748425307e+04
4.035916149582263461e+04
7.559809466009635071e+04
-9.205182501216515084e+04
-3.050071575963933719e+04
-5.424053854369587498e+04
-5.773607848235184792e+04
-2.200661515419276111e+04
-9.680707421312519000e+04
9.297789925296713773e+04
1.194975700221578700e+04
-8.044438365389591490e+04
-7.700691277831069601e+04
9.275693299971452507e+04
2.167387577728333417e+04
5.275633889688078489e+04
-3.475533733054338518e+04
-1.824695194210231421e+04
3.575230055283135152e+04
-4.178057516619652597e+04
-4.695192160465558845e+04
8.062101226534847228e+04
5.987665217326107268e+03
8.241382193371544417e+04
-3.839341105049969337e+04
6.855717857068704325e+04
2.060752472862327704e+04
6.849855575226061046e+04
-8.003763306937237212e+04
-7.230482851597569243e+04
-6.299811201210526633e+04
-4.511407058964764292e+04
-2.615842346594745322e+04
-4.904704840045170567e+04
1.570666184728980079e+04
-5.950459620420051942e+04
-8.165045380999214831e+04
-4.418645860024549620e+04
-1.533904193226360985e+04
9.718628904214664362e+04
-7.146043895510879520e+04
-9.973296134321224235e+04
3.341997970759839518e+04
5.744601799218480301e+04
7.745614840102594462e+04
9.839698604625980806e+03
3.451505179388557008e+04
-7.527130377134264563e+04
9.943762241338228341e+04
-7.780957763170011458e+04
-2.756339174288895083e+04
-7.268476710869160888e+04
7.546839624631969491e+04
6.985965256907104049e+04
-6.363667849198405020e+04
6.425890468447917374e+04
6.946720053922390798e+04
9.098132407460205286e+03
6.278311094009211956e+04
-1.445780469428853394e+04
2.349007861105522170e+04
-8.495494398582386202e+04
-1.088138356011025644e+04
7.763971319484221749e+04
-5.603539435120888083e+04
8.813517276957572903e+04
-6.608051053220793256e+04
2.292640595833484986e+04
-7.001725511109929357e+04
-2.836064334822837918e+04
3.489895961457982776e+04
9.781880053853604477e+04
-3.123423669950021213e+04
2.363169689568441390e+04
-9.804173263116930320e+04
2.987280931980384048e+04
-2.558770193504225244e+04
3.362270217005641462e+04
-5.347935777044894348e+04
-4.280204355736379512e+04
-8.893087694928770361e+04
-2.809785207054128023e+03
-6.096237731065497792e+04
-2.209321403459617068e+04
6.949035110258290661e+04
-4.423487755479935731e+04
4.996662807737188268e+04
-7.154754600561189000e+04
-3.654470791668911988e+04
7.542302637897018576e+04
3.806087636593665229e+04
-5.925335346006364853e+04
-4.508281109641900548e+04
6.339197861861564161e+04
7.905568945320516650e+04
-6.912622400259017013e+04
8.039260370265868551e+04
6.661358460819454922e+04
8.729781744157600042e+04
-4.885511305283600086e+04
7.408654158185284177e+04
-1.611134630363303950e+04
-3.938079792806936166e+04
4.802791913077072240e+04
-9.609448238857125398e+04
-9.694568435462958587e+04
-3.803307013010123046e+04
1.319592506273167828e+03
6.461615538860572269e+04
4.607690972202520061e+04
-7.921743219496960228e+04
6.323970612008855096e+04
-5.009532261829652271e+04
-8.984885593221742602e+04
5.275723067306256416e+04
-2.988032828545560187e+04
2.365786321491752460e+04
7.993667593159558601e+04
-3.314056253757839295e+04
7.713809578013153805e+04
-7.276231298661284382e+04
7.168554229133922490e+04
3.121477700886705861e+04
-4.797367714854003134e+04
-4.717286762962691864e+04
3.571737892750306401e+03
5.028064649725531490e+04
-7.780914103119795618e+04
-1.362676855518911725e+04
8.584985381575948850e+04
9.683260306832568313e+04
1.713734783644338677e+04
9.743927579371105821e+04
-2.221232029616946966e+04
-6.562967138279906067e+03
4.971090195518975816e+04
3.768982511741867347e+04
8.788661129197134869e+04
-6.133641641452164913e+04
7.894547512860521965e+04
3.987488505688628356e+04
9.021006017772006453e+04
2.467339825025857499e+04
-7.234520660180220148e+04
-2.327873224167170338e+04
4.966523985670783441e+04
2.459718280702868651e+04
-1.196813923958346641e+04
-9.656964790119553800e+04
8.328228504905731825e+04
2.776098545845390981e+04
1.473905943255138845e+04
-9.215432789024501108e+04
-9.963746922314374387e+03
7.067534456459039939e+04
3.158974657434022811e+04
8.864431512833810120e+04
5.564202803042539745e+04
-7.293029778803912632e+04
-4.772936574667107925e+04
-9.460115809650183655e+04
-7.912679472283621726e+04
-4.248620010102883680e+04
-8.109161533497575147e+04
-6.110186805073655705e+04
3.525751906092512218e+04
9.696980087120490498e+04
9.106421717105222342e+04
8.912222785436341655e+04
6.296826859769959992e+04
-2.109833431557899894e+04
-1.154517412181064174e+04
-3.926720483572680678e+03
-5.785576660748284485e+04
4.365732706896267337e+04
4.769110470419791454e+03
-4.353049019968473294e+04
9.727114700990312849e+04
-5.641100685532627540e+04
-1.305547616971133539e+04
5.526629635886165488e+04
6.896382818324222171e+04
4.103186035512444505e+04
3.464494755379980688e+02
9.937390734447543218e+04
4.869506923213176924e+04
2.980344699688592664e+04
-9.857680477673515270e+04
-5.708380878768212278e+04
1.670122856960537320e+04
7.421115089012363751e+04
3.406537353304797580e+04
9.599127642844506772e+04
3.523255076542811730e+04
-7.560746305113621929e+04
5.403718360305573879e+04
-7.360734357426469796e+04
-9.048605986859858967e+04
-6.416672777845566452e+04
-5.537380402190858149e+04
-1.423854012493404298e+04
5.877560244726906603e+03
8.896858611504446890e+04
1.282928590455951235e+04
-6.363213314015739161e+04
3.204226345780894917e+04
-3.609446870373824640e+04
9.826211450491966389e+04
7.707313479120880947e+04
3.370843580926381037e+03
-7.889589183616705122e+04
9.633602859718619584e+03
3.971852897525129083e+04
3.263673933440008113e+04
-6.113612499447308801e+04
-3.601213598800731415e+04
8.466628760099987267e+04
1.917913425337440640e+04
6.329756501181922067e+04
-2.487454338806265150e+04
-2.638032552839173877e+04
2.204963834413766017e+04
-6.517140323256529518e+04
-7.813638417342692264e+04
-6.511189899663826509e+04
-8.233067198932480824e+04
-4.393190196072668186e+03
-1.512326316660208067e+04
-3.967011444777327597e+03
8.933356012642629503e+04
6.494758651460806141e+04
9.731294475940339908e+03
9.309739591044730332e+04
-4.638527280750917998e+04
-8.265141695846040966e+04
6.305948060759186774e+04
-7.878458791301131714e+04
8.521505803975436720e+04
-6.782957510577916401e+04
-5.572719416720391018e+04
-2.191974016085944459e+04
1.589702397121338072e+04
-3.039105517429549582e+04
4.225914995159129467e+04
3.216167040413455106e+04
8.977444960463051393e+04
6.149615604080932826e+04
-1.859748442206487016e+04
2.035912489357095183e+04
-6.292014901184545306e+04
6.268683576999787329e+04
-5.554741312295464741e+04
5.695306126044235862e+04
-1.314010458454342370e+04
