1.760110683122209957e+04
9.642627944818892865e+04
1.470732038615066095e+01
-8.042161824443846126e+04
4.601090039436888765e+04
7.831575189267296810e+04
8.971354227064076986e+04
-7.250203315486251086e+04
7.639366157925527659e+04
8.551586921360869019e+04
-8.747088426868584065e+04
8.122092009530962969e+04
-4.336726270666634082e+04
-3.145866288926565903e+04
-6.218509836517360236e+04
1.396147693308562157e+04
4.288511475806720409e+04
-7.795664964420752949e+04
-4.165971828580075817e+04
7.329636394057534926e+04
7.499276758084939502e+04
1.190125830645009955e+04
1.450687409356065473e+03
-1.983935000360171034e+04
-5.956831545547310088e+04
8.915223370839927520e+04
-2.811045132691318577e+04
2.774478132981027738e+04
6.721097138302416715e+04
-6.511588656930531215e+03
9.722311716634705954e+04
-9.480282554075121880e+04
-2.871281559263844974e+04
-6.010672365822462598e+04
-2.987519657651633315e+04
-3.629653661662888680e+03
-5.519408896709754481e+04
2.106433498840788525e+04
-2.321169527435166310e+04
1.910225300575335723e+03
-7.273866719204878609e+04
6.038861232140585344e+04
2.261276629664133452e+03
9.316187716377664765e+04
-3.109810893215440501e+03
1.907170725874037453e+04
9.597111957391422766e+04
-8.595963300782362057e+04
7.734073943941031757e+04
8.388513398756577226e+04
-9.882983981983659032e+04
-5.875486213109941309e+04
5.708664650281114882e+04
3.379379745788381115e+04
-2.276196364065679882e+04
-3.225796122290995481e+04
1.693687338187421483e+04
4.358387546641932568e+04
7.758785948678829300e+04
9.257683459646417759e+04
-4.404471861369877843e+03
-4.879537454740683461e+04
-3.328620131515025423e+04
-3.459061907863472879e+04
-7.623762986601001467e+04
-6.338380223722135270e+04
-9.952727081642326084e+04
-2.743270886945979873e+04
9.389026960623265768e+04
-6.393081918794911326e+04
-4.630902112872310681e+04
4.061942695251198165e+04
5.939117150681756902e+04
-7.306570713523497398e+04
8.740336650500679389e+04
-6.806585776688902115e+04
-6.610705736251812777e+04
-8.453024194125400390e+04
-4.564389408981084125e+04
-4.003855691886311251e+04
-8.229152740321382589e+04
-7.743393101947584364e+04
5.893415026160600974e+04
-4.880961824683494342e+04
4.858436654829270265e+04
-8.894991876049950952e+04
-6.923048762298845395e+04
9.350394979285889713e+04
8.856650968285221097e+03
9.760595542540580209e+04
-9.208316244176037435e+04
4.461026284302705608e+04
3.733101543529677292e+04
8.089885813214120390e+03
9.210597895630948187e+04
7.663746289133692335e+04
-7.161740330141811864e+04
-3.240636533646678436e+04
9.174758777412306517e+04
-9.616480021394081996e+04
4.369801575555207091e+04
-5.112653730823918886e+04
-3.098386369935914990e+04
3.573094868184690858e+04
9.880618643618906208e+04
3.521674732208603382e+04
4.470518628780662402e+04
4.335582678954469884e+04
9.703709813500901510e+04
3.505190605580468400e+04
-9.630704999614795088e+04
9.297336348297711811e+04
-8.289719369294057833e+04
-7.392719058401235088e+04
9.051676098770819954e+04
3.130835006446925036e+04
-7.749076625388654065e+04
6.327569984585203201e+04
-4.614260033090502111e+04
-3.573411804939268768e+04
5.352775070385989238e+04
-4.943203517856096005e+04
5.594692284352494607e+04
-5.724135881463973055e+04
2.881198519156445400e+04
-5.856649979180572700e+04
-9.379554172520975408e+04
9.173101325310590619e+04
1.176114846321219557e+04
7.874169162438012427e+04
3.243879028667917373e+04
-9.100857297926823958e+04
-9.202896822858283122e+04
6.654978633557833382e+04
-1.909393817722567110e+04
-1.234231319654453046e+03
6.485731024034268921e+04
-8.945568078023589624e+04
8.631691899273672607e+04
-3.561802641897145804e+04
-9.945191804393136408e+03
-4.552674140203397110e+04
-7.843797738150802616e+04
-4.064945311845077958e+04
-3.858062806227674628e+03
1.737375441063399558e+04
9.298561998397906427e+04
-9.894321323024635785e+04
-2.637278624740267696e+04
8.577994278611009941e+04
-1.005862460832887882e+04
-5.166307055671382841e+04
3.410612988210110052e+04
8.314543524197657825e+04
-5.158303634031733236e+04
-7.883268784448561200e+04
-9.364989212887601752e+04
-2.030003137034122483e+04
2.676847445172193693e+04
3.087014959078932952e+04
1.282488239897397580e+04
2.040476802395361301e+04
-2.255953432290368073e+04
1.671023092826546053e+04
1.599045241115745921e+04
1.187796748064074200e+04
4.427927093481835618e+04
5.168505091227370576e+04
-2.776257687693599564e+03
8.401329119291581446e+04
6.748545028729729529e+04
-1.426102713443575703e+04
4.080672284287878574e+04
4.827531989718612749e+04
8.161433927540014338e+03
2.953606214112060843e+04
8.561070127724653867e+04
7.922529028216844017e+04
6.479157458966068225e+04
8.006022993896818662e+04
5.800838718964254804e+04
2.686034189972980312e+04
1.567626074125807008e+03
-9.063175403668968647e+04
-5.346498885511141998e+04
4.573907797641386423e+04
2.709537452781255342e+04
8.705202364020184905e+04
4.007272299506969284e+04
-9.165276514574674366e+04
-2.253279404958826126e+04
-2.879075296316916865e+04
1.654743875492319785e+04
-7.205245120392116951e+04
-8.741103064909290697e+04
2.855225363184731123e+03
-5.003188772308104672e+04
3.559368363084369321e+03
-5.945093567709079798e+04
8.155317948292584333e+04
1.784383004894998521e+04
-6.961359465185883164e+04
-4.463914055375051248e+04
9.651513881420988764e+04
7.108518831565759319e+04
1.401805302593934721e+04
-6.760886971722615999e+04
-7.274298105403892987e+04
-4.382802515563341149e+04
8.977679738613305381e+04
1.249113485220401708e+04
-8.866818900843420124e+04
-9.288558649238269936e+03
-4.813287580320636334e+04
4.256753277319813060e+04
-1.229627696877954577e+03
-7.402130340716151113e+04
6.354215842988060467e+04
-8.304294061673089163e+04
1.134915621456730514e+04
-7.893455981920850172e+04
-9.432855486216118152e+04
-8.839395014203360188e+04
2.005134815283236458e+04
1.951748090854314069e+04
6.910781974622562120e+04
-3.105427178262172310e+04
7.337648778601735830e+04
-1.458660592305340833e+04
3.322702644580120977e+04
-6.894559265888622031e+04
-6.531961372190869952e+03
4.682790160894965084e+04
-3.801784337724001671e+04
4.804892493370895681e+04
-5.406059362247923127e+04
5.545496186025838688e+04
3.520190115372045693e+04
4.163759498162770615e+04
-4.291242261131180567e+04
-8.883456707997713238e+04
9.551667800560430624e+04
-8.513968809983546089e+04
8.477169297853954777e+04
9.376410159232660953e+04
-6.627032277084042107e+03
9.635654004563463968e+04
1.360057088600985935e+02
7.930046558558094148e+03
-1.144214041838924095e+04
3.477467456335472525e+04
-5.798868023868510500e+04
3.945915088174133416e+04
4.675029039219047263e+04
9.584674566057280754e+04
3.677328170532230433e+04
-3.082946944299235838e+04
-9.240850833411252825e+04
9.968139944137750717e+04
-2.551946346015353265e+04
-2.601859260887376877e+04
5.338700631583778886e+04
9.385826495714223711e+04
1.078504688905437888e+03
7.498562470420064346e+04
