8.134304502636806865e+04
3.083780173744624335e+04
4.611959082727876194e+03
-4.269146809356602898e+04
7.921867380004723964e+04
-9.668373216188352671e+04
9.931025074663473788e+03
2.658471957789504813e+04
7.660655392631088034e+04
7.446397471285941720e+04
3.002681613351283886e+04
5.991664812100054405e+04
9.832708221943970420e+04
1.764237718799227150e+04
-5.976153623330405389e+04
-7.728856089159984549e+04
2.794132698067228557e+04
8.022207852841835120e+04
7.014341197100210411e+04
4.236214522332583874e+04
-3.698017226514435606e+04
-7.648464756658667466e+04
1.172621495390036898e+03
8.887287610312919423e+04
-8.529923039896809496e+04
9.422472563395957695e+04
-4.107797534686213476e+04
-5.476676609371974337e+04
-7.145345485475540045e+04
9.895334137683690642e+04
-8.662265741903302842e+04
1.070489372396093859e+04
-4.325768422542420012e+04
-8.177034307385249122e+04
-3.167715630236157813e+04
6.946677381419933226e+04
7.006446052461644285e+04
8.288331567527858715e+04
2.980076667905864815e+04
4.031340173460850201e+04
2.744467770187195492e+04
-6.930564329962167540e+04
-2.110051358766583508e+04
-3.145937550353703409e+04
-7.639160188574167842e+04
-8.267209063010467798e+04
5.641473961732901807e+04
5.701425430282793968e+04
-5.371472572074725031e+04
5.533847690860375587e+04
-1.417076769823836912e+04
-9.377707092475432728e+04
1.109626251148594747e+03
-4.447111011392328510e+04
6.634509336159996747e+04
8.946096791204196052e+04
-6.747208212424618250e+04
-5.317371251093441970e+03
1.680519863593163609e+04
-1.987122976504095277e+03
3.039389247130267540e+04
-4.685123485790121049e+04
-2.548508777620934416e+04
-1.634213476695314966e+04
-2.220624637390409407e+04
-9.038625913568722899e+04
-5.758083450825417822e+04
-6.544261198753085046e+04
-4.499398481092704606e+04
-8.322832832938637875e+04
8.710849215171276592e+04
6.423650445870302792e+04
-2.190316920642646801e+04
-8.121123341280168097e+04
3.802667979237363033e+04
-7.094906538847927550e+03
-4.400338160485109984e+04
8.875573842224403052e+04
7.550062185073198634e+03
-7.835627676751599893e+02
7.752973195113099064e+04
9.091073794355030259e+03
8.236224299643479753e+04
-4.834053012101222703e+04
-8.298224606024649984e+04
2.268786264373195081e+04
-8.283512096968527476e+04
7.311421639213748676e+03
5.108738070910850365e+04
-3.684593032492478960e+04
-5.290545416295168980e+04
-6.689438615560818289e+04
-1.765697289516439560e+04
4.454562218828830373e+04
-7.980727595948666567e+04
-4.262246537497732061e+04
7.370036495616323373e+04
-9.013001418207056122e+04
-4.509228933508169575e+04
-1.962028101099174091e+04
-1.893073373196496323e+04
-4.054996888589198352e+04
-3.586500788118206401e+04
4.214566404222526216e+03
6.773833837439006311e+04
9.246060023045360867e+04
-6.857152893054964079e+04
5.719382030915622454e+04
-9.123584909680103010e+03
4.433135701455611706e+04
2.225628177690979282e+04
-7.031080437004803389e+04
-2.198999526290949143e+04
-8.986589828000699345e+04
-5.999734409241002868e+04
-4.778758796051826357e+04
1.880399822973248956e+04
7.528649557297540014e+04
-3.807156911342455714e+04
-4.778720562341250479e+04
-5.208530466752095526e+04
9.646362396320622793e+03
3.654449200561379985e+04
-6.636425598808599170e+04
5.743127770056169538e+04
8.111340163170297456e+04
-6.106380315967659408e+04
5.736821495222624799e+04
-1.653108931232498071e+04
5.581399991727478482e+04
-9.703248666963959113e+04
3.099989874100478119e+04
-5.048612803471061488e+04
-5.058363558564175764e+04
-6.833679670873784744e+03
6.296615303096961725e+04
-1.931486771142794851e+03
-1.191936943796653577e+04
-7.917135846872381808e+04
-5.219132069303029130e+04
3.869586190573957720e+04
-5.006999405217551976e+04
-8.257179539944457065e+04
-6.030589911585145273e+03
-1.328753437246788417e+04
1.857046754493004846e+04
1.555886049158874812e+04
4.197243743639889726e+04
2.194822346187348012e+04
9.246379278929928842e+04
3.722366492183001537e+04
4.567656397519304301e+04
-5.960431019430242304e+04
-6.220851529647150892e+04
-8.448175963894434972e+04
1.175254223544577599e+03
5.871277771306243085e+04
-7.661891948639783368e+04
8.013704813049970835e+04
-8.448360752018450876e+04
-5.377204205890594312e+04
-6.679544793893414317e+04
3.567716919856489403e+04
-2.288975341308639327e+04
-9.641965824233670719e+04
-5.935528316422657372e+04
1.593912680608042319e+04
9.535633402223525627e+04
-1.064893485783937831e+04
-8.019555199334170936e+01
-1.260005676583542117e+04
8.282929282974782109e+04
3.536259458471696416e+04
-7.140659972931759512e+03
3.024972518492262680e+04
-6.612715558129838610e+04
5.871515869498892425e+04
-7.467034269706865598e+04
5.563377360589534510e+04
9.119003291972434090e+04
-1.177788883416766657e+04
-4.268651240569473885e+03
-7.266080324212924461e+04
-4.250107428415002505e+04
1.284992515915664080e+04
6.942038080936582992e+04
-3.237098450614907415e+04
-9.578476753090487910e+04
5.119137775162921025e+04
4.015121648733007896e+04
7.468381511944351951e+04
4.291092204749846132e+04
4.171511805420432211e+04
9.368415236543654464e+04
-7.273111731679104196e+03
6.583208550748725247e+04
-7.751248489021188288e+04
7.095364699050376657e+04
2.794379725306796536e+04
-7.012593779743247433e+04
1.339855774642282813e+04
-3.978984732404894748e+04
7.296895263305940898e+04
9.393282205261130002e+04
-8.672558421424371772e+04
7.666568668951811560e+04
-8.650658732649180456e+04
9.402664938098966377e+04
-9.457930297835724195e+04
-4.877007935336370429e+04
5.634179758840157592e+04
7.358768428937536373e+04
-9.675288789653752247e+03
-4.010441760607642937e+04
-1.542550693286739624e+04
4.567588549442820658e+04
2.788865746645610852e+04
1.239407527538511204e+04
7.730223861278568802e+04
-7.838709452300732664e+04
-1.301856557030740532e+03
2.649788430845813855e+04
-2.941654054314720997e+04
-6.321462595796999813e+04
-1.608727972387357477e+04
-5.182746687615107658e+04
9.584317747016722933e+03
-6.162985658653862629e+04
-5.287686306488690207e+03
3.600334008083616936e+04
-9.406495207799605851e+03
-7.343257903752024868e+04
-5.736112288062274456e+04
-7.978503962688824686e+04
-4.671330502222373070e+03
-5.300239023517339956e+04
7.299871503455568745e+04
8.235252035169301962e+04
-5.938508089184077107e+04
1.149722091371895840e+04
-8.342991661121440120e+04
-3.139874814151405371e+04
-8.221655554834660143e+04
-5.167153219750014250e+04
-4.657490759101338335e+04
-7.123401550952903926e+04
6.184156032057195262e+04
-6.326232940942843561e+04
-3.661574899365102465e+04
8.659181619448712445e+04
1.852912526951815744e+04
-1.152661812022983941e+04
-1.929922894212814208e+04
-1.581201603354560939e+04
-3.491436718240538175e+04
-9.681043192446505418e+04
-6.182474632870012283e+04
-2.231073038160929354e+04
6.410179346536130470e+04
2.877688319291470907e+04
-9.851857266589577193e+04
7.209387904060180881e+04
-3.837867574258828245e+04
8.193650088050986233e+04
9.906078574562237191e+04
