3.702479177117765357e+04
-1.288970486504921791e+04
6.552541616948109549e+03
5.654941438259989081e+04
-9.262421520350414994e+00
5.141586100836894911e+04
-4.809899347185024089e+04
2.822524111728919888e+04
-3.653305160900711780e+04
8.529122413479468378e+03
3.629177356406159561e+03
4.298822521733531903e+04
-2.507288235015229293e+04
2.209100251170827687e+04
2.590487476509203771e+04
5.163048312035894196e+04
2.910645426931663678e+04
-6.803532917058058956e+03
2.401024025476459065e+04
-4.635885478842313023e+04
3.802257722580522568e+03
-3.767005430003305082e+04
4.087109161466536170e+04
-1.265545741775870283e+03
7.765261912860284610e+03
5.351728958453921223e+03
5.365965013294266100e+03
1.851049941494433733e+04
4.652321182442864665e+04
-3.073511147769659146e+04
-7.471351817820437645e+03
1.141154593418504737e+04
2.393501931060216521e+03
2.011737266402713794e+04
-6.321847223438109359e+04
3.765683473329520348e+04
2.377488795861318795e+04
-2.636226314151601855e+03
-1.663459287979694636e+04
6.133785602803286019e+04
-3.254576652262441348e+04
-8.186773634462689188e+03
-1.280250431780835424e+04
-6.205153799834324309e+04
2.430377934107196438e+02
1.689837895060622031e+04
-2.145273230217755554e+04
1.498739700657947287e+04
9.896035434565736068e+03
-3.554833412509282789e+04
5.040099543261037070e+03
2.115763894643737513e+04
7.309443960811462603e+04
4.409124722354048572e+04
4.887936257588105946e+04
-4.365318642344856198e+04
3.434668969040928641e+04
-6.641148865518854291e+04
-1.261290720459293698e+04
-3.854350262261020544e+04
1.692486721116790432e+04
4.948149467679327063e+04
4.684944017468922539e+04
-2.985886564554199140e+04
9.909380364003731302e+03
-3.630035595042404020e+04
1.009875616024781948e+02
-4.779563515232873760e+04
-6.424282428332839481e+04
-7.906621267455298948e+03
2.685732569012757813e+04
4.158393593430756300e+04
-7.723352531489797002e+03
-9.200915352524334594e+03
4.322384708110949578e+04
3.989617859274733200e+04
-1.856217606651411916e+04
4.225374024825053493e+04
-5.307286368218285497e+04
1.548238280104139812e+04
1.589864102272961418e+03
9.228451750285887101e+03
9.478133785961284957e+03
1.158845036673274626e+04
2.181267568886308436e+04
9.014024742884195803e+03
6.026061302958903252e+04
3.215248824511289968e+03
2.356301761613264898e+04
7.712537979465023091e+04
7.708339837381492543e+03
-6.775797598555148397e+03
4.053596055723303289e+04
-3.524457054211811737e+03
-2.615546597021037451e+04
-3.131285930924383865e+04
-2.308657974236377049e+04
-2.856468158015683002e+04
-1.421469660639365247e+04
5.153658005727660566e+03
-3.165057490521093132e+04
-1.741110551570047755e+04
-9.472718151003107778e+03
8.658891782987023180e+04
4.689903838892934436e+04
1.537927079551254610e+04
-1.384377178139405623e+04
-4.883283178750739353e+03
-4.293914406049186800e+04
-2.051922952827765403e+04
4.655707691636319214e+04
-3.999220417236983394e+03
-3.789491007969332713e+03
-5.890600529663612178e+03
2.185422529479133664e+04
-2.281351353332183498e+04
7.187059399544469329e+01
4.525581046703083121e+04
-9.823637201098505102e+03
1.519172399959192990e+04
2.188849729029527225e+04
3.098075018745995112e+04
-7.553935446174343815e+04
1.400499725773294267e+04
2.112867282463081938e+04
-3.727854759781237703e+02
-3.822817841009480617e+04
-4.558626108591454249e+04
-3.378142344750817756e+03
4.635629573376823828e+04
6.747936712467865436e+04
-3.853736322729674430e+04
5.492463217223204992e+04
-7.476832490676236375e+03
-5.884360674953632406e+04
-1.760411581681865209e+04
-7.922607988265815493e+02
1.755538093514807042e+04
-2.082999981737684720e+03
3.097053892667529908e+03
-2.668549188613081060e+04
-9.275173253797096550e+03
-2.801833875788172372e+04
-3.853107265843547793e+04
1.311961303881918866e+04
-3.115708208489591925e+04
1.843266271045732719e+04
-5.077322048092538171e+04
7.809790206414809290e+03
4.442946589007628791e+04
-3.049652451809590275e+04
-3.218629135630873134e+04
-1.108080422611757785e+04
-1.162896029359228851e+04
1.051202201255319960e+04
2.561938385707975976e+04
-3.440376232846269704e+04
-7.466920911307499046e+04
-1.566542468523743082e+04
5.543605490356573864e+04
-2.458402007522216809e+04
3.946728743844402197e+04
-1.046588913263785253e+04
-5.303544037235456199e+04
-1.273936936812836029e+04
-1.579203862299097636e+04
6.058709282680537399e+03
-5.772241217820931342e+04
-6.139060207634800463e+04
-2.162351890869405543e+04
1.642919584682209825e+04
2.804742483768874808e+04
4.282749431803293555e+04
4.116750602938733937e+04
6.667044582655119302e+04
-2.163900460081405254e+04
5.736047179455842706e+04
-1.893942414326933431e+04
-1.483522229199789581e+04
-1.143349179026005731e+04
3.383072370350520032e+03
1.257012552740030696e+04
-6.234745471432237537e+04
-9.490942742158098554e+03
-2.651852962769318765e+04
-1.323121832274370718e+04
-1.056008979230074874e+04
-3.279839408793071198e+04
-4.406715750708043197e+04
6.353296416419537854e+04
1.532956276444600189e+04
-2.460454612825568256e+04
1.309127272560101301e+04
5.392748552497621858e+04
2.489346094234224074e+04
2.981805386902681857e+04
-2.472515194984049958e+04
-2.239390324654898723e+04
-3.502875803540048946e+04
9.605352357565992861e+03
-2.632523625350500879e+04
7.078528593708144399e+03
-3.226850865442807844e+03
1.628931147557858276e+04
9.324793627006022234e+02
-1.937637420407792160e+04
-3.428109004077864665e+04
-2.195843325566156273e+04
3.210176755237950783e+04
-5.381027309469453758e+04
-6.247695589351247327e+04
-1.675782246292550917e+04
-1.250480176782327908e+04
8.576781350511158234e+04
4.943731588637479581e+04
5.455665274643695739e+04
4.013688733443211095e+04
1.910263952043172685e+04
-2.461926914090134596e+04
2.536333785480142615e+04
-5.033202782083791135e+03
-3.145220031316528184e+04
1.401644054253676586e+04
2.737517197458846204e+04
-3.217126398223984870e+04
-1.866469502950867172e+04
-3.916535383205854305e+04
-4.728188930055755918e+03
2.959727571377097047e+04
-1.356024011288722795e+04
-1.325259374644289528e+04
-2.470870227150108258e+04
5.792352669412900468e+03
-2.220922717542737882e+04
-2.627777982018962211e+04
3.316023677998029598e+04
-1.841858812814599150e+04
-4.230509367363049387e+04
-9.010469529192946538e+02
4.095188045542259351e+04
-3.032588013416227477e+04
-2.461985943628991299e+04
8.051185549153355169e+03
2.563612906256357019e+04
-5.410260265595114470e+04
-6.008426783958033047e+04
-1.946081614965078188e+04
-2.523012991980083461e+04
-2.423513055415105555e+04
-4.200257069105483242e+04
2.528524614137442040e+04
4.767323140269049327e+04
8.593157540204940233e+03
6.248763033834408270e+04
4.518608847741875070e+04
-3.409908528993080108e+04
2.522061673434556724e+04
-2.607194379545651827e+04
2.488804867932442357e+04
5.711483428633674521e+03
-2.889856276449372672e+04
2.425253636960326185e+04
3.768041873118033254e+04
2.738839477103924582e+04
1.424176070056112985e+04
