-7.081476815459002682e+04
-3.655803197153999645e+04
-3.150303094197445898e+04
-5.869081312594206975e+04
-5.827930312945804326e+04
8.798058109329463332e+04
4.037815196488999209e+04
3.373310995740188810e+04
6.309718986443196627e+04
7.327850702018679294e+04
8.607156640620353573e+04
-7.694061292841959221e+04
8.902519790103349806e+03
-5.520455137506710162e+04
5.297708406893233041e+04
-2.280549972911531586e+04
2.213861027482578720e+04
2.132247228135776095e+04
8.089349949715911862e+03
-3.892473058629355364e+04
-8.455552199943822052e+04
5.365947138568200899e+04
4.250776594331118395e+04
-2.140740009248874048e+04
-2.322189459284480472e+04
-4.305485828302761365e+04
-7.168972959620634356e+03
4.407316252039837309e+03
4.077848031503619859e+04
8.111993237125725136e+04
6.117233041280136968e+04
4.754126119082748687e+02
-5.212197321685674251e+04
-4.981235773553361651e+04
4.793378095988362475e+04
-5.537916773219715651e+03
-7.812290670836133359e+04
-3.225408001142151261e+04
-7.279963955556078872e+04
6.002530923037353205e+03
-6.687000900033826474e+04
3.340945108472144784e+04
1.444089696379997076e+04
-9.590972830008537858e+04
-3.350347917293531646e+04
5.855139001916184498e+04
3.429014958875796583e+04
-5.485534400510968408e+04
-1.716187729254664737e+04
2.907791797733464409e+04
-4.717089565828285231e+03
-3.460234855482386047e+04
2.020816649678242175e+04
-5.364754602215644991e+04
8.632731586900728871e+03
-4.177582244923006510e+04
-1.194252856881832304e+04
9.051918364926840877e+04
-4.012674739188906824e+04
-6.188552484076750261e+04
-3.584058723758086126e+04
-3.588695823216436565e+03
6.978634989849533304e+04
7.937350195220200112e+04
3.440953897816086169e+02
5.942698525069533207e+04
4.529680859671686449e+03
-1.339907412047575417e+04
5.661074588496367505e+04
-4.735700218718800897e+04
-2.270292328103198088e+04
4.267128895976174681e+04
-3.422223106483680021e+04
6.432161739858042711e+04
-2.452947886382762135e+03
1.045894272983407973e+04
6.323678775618816871e+03
-1.382415625513384111e+04
-2.764878726846118661e+04
-3.226482952027302235e+04
-2.310441859663860669e+04
1.568725080718032586e+04
-2.546614041629481289e+04
3.432534641086183547e+04
4.513787472466258623e+04
-2.231401427650921323e+04
-2.524954182345725712e+04
5.630977361445906718e+04
-1.240594015022206986e+04
4.778582353944073839e+04
4.830088119771027414e+04
3.826698601011206483e+04
-8.374782404571463121e+04
-4.541403183706277196e+04
-4.103997160947867815e+04
-7.775721783682011301e+04
2.114198285573150861e+04
-7.675725111858498713e+04
-9.721602903146251629e+04
-6.653974356588082446e+04
-6.668293948111268401e+04
3.076934222894891718e+03
8.784196965914852626e+03
3.713539993154605327e+04
-6.927813890888923197e+04
2.951097803732984175e+03
2.736869201903943031e+04
8.507060772454661492e+04
4.723083300542412326e+04
7.382160310502881657e+03
3.655651932311401470e+04
9.343453870193072362e+03
-7.330992593879591732e+04
-1.135101197293942823e+04
3.264752273351916301e+04
6.203943240958238312e+04
2.526030992020433041e+04
-4.384127822100852063e+04
-5.204378725202900387e+04
-8.163060590118936670e+04
1.035395012237020455e+04
4.534390940441832208e+04
4.989049893438696017e+04
4.793414039252159273e+04
4.060563730598524126e+04
1.169750107705330629e+04
-3.536429133543658827e+04
-1.577471294598528766e+04
-1.515130931303367652e+04
7.898136877622554312e+04
6.108380613645701942e+02
4.170135156686437404e+04
-4.290444883119365613e+02
3.804204810469487711e+04
8.657824418555203010e+03
1.755314631925601861e+04
4.074007134281221079e+04
7.412620790654004668e+04
-6.529741937624954153e+04
-8.658378252702030295e+04
-4.785490312932302186e+04
1.753600481440031945e+04
-4.955977186099362734e+04
-6.299524170136461180e+04
-7.348118214628721762e+04
6.457348675586098398e+04
3.108409472262030977e+04
1.005568875084518913e+04
-4.039950474749438581e+04
5.737712059306954325e+04
-2.953685155876580393e+04
3.462763483221562637e+04
-1.928003053762987838e+04
4.661616818881555810e+04
2.035265394259533059e+04
-8.759542617938884359e+04
-4.969041092097553337e+04
5.036404788389462738e+03
-6.236814828819877584e+04
-5.239696231398171949e+04
-3.759034040960434504e+04
2.445131614693176743e+04
5.903802767966687497e+03
-9.715975799570091476e+04
2.480537054502050159e+04
-1.805109433947501384e+04
-5.771101452269901529e+03
6.385243520598414761e+04
7.126155481436505215e+04
-4.991862214890836913e+04
-3.314949093158142932e+04
-1.101211154965187234e+04
1.155124806680170906e+02
7.074319772963828291e+04
-2.123903891216566990e+04
-6.343786062240416504e+04
-7.848521142737574701e+04
-4.265517354842129862e+04
5.845807728827008759e+03
2.041513355780640995e+04
-2.857823425371696794e+04
-3.809735339917526289e+04
8.016496788051951444e+04
-7.468838199737844116e+04
2.939262565000569157e+04
3.586084901046015875e+04
-6.599705704462654830e+04
-1.555756403595726260e+04
-1.443791642447476988e+04
-4.302044924952893052e+04
-4.406312817536334478e+04
4.353966686803444463e+04
6.020213134654001624e+04
2.757807144247355609e+04
-4.424182065768390021e+04
1.151792946542445134e+04
-2.164888145100714974e+04
-2.862859761742148476e+04
1.128502163383118386e+04
2.158638491165206233e+03
-7.094677980734311859e+04
2.818581664148152777e+04
5.385775411737392278e+04
1.160216381489665082e+03
2.153475364135408199e+03
4.756158499442911125e+04
-2.696813026865696520e+04
-5.182807999392032070e+04
2.095429274077419541e+04
-7.963044761706778081e+04
-4.322188235989242457e+03
2.655703220728266024e+04
8.943649590076383902e+03
2.420986969465279344e+03
1.705573249589538318e+04
1.625064440289877348e+04
6.796445200622865741e+03
-4.199058767312588316e+04
4.279204130227247515e+04
-6.347877214327540423e+04
-3.245632521969594018e+04
-3.051876500660673628e+04
4.169801786581814667e+04
5.404084838818550634e+04
2.005839775407875641e+04
-4.468066776212338482e+03
6.276232710521503031e+04
3.142677057904434696e+04
7.279736024742643349e+04
4.122486595995655807e+04
-6.183461287605122197e+04
2.724917857234152689e+04
4.415457700142564136e+04
-1.014841582883039337e+04
6.379026867423789372e+04
2.753023577392697553e+04
2.672200386351937777e+04
7.660944792285896256e+04
-6.212679929329128936e+04
7.649832237750939385e+04
-2.379113027189604327e+04
1.512523307769462008e+04
9.795179689269760274e+03
8.737088323878275696e+04
1.163994915141488855e+04
-9.402324152285172022e+04
3.643314618911205616e+04
6.989610762489227636e+04
2.464917888370064975e+04
4.746228593566009295e+03
2.960342078944998502e+04
-3.891639111020463315e+04
-6.683364241992971984e+03
-8.121484582070881152e+04
2.709051203264417200e+04
-8.098908567208428576e+04
2.570071234012615150e+03
-7.762206333373571397e+04
4.132368469307654595e+04
-1.390930272974924264e+04
-6.522429568893022224e+04
4.950060219329707616e+04
-3.943689849625771603e+04
-4.985426307755676680e+04
8.339549905036138080e+04
