-4.933087488330293854e+04
6.475193979927720648e+03
1.280141112670973234e+04
2.171011907236571460e+03
2.829596391718236191e+04
-1.307996044379073464e+04
5.350957340736899823e+03
2.168444727579007304e+04
2.143955213929103047e+04
-2.319394981897186426e+03
-1.346449298818796160e+04
-6.300649295276936755e+04
-1.882943540942811887e+04
-5.077676066865809844e+04
1.138492930735231675e+04
2.402059291913157267e+03
4.077171500211883540e+04
-5.219277098193647544e+04
-1.630373428962266371e+04
3.692993334742881416e+04
7.903294238828982088e+03
-4.539073191554140976e+03
-4.673428566733521438e+04
3.683687665258798370e+04
-1.344182501435599988e+04
-1.819365558153588790e+04
-1.563375283331357423e+04
8.118321719932284395e+03
1.777370016269256666e+04
-2.722351897501288477e+04
1.421034353786036445e+04
1.022742268782785322e+04
6.521369738285088715e+02
-3.312514303647223278e+04
5.371755803740810370e+04
2.916975165728680440e+04
-2.818896687173409373e+04
5.237566066103284538e+04
2.309861310918658273e+04
3.376387753397037613e+03
3.926746572221947190e+03
-3.496668016155081568e+04
2.093837823829712215e+04
-3.872361466361687053e+04
1.852053725709537684e+04
-1.219716518011026164e+04
-5.922388308808566217e+04
-2.853647330926706491e+04
3.494480974239279021e+04
-4.252552156519324490e+04
1.801261249303840668e+04
-6.004772835940824734e+04
5.036732668406429730e+04
-1.162312063208017935e+04
-2.152759038580569904e+04
-4.802743344171410718e+04
3.923743435887957457e+04
1.955854042465251769e+04
-4.690530523629328673e+04
3.185764603030595390e+04
1.765982055853391284e+04
4.731145037795129610e+04
2.068993408725432528e+04
2.910455493734322226e+04
2.814244153973699576e+04
-2.271291117607559136e+04
1.201592949490660067e+04
6.201962550003124488e+04
1.960830756697084507e+04
4.371060247710005933e+04
3.391067982411024423e+04
2.130348153363990059e+04
1.836915025925319787e+04
-7.896713616782372810e+03
-2.438204316455340086e+04
-1.943302448045892743e+04
5.623137677480703132e+04
4.352081573502168612e+04
-1.832850023733412309e+04
2.244493056854569659e+04
1.611025311683252312e+03
-3.928912203485704958e+04
-2.392010380871989400e+04
-1.584861507817267375e+04
3.846479903882262442e+04
-2.734219761889620713e+04
-5.774200162154257850e+04
8.185772598056835704e+03
-1.080674232424934598e+04
1.074961663271112229e+04
-4.267002665455345414e+04
-2.098285719894247450e+04
9.381225285312899587e+02
-4.747051233628956834e+04
-4.696732653595341617e+03
5.219975964098144323e+04
4.517360727087400846e+03
8.172210694734187564e+04
3.192854423449198657e+04
-2.925211657849372205e+04
-5.368180790406797314e+04
-2.557946640900764032e+04
2.193543648568750359e+04
-4.552998081428110163e+04
9.401949225762328979e+02
1.954151196425177113e+04
-2.385017932902570828e+04
-7.297088100006398236e+03
-2.504013350253528915e+04
-5.542301268504568725e+04
2.420187087583212633e+04
-5.007884551651885886e+03
4.385094215831990005e+04
-3.477987189723854681e+04
5.840534875556585030e+04
1.387853676488693964e+02
4.164115015305201814e+04
1.336230760096831909e+04
2.488431731051009046e+04
4.201690991180670244e+04
5.056911999740187298e+02
-3.133725326592899000e+04
-3.169842897167231786e+04
-4.287725675644888543e+04
-4.333360603518898643e+03
-3.105788612397272664e+04
-4.124211267386079271e+03
-5.582372468102021958e+04
-1.010122200978656292e+04
-6.051429877440496057e+04
2.153790095393095544e+04
1.377473783511026522e+04
1.454904874243157974e+04
2.117811520742833454e+04
3.681516787209552422e+04
5.685005442244961887e+04
1.557780638395530877e+04
-1.658295989484057282e+04
-4.686252152476050105e+04
-4.544910568733404216e+04
4.975799465558071097e+04
-2.569593769054122458e+04
-5.826280519718160576e+03
2.760695105165482164e+04
2.270035546717462421e+04
-3.468612994066452666e+04
-7.469171676136029419e+04
-1.977118352438458169e+04
-4.532177755455414626e+03
-2.200957940363655143e+04
3.298887088082683931e+03
-4.220440678298439963e+01
7.763990355797805023e+02
3.866441177222577971e+04
-3.726093298607339239e+04
1.680356348131320919e+04
-5.006192574678359961e+04
3.100761468575235631e+04
1.303786966226216464e+04
9.576003024577851193e+02
4.816269811348171061e+04
3.789487809799639945e+04
5.073591993564977747e+04
5.662258815252717795e+03
2.324820616882011745e+04
-5.483662203519629657e+03
-2.137221088518230681e+04
4.007363996941812366e+04
-9.876740924966403327e+03
-8.916275845090043731e+03
3.755763468662481318e+04
-3.790566457327685202e+04
-4.065291045100112569e+03
3.299215474052548416e+03
5.826258182055708858e+03
5.766825756629979878e+03
-5.173292725136862828e+03
1.663268963050639650e+04
5.441516396124724270e+04
-4.560529750182308635e+04
-1.536437536143387297e+04
5.614918007263114123e+04
-3.453032252106734813e+04
5.530322362727655855e+04
1.025535719915625850e+04
7.421421735006154631e+04
-5.207336249205555941e+04
5.251786830188354361e+04
4.156334146319412685e+04
-4.714223346967835823e+04
1.540724152134553879e+04
-5.314428990511108714e+04
-3.438151983146412385e+04
-1.583754055997713840e+04
1.739396212851602468e+04
4.763392267023769091e+04
-3.239978191656137278e+04
4.480234977715601417e+04
-1.573929777862758419e+04
8.981621994643783182e+03
-1.274830686367530507e+04
3.964395435719290981e+04
-1.964272358818439898e+04
2.902557439941543271e+04
9.792945208963843470e+03
-4.633901946449408570e+04
-3.682653945035086508e+04
-3.208073925210024026e+04
-1.574609274271520007e+04
1.553968328574903353e+04
-4.999716737748427840e+04
4.162440443575669633e+04
1.451233115477538558e+04
-1.603502420510534830e+04
-1.141411509369592750e+04
-5.852192691755065607e+04
3.881656018764447072e+04
2.675981197476218222e+04
-1.020349872445089568e+04
4.627456320597635204e+04
4.580565106235416170e+04
-1.150067041495350168e+04
-1.841007246982139623e+04
-5.515142423193467403e+04
8.242269030832521821e+03
-2.379375231046727276e+04
2.205506331857648547e+04
-5.313954477274385863e+04
6.513362465112143400e+04
-6.045597209286434008e+03
1.300843323848363798e+04
2.015749125413805814e+04
2.982344763051707559e+04
2.486599289706841591e+04
-4.790711247218133212e+04
-3.016935589913506556e+04
-3.964287058574206458e+04
-3.603135974596177402e+04
3.822001521042521927e+04
-5.496932849039773282e+04
2.563015337322669075e+04
-3.452615686846661993e+04
-3.884146695070181886e+04
3.134673631316540195e+04
7.229427815154223936e+03
-5.358592370047038457e+03
-1.197886947330473049e+04
-3.994021122569045838e+04
3.244893290150868415e+04
-3.701546724000954418e+04
-4.384108111812709103e+04
-7.134854480683200109e+02
-6.146219164589219145e+04
3.151998622782271559e+04
4.996905535303940997e+04
-3.991203612010084180e+04
-1.432035563915164130e+04
-5.146607133475848968e+04
-4.152408670147272460e+03
-4.764440692017412221e+04
9.731306327713327846e+03
-1.166489332407248003e+04
-1.787746139093854435e+04
6.028824484312934510e+04
4.056170041227451293e+04
