5.568173830602788803e+04
-4.615609288238161389e+04
-2.671308109248325127e+04
-1.174458686674660385e+03
2.475171954497591287e+04
5.804012316660700162e+04
5.923451054487244983e+04
5.015334765505269752e+04
-6.107937484104367286e+03
6.055308178826114454e+04
-3.082897958356345498e+03
-7.067755169152481540e+04
-7.136713077032001456e+04
-9.170876802684596623e+04
1.013684473773231730e+04
1.803432312943522265e+04
6.151979294379400380e+04
6.568296135493632755e+04
1.056579444184875501e+04
3.441020011452161270e+04
4.964641910227116023e+04
-7.568716665375092998e+04
3.964925002906373265e+04
-8.031578688599949237e+04
-6.145204216736686794e+04
-9.504536127099298028e+03
-5.549399920911105437e+04
4.225417886209264543e+04
1.882477114558629182e+04
-1.141201201740297620e+04
4.669119106194357300e+04
6.441078389684581634e+04
-8.897065802782263199e+04
-1.063121613507588881e+04
-3.111370803413380054e+04
-1.955166693167056292e+04
5.228974302477995661e+04
-4.627102909412825102e+04
-2.399613921162131737e+04
-5.015946635016395157e+04
-3.212738888378391493e+04
7.254532224994922581e+04
-2.591742929326591911e+04
3.479520798139154795e+04
8.936706269595517369e+04
4.435445774136335967e+04
-2.000841662235714466e+04
-2.713043715876977149e+04
3.582552552425126487e+04
5.081879574959441379e+04
-1.738216516685845636e+04
1.785386597224455909e+04
3.698414883628809184e+04
-5.440377257774626923e+04
5.283072085655988485e+04
-5.601490839776500070e+04
-6.981994137822430639e+04
-6.159190054243036866e+04
-4.307259634410468425e+04
-3.755860686705602711e+04
-5.677816203879215755e+04
-8.126386922053627495e+04
2.172471103217518976e+04
-5.924686454181185400e+04
-2.388640096144021300e+04
-7.274692113829081063e+04
1.217871880176089144e+04
3.935542100758273591e+04
-4.633223612302754918e+04
-8.704732417386052475e+03
-5.053818836247004219e+04
4.507401149875565898e+04
-6.935148413650834118e+04
3.791657673906515993e+04
4.603438341349566144e+03
-5.963864822556521540e+04
-7.186337980690326731e+03
-1.376628877947585534e+04
-4.574855625758496171e+04
3.312873182677335717e+04
5.563999693219204346e+04
1.978310324704598679e+04
-5.787190004626374866e+04
6.266584501389343495e+04
-3.457484439783498237e+04
5.614656121714699111e+04
-3.708973102194534295e+04
5.430468766320682334e+04
-2.745405155804303649e+04
4.810431253693378676e+04
-4.316885860914843215e+04
7.799083362541854149e+04
-4.975645208157281013e+04
-1.504382710271443102e+04
-7.503323014031504863e+04
-4.655534410756983561e+04
-1.692657696009594656e+04
-3.071859819482770035e+04
3.384308110018259322e+04
-7.076787059737661912e+04
3.228710558902515004e+03
-6.072800688143099978e+04
1.601353431163671985e+03
-6.687238045240227075e+04
-4.627894202276277065e+04
5.386902718936774909e+04
-8.149492408998203246e+03
-9.945864024261201848e+03
6.810837785890743544e+04
-5.338423444780388672e+04
-5.501382668675556488e+04
5.100068479469267186e+04
3.869064950795914046e+04
7.767835586865509686e+04
-4.300065718595824728e+04
5.646037082104790170e+04
-9.187215069690828386e+04
5.350123647198689287e+04
-1.232255081381200762e+04
3.711812997280512354e+04
-2.847986640343132240e+04
-6.583176911653661591e+03
-6.475625652449481277e+04
-5.568880275457544258e+02
1.382156596773677302e+04
-3.602006634189401666e+04
-9.142487600593539537e+04
-4.472134302541175566e+04
4.844737001606557169e+04
-5.568209663697946962e+04
9.142798362025454253e+02
1.382517941512891230e+04
4.325406537568137537e+03
-6.096875758012474762e+03
6.437355819646525924e+04
-7.497105488588121079e+04
-4.181494577878665382e+02
-3.741155602569793700e+04
-3.008599747421661050e+03
-3.167479018478682337e+04
1.744888296037348118e+04
-1.105834276770613087e+03
1.351317937861946120e+04
6.871762287565620500e+04
-2.421915204256059224e+04
3.145607150193115012e+04
-2.740585902681876541e+04
-5.686305550511922775e+04
1.902218425715862759e+04
-7.102811970513823326e+04
1.250130753464266127e+04
5.592103639143472265e+02
-4.986878032789413555e+04
4.088414900310706435e+04
-2.646089489846380093e+04
-3.660614078953995340e+04
4.908252250787123194e+04
-5.261861615227364382e+04
7.424951800588352853e+03
2.264405298031820348e+04
8.191351378290670982e+04
-6.746210240026783140e+04
5.565813652012685634e+04
-2.529654940504647675e+04
4.004670266884190642e+04
-9.645011713926538505e+03
5.637587522493996221e+04
6.066175796972707030e+04
2.026367878342929907e+04
-1.182469134814091012e+04
4.933521263402367367e+03
4.791934952308790525e+04
-4.420666648509684819e+03
-5.119761138406908867e+04
-9.531936655259274994e+04
3.450010572352651798e+04
-2.226967634908828404e+04
6.204282716628432536e+04
2.648431483697540898e+04
-4.830824833294601376e+03
7.074578418800332292e+04
-5.659801583935460076e+04
4.785945458301472536e+04
-2.397483202436440843e+04
-6.124054606221753056e+04
-1.377764989150469592e+04
-3.657899470117136389e+03
7.798070847763886559e+04
6.323928687902769889e+04
-6.621825200681494607e+04
-6.191475847118048841e+04
-5.035163453657422360e+04
-4.829065452685594209e+04
-2.245833834763484992e+04
4.010012033230794623e+04
-1.309665359181915846e+04
4.612511982601037744e+04
-5.571541317119478481e+04
-3.854775058003921004e+04
2.813957802602407173e+04
5.109964016724105022e+04
-7.827402017111073656e+04
-4.250234669955052959e+04
-3.961809732721928594e+04
1.194501198197574922e+04
3.904959228026837809e+04
6.844990007867125678e+04
6.084409943372191628e+04
-5.641547862165953120e+03
3.383635303010584903e+04
-2.634405548935527804e+03
-2.808463846702611590e+03
-1.323233742454411549e+04
-1.599547021880774309e+03
-5.593236048617489723e+04
-2.030535689059634387e+04
-3.852357358200752060e+04
-6.903786515971919289e+04
8.116835306927471538e+04
2.235548608167460043e+04
8.135321040374667791e+04
-5.635756626166494971e+04
-1.324885022063982979e+04
-2.432532335292108473e+04
2.852951087340298909e+04
-3.528436131280357949e+04
-5.261308407792206708e+04
-8.727510428968830092e+04
-2.953589559397611083e+04
3.573598004320370092e+04
4.394202168445922871e+04
3.690515965440633590e+04
5.043609997169330200e+03
7.209634712340195256e+04
-2.240792318788578632e+04
5.015956869952467241e+04
6.091657254338137136e+04
6.593599164620884403e+04
-4.339587433811598021e+04
-5.468300613251343020e+04
4.714576324872651639e+03
-9.223677722126002482e+04
5.549289604147004138e+04
5.178555910944372590e+04
7.082453717850295652e+04
-3.271112057706776613e+04
-5.734406273786414204e+03
-1.863068740123001771e+04
8.355693533541153010e+04
-1.859988729783766394e+04
-5.134987058233955031e+04
5.777130355123958725e+04
7.645498253950105573e+04
5.252784083310111600e+04
1.853526359700773901e+04
-3.092203098410195162e+04
-1.311231786584010479e+04
-4.734661513864937297e+04
-8.423996268707960553e+04
7.756112370540751726e+04
-6.649621361624529527e+04
4.898729876977480308e+04
6.176606794645267655e+04
6.633092752130379085e+04
5.504217970357440208e+04
