-3.843289085584233544e+04
-3.945669233526531752e+04
-1.441462894152670378e+04
3.878589361718968121e+03
6.038681511413733824e+04
-3.441083894459521980e+04
-1.379987555386491658e+04
-1.998035147641819276e+04
4.448847720414041760e+03
-5.072112156788152060e+04
-2.826902373530453406e+04
-4.062998259923951991e+04
-4.581533743718853657e+03
-3.892257794901110174e+04
1.340562216127608190e+04
3.213539369920991248e+03
3.830751173996515718e+04
1.267268589674276200e+03
-2.182489557272114325e+04
-3.443359648818006826e+04
-2.736180602335016374e+04
5.923681120598519919e+04
3.999171384201200453e+03
-1.496335274656848560e+04
4.228746212923389976e+04
-8.290722411257447675e+03
2.878001056846809661e+04
-5.994631779289555561e+04
-4.681066511513405567e+04
7.018131572426756065e+03
-8.912373129362977124e+03
7.615055736159023945e+04
-6.512887548377866187e+04
5.947949593052758246e+03
2.816649453619197175e+03
5.655640226880189584e+04
3.011085058683296302e+04
3.638570644060732593e+04
-3.044774902304394345e+03
-2.476878336833561480e+04
2.124271678729073756e+04
5.244807041526903777e+04
3.287424831032732982e+03
-1.202645919855951797e+04
1.305588735251881083e+01
-2.134222604667168980e+03
4.835562448868893262e+04
-5.294703437382814445e+04
-1.191241834693413512e+04
6.432347904311475577e+04
-7.376565207691946125e+04
-1.627471666171256038e+04
-2.136513036285391718e+04
-1.041471026390923180e+04
4.623569906714863464e+04
9.699805146318089101e+03
1.528054697530206249e+04
-1.554816802024443678e+04
2.562782467534268289e+04
-5.953631119561498053e+04
1.345445934204160767e+04
-2.448078010586259552e+04
1.089177759513599267e+04
-2.720936227330572365e+04
-1.760954210638189352e+03
9.282343607006525417e+03
7.654685599973801800e+03
-8.097275939210208890e+03
-5.341703120243934245e+04
-2.041400948466064438e+04
-2.250433229857008257e+02
-7.354239970474718575e+02
-3.321442609412479942e+04
-3.098148480620292048e+03
9.142472214447661827e+03
5.512415527207781452e+03
-4.556238346729572368e+04
-7.873752276614966831e+03
3.883428231739007060e+03
3.552841296993901051e+04
8.410602683237719248e+03
-1.905512170900183264e+04
-2.054684725744043681e+04
-3.364729244491151621e+04
-3.124850376392247927e+04
7.360178073387609402e+03
9.670394779747350185e+03
4.705118064034380222e+04
3.027815320750137107e+04
-3.778830395343083364e+04
-1.889121121146486530e+03
-3.610874188359169057e+04
-2.456864583093863530e+03
1.640151492465267438e+04
2.937410683352260094e+04
3.986347198018674680e+04
2.528951612676932564e+04
1.873819077445307994e+04
4.486893202200242376e+04
2.767326407957990341e+03
-4.697412587897089543e+04
-4.209930072912187461e+04
-2.033921054229329820e+04
1.281167406373735503e+04
4.083415969183699781e+04
2.281565500040062034e+04
1.391203323827495478e+04
-3.651895491942232184e+04
5.327148885482660262e+04
8.558189056943183459e+03
-5.923615054338027403e+04
5.675473011440079972e+03
-3.040641461404238726e+04
-7.146768601797451993e+03
-6.817427566734605352e+04
6.957178773241170347e+03
-3.524466724745569081e+04
1.676777617058089163e+04
-4.065352252689091256e+04
-4.175470404919673456e+04
-1.084702681964861222e+04
-1.661173706003899861e+04
-4.549569541200344975e+04
2.804621972546882716e+03
-2.464025243658536419e+04
-2.800974127755498193e+04
-2.561632452037491385e+04
2.710103844879841290e+03
4.280694505857944023e+03
2.975196568917857439e+04
-2.419665226132564567e+04
1.026489653476837702e+04
-8.805651119558398932e+03
1.255100521523968382e+04
6.518275217226573659e+02
-8.282591080665053596e+03
4.743631042633003744e+03
9.506794872124839458e+03
8.127999337820302571e+03
-2.004884387962636174e+04
-4.865767483210478531e+04
-3.111003073536527882e+04
4.248419755333604371e+03
1.792655283758941096e+03
5.370765453592298400e+02
1.578443337445678844e+04
1.655955629841975679e+04
1.661405841330775729e+04
-5.967070857453783901e+03
1.905879493189384812e+04
-3.710571683319959993e+04
3.519940766680435900e+02
1.309893756479716831e+04
-5.013449136900001577e+03
2.383530230505026702e+04
3.066668382484907852e+04
-2.624648050533376227e+04
2.296905092448650976e+04
3.663735424399909971e+04
5.878958398499719806e+03
-1.092034846106488658e+04
5.956341887266804406e+03
1.492452508526533529e+04
-1.242757307816152206e+04
-2.069983392033664131e+04
5.925694028207592964e+03
2.915208976790465749e+04
3.648276815448885463e+04
1.965539714011315664e+04
-4.297851576450505490e+03
7.016043433112933599e+03
-3.722983844820684681e+03
1.369095318450438026e+04
-7.428598468883588794e+03
4.340801168018982935e+03
-3.914203333462634328e+04
-1.012727378190526179e+04
-1.766418857836974712e+04
3.228993434790039373e+03
-3.708116121539891174e+04
1.553498723639718446e+04
-2.578931243383889523e+04
3.928569469370290608e+04
-1.519651152626198200e+04
-2.332267000572090910e+04
-3.124627786874477533e+04
-2.920974175134371762e+04
-2.505826814176433254e+04
-6.678022756769265470e+03
2.382956808207108770e+04
-5.507794197241974325e+04
2.564643411644373191e+04
-2.350237333444652904e+04
-4.642571635034574683e+03
-5.514758149552530813e+04
3.653861704142173039e+03
3.265455393682968406e+03
-4.121462049584455963e+04
1.177272150154226983e+04
-1.672798348950669606e+04
-3.100156018660248810e+04
-2.378992975767419921e+04
5.614375822224375042e+03
-2.643050942684987967e+04
-3.366394122363247152e+04
-1.581887683193962584e+04
1.251110988016071815e+03
3.988861086502981198e+04
-2.947225586202159320e+03
-1.690811425470155029e+02
-2.161016857330723360e+04
-8.153030698805365319e+03
-2.644341295365422775e+04
4.546455665044447233e+04
-6.260032323083801202e+03
-1.693519798068896489e+04
3.814862899308813940e+04
1.850468752462616976e+04
3.944910888014426746e+04
4.794332179068538971e+04
-3.748193480296092730e+03
3.031595000192032603e+04
-3.447663579848580412e+04
-7.666672595993505638e+03
-1.177115051442734875e+04
-1.035201998218644621e+04
3.394882113640734315e+04
3.243473221497739723e+04
3.057180882595292860e+04
-2.458641261449665762e+02
-1.003270743577792564e+04
4.371491362364688030e+03
2.034274201071235802e+04
2.912058093449709122e+04
-5.303814781182498336e+03
-4.445304843512820980e+02
1.350053371640619844e+02
-2.112429001513142430e+04
8.820981309237757159e+03
-3.734836503796135275e+03
-1.986296925461075807e+04
-3.145645716845507923e+04
-2.819636692045396194e+04
9.746002257361429656e+03
-1.707610609619609704e+03
-1.747747170109491208e+03
-2.063164244848888484e+04
5.496457624744871282e+04
2.482004871129315870e+04
-1.388461954001071172e+04
-2.590727976794342976e+04
-5.066008992368216423e+04
3.073863443555684717e+04
-1.470106915728285639e+04
-3.799908146444177692e+04
-8.022447972902096808e+03
2.612181259231468630e+03
1.566046056632063301e+04
-1.528322246013135555e+04
1.409930677574170659e+04
-3.529654018782445200e+04
2.120317019553646242e+04
9.118904154316920540e+03
7.816317906644789218e+03
1.007704825540227648e+04
