-1.951024646063799082e+04
-2.248838265593030428e+03
-1.460062569963814894e+03
-1.993891069992786015e+03
3.184099735081244944e+04
3.377996755749740259e+04
-2.411494802571996115e+04
-1.813215322125775856e+04
3.851620970942002896e+04
-2.498042398788666833e+04
1.418646871766696222e+03
-1.378351673338224646e+04
1.865011060867414199e+04
2.742713482126108374e+03
-1.006913367693650434e+04
2.799740739904776638e+04
9.762529743869454251e+03
3.740698510092481115e+02
5.996888572109425695e+03
-3.952481885920411031e+01
5.182253312480559543e+04
-7.450843550880108523e+00
-1.826194424676540802e+04
2.607195814082510424e+03
-9.619230568504503026e+03
2.073467295896562064e+04
-6.094917373034282718e+03
-3.077856840691783873e+02
3.021259640657304772e+04
-6.189620220050160242e+03
8.959737588961072106e+03
-3.874465140805969713e+04
1.916773976846068763e+04
-4.224884122612921783e+04
1.558213491008544406e+04
3.311508642790011800e+04
-5.080701504055116857e+03
-1.774571027206061262e+04
1.074587026546077686e+04
3.675373609595275775e+04
-6.244744324266211152e+03
-1.339742029084791284e+04
-2.350079242085442093e+04
-1.905174841887008006e+04
-3.626631358737761911e+04
-2.759484389868218568e+04
-1.273387528318580735e+04
9.836101188408749294e+03
-2.703174146141553865e+04
-1.038204388461740928e+04
5.391404176653974719e+04
-2.123183705367927905e+04
5.731742250255965700e+02
-2.698163359044722165e+04
-5.093700749557463860e+04
1.965673316182807321e+04
-1.034860306433871119e+04
3.000250551594749049e+04
-2.066803248253399943e+04
-6.450112049449601909e+04
9.873104320400660072e+03
-1.255614582767654792e+04
-3.013101381491888606e+04
1.415880549194334890e+04
-1.292452512513928377e+04
-2.105498279753539464e+04
-4.965175278770439036e+03
-3.705476835752569605e+04
3.104773513112414366e+04
1.958116271803752898e+04
-1.483094978421182714e+04
1.538671956163253708e+04
1.458686091780049719e+04
-4.237023537822302023e+04
-2.317645689402196240e+03
-2.910740220356556893e+04
1.075974876031164740e+03
-1.506224723415896733e+04
-1.580245644411241119e+04
2.158685763402609518e+04
1.577663363840006787e+04
-2.298213238165662187e+04
-5.594101270117784225e+03
-2.761792174142376462e+04
-4.760705324973938332e+03
-2.021040533504402629e+04
2.268069636073958100e+04
1.709079097217181697e+04
5.823199061281620743e+03
1.435422473226286274e+04
-1.992455693818891632e+03
-2.256049921486627136e+04
4.766823784171466832e+04
-2.030690719887172600e+04
-5.771216996558814571e+04
9.153220414967663601e+03
1.686331406223228987e+04
3.149602995884501797e+04
3.725450628308533487e+04
3.734582503524324420e+04
1.069205260245700629e+04
-4.299293411858905529e+03
2.095831459098103005e+04
-2.504445539436923355e+04
7.326518870757271543e+03
-3.843635562267244677e+04
-1.529949108897221095e+03
9.714435533727844813e+03
2.730194165258125850e+03
2.259619682233318599e+03
2.954465304478772305e+04
-4.359499416706294141e+04
-2.017730183528053385e+04
-1.698535372962894689e+04
-1.116121943027289308e+04
-8.168797030038404955e+03
-1.975551432475927140e+04
-1.394984344337267794e+04
1.640225822999968659e+04
-2.479711781259183772e+04
4.132167699661466031e+04
2.787588202695274595e+04
-7.193913338039068549e+03
-5.657692991186167637e+04
-2.049754051397697185e+04
7.742038735383743187e+03
-1.990806456491891004e+04
-1.060155057485134967e+04
-4.546568855311715015e+04
1.472127267753913839e+04
2.528100004352018368e+04
2.132384520871797213e+04
-1.713340962816318779e+03
2.966567357076854023e+04
3.957594796108122682e+04
-2.148519165318720479e+04
-2.555498277467237858e+04
-1.307556613228557762e+04
-2.881814115066115846e+03
-3.760748334837781294e+04
7.378691708345979350e+03
1.391768403309537280e+04
2.577623187881550257e+04
6.151871936957808430e+03
-2.142793047606229447e+04
-3.892234521914716606e+04
-2.735779204295036470e+04
4.624214353626064258e+04
3.333182835597604571e+04
-3.424440712051763512e+03
-4.538708560395869426e+04
1.936533807761019852e+04
-2.315580300394328515e+04
-3.351460838661263551e+03
-2.463912071025063779e+04
-3.670980268379150220e+04
2.195929158517472388e+03
-3.964655128128983051e+03
2.179913743270033592e+04
-6.880568729411616005e+03
-1.411580175371008590e+04
3.261216734626885591e+04
3.271464077905906379e+04
-1.717740582202417045e+03
4.114306724338445201e+04
-1.091559820186220122e+03
-1.310144415822720293e+04
-1.460521983216802801e+04
1.120919593906241244e+04
4.225971191232661658e+04
-1.850449259982711737e+04
6.341288308014174618e+03
1.901636721685114026e+04
5.481882844605448190e+04
3.901137520092324849e+04
-2.854314365880110927e+04
2.769548517138949683e+04
1.491789289115281281e+04
3.829224801818427295e+02
7.513754221717195833e+03
-2.676083181957485431e+04
1.030678606543707065e+04
1.306103194277064540e+04
3.309354550849633233e+04
-3.342100592809111549e+04
-8.949098661862301014e+03
2.812609377213889820e+04
-1.582529988885989405e+04
4.697200055826631433e+04
1.240962982602341617e+04
3.163809384196865153e+02
1.090127296964062407e+04
1.452339566245840615e+04
-2.096263246957190131e+04
8.214980971292839968e+03
-4.490626862276350585e+04
1.120310638973972164e+04
1.794590886720375056e+04
-9.140471306930798164e+03
2.465858432470021398e+03
1.120929925667239877e+04
-1.114520896795673707e+03
2.647624167576778200e+04
2.519247642601691041e+04
-2.389515166479929030e+04
-5.324383284329808521e+04
-2.578715169765231622e+04
-2.508995499117673899e+04
-2.083544045403260043e+03
-7.724269873668135006e+03
-2.459249715574417860e+04
3.218035986986003263e+04
8.081701619674103313e+03
2.345650617778401283e+03
-1.320250921578108864e+04
-4.056575496702254168e+04
7.779127915140697951e+03
-2.660578083476077882e+04
1.379852072091213415e+02
1.883521138811080891e+04
-3.549219356936358236e+04
-1.055140650841492243e+04
5.455313219488552932e+03
2.549021199075039840e+04
4.491260843769080384e+04
2.694304298734946497e+04
1.218462599449045683e+03
-9.635365569502368089e+03
3.476017638796702158e+03
-1.118164707984884626e+04
-1.434581231363668667e+04
-1.289776436528682098e+03
2.059604066056915690e+04
-7.579165917551041503e+02
-4.682694878072214487e+04
1.170127347496088441e+04
1.800807665957024437e+04
2.455522530324322361e+04
3.942451313808716804e+04
3.878407315411110903e+04
1.312527590333984517e+04
-2.298359822698830976e+04
-2.779129160229044646e+04
2.796807314572410905e+04
2.201230858028009607e+04
-2.707106247127873212e+04
-1.789845639094183207e+04
1.041083457317163993e+04
1.734156165095652614e+04
2.723183613242574211e+04
1.037879032151611682e+04
3.290523782587837195e+04
-1.213251225030591559e+04
-1.869298478849784442e+04
-2.131609878146199208e+03
-4.645803371379462078e+03
-6.310513555191295382e+03
-1.217112443598514983e+04
4.239320656171970040e+04
5.979775589360859158e+03
5.469498354286387439e+03
8.178433620012761821e+03
7.859143878257827055e+03
1.013800927745648187e+04
1.297386800734765893e+04
