3.998688342700140765e+03
-5.131288896336329344e+03
-6.516293660177322636e+03
2.072748535721030930e+04
1.560735085593357871e+04
-1.733404325433457416e+04
1.685945439723151867e+04
3.119380083536732491e+04
5.202759710148628983e+03
-2.597870829807818518e+04
7.388362178944866173e+03
-5.409806999457337952e+04
3.505575500782087329e+04
1.418403955201715507e+04
4.200922477817793697e+04
1.072229708782660236e+04
-8.934783231654955671e+03
-2.562290965974870778e+04
-2.202809899726126241e+04
1.833656115135883738e+04
-6.487367585387882173e+03
-2.799693383845275821e+04
-1.159900451079608320e+04
-1.010967828380705396e+04
2.376751049598899044e+04
3.097368881952299489e+04
-3.532472726023782889e+04
-8.123488282992850145e+03
8.101007885825698395e+03
-4.396204553362021397e+04
-9.960530414311146160e+03
-4.056497485680585669e+04
-6.521485724399548781e+04
1.648825824234159518e+04
-1.763648487859683519e+04
-4.436741140468906087e+04
1.781671923293618602e+04
3.549938900020094297e+04
2.955829519963984058e+04
-2.680270587876779700e+03
2.153757707519374162e+04
-3.119160790558373265e+04
-1.418447915636317339e+04
-8.180984838036925794e+03
-4.764964863257891921e+03
2.592070904578451882e+04
2.252318559755800015e+04
1.549779475821496999e+04
2.682822324820365611e+04
-1.937658591140242788e+04
-4.592790586328270001e+04
1.496021374243572427e+04
-1.831901733631821116e+04
-1.600937403312759125e+04
-3.157544818696597213e+04
-9.805281701320512866e+01
-3.609323586769692338e+04
3.015801223830719027e+04
1.962895529477471428e+04
-4.422722785273760383e+04
-6.136692710461092065e+04
2.734216335555053229e+04
-3.483440861584762024e+04
2.441488497127537630e+04
-1.637625346085446290e+04
-1.565281656420958643e+04
2.860871548046343014e+04
-9.685486290012373502e+03
8.158215691859375511e+03
-3.685389904717331956e+04
2.608553917800619456e+04
4.509334658650132042e+04
-3.894104854077583877e+04
-1.989385506431779504e+04
3.035312252376574907e+04
-2.775142023229178449e+04
4.707628497749532835e+04
4.435027985848535900e+04
1.473640812079556963e+04
-2.631017931542426595e+04
-1.321219169909411357e+04
4.902385673769931600e+04
-2.142825607272222987e+04
5.872758376538145058e+02
-1.384100823401280286e+04
4.360013731184305470e+03
-8.274057473668933380e+04
-4.183763887941261055e+04
-1.938189274879882578e+04
-3.296723340243134589e+04
-2.797451120673391779e+04
-3.580562503492209999e+03
-3.618448560465111950e+04
-1.075261774458974287e+04
5.080481345891704223e+03
2.241556362054477722e+04
3.360961851477288292e+04
-1.315737742997313762e+04
3.913929366941069020e+04
-2.787044600670729415e+04
-2.019210099763598691e+03
2.666248873967348118e+04
4.190279580639113556e+04
-2.719338471259954895e+04
-2.820548329185938201e+04
-2.383508650586887597e+04
-6.721965414469012103e+03
-2.592676216289625518e+04
-3.214853240581322461e+04
-1.759950248336160803e+04
3.953080136525767739e+04
1.246296137804566388e+04
-3.168048022073828065e+02
-3.454442314789129159e+04
-6.639629694766864304e+03
3.817465160330144136e+04
3.260334911025733163e+04
-3.695728916380672308e+04
5.098199750287510687e+04
3.315151785075349380e+03
3.116481670297600431e+04
1.065725875495545188e+04
-3.759630516090242509e+03
1.043597092982439790e+04
2.768697376524781430e+04
4.515241572731843189e+04
2.279911778931810477e+04
2.287382706139290167e+04
-8.187725956374038105e+03
3.043928478777016153e+03
-4.433987990772157900e+03
8.190916410404508952e+02
-1.144855494493808874e+04
-1.618911440422753913e+04
1.162142603566415528e+04
-2.675891814719566173e+04
-4.101139901479682885e+04
-6.775511548047063116e+03
2.450052543228277136e+04
-9.434233368596358559e+03
-3.571057759218731917e+03
-2.227334488385656005e+04
-2.757802743849201579e+04
-1.454556150477132906e+04
-2.331097878654400120e+04
8.718024944399667220e+02
-2.297744549508022828e+04
-2.200795106495317668e+04
1.196502002899836225e+04
1.651820648252085448e+03
-5.775214540203780416e+03
-1.849983501598764997e+04
4.525212829788659292e+04
3.053643616579777245e+03
-5.589218798562666052e+04
-2.237257927509401270e+04
-7.184934748203383060e+04
-1.437313121152837448e+04
2.536010493902310918e+04
3.048761113040745113e+04
-2.944488303531087513e+04
-2.177351716934443903e+04
4.979202831091146436e+03
2.699040791793175231e+04
2.544455039474428122e+04
1.271765629784694283e+04
-3.009285142167562663e+04
5.016669822278741776e+03
1.402517281806566643e+04
-3.632957549700279924e+04
8.844650960940134610e+03
1.185686447386979125e+04
1.882524537471544318e+04
2.907199450653688109e+04
1.262658806459914013e+04
2.289184745639008906e+04
-6.687185517702354446e+03
-7.608894684841950038e+03
-2.186936815140678664e+04
7.684229437499594496e+03
8.643265833731951716e+03
-2.457119233995374452e+04
3.661950569813860056e+04
6.269865073189475879e+03
-3.796213418978194386e+04
5.923827853130006588e+03
2.949107528563603773e+04
2.652396153678678456e+04
3.535185258456705924e+04
-2.011953934812047919e+03
3.590699045237291284e+04
-4.498997193659665209e+04
-4.637075006980236503e+04
6.298808328507301667e+03
1.303275386060525079e+03
5.816253694382069807e+04
6.302577358230092614e+03
3.121648925041893381e+04
9.448284898334261015e+03
-4.641979450617366638e+03
-8.809628782577349284e+02
3.574258135366546776e+04
-5.556483424008865404e+04
-1.938013562121866198e+04
9.971038780821103501e+03
1.696651112296999781e+04
1.531396709874894259e+04
1.404523602388129257e+04
-1.388902805995966446e+04
-1.234319879822445910e+04
-3.556538698297753581e+04
1.492547746446426572e+04
1.034535931024602542e+04
7.358609513493414852e+03
2.355259099557197715e+03
6.707974163347175818e+03
4.471908793393776023e+02
-4.373871649683654141e+03
-2.293338790132741451e+03
2.548255115352874782e+04
3.768513425802863640e+04
3.441042167982574756e+04
-1.339493075504205990e+04
2.760737787307732560e+03
-2.495983147879999160e+04
-8.349204098656797214e+03
2.669948439219054762e+03
-3.834803357833176415e+04
-4.093624945207817655e+04
-7.400067113412770823e+02
-4.256866465348262136e+04
-4.997135187579773628e+04
5.002279406432758151e+03
1.828868791842166684e+04
1.999485209957353072e+04
1.322137124203535495e+04
-4.962332174622745515e+04
2.017211999303615085e+04
7.215823031399634783e+04
7.917397456092480752e+03
-2.813346179444088921e+04
-1.163330125207759374e+04
-3.489415126775481895e+03
-6.244749119731365681e+03
-6.271626260136991732e+03
-2.143547521001378118e+04
-1.146892828367268885e+04
2.839134585550436532e+04
4.076972566797297623e+04
2.897954650269145714e+04
-1.533743225273290409e+04
7.482917004430682027e+03
1.096201136647240673e+03
1.030507605294083623e+04
6.630177193826693110e+04
1.630334573057020498e+04
2.576695305160250427e+04
-6.133320838208105670e+03
2.270945952251809649e+04
5.824186711639924761e+04
-1.159889344162218003e+04
2.231119431536082993e+04
-3.199149660023469551e+04
3.627567012859732495e+04
-6.487807722269945771e+03
