2.879960688752429269e+04
2.471314789490096155e+04
-1.407865361331162239e+04
3.612086029788163432e+04
1.747340655948966742e+04
2.470708477270798903e+04
-1.079074192374789527e+04
-6.608357294891394849e+04
-4.976762291648906830e+04
-2.260103087265640352e+04
7.712522040090247174e+04
7.448747515911803021e+03
-6.449173194289760431e+04
-1.897045035053886750e+04
-2.256009211268072613e+04
1.290410369687970342e+04
2.096670992087058039e+04
-3.717076619494339684e+04
-4.861356428353914089e+04
7.024311288795342989e+03
1.711557437137380839e+04
3.344004940324530617e+04
-1.026664589554025406e+04
-1.097574577137553024e+04
3.629994840770679002e+04
2.111328913072741125e+04
-1.471240419486801511e+04
2.308838361441356028e+04
3.498472066177974193e+04
-2.529299723981269926e+04
5.962765315704925160e+04
-3.371888275271559451e+03
2.498370803302209242e+04
4.172780801547858573e+03
3.909469519829919591e+04
-3.864821625222791045e+04
9.023375540870115219e+04
-6.379192178879540734e+04
1.304746601623623746e+03
2.950883296378067826e+04
3.026191271777911243e+04
-2.909066960111079607e+04
3.356299909074094467e+04
5.302042464660009136e+04
2.279384901493197322e+04
4.946709429640174494e+04
5.185916669548729260e+04
-1.242533335101010925e+04
-6.821013847056308805e+03
1.319335609129591830e+04
-7.401929626391711645e+04
2.214914209129072333e+04
-1.352187102884948763e+04
-9.457317395954429230e+03
3.969383407062925835e+04
1.836818884477835354e+03
2.131192594451245532e+04
-8.473325955437307130e+04
5.770570444986384246e+03
-8.615389743860278031e+03
4.521883573889128456e+04
-1.231600957416984056e+04
-2.378740349387531023e+04
2.942104373416836825e+04
-1.324334417518014106e+03
6.859979659409773012e+04
-3.063530811494938462e+04
7.062141441660042619e+04
6.306060471850291651e+04
1.201189542051650824e+04
-2.375051596191714998e+04
-4.148236591718967247e+04
1.167323991731001661e+04
2.258321735599072781e+04
-7.443097771772726264e+04
2.825222340800458187e+04
2.870275233828788623e+04
-3.770612006399677193e+04
2.809063448613799846e+04
1.074045549311846298e+04
-7.070302019007464696e+04
-3.302178085124362406e+04
1.171613935376416885e+04
-6.199518577364626253e+04
2.363482007748415344e+04
-1.109392556996783424e+04
5.934292270775900397e+04
-1.536469500480903116e+04
7.858039993527051411e+04
1.070827851839434697e+04
7.383598482636242989e+04
1.887109088463845546e+04
5.766129168476926134e+04
-5.076239179578851326e+04
1.836085608186554236e+04
8.928989077336091214e+03
5.389218621831515338e+04
-5.252910993065289222e+04
-7.508986868577164387e+03
1.219394491707905945e+04
3.876730704393617634e+04
2.589318823667210017e+04
-2.747882320251288911e+04
2.720608094310680826e+04
-3.550541918870274822e+04
-6.633313627200775954e+04
-4.259632870254571753e+04
2.544860140418626906e+04
1.271704858761834475e+04
3.093768862840851580e+04
5.470215592907725659e+04
2.851493963491822797e+03
-7.499331330631801393e+04
-6.906936076831891842e+04
6.732758911552753125e+04
-4.548047191451723484e+04
-2.005314090126463998e+04
6.667985609090042090e+03
6.659986379964310618e+04
6.437639875283349284e+03
7.624648240767637617e+04
-4.600591848719222980e+03
2.230910448584791811e+04
1.273386540784014505e+04
7.726099725069936540e+04
-1.729844840424851782e+02
-4.440325360974928117e+03
-8.396746551189004094e+04
-1.773734001951164464e+04
3.534284972966962232e+04
-2.965427397890879001e+04
2.092546113886447711e+04
-6.516870277427330439e+04
3.372381203315514722e+04
1.216321363568477500e+04
1.921027911049929753e+04
-5.776153634874837007e+04
-5.912166528576340170e+03
-1.419074403042668018e+04
7.688290313379676081e+04
-2.738826171811486711e+04
-8.373741744587345238e+03
5.248200089794911946e+03
-2.190099256257317757e+04
-2.572925590764673416e+03
2.585212360398191595e+04
-5.617059062937733870e+03
-4.386714351186245767e+04
-3.922347961042793759e+04
5.110288651445457799e+04
4.265910746852485318e+04
6.469068450401178416e+04
6.180171264127970062e+04
2.949297908657713197e+04
-9.721926861979398382e+03
9.391046277581388495e+03
1.328392497552831401e+03
-9.461678574844127070e+03
-6.277099847148954723e+03
1.964475114079401101e+04
5.658487768408522243e+04
1.439952742436019253e+04
-6.873180959803922451e+04
1.175314509029056353e+04
-8.451167844144142873e+04
-1.058166214998106079e+04
-2.747051820859502186e+04
1.007295793825281180e+04
-2.469136306443459398e+04
-9.124335034748663020e+04
-5.589365903278032783e+04
6.021686154881845869e+04
3.336514568202509054e+03
4.819429206741606322e+03
6.033954617004799366e+04
-6.033679705041493435e+04
2.152839456706407873e+04
1.639062351086754234e+03
5.306477245319841313e+04
3.592812052512050286e+03
-7.365653073398709239e+04
-7.105370220958668506e+04
3.715924283554098656e+04
-1.415451037615634414e+04
4.519358702561438258e+04
-2.889362307691598107e+04
-4.121992094307646039e+04
-2.903404290482446595e+04
1.587991434596962608e+04
-1.713194983786117155e+04
-9.196623384658354917e+04
-7.406930085309729293e+03
6.362160608017634513e+04
6.475543908421031665e+04
-1.816466978565994214e+04
-1.543691870871246829e+04
3.641197009962605807e+04
6.321448938532398461e+04
1.279460668249493574e+04
7.607525061857726541e+04
-4.241717720847878809e+03
1.058001273463798680e+04
-1.224629118559580775e+03
1.476803890259114996e+04
8.159649577292290633e+04
-9.141392826701508602e+04
-8.442382185908962856e+04
1.666249960626385655e+04
-1.427502968625039466e+04
1.940349875443088968e+04
4.583147882398476941e+04
-1.236973218287847885e+04
1.131118587098277385e+04
6.878784922302611812e+04
-2.383755535626708661e+04
-2.335083926918425277e+04
3.369319376486970577e+04
-4.414784896821845905e+04
6.143525877762852178e+04
2.427172484792925752e+04
-8.469481974306559096e+02
1.146932745071532008e+04
-5.778863867403680342e+04
4.391269576217643043e+04
3.261690555950002090e+04
-7.087873160991593613e+04
2.903946750132522357e+04
7.839261358495947206e+04
-3.862751642446269398e+04
2.780137852714520341e+04
4.024199209476688702e+04
-1.384841972949105184e+04
-7.505044031263075340e+03
2.977413037597520815e+04
-5.564041409852478682e+04
-6.268767386127408827e+03
-1.471762818579725354e+04
-4.635465294692591851e+04
-3.214795906677395396e+04
-3.801839903038146440e+04
7.816254512212431291e+04
4.308995432790135237e+04
6.141011628719992586e+03
-3.403475536070258386e+04
2.039652837428464045e+04
-1.995130671636748593e+04
6.000917991716375582e+03
-2.522523378905033678e+04
-4.957630001053595333e+04
-3.529598216558092099e+04
4.521515485639680264e+04
1.315720678954905270e+04
-2.286894066551686592e+03
-5.608415907219671499e+04
-8.567471964471573301e+04
-7.629223420881781203e+04
2.436258412812651659e+04
-1.881200804869451167e+04
6.869217790023589259e+03
5.091500868705046014e+04
1.467110667651713447e+04
-5.345376931284744160e+02
-4.787459111985722120e+04
1.110222311378022823e+04
7.701040120160210063e+04
