-7.885900361735188926e+04
3.119376181138452739e+04
7.535549776820544503e+04
6.236843797420638111e+02
-2.427815683391879429e+04
8.757577614637372608e+04
3.461230354752324638e+04
-2.999997045006461849e+04
2.454369226958411673e+03
-1.431413667323702248e+04
-3.898497155475234467e+04
-2.845754498045284708e+04
-6.870907022443805181e+04
7.308612186088692397e+04
5.575997033570301573e+04
3.546633918107508362e+04
-5.545867990934225963e+04
4.015516175836498587e+04
-1.514851203911392258e+04
-4.478105845563759794e+04
2.712063423665968457e+03
4.238762585568547365e+04
-2.334036016357183689e+04
6.719571543603648024e+04
3.347089156505273422e+04
-3.641419815629855748e+03
-3.546134145050141524e+04
8.364512050903620548e+04
4.575847887846016238e+04
3.504967506900062290e+04
-2.659187247236540497e+04
-8.386000660042087475e+03
-6.858190680143123609e+04
1.732027008062355890e+04
-3.439753163538433000e+04
-9.886230616031065438e+03
-1.376460747451699172e+04
-7.245978027886735799e+04
-7.042230229646379303e+04
-5.370819798279432143e+04
3.422764427472528496e+03
6.404432117088740051e+04
-5.012711841290422853e+03
2.115326416360703297e+04
2.586873356353529016e+04
1.635041301779643800e+04
3.510995800492267153e+04
-5.993597765423356759e+04
9.862003222711671697e+03
6.462758127191801032e+04
6.729904957981726329e+04
1.528623733333832752e+04
3.763837657037086319e+04
5.410856609332584048e+04
1.644055742573575117e+04
-4.589343864836610010e+04
-5.332470912128025520e+04
6.417278545147968543e+04
-2.605179400962430009e+04
-1.330802276403765609e+04
-9.725977532839036940e+03
-5.272220203109952854e+04
-2.192290688258493901e+04
-3.587446604516726802e+04
7.048983170878107194e+04
3.930214628621949669e+04
-4.153405003683899122e+04
-2.572304560417330322e+03
-4.412682448056249996e+04
-7.537322760584695789e+04
1.984540397734998010e+02
6.038022056538013567e+04
-3.399492749727761839e+04
6.071718240500269167e+04
-1.608459745144479712e+04
7.410673246033809846e+04
-1.471211503299757715e+04
-1.839455676002823748e+04
1.932077140565812442e+04
2.291278474155780350e+04
4.968521492080118333e+04
2.514857073262860285e+04
4.235432503255824122e+04
-4.695016217318133567e+04
-2.029320537589127343e+04
-8.456532719145918963e+04
2.487576645745637143e+04
-1.249767472756405732e+04
4.896037293638190749e+04
7.044998747336772794e+04
-9.696064617264251865e+03
-8.364845324089656060e+04
-6.946622665894617967e+04
-5.993047592340131814e+04
3.989303703277723253e+04
7.036680756905699673e+04
-8.398939518628397491e+04
-2.412282725839728300e+04
3.378306861012382342e+03
7.756613050079887034e+04
5.440706333795742103e+04
-2.915374935858159370e+04
-3.833114605464591295e+04
-4.248672550817079355e+03
6.927782182794259279e+04
2.664187549579925872e+03
-6.344793050016841880e+04
4.433682540270037134e+04
6.130225286132327892e+04
-2.200438432142712190e+04
2.848377904923153619e+04
-7.302805128795818018e+04
8.466014942521379271e+04
7.584043554745271649e+03
-7.840167304476902063e+04
-7.992978031777607976e+04
2.913972036583939916e+04
7.621708807278337190e+04
-4.921184241043435759e+04
-2.906867668739042188e+02
-4.177710421629318262e+03
6.387153496120522323e+04
2.290524771289283672e+04
-6.972491456016570737e+04
-2.213022848316448290e+04
1.477792050543109690e+04
1.512075848144158954e+04
-5.030263742813485442e+04
-6.527392143024377583e+04
4.991484595099103171e+04
3.906844635191714769e+04
8.195135661452391651e+04
9.643538058747502873e+03
-5.246783020563317223e+03
6.946829941179836169e+04
-3.524979568048688088e+04
6.711155761454257299e+04
-3.511245418128425081e+04
7.623930197340177256e+04
-7.459710163210955216e+04
-5.797462645065769175e+04
1.497103159739928742e+04
-6.980425103907306038e+04
-6.928309048721601721e+04
2.750032902084643865e+04
7.747882425853186578e+04
-6.934634314286411973e+04
-5.218721994124419871e+04
-7.896235706094162015e+04
1.555867272407637574e+04
-1.348740382802207387e+04
-2.923433927712851801e+04
-3.295647715636569046e+04
-2.369096569754647135e+04
-5.744623719879278360e+04
6.181236954392190091e+04
-5.998699736676891189e+04
-4.728808497405434173e+04
9.132437320793671825e+04
7.203497970686412009e+04
-2.406569631696858414e+04
4.266063088996162151e+03
-2.163260790036135950e+04
-1.267827843112143637e+04
3.979955048512830399e+04
5.152929654808370105e+04
-3.413316740568837849e+04
-4.633203396888237330e+04
-1.992718863269102440e+04
-3.064192787575404509e+04
8.476461885346961935e+03
2.103106149086492223e+04
-4.938474614964191278e+04
-6.909186979168879043e+04
2.197158005527703790e+04
9.104060955222135817e+03
2.208331038510201779e+03
-2.837764219798912677e+02
-4.190367871337764518e+04
3.072861472412499279e+04
5.694182703233281791e+04
8.222528677838348813e+03
7.745639281796975411e+03
4.480115553389081470e+04
-8.076421336282161064e+04
6.877259194959343586e+04
-3.626544188496391871e+04
-3.956738648486853344e+04
3.712129056665617099e+04
4.278141010976961115e+04
8.942676278243566048e+04
6.326750948384236835e+04
-5.365750019711794448e+04
7.177608003024528443e+04
7.782813398489821702e+04
8.099337187153818377e+04
7.484987519318916020e+04
4.941118188903346163e+04
4.763017574907341623e+04
3.306993321993889549e+04
-1.989921630111803825e+04
-1.457565189888258283e+04
1.713725026262464962e+04
-2.227926827142754701e+04
-5.957960666330983076e+04
-2.172205814731663850e+04
-1.222843947181766453e+04
-8.327673867849925591e+04
-5.018054591203186283e+04
-5.907159179654556738e+02
-9.237074504342659202e+04
1.585095705020130845e+04
-5.217286284863474430e+04
3.657365804781772022e+04
1.058460719782751039e+04
2.891863387028661964e+04
2.270881066991680927e+04
9.270643023787923084e+03
-3.756597160276302020e+04
1.353036177823200160e+04
-8.487328358013770412e+03
5.436229700709342433e+04
2.562948518046044774e+04
8.501214628274405550e+04
-4.015084504805083270e+04
8.664682287520210957e+04
-1.074104338830714732e+04
-2.651570553028695213e+04
3.381748731504139869e+04
-7.976741088313849468e+04
-5.495763764494905445e+03
-6.676415778173891886e+04
-2.529826488805163535e+04
6.625712772655599110e+04
-5.169393993512967427e+04
7.243515729588124668e+04
2.369140556604748053e+04
-6.297463979278958868e+04
-2.488150570308062379e+04
-3.124994090417087500e+04
-3.495301121688792773e+04
-8.050855943210049008e+04
-2.423361397249656511e+04
-1.568013933255928532e+04
-8.315102079960670380e+04
1.022101642421667202e+04
1.004900370770321751e+04
-4.797401996454858454e+04
-9.262120552841919562e+03
4.547948932473590685e+04
7.008581825279172335e+04
-4.191750832124867156e+04
2.447749913136724354e+04
5.843739128247209737e+04
8.736756634622982529e+04
-3.987197278136666864e+04
8.368775965413953236e+04
7.386019625684009225e+04
2.541799666702541799e+04
2.943218240565086307e+04
-3.979215102843869681e+04
-7.469425061269137950e+04
-3.805278067160000319e+03
-5.666554196672344551e+04
-4.953890800327126635e+04
