5.694195498724564095e+04
9.615386396229761885e+03
-1.449956807543907780e+04
-3.990812189231347293e+04
8.943399846963654272e+04
-6.280969785492322990e+04
8.511608834734768607e+04
7.366791035298776114e+04
2.790650658503337763e+04
-2.919462294718668272e+04
-7.768224784420800279e+04
4.184913140885054599e+04
-4.476122884975391207e+04
8.817645022238505771e+04
-3.591656353531053901e+04
8.493858075295403250e+04
3.106134575193589262e+04
-7.501184130047982035e+04
-6.773292185853907722e+04
2.424576086114536156e+04
-7.388031444410502445e+04
-7.168033529214412556e+04
5.389207856120468932e+04
-2.673416387217713054e+04
3.514339428419040632e+04
-6.684535656898337766e+04
-7.808042514054635831e+04
3.935208651473745704e+04
-4.274760716719123593e+04
5.049238583992540953e+04
-7.392460771901115368e+04
-4.654171909190092265e+04
8.978877094766800292e+04
6.202117563474326744e+04
-7.033903314954967937e+04
-1.316417218799359398e+04
-2.986598249728947121e+04
-7.199063077847371460e+04
9.507479063075932208e+04
1.183193436342358473e+04
-6.151030190073390258e+04
1.564151959537297080e+04
-8.927460843892331468e+02
-4.460816239861291251e+03
-1.775537001296994276e+03
-4.915633284069367073e+04
-3.720373707115795696e+02
5.054688620804119273e+04
9.731120622803951846e+04
5.679976621989154955e+04
7.864435190407960908e+04
-5.478832477751449915e+03
-4.861138193582494569e+04
-3.833172938558981696e+04
-9.203686778293516545e+04
7.525858508330245968e+04
-3.933618632173292281e+04
-7.551154254008982389e+04
-5.200278945019196544e+04
5.605026308258887730e+04
8.542190367564704502e+04
4.449488261291003437e+04
2.762091555469061132e+04
-3.101063045810647600e+04
7.546656069920631126e+04
1.344856611208303366e+04
1.505406483979808399e+03
3.288114218352641910e+04
-6.655064109282463323e+04
5.110705729531473480e+04
4.885189467394247185e+04
9.994232832299699658e+04
-6.373396904266668571e+04
-4.206353717133097234e+03
-1.923212898820683768e+04
-4.296389741480615339e+04
-1.638577530935170944e+04
-5.852339793102728436e+03
1.692295461410234566e+03
7.734827840726854629e+04
-3.697381927529266250e+04
3.806205079348848085e+04
-2.626418442353786668e+04
8.756975143449046300e+03
-9.071667088267853251e+04
-3.984021651061984448e+04
-6.000222474003660318e+04
-7.622062398567843775e+04
3.251553137589868857e+04
-8.641383310103086114e+04
-3.762161665682941384e+04
-4.551444929736491758e+03
-2.666244165139905817e+04
-8.726411968324513873e+04
-2.040139340016599454e+04
4.574537672747892793e+04
-8.980160611232668452e+04
2.238655338200769620e+02
-3.378916580758614873e+04
7.966184909590578172e+04
9.559125045321235666e+04
5.135712161219000700e+04
-8.348160959526576335e+03
-9.160683212322420150e+04
7.233901561651151860e+04
-5.973536059077237587e+04
-9.872989959415761405e+04
3.048631496336791315e+03
8.368708243808639236e+04
1.776164974080171669e+04
7.717613944642740535e+04
8.678124281879942282e+04
7.674715482549826265e+04
8.937369925858089118e+04
-5.770518148361956264e+04
-5.742442217887018342e+04
-5.323324855299438059e+04
-3.225050630876340438e+04
-7.958642526383663062e+04
8.840224673200296820e+03
2.535057738306306419e+03
3.074213487623257970e+04
-2.092513491953905032e+04
-1.795503262028808240e+04
-3.167660386055521667e+04
6.818959042344341287e+04
2.586922356633414165e+04
1.974317570124600024e+04
1.621421093119737634e+04
9.734924311860292801e+04
2.210057857861698722e+04
-1.159371757959264505e+04
-3.301404221132460225e+04
-6.042736725503479101e+04
-6.764990449394474854e+04
8.750046070136834169e+04
-6.087339299174236658e+04
8.402824737303020083e+04
6.018513739179557888e+04
-7.387163996504762326e+04
-4.969335341611928743e+04
2.313196244869801740e+04
-6.833662344836261764e+04
9.566335570381712751e+04
9.431071658933215076e+04
4.154046259760446264e+04
3.905766663798634545e+04
5.853599189740692964e+04
8.072304667830848484e+04
-8.299532702207230614e+04
-6.781630732418692787e+03
-6.888680790548447112e+04
-8.676424621384841157e+04
7.405037408602709183e+04
-4.878855129033810226e+04
-8.657474777728338086e+04
9.259779361688703648e+04
2.207569137356239662e+04
-6.311141971141876274e+04
-3.464241265891276998e+04
5.315823133599737776e+04
7.132499215187766822e+03
-8.080392153683213110e+04
-2.612269422929885332e+04
3.507199002280784771e+04
-8.810856681586538616e+04
7.683800028388315695e+04
6.849941027007787488e+04
3.294324189099209616e+04
6.976902699321616092e+04
3.306928438998939237e+04
5.570631332758523058e+03
-4.369963397110832011e+04
-4.453516708017591009e+04
3.386467271718374104e+04
-3.837837007930014079e+04
-2.946659701389618567e+04
6.013040752276021522e+03
-4.456509839631721843e+04
-3.073248293720908987e+04
5.061960421648193733e+04
-3.569873748498067289e+04
-8.017307210812592530e+04
-3.927505528655464150e+04
7.671748916614090558e+04
7.091487901486485498e+03
-3.703318572326170397e+03
2.421022276862170838e+04
-3.257758742898826313e+04
-1.585012097354818252e+04
-9.042722175439457351e+04
6.469769098955605295e+04
-8.026836187597601383e+04
-4.733493838097082335e+04
1.010066483362393046e+04
-4.938312952298195887e+04
-8.416036857022713230e+04
7.950477280304621672e+03
1.652271660298871575e+04
-6.214996901524032728e+04
2.090080419875493681e+04
-4.513284046689925162e+04
8.177844801627186825e+04
-4.355377543065918871e+04
4.084677613161853515e+03
-1.525839326600008644e+04
-4.964569704239134444e+04
-6.132862379323913774e+04
-3.686730884309297107e+04
6.804656927567059756e+04
7.157543832646054216e+04
3.880252032932810835e+04
-7.253768240273327683e+04
8.740264130390304490e+04
1.321940808715809544e+04
-3.116451169895824569e+04
-4.352785113451260986e+04
1.425125634129265381e+04
-2.756643427287151280e+04
-4.580110268678510329e+04
5.188144314341706922e+04
2.649748587776710337e+04
1.845537644843917224e+04
-1.300966583557990089e+04
5.563818785197153920e+04
-6.646419105780075188e+04
1.391055034438126313e+04
4.098507764494660660e+04
-1.108642309441487305e+04
5.199758648737613112e+04
-9.384525074439158197e+04
4.812388524678788963e+04
9.556558757393909036e+04
-4.589568310442755319e+04
3.572836106688971631e+04
6.877103372371091973e+04
6.215896901363460347e+04
-2.698465694960120891e+04
-2.090588499073074490e+04
-4.267192424908168323e+04
4.218800752579356777e+04
-7.619319197791478655e+04
3.204363330854641390e+04
8.540656611965739285e+04
5.475497555603424553e+04
9.377708558507281123e+04
6.020218859391691512e+04
-7.577231007160092122e+04
9.197775238361844094e+04
-5.622750403802361689e+03
-4.551721282714819972e+04
-6.308344516062065668e+04
-5.209221963173447148e+04
3.196422460502613103e+04
-4.055330932796841080e+04
-4.984218573205749999e+04
3.201873257556295721e+04
-1.134041389673530648e+04
6.410395273109569098e+04
9.617857455274459790e+04
-6.672681211806883221e+04
3.623302104577756836e+03
1.499306078701172373e+04
-4.137011840823707462e+04
-9.677012476253388741e+04
