-4.504359227863774140e+04
5.200626489910285454e+04
1.754755986583023696e+04
3.794389303902959364e+04
-7.560304448251597933e+04
-9.540635371257855149e+04
-4.740263107999387285e+04
-9.408428499406066840e+04
5.440432465234037227e+04
9.680483457120318781e+04
9.883994792286216398e+04
6.483699839104234707e+04
-6.841642184475609974e+04
-4.290283464383333194e+04
1.999378752981227080e+04
-5.336320152129419148e+04
-4.091944526548491558e+04
9.281182073662328185e+04
-9.141086989232386986e+04
8.759085372051090235e+04
3.168089286565210205e+04
9.586409890344490123e+04
7.662999711353120802e+04
-4.931938452918174335e+03
2.281344641546035564e+04
5.386572375907818787e+04
9.318806305280992092e+03
-3.198742328450615605e+04
-6.914116825009400782e+04
-6.225581131216597896e+03
6.585097118388379749e+04
-5.487717235893951874e+04
2.415250797279278413e+04
-8.217310162465073518e+04
9.547131718936174002e+04
-7.606296820083395869e+04
-9.742241171611033496e+04
-2.641297600749490812e+04
4.664028155287541449e+04
2.508827876639371425e+03
6.229144332799205586e+04
-1.305724687085769619e+04
-4.645305954206886236e+04
4.207739875667748856e+04
-4.069440292380487517e+04
3.635088689983872428e+03
6.563808622817300784e+04
4.988730650769236672e+04
-1.772791202362485274e+04
4.742883584458684345e+04
4.090683573392315884e+04
-8.390465263258646883e+04
-3.967172838031860010e+04
1.939739653313971576e+04
-1.053493150167387103e+04
7.361955497718430706e+04
9.302966362636690610e+04
-4.757852965311805019e+04
9.316180144076954457e+04
1.579469304420929075e+04
-8.079640063796135655e+04
5.416680361635403824e+04
-2.146578554772202187e+04
2.951630903317263073e+04
4.657216692010148108e+03
3.420870100811748125e+04
1.388040022609444804e+03
8.064061620237414900e+04
5.322672754361500847e+04
-9.337019490463631519e+04
-9.463436709417699603e+04
-2.158994187045607760e+03
6.637543586125591537e+04
-2.167708418435930798e+04
1.350486500804630123e+04
7.162356270832256996e+04
-9.413633166780069587e+04
-8.906735236391167564e+04
2.663958144391651786e+03
3.729452229998207622e+04
-6.592954712136322632e+04
-5.616436124748442671e+04
-9.494895884054432099e+04
1.717335545552049780e+03
-9.126969043395516928e+04
-1.773385090443757508e+04
6.094789027113276825e+04
-7.463125407562310284e+04
-1.151801633971852061e+04
4.197285304350214574e+04
-4.365658419996600969e+03
-9.999067432356631616e+04
2.932378651449309837e+04
-2.589339555041733547e+04
-6.811547737374609278e+04
2.103581446702469111e+04
1.913912076721646008e+04
1.263329348421992108e+04
4.362298374837083247e+04
-2.495987955407349727e+04
2.047168232042133241e+04
3.975154307730842993e+04
7.592721553203012445e+04
-3.094579015642473314e+04
-7.510175641777605051e+04
-4.562901899662581854e+04
3.835821748033949552e+04
7.685364145355393703e+04
5.684621598002817336e+04
8.592048788289142249e+04
8.573986832709370356e+04
7.162907109356418368e+04
-3.920556775659209234e+04
-2.184823791007829277e+04
-3.786465880130392179e+04
2.442514820899838742e+04
-2.123091634608551976e+04
5.268202114177348267e+04
-8.781242879783126409e+04
-4.426025437506761227e+04
7.114509834095456426e+03
-7.828603819250504603e+04
-6.658309397903538775e+04
-5.124219497456707177e+04
-7.000774875010264805e+04
-7.267749248008127324e+04
5.809830700588011678e+04
5.846101063026901102e+04
6.735512350470209640e+03
-9.881930164720884932e+04
4.371095475391494256e+04
-3.003094083448724268e+04
6.652991543547692709e+04
6.551802115094861847e+02
6.726145297508806107e+04
8.045016940209401946e+04
4.456763331922388170e+04
5.589202273979833990e+04
-2.149036241147537294e+04
8.012290127998452226e+04
-9.704243422197185282e+04
-9.403445269129669759e+04
3.301505080032864498e+04
2.197173701335029546e+04
-3.914098818593641045e+04
5.237097087795694097e+04
8.176745513521209068e+04
4.806089960539686581e+04
-3.461958435591627494e+04
-1.984951500007670256e+04
-2.297597298530783155e+04
-1.419101927912641986e+04
-6.066974544905282528e+04
-2.561412906972954443e+04
-8.475566225968231447e+04
-4.808524222797941911e+04
9.081962525162434031e+04
-8.613606882398387825e+04
-5.727792118270257924e+04
5.616978379545133794e+04
2.882888691202545670e+04
-2.521706305267192511e+04
7.823775918533533695e+04
2.392997810289877816e+04
5.053818503394672007e+04
1.839152705057396815e+04
9.507623210956127150e+04
-6.165361141848655097e+04
9.792832598329690518e+04
4.430233014487662876e+04
4.067029333505772956e+04
9.769372372210251342e+04
9.457760497715024030e+03
-3.729751626300247881e+04
3.689326175624879397e+04
2.830808869099710500e+04
-7.291056376755052770e+04
1.358500575759813046e+03
-5.375090275899095286e+04
-9.960878435356411501e+04
-2.719808293313342801e+04
3.799484396155149443e+04
6.061226150102411339e+04
-8.859473626693307597e+04
-7.479249236954432854e+04
9.347110820133905509e+04
6.026253249829136621e+04
7.164147836645336065e+04
3.878416951844590949e+04
2.048963166392006315e+04
-7.115140249697712716e+04
9.385712325968538062e+04
-1.967471296720549799e+04
-8.947481892535212683e+04
-6.535160450053129898e+04
-6.074972277825634228e+04
-4.361395146088650654e+04
5.361147732990096847e+04
1.068988209779528370e+04
4.977663741748411121e+04
-2.433712843889416399e+04
-3.165703160677662527e+04
-2.262214659474155269e+04
7.931025624800821242e+04
-2.526350854082296428e+04
-4.407445156623609364e+03
5.115087543140543130e+04
6.952217753387594712e+04
9.924884637825777463e+04
3.801871672759135254e+04
-8.610114193716754380e+04
-2.873073858118530188e+04
8.125884938129212242e+04
-3.821422774661461881e+04
4.557979129487067985e+04
-9.067510150543108466e+04
-5.200790698963923933e+04
-5.515323277925278671e+04
-3.262668896769716594e+04
-2.378834528546739602e+04
-3.818459153875661286e+04
-1.954779600848479095e+04
-4.569592313021654263e+04
-5.569073288849772507e+04
-2.441814577981377442e+04
-8.465688103947533818e+04
-9.246075818901689490e+04
-5.609662339006973343e+04
9.122585572846495779e+04
9.804925020554813091e+04
-5.647153118949670898e+03
-5.887005042826193676e+04
-3.090797932355973171e+04
-2.505347592247642024e+04
-8.431746980629894824e+04
6.094727676525654533e+04
7.291170510588512116e+04
-4.815781689434274449e+04
5.349150982879805088e+04
-8.421713466957714991e+04
-5.515334710096877097e+04
2.477920358205788216e+04
-6.915059859459091967e+04
2.187134172860197577e+04
2.239690335297889396e+04
-8.608564404213747184e+04
7.114180730430192489e+04
5.042006985308490403e+04
7.648118601404024230e+04
-2.857755507597800533e+04
2.918408026599241930e+04
8.919260047417214082e+04
5.917275028795088292e+04
9.375704334468717570e+04
-1.303182663336288533e+04
-6.750254819186199711e+03
1.856183090489034385e+03
-7.478121002361884166e+04
8.298482266481280385e+04
-6.824679163674922893e+04
-9.935105473310832167e+04
-4.307207837750582257e+04
1.640606761839371757e+04
2.858405967073110332e+03
7.971708677549732965e+04
