-7.052486200918906252e+04
5.090347660760043073e+04
4.574368642063846346e+04
6.604755882110001403e+04
3.093464787402631191e+04
-1.995809946672743536e+04
6.225295478424057364e+04
-5.292489713009125262e+04
-5.584306190311412502e+04
2.392740164360478229e+04
-1.489302218919666484e+04
1.626343836287627346e+04
-2.811826767802372342e+04
7.099898929027622216e+04
-8.762388098269690818e+04
1.902311850400590629e+04
6.535985458580675186e+04
2.931313507547965855e+03
-6.971232557131226349e+04
-1.811445195005086134e+03
8.821122155252593802e+04
9.624290667982050218e+04
-1.731821765667400905e+04
3.438701040182847646e+04
-3.011332941439654678e+04
1.497099434633950295e+04
4.529842992258616141e+04
1.581798325716605177e+04
3.648732236296651536e+04
2.202425822254554078e+04
5.713231229854113190e+04
5.252619389129214687e+04
9.277108209793266724e+04
-2.792511171287967591e+04
4.120645527874035179e+04
-5.483693069686988019e+04
4.383903548911647522e+04
4.039954280771047343e+04
-7.503007993695962068e+04
-2.668710698767624854e+04
9.500912699723549304e+04
5.907035059015505249e+04
2.114107829373417189e+03
-8.031605735815758817e+04
-9.789131439395959023e+04
-4.667582878314604750e+04
-1.306222552807745524e+04
-3.287149438450421439e+04
-2.589914869589537557e+04
-6.931866103429460782e+04
9.335796312065742677e+04
-7.004735824849369237e+04
5.512730682002860704e+03
-3.552623849868716206e+03
5.484318256519018905e+04
2.730484503589563246e+04
8.620968361975732842e+04
-6.946899571937121800e+04
7.608874778030306334e+04
-4.585969322347487469e+04
9.316040564599155914e+04
-7.909004328581545269e+04
-3.185381708395786700e+04
6.131547724286295124e+04
-9.281817748713456967e+04
-7.982639159330422990e+04
-7.773065240643630386e+04
-6.207523005861548154e+04
2.579590685204543115e+04
9.629959143265156308e+04
1.159678835469244223e+04
-6.940873029127309565e+03
-1.448847207840866758e+03
3.488467501524629188e+04
6.071274702243911452e+04
-2.117221567707219219e+04
-5.463542248600690073e+04
-4.198916575995845778e+04
4.174986952706566080e+04
-9.659887515513642575e+04
-5.583203450327784958e+04
-9.901584551863830711e+04
9.488457070277573075e+04
-2.660068432882276829e+04
4.114339803403522819e+04
-2.509894179793818330e+04
-4.519526966211691615e+03
-2.872455728088869364e+03
2.322791690270818071e+04
-9.189338171919978049e+04
7.175690609628564562e+04
-7.325820143287003157e+04
-7.790566029222747602e+04
1.482934088523453102e+04
-9.049401229549906566e+04
-2.967792307450358931e+04
8.268410240419098409e+04
-1.683301755843422143e+04
-1.085820336379019136e+04
-4.300735757460756577e+04
7.402393955408781767e+04
-5.941852001769158960e+04
2.213028159166315163e+04
2.248756355563257239e+04
6.182099815397156635e+04
-7.318705130669662321e+04
9.163481206848035799e+04
5.704460586531116860e+03
-3.264586207135792938e+04
6.864971093209664105e+03
4.697558156123865047e+03
-2.087807183136911772e+04
5.849891273125549196e+04
3.765115469702967675e+04
-2.112558131332606717e+04
1.682099136959716270e+04
-5.532668387418908969e+04
-6.459517378650228056e+04
7.991844741802680073e+04
4.494787067386441049e+04
4.612523593554110266e+04
4.937447342829644913e+04
-7.501932997276278911e+03
5.793012632962904172e+04
9.642786170456558466e+04
5.076966823527286761e+04
-7.624513059618955594e+03
-2.844067374990024837e+04
-2.556802557727124076e+04
-4.972597063133943448e+04
4.245556333671673201e+03
4.470562066021520877e+02
1.124769841903398628e+03
2.669189121739452821e+04
9.106464895019310643e+04
3.801043809806188801e+04
-7.873013831024686806e+04
1.019610846862339531e+04
9.274250451248401077e+04
7.827015873955286224e+04
9.774699661090274458e+04
-4.238447199051205098e+04
9.866360474186920328e+04
-5.185166943491648271e+04
-8.405882805959254620e+04
-7.834325624653507839e+04
2.092419454409228638e+04
7.038520029665969196e+04
-8.968283139766224485e+04
2.513264846825812128e+03
-4.189746752925960027e+04
-3.334788318239459477e+04
5.144600316874805139e+04
-2.093167682823333598e+04
-8.829012600039751851e+04
7.589257046468951739e+04
-2.460285768387376447e+04
-6.949388526659985655e+04
-7.861213531306170626e+04
1.914400037205603439e+03
-1.309562143277141149e+04
-6.853872447936637036e+04
5.943697698287261301e+04
8.798513901275256649e+04
-6.906338876130792778e+04
-2.159227886450316873e+04
9.319541144783142954e+03
4.218890869014430791e+03
3.171908412040516851e+03
-5.532983471037828713e+04
6.329775811279151822e+04
-5.584475861944233475e+04
-1.391416830485337414e+04
7.513850727882035426e+04
7.482453267313109245e+04
-3.285601559566386277e+04
-9.544102837194062886e+03
1.151659033862657088e+04
2.600171750445425278e+04
-2.363602603461626859e+04
4.434195076991835958e+04
6.961064014530106215e+04
6.298507784525814350e+04
6.966612276797817321e+04
2.391827818652932183e+04
8.145941397438957938e+04
-5.308410929244420549e+04
4.827242105686897412e+04
5.071940371522060013e+04
-3.311139350497853593e+04
6.915118649213461322e+04
-1.611106528356581111e+04
-8.417803301460223156e+04
-2.404933022918425559e+04
5.170530707604295458e+03
-2.611978064595417527e+04
-7.866505420759393019e+04
8.691726870808098465e+04
-8.885058888020101585e+04
5.249613617317820899e+04
-5.061774984539122670e+04
2.235772429807941080e+03
7.210618284546548966e+04
6.202620808940150891e+04
-9.893952491242947872e+04
6.586127412838168675e+04
9.886237233946705237e+04
6.567009210914911819e+04
-4.324558641333784180e+04
-8.666905689625549712e+04
-2.699246256771900516e+04
6.700430660616082605e+04
-7.931689523463581281e+04
9.356760330583050381e+04
-6.602549129233250278e+04
-8.709192132701887749e+04
8.337707949604434543e+04
6.222341509630437940e+03
2.922998622639827954e+04
1.833786739987430337e+04
-1.834253142710844986e+04
6.254671702891122550e+04
8.830749570987647166e+04
-6.774625457852454565e+04
9.691521565398937673e+04
8.909519183729222277e+03
-9.608725496447978367e+04
8.447612354364807834e+04
-6.346250658883860888e+04
-5.688660774735632003e+04
7.037571810502742301e+04
-9.030947466142960184e+04
8.564888444904109929e+04
-3.870946829462671303e+04
1.061106688281107927e+04
-7.550322987594382721e+04
9.031409058797106263e+04
-8.449411570343755011e+04
-3.698381981673972768e+04
5.494383550750679569e+04
-7.430396155250957236e+03
7.256978277396108024e+04
7.576535132850613445e+04
-7.318197187456837855e+04
1.776706486996957392e+04
3.513282553604236455e+04
1.676215774229101953e+04
-8.840374266395378800e+04
-1.456487021832563914e+04
5.718479459336519358e+04
-9.497086578315560473e+03
-8.856711768960143672e+03
-7.880744783560116775e+04
-1.973595381211981294e+04
-6.934616414569100016e+04
-4.716189311637925857e+04
-1.190225491184470593e+04
-2.847718978270834486e+04
-1.573456090489178314e+04
4.984323472420472535e+04
-7.827175954184237344e+04
4.776229300567213795e+04
1.592104158121332875e+04
-5.358781725245136477e+04
-9.103104525632856530e+04
