4.852414816997968592e+04
1.190137109759526902e+04
3.087971262526694409e+04
3.113251433502713917e+04
-3.453882761378282157e+04
-2.797145852742901479e+04
-2.058680022476673184e+04
-4.451285838963816786e+04
4.345867713718494997e+03
-8.324245742872220944e+03
-1.633139451279448804e+04
5.035162043679535600e+03
4.268913529306829878e+04
-5.494872200140039786e+04
8.862155144367363391e+03
-1.221332569855570546e+04
-1.868946102658446034e+04
-2.862828769370914233e+04
-3.444491019705548297e+03
-5.054897665702869563e+04
2.434284714762619842e+03
7.558911403452626837e+04
1.216976836468481270e+04
2.848188314525579244e+03
-1.064833684941348292e+04
-5.068644244435443397e+04
4.641051410773249700e+03
1.298159007910575565e+04
-4.389272699283391557e+04
3.683303124621119423e+03
2.053144300063624087e+03
1.481533661904782457e+04
4.704937335456163419e+04
-3.884075592611093452e+04
-1.925367986322153001e+03
1.146509506088492890e+04
-3.584632581254094839e+04
3.124018682378469020e+04
-1.445298414729548858e+04
5.103668883604145958e+04
-3.074095443450908351e+04
1.301116666967924539e+04
5.847424324767421058e+04
1.370733829051295652e+04
-1.614809259125206609e+03
-2.552657474290002210e+04
2.360959588186003748e+04
1.583990842695156789e+04
4.372383710953569243e+04
1.759333402980029496e+04
4.044738544351061137e+04
-4.451236657995874702e+04
-6.067655290402340324e+04
6.812296390574588258e+03
-1.381542418530588475e+04
-5.564087414376938978e+04
1.688238043963527525e+04
3.021413660141935907e+04
-3.003758132166935684e+04
-1.828421286434997455e+04
6.546951351224701284e+03
3.820095779289983329e+04
-1.001442073196548517e+04
3.095765181913254492e+04
1.818121232521573620e+04
1.384828340631543688e+04
-3.653884815021850955e+04
1.465201633540946023e+04
-2.211554462048501955e+04
-1.847605032126835431e+04
6.479428582018758607e+04
-4.360379734114900930e+04
3.313926679579040410e+03
-2.248873824084896478e+04
6.631287580389521281e+03
-3.015013468626488611e+04
-4.058174729676260176e+04
-5.289402138138951705e+04
-9.681464014697963648e+03
2.012618679332338434e+04
-4.180434423654539569e+04
-1.668558599925280578e+04
5.124743058395686967e+04
5.052420971710545564e+04
-9.636068350181096321e+03
3.911710822090619331e+04
5.643232261748042220e+04
-6.651038913661486004e+04
-5.506786751399806235e+04
-9.570312635407275593e+03
5.472760055659633508e+04
3.420821492256988131e+04
-1.828500627187690043e+04
3.682632785865798360e+04
-1.895349022017131210e+04
2.895401686145880012e+04
-5.847010686514759436e+04
8.879984057935510009e+02
2.529361117081469638e+04
-2.569330250453370172e+04
-1.548686523385379951e+04
-1.446091034431841945e+04
-6.051928335266436625e+04
1.292579789904545942e+04
1.569903709317169705e+04
6.509863588234865165e+04
2.716754689048088767e+04
-1.212623469411625592e+04
6.810846373677595693e+04
-3.580857291623494530e+04
-6.996311882476404662e+02
1.029148080583086448e+04
1.361559921135675177e+04
-9.300611680584581336e+03
1.766400242719367452e+04
4.517918161231575505e+04
5.160592943394857866e+04
-7.194278068636126409e+04
-5.990263883370750591e+03
2.897148483543931434e+04
-7.731846518447653580e+03
5.573323649645865316e+02
-4.827438628492643329e+04
4.060918135677054670e+04
-2.079282995992104043e+04
1.887819840839949029e+04
-8.295282570014769590e+03
7.160919062678797673e+03
4.118930091931814968e+04
-1.673571861819949117e+04
-3.703744872014011344e+04
-6.585658115602254111e+04
1.328061436912577301e+04
3.995455143604125624e+04
4.365971620278716728e+04
-4.591778847619968292e+04
-1.381363053751655934e+04
-3.428234851425338275e+04
-1.238257572094652096e+04
-5.638063070725382568e+04
7.918424781140140112e+03
3.423880915894679492e+04
5.727542191906797234e+04
7.459035193390371569e+04
-2.771128619103785968e+04
-4.474210433370563987e+04
3.384377199671842391e+04
2.179231074715603427e+03
-1.298617883693967451e+04
4.718981065604998730e+04
4.956532546224240650e+04
-4.577381571972076927e+04
-3.566877906659682048e+04
-2.167946533927655400e+04
-2.086371523074994184e+04
-2.191204124091775157e+04
1.042943039616333772e+04
-2.936972326023640562e+04
1.758585403579788544e+04
3.793901183818425488e+04
2.689293459659938162e+04
2.657721178223767856e+04
8.342425130912346503e+03
5.835784941071257344e+04
3.461825296562837320e+04
6.508234044686546986e+04
-2.537540942703136170e+04
4.939896885967064736e+04
-7.134359351561349467e+04
-2.300398819065187854e+04
-2.853540086705746944e+03
-3.483799693442145508e+04
-2.093830638923494917e+04
2.313273403385048005e+04
-2.047940908426140231e+04
-2.766964123217569431e+04
2.020445430277855121e+04
-4.057822682816114684e+04
-4.638607870364872360e+04
-1.387805016911482198e+04
6.903166686759104778e+04
1.802038426791608435e+04
-1.837015060920116957e+04
-2.313976189773955412e+04
3.634236248500595684e+04
-2.255516890909040740e+04
-3.366398026397599460e+04
-6.011465789256830021e+02
6.357604953768893211e+03
8.529357184381291290e+02
-2.074558878202033520e+04
2.042520472209741911e+03
1.977355807991653637e+04
-2.169901533228043991e+04
3.190899714819869405e+04
9.108856366544630873e+03
-3.670069246739082155e+04
-3.470368493629533987e+03
2.340210323320683892e+04
4.024884947161009040e+04
3.879503731763271935e+04
-9.054380830401876665e+03
5.900938980973157595e+04
-2.901146272310830682e+04
-3.540673525604284077e+04
6.525779066795182734e+04
-4.579683899975837994e+04
2.973788901661141426e+04
-1.672971419481320845e+04
9.837118778526593815e+03
1.753685316300549312e+04
-1.448646083135164190e+04
2.485764798427841015e+04
-7.595866977963079080e+03
1.208038724783240832e+04
1.338322217151123004e+04
1.966379763053078204e+04
5.700692963028508530e+04
1.308223315129013463e+04
5.200653305156282840e+03
1.850929663505786812e+04
5.360121390657759184e+04
2.534327789107667923e+04
-6.964580487799407274e+04
7.155980499539153243e+04
3.378013423949111166e+04
3.343463030717241054e+04
3.383368443390861648e+04
1.769140600149087186e+04
6.350319881963836815e+04
-3.028311952679688693e+04
-6.142616437771457640e+03
3.267971176087619460e+04
8.734740488550289592e+04
-1.146716391694020967e+04
-3.451402372715662932e+04
-3.445001875249773002e+04
-3.202726756818600188e+04
-5.831119154425732631e+03
4.508516318818196305e+04
-6.892603364368982147e+04
-4.953696984623376920e+04
3.727631096773740137e+04
-5.049165199042447057e+04
-2.900573162875268099e+04
-2.774004120885058001e+04
5.401105410746901907e+04
2.634325369012470219e+03
-1.312692304007890561e+04
-1.568007574553807535e+04
2.910817502517106550e+04
-1.032331640269001764e+04
-2.930589763113953086e+04
4.113287474836151523e+04
-2.187976676216314081e+04
-2.185258522287735832e+04
-2.774906716168048297e+04
-2.536394329102172560e+04
4.443807375576707273e+04
3.848173071287915081e+04
-4.613444530181407754e+04
5.614827459949140029e+04
1.037282890170868086e+04
6.641519443237059750e+04
1.537958838802688888e+02
