4.395235467910496482e+03
-7.074386924003662898e+03
6.042766037569125911e+04
-2.331119631467479121e+04
-1.104584232826198058e+04
-2.410837259274957250e+04
-6.567282000848342432e+04
5.441502459830327098e+03
4.457072219064824026e+02
-3.090753212471817096e+04
-2.193127852741274546e+04
7.052129406535543239e+03
-3.251479542269154990e+04
-1.051407771421485813e+04
2.684938674094272210e+04
3.323966870899144124e+04
1.643338428999804091e+04
2.161838965822064711e+04
-2.814763943816719984e+04
5.731686734772453747e+03
-1.558125279866769915e+03
5.665029882593898037e+03
-5.981291329564330226e+04
-1.687452884738572902e+04
-3.236846736674234489e+04
2.240574144549675111e+04
1.448873489284323296e+04
-8.267174701218795235e+03
-3.110811669962554515e+04
-5.304336175669106524e+03
-1.257291508657240774e+04
-3.873890023415296309e+04
2.009429040398461439e+04
-4.735866410829383312e+03
-3.671296791213439428e+04
6.690023397545262924e+03
2.637820584150548711e+03
8.652624105992723344e+03
-1.958248004209720966e+04
-2.539225847638559208e+04
-1.047883749226252075e+04
4.699741589628777729e+04
-1.286519158638397312e+04
-2.029977391477665878e+04
2.699263951422910031e+04
2.217710210192852537e+04
3.876193697583735047e+04
1.760421294994896243e+03
2.025920743329168909e+04
1.360812957444586573e+04
1.441268211949543002e+04
3.337510095119172183e+04
-1.672684848942964527e+04
1.293295891541065248e+04
-1.116197247410330965e+04
-2.207384721825396264e+04
-3.821132605313738895e+04
4.518576451207764330e+04
-4.001757799251577671e+04
2.459830925343811759e+04
1.355483509853584110e+03
-8.080414821509963076e+03
-2.330657144659224286e+04
1.530451000847144314e+04
1.595124978290380750e+04
-2.238352758217762312e+04
-4.219913202330221975e+04
2.356378596501770153e+04
3.932727422785953968e+04
1.574130979433042012e+04
-1.336230540314463951e+03
5.212172101040687267e+03
3.223860173365413357e+04
9.979279809593719619e+03
3.396869596075870504e+04
-5.021185297993401036e+04
3.549495230955105944e+04
4.763187824385912973e+04
2.213861182118746001e+04
1.912121158820411074e+04
1.904461204578327670e+04
-3.709522587468873098e+04
-5.156834453231996304e+04
-2.309957432265636089e+04
1.797580275283686206e+04
-4.312574334131638352e+03
-1.747063817101233872e+04
5.448335308391556282e+03
-3.608836692091552686e+04
1.070824137927932134e+04
2.371911893709021388e+04
2.380353376094709529e+04
-3.744462788122078928e+04
-2.296242868287346209e+04
2.238793239370510855e+04
3.214378128759608080e+04
5.176218977769325284e+04
-1.775816809331196782e+04
9.739284492540926294e+03
1.571544403332403635e+04
5.425511964423599420e+04
2.903452365661013027e+04
5.433146529032607941e+04
-2.661194873838745480e+04
1.606860318894961165e+04
-2.591657018954386876e+04
-2.072834124389335193e+04
4.694446561015183761e+03
-3.764955515295606165e+04
2.540413564158579538e+04
-6.836442433883248304e+04
2.638990107645270200e+03
-1.124645168498598468e+04
-1.891610294387650356e+04
5.006785664255576557e+04
-1.748615503053451903e+04
3.010346270671494131e+04
-6.248496802775503602e+04
3.930160660009630374e+04
-9.522057098951079297e+02
1.857401218717877055e+04
5.250271908412977791e+04
-4.330119384210631688e+04
3.029778182276760708e+04
6.224170234512203024e+03
5.481706135191123030e+04
1.871527368253214081e+04
1.283121414635167457e+04
2.174891912931553179e+03
-3.017098744494057246e+04
3.481484827612637309e+04
1.713707504781842727e+04
-7.421925029463153624e+04
3.131410748776610126e+04
1.553784622610984479e+04
1.601685268298555457e+04
-2.212602927016844478e+04
2.073750444781806800e+04
2.216829015923931081e+02
2.662416517342950829e+04
2.145688477939420773e+04
6.827334398998741563e+03
3.210466995552175285e+04
9.248362397484735993e+03
1.458504581287185647e+04
-5.923493650996040571e+01
1.935783573700381748e+04
2.948196840755067024e+04
3.032541500855252161e+04
2.782031363269928988e+04
-5.156927178393444774e+04
4.876260950109513942e+03
8.598059314485073264e+04
7.158047940099641892e+03
2.063218787939488902e+04
-4.958570136598774843e+04
-4.918711008626023249e+04
8.411438583345632651e+04
3.737798904153257899e+04
5.976509016968061587e+03
4.712094631315515289e+04
5.700315335254273668e+04
4.209849095626691269e+04
-1.613621852926866814e+04
-3.838353839965873340e+04
-9.823214019451825152e+03
5.442153439776352570e+03
7.420175716023263703e+03
3.072893386901103077e+04
-4.935238549702287855e+04
-9.617620172769184137e+03
5.403497077317160802e+03
-4.756841143226688473e+03
2.265227450948925616e+04
5.625881367183396651e+04
4.717103393974332721e+04
1.474345525574752173e+04
4.678319939334793889e+04
-1.090103091033121564e+04
-6.415500541321041965e+04
4.265965118801272183e+04
3.262147691910586218e+04
2.936363199943565178e+03
4.424467926635547337e+04
-4.404839154107444483e+04
3.307565810713532119e+04
3.787466447013706056e+04
4.219072349274965381e+04
-8.476456955608604403e+03
6.225830898751801578e+04
-2.227468991953476143e+04
1.780460272043723307e+04
1.795766288846777024e+04
-3.061436426498929359e+04
2.005518712940003070e+03
2.054112652151931979e+04
-1.861203103235664457e+04
-4.759391296650069125e+04
-1.214301081146204706e+04
-3.404614343475857459e+04
-2.298896884108202721e+04
-5.001578660373539606e+04
-2.270534150273854902e+04
-1.143452632829633876e+04
-2.069909088153340053e+04
-8.308036002818507768e+03
-3.314313244859438419e+04
5.187673312576035823e+04
8.029318984636840469e+03
5.479149471947067650e+04
-6.868246641239586461e+04
1.888371611456084065e+04
-7.130564148749441665e+04
5.842332426673603914e+04
1.892310925424933157e+04
-5.891836747539276985e+04
-1.071636277899643028e+04
-3.030831682271397221e+04
-1.707841988574745847e+04
5.407379990097087102e+03
1.904953246085746287e+04
-2.469024492371974338e+04
-3.157052906668585638e+04
1.952857832462812803e+04
-3.576519434878345783e+04
5.503206172584339947e+04
-9.630505202211109861e+01
-1.776124116128821333e+04
-2.508669368052398931e+04
2.192808624443921144e+04
-2.595547976719668077e+04
-5.028163185143980627e+03
4.609582109520125073e+02
-4.902729883555646666e+04
1.846930332297351561e+04
2.034999450780769621e+04
-3.655692076284899667e+04
-2.239584982714796570e+04
4.095291578683487751e+04
-2.389748457102315297e+04
1.709255094749702766e+04
1.465970664320180003e+04
1.537416611201873275e+04
-8.179231097673718978e+03
5.415424292108366353e+04
2.851424747270037915e+04
3.475407825734469225e+04
1.249507157633088718e+04
6.101517140252565150e+04
2.340921425030432874e+04
6.538398143965848249e+03
-2.789310416343234101e+04
-4.340229015904580592e+04
4.077200649818313832e+04
1.668731115530115130e+04
-2.829612388215547981e+04
6.509135854784755065e+04
2.258389909993314723e+04
-2.615202803633798248e+04
-7.976073015185957775e+04
9.902373446076802793e+03
1.979394334452090561e+03
-3.920959234170669515e+04
2.114514309417263212e+04
2.107353476155128737e+04
