-3.415736318968303385e+04
1.801419158689024698e+04
-1.540348535757677564e+04
1.591300506435400393e+03
5.121324994937041629e+04
6.633780967840790254e+03
-5.157063027337079984e+04
4.986784080373660981e+04
-5.818469052939997346e+04
-5.296879643049394872e+03
-4.995282939250706477e+03
2.179858264432554643e+04
1.595587942628132987e+04
-2.042958883542846525e+04
-2.983382255758066458e+04
-4.177101719605056860e+04
2.907498601400920961e+04
1.729695114334082609e+04
-5.035025607757061152e+03
-3.266904782065304244e+04
2.438592489510934320e+04
-3.422898923300770093e+03
1.132219079787173905e+04
8.322804687432892024e+03
-6.108967982668679906e+04
3.659401856245610543e+04
2.521982848328995533e+04
2.466973133259113183e+03
-5.983491332882094866e+03
5.269756573862268851e+04
-3.060425386828734190e+03
-1.088842541820940460e+04
3.783124766571221699e+04
7.029955255617501280e+02
-7.012529496056502467e+03
1.673899756716008415e+04
5.947386167140993329e+00
5.788081638799492794e+04
4.844083894985618826e+04
-7.030954683059214403e+03
3.288025264572387823e+04
-4.806846865052019712e+04
1.443347487008293319e+04
3.032134762280041969e+02
-5.979537926129364678e+03
-2.233784932235088127e+04
1.034725294834439956e+04
-3.848458384883138478e+03
4.486640199409989145e+04
3.390989664272982191e+04
3.986863248410718370e+04
2.684459534687013365e+04
7.473996260593742591e+03
-2.918910523261827620e+04
-2.654682300776382908e+04
-3.574815360496321773e+03
-1.033501071660275920e+04
1.745819253678395035e+04
2.482614003783289081e+04
-1.661870870026118428e+04
2.747625782222876660e+04
-3.084581944576093520e+04
4.314988464864063644e+02
-6.411705497013390413e+04
5.627154456171650963e+04
-5.559255469369591447e+04
-2.070701214846274888e+04
-5.250473066069312335e+04
4.482044843066469912e+04
-2.547581175381647336e+04
-7.972080703774674930e+02
-1.130841505902841345e+04
-4.538540448016807932e+04
-1.005189951145847658e+03
-4.219075884395139838e+03
-5.823138729419954325e+04
-6.280802881274687388e+04
-4.149194793978340749e+04
3.523670710335456533e+04
3.898952848559974518e+04
-5.133115679474534772e+03
-1.718052497900059097e+04
-9.852113127158274438e+03
-2.795367905982378215e+04
-8.054321377942522304e+03
1.065007285362457151e+04
4.117223919246923469e+04
-4.394974588643265452e+04
3.667190019488231428e+03
3.897104696982960013e+04
2.690037525244890276e+04
-4.442687735920937121e+04
-3.432409001422625352e+03
-3.466731841364374850e+04
7.017307687474394334e+04
1.913123244412359418e+04
-5.163235095138249562e+03
-6.362485842461872380e+04
-6.328579986363810895e+04
7.249616978106982970e+03
-3.190899874046612240e+04
2.956464304669837657e+04
-5.589509040268870740e+04
2.055441024048503823e+04
-4.886362938246168778e+04
3.670894765100478253e+04
5.324532462686201325e+04
-4.506839169477036194e+04
-4.599623713240995130e+04
2.832093683792131924e+04
-1.820419583115251953e+04
-1.636012433128194789e+04
-3.965860935188591975e+04
3.549781532771752245e+04
-4.133116556933919492e+04
5.090878668837216537e+04
-2.910465396176525974e+04
-4.904939271515743167e+04
3.739041200573586684e+04
-3.379207566041375799e+02
5.361390989200364857e+04
-1.579575826959859478e+04
4.189700388713251414e+03
-3.255090547342579885e+04
-2.195095095715568459e+04
-3.047409698473891694e+04
-1.251452778792952995e+04
2.109442006474281879e+04
-2.199187217162458910e+04
4.835608121462306735e+04
2.891152266055678774e+04
-3.496341507654909219e+04
-5.889949116818671610e+04
-8.183873233762448763e+03
1.451677334910089849e+04
1.467727131773974543e+04
4.059345256887155847e+04
-4.529878642274441518e+04
3.363447124631052429e+04
1.401882569166301437e+04
1.317196522150103920e+04
1.675771786362949570e+04
-5.850071165550190017e+03
-2.598893450265350475e+04
-4.803976746506606105e+03
-4.949662770432071557e+04
2.525994743173951792e+04
1.612208424006997848e+04
-3.243420861786862588e+04
3.391958531951838813e+04
3.150566284076745796e+04
1.018727830928094590e+04
-5.231588444964528753e+04
-4.574550801042760577e+04
5.048082309317634645e+04
1.455874551394881928e+04
7.142782829045051767e+04
6.461592583609829489e+03
3.168025529960141284e+04
3.853495411587118724e+04
3.517333302000549156e+04
-7.578460675991583230e+03
-1.340241669952760640e+04
-4.140114919546923193e+04
4.019805188520069805e+03
6.270738779870643157e+03
-3.656504648805159377e+04
-1.846271074860482622e+04
4.877404729218172724e+04
-6.011898383097784517e+02
2.750246886955938680e+04
3.668235906675711158e+04
-2.522385153616117168e+04
-4.862064283409528434e+04
-4.498501011652145826e+04
5.899144973516425671e+04
-2.553779871395458395e+04
-3.782328664948902588e+04
-2.074137573580493336e+04
-2.472661819645119613e+04
-4.533530298532907182e+04
-2.025065526801565284e+04
3.367142599784635240e+04
2.517528516848859908e+03
7.524453634277097990e+03
2.748722330543710996e+04
2.588998976839907482e+04
-4.067911893470781592e+01
-1.079015880936946451e+04
3.919618852667075316e+03
2.839169874716791674e+04
2.950202269127705586e+04
-4.995696894279166736e+04
-1.074303117973392182e+04
5.425948832761535596e+04
-9.277120770797611840e+03
-7.231337043930519030e+03
-1.968395652811934997e+04
-2.854304310993848048e+04
4.604063785396533785e+04
2.498149071326742342e+04
-2.335864801004708715e+04
1.116296438312713917e+03
3.664546916740729648e+04
-4.752358155639828328e+04
-8.469353527940933418e+03
3.842988112645358342e+03
-3.722980779782387253e+04
2.496791742866632194e+04
1.406478059534692147e+04
5.708759949089145812e+04
3.292920391601417214e+04
-3.148943847893665588e+04
-1.603914485937292739e+04
2.364982085383473895e+04
4.502086132231580450e+03
1.803060084124232526e+04
-4.538364788298554231e+03
5.000063592020313808e+04
-2.338386167064081747e+04
2.720122074338172024e+04
4.913946521843007940e+04
-6.670480949595698803e+03
6.550773643675031053e+04
4.063107819794588977e+03
4.325159455932099081e+04
-3.258744730935741973e+04
-4.906775376264081569e+04
2.253131346727352138e+04
3.430550972416940203e+04
-1.401886543428908226e+04
-2.309968994166379343e+04
-1.024939833805465969e+04
-6.460348023292772996e+04
-1.080591253790319570e+04
3.074467868854738845e+04
2.703818622977440100e+04
-4.485361811515355657e+04
5.024279932685809035e+04
-3.816469968305676593e+04
-2.439373879569333076e+04
-1.286979607546931220e+04
3.198334547984104211e+04
2.424751596258277641e+04
4.710381170587779343e+04
-8.433173344469818403e+03
2.500171957270607436e+03
-2.877197820002675144e+04
-8.870190237869344855e+03
6.189930077714378422e+04
8.111542199119488942e+03
-3.751778011612421687e+04
-2.695935483017544175e+04
1.826890342704870636e+04
-4.275621801875020901e+04
4.942917699226834884e+03
5.028929426451340260e+04
6.996519218738218478e+04
2.311225382000938771e+04
-1.994764958335073607e+04
-4.469165516531745379e+04
2.527632513060890051e+04
-4.382688642698950571e+04
3.099103800968046562e+04
-1.038811935250878560e+04
