7.914258675307421072e+04
9.666338467123110604e+04
-8.573118223908030586e+02
-4.862372758654773497e+04
7.438141802437073784e+04
4.569421494095342496e+04
8.457569445182767231e+04
1.579481822558210297e+04
-4.006908886342118058e+04
-4.572443220312224730e+04
-1.615070466545656018e+04
-3.266876344291913847e+04
-1.332143343847409415e+04
-3.204098514967861774e+04
-2.207916824017899125e+04
3.686206607433034515e+04
3.677713796481862664e+04
1.803700416020593184e+04
2.945374847393445089e+04
-2.556640958698168834e+04
-4.011257947699033684e+04
-7.139052243322980939e+04
3.205201994234269660e+04
4.504767852267754643e+04
3.152198350587210371e+04
-3.225140040274877265e+03
3.952213074309559306e+04
2.270400599478067306e+04
2.456914056236537363e+04
-3.523280310623598052e+04
-6.869360551655272138e+04
-7.120082730100186018e+04
6.313191867041961814e+04
-2.655411951947405760e+04
2.169528612477140632e+04
4.889095922953356057e+04
2.173666606857144507e+04
-9.473598664358440146e+04
-5.105747400864649535e+03
-1.170353280732020721e+04
1.439873375364614003e+04
-6.207656796370200755e+04
7.550208169216368697e+04
-3.198362999150268297e+04
-7.550140070050812210e+04
-2.189431615104405500e+04
2.498222467588032305e+04
4.853091375249287375e+04
6.616548598059789219e+04
-3.341886088852537068e+04
-2.442905879916499543e+04
2.213653364339598193e+04
6.226305763449906954e+04
4.279907236233742151e+04
1.828734117994897679e+04
4.611695125562678004e+04
-6.016897841107023851e+04
5.518765255621178221e+04
5.261094783178884973e+04
-7.724739968769515690e+04
-5.192888698413286329e+04
-2.500706782797353469e+02
6.860013751350512030e+04
-7.803685530239157379e+04
3.544128818269902695e+04
-4.927193832858747919e+04
-1.378334737299907283e+04
4.594928951862797840e+04
4.052412113135057007e+04
7.502411738092199084e+04
6.810364476873987587e+04
-1.975778126127207315e+03
1.334144243514281516e+04
1.435765274530237912e+04
2.638224588654948820e+04
3.782026851723193249e+04
5.691454420560113795e+04
-6.729951307718243334e+04
2.204143652490175373e+04
6.476379407645027095e+04
4.161777061743888771e+04
-6.562583905824330577e+04
-3.137687196535424664e+04
-7.176661679679844383e+03
-6.221257394701938028e+04
6.858571508290177735e+04
-6.297834292765796272e+04
5.466184690107913048e+04
-5.668189722054955928e+04
-1.002303756999877442e+04
2.321958892214306616e+04
-3.216392214583987152e+04
-2.164010815209590146e+04
8.474977294080886350e+04
-1.503788905613275892e+04
-7.080697445632255949e+03
-3.975513442610915081e+04
-8.957424995182329440e+03
7.065931716737548413e+04
7.673103154682047898e+04
1.442579471918670788e+04
-6.953742609891043685e+04
1.215196903913107963e+04
6.692249762978254876e+04
9.183965877092130540e+03
2.803032769212888888e+04
5.802466338519294368e+04
-7.404279312753920749e+03
-4.906478863033612288e+04
7.247019511920018704e+04
4.518997214919677936e+04
5.636387766152546101e+04
3.138487873147740902e+04
-5.793666238677949150e+04
2.310585297714818080e+04
3.401016451865978161e+04
-4.633237560511234187e+04
6.318632036807424447e+04
-2.803780071155168480e+04
-5.916780752268440119e+04
-1.998427548836119604e+04
-2.796160770417794265e+04
-5.727383651363773424e+03
-1.471567425508752603e+04
-7.264133760107183480e+04
2.832640006872606682e+04
6.190122978282252734e+04
-7.098564527318661567e+04
-1.026174050110852477e+04
5.148269693812230253e+04
7.760355272350645100e+04
-1.836099152371885066e+04
7.473316644224237825e+04
-4.701730919169619483e+03
6.126690848952605302e+04
-4.268623614233880653e+04
-4.250264251616114052e+04
-7.734501303461001953e+04
-3.415589935067115675e+03
8.355500730502195074e+04
-7.346177152273339743e+04
-2.491381172546280868e+04
-7.694238295978241695e+03
-2.295961155620249338e+04
-2.296122756922544795e+04
-4.499828527142071107e+04
4.930787340111358390e+03
5.038805691629005742e+04
8.185469877803724376e+04
-8.787564728317999106e+04
3.413276552445929156e+03
7.372569789503786888e+04
2.397943433640534568e+04
8.999361275034732898e+03
-9.769080943319591825e+03
5.388469257765557995e+04
-2.555269906956320028e+03
8.411469415571163699e+04
-6.148350188486823026e+04
4.394376860486900841e+04
-7.444192650090840471e+04
-6.517925909269571275e+04
1.774945594081507443e+04
-4.287767111474106059e+04
5.162965552217080403e+04
6.111666631309590593e+04
2.002641594393574997e+04
5.167253508427342604e+04
6.209400148816199362e+04
3.471699060666688456e+04
1.201650928788621786e+04
-7.700075202097230067e+04
-8.973352697014021032e+03
-3.984330396691822534e+04
-6.772412103259947617e+04
5.468629495267629682e+04
6.292936430537468368e+03
-3.386500928537097934e+04
4.563524101175790565e+04
1.525754280346447013e+04
-2.530927864317971762e+04
-4.198671247153590957e+04
-8.072670125617504527e+04
-4.337331704901071498e+04
6.709809407068655128e+04
5.503481228073099192e+04
-1.060249999938960354e+04
8.792341777872566308e+04
4.661166499979136279e+04
9.318005971464673348e+04
8.946335549898176396e+04
8.564623005175634171e+04
6.154948532881655410e+04
3.822214750259625725e+04
2.983339333284574968e+04
-7.296035426205440308e+04
2.919221824444643062e+04
6.182436209374690225e+04
5.452197086015785317e+04
3.341237170597151271e+04
3.370871927841335128e+04
-1.926938659794850901e+04
1.402121082214228227e+04
3.524133735979201447e+04
5.359356079539482380e+03
-7.590152474573145446e+04
-1.930428943956281364e+04
-2.655451104035851313e+04
-2.729215271780894909e+04
7.531858169264804746e+04
3.592895930900505482e+04
-6.870120039858443488e+04
8.569864229329752561e+03
9.583325778060528819e+02
4.219707413165195612e+04
4.126969111745885311e+04
2.805905620973767145e+04
7.888545049211705918e+04
2.519117144757508868e+04
-1.321381008793661931e+04
5.131056792503562610e+04
-1.735978101455476281e+04
-6.497027743770738743e+04
-2.145671622677927007e+04
-6.588135793566681969e+04
9.801070048193940238e+03
4.011977568284738481e+03
7.424343865283600462e+04
5.360957112568005414e+02
6.408714250760218420e+04
3.091211892798883127e+04
7.384173783423494024e+04
-8.671824574796274828e+04
4.169436438320593152e+04
-5.027724324697429097e+02
-8.529761590370588237e+04
2.551665316865660861e+04
3.677400072371545684e+04
-8.448359876464059198e+03
2.973399590603039906e+04
6.977819842173207144e+04
1.955929248878336875e+04
-4.695184844879630873e+03
4.954882514934941719e+04
-3.312891865332548332e+04
-1.587014366593031264e+04
9.279075722880316607e+04
-2.460854158983433081e+04
-6.336091076719383273e+04
-8.477009475097537506e+04
5.434033916326124017e+04
3.255629016420982953e+04
1.049331145057063259e+04
-6.250735641945451789e+04
8.549388999952696031e+04
-9.758358045455582032e+04
-7.378253261643988481e+03
2.767117345140767429e+04
9.284812256828154204e+04
-2.850105308070749379e+04
-5.656674510112284770e+04
-4.071163242472775892e+04
-7.094039803607770591e+04
8.973749100762818125e+04
3.899526345713896444e+04
