-4.189259918030686822e+04
5.348469559966805491e+02
1.979931697638156402e+04
-1.308398996779152731e+04
8.269115147038033683e+03
-3.669442817342586750e+03
4.206755754661831452e+04
-1.259080086399883839e+04
1.977357795138548317e+04
9.681910342412931641e+03
3.671594707140248647e+04
7.277471948756186066e+03
1.220615039781869018e+04
-2.782821525036936146e+04
2.993318454509060757e+04
3.605882053150387219e+04
5.413640042726353568e+04
1.386718370885520562e+04
1.611046451127919681e+04
5.943492107267785286e+03
-4.057280133180598204e+04
-3.246008711919874986e+04
-2.394587262515305338e+04
3.241149320023430846e+04
-9.770254715569051768e+03
3.748341280799562810e+04
-1.573271568453627697e+04
1.000840078197544244e+04
2.494251246569127761e+04
3.908388931955178850e+04
9.065153175437355458e+03
3.935468863482955203e+04
-5.868973258675863690e+03
-2.763971858991754925e+04
-4.034853320076764066e+04
-5.042617250300620799e+04
2.174808828492375687e+04
-3.683336604802465445e+04
3.560266176359824749e+04
-4.963105062285852000e+03
3.054844823931236897e+04
-1.541364808204823566e+04
-2.031224345022000125e+04
1.038801873387515661e+04
-5.339996495609359408e+04
4.290154735703557526e+04
-2.523871359237229990e+04
5.593235499309106672e+03
-4.053431097415739350e+04
-4.709657060607329913e+04
1.583348478504403829e+04
-2.502385619027182474e+04
5.435955328121563798e+04
-3.011136197360714141e+04
2.008541603751184084e+04
-4.160161034448783903e+04
1.987687472491761946e+04
5.191443931453683945e+03
2.579736062780268549e+04
-9.383595519514256011e+03
-3.134884892550515360e+04
5.349378619296554825e+04
2.160612408030870210e+04
1.159145850714856169e+04
-2.214324315037037377e+04
2.548238097192530404e+04
-3.385578372028838203e+04
-2.200169546575831919e+04
-3.095391976068115764e+04
-6.993496274013907623e+02
1.007345063823564851e+04
1.922811061886795869e+04
-3.092499789407414573e+04
-3.524275536948961962e+04
3.655042348489817959e+04
1.187959202276276847e+04
2.583497552773916323e+04
-1.828844650773856483e+04
3.001089066469804311e+04
4.439685212784795294e+04
1.276667963856930874e+04
1.214572245448334979e+04
6.945450431061772179e+03
2.077886741066177638e+04
6.162031489593252627e+04
9.186376908892792926e+03
-4.437982688727185450e+04
2.145712804401846006e+04
-2.319814596631118184e+04
2.007850780878003570e+04
-1.985341806765540605e+04
-4.043351242984543205e+04
-5.682345036169396735e+03
2.413852260268959435e+04
1.000589746570910393e+04
-1.315315558024178790e+04
2.737527177300718540e+04
-5.345419757810472220e+03
-2.430596965917358102e+04
6.699927598401031901e+03
-4.956037564201008354e+04
3.389919847191661393e+04
3.767180151482929796e+04
-2.757396523429017543e+04
-1.892549080533519373e+04
-2.542290203388583177e+04
-6.790479894132365189e+03
1.040218094796952573e+04
1.446863666949127401e+04
-4.223466405335735544e+03
2.163686951842219787e+04
-5.762666899945020850e+04
2.511468418507179740e+04
2.665929181570400397e+04
5.354681923583833850e+04
-2.765034640382825091e+04
-9.517616168802319976e+01
1.016892525645960995e+04
2.176152672234339479e+04
-2.338368537621508585e+04
2.655457039960148541e+04
-8.393790987727549509e+04
-3.387647686312119913e+04
1.211657644709150918e+04
-4.251473908781695172e+03
3.894444939131867432e+04
-3.970552759785382932e+03
2.328688221069620704e+04
2.088403607026065583e+04
-2.545828045551483956e+04
2.578216580422404149e+04
-7.373809300673779217e+04
3.506776314171984268e+04
9.161987606190989027e+03
4.525410901896775613e+04
1.906908614903055059e+04
-4.516251348671311280e+04
-4.216583454210944183e+04
5.404513701231801861e+03
1.831644918357054121e+04
-5.572108462504214913e+03
-8.332588157529509090e+02
5.633489845715613046e+04
2.229445133678918501e+04
2.175868411432225912e+04
-4.808999923479913377e+03
5.960644819144854409e+04
2.374459707809458632e+04
1.748680526433185514e+04
-1.480436160569097228e+04
1.640395960783784903e+04
-2.219589778352324629e+03
1.736945092373411171e+04
2.706883774443393122e+04
-4.321550447814005906e+02
-5.767930773463690275e+04
-2.319741316978108898e+03
5.008883686931407283e+03
3.786799122030365106e+04
3.287555658404686983e+04
4.543528029719960614e+03
6.069368943578215294e+03
4.700012663184890698e+04
-5.577915582950918179e+03
-5.843393128405017706e+03
2.175984111580814715e+04
-3.397515894303280675e+03
-5.364804089197497888e+03
-2.929844897356335787e+04
-4.763713102090175380e+04
1.915469912828595989e+04
7.302504825913741115e+03
-1.820344268491517141e+04
3.779635668554338918e+04
6.949311691084504673e+03
3.886396895559229506e+03
9.890990497848146333e+03
2.552370722312200087e+04
-6.509324688868151134e+04
-1.090082254800190094e+04
1.531175087657222866e+04
2.415924839480135051e+04
-3.043026199106010245e+04
-1.674442028267904971e+04
-5.822020851829484855e+03
9.655935810332199253e+03
-5.410032573143557784e+03
7.025291996092346380e+04
-1.079071681245514810e+04
-2.729581312780809458e+04
-5.042816846761863417e+04
4.399869081704013661e+04
-2.209051482968306664e+04
-5.889648260318626853e+03
-1.404930337304207387e+04
1.570927325767325237e+04
-4.913257173320591392e+04
-1.010458525923322304e+04
-1.193406480014989575e+04
4.189918813998333462e+03
1.285465649414302789e+04
1.884804325292597923e+03
-4.477697940176427073e+04
-3.356438092357641290e+04
-7.838262171020313872e+03
3.873327402001126757e+04
2.383705449065706853e+04
-5.742381196876223839e+04
-3.054325295643792924e+04
-2.172378453627042836e+04
7.113663808617965515e+03
5.267395617823005887e+04
9.428633435444560291e+02
2.246228595434962244e+03
7.272569251912856998e+03
2.176756165893522848e+04
5.283985428608632901e+03
1.881780823825258040e+03
-1.063756289826763350e+04
2.029181620052733342e+04
-6.820341652030035038e+04
-7.132854326222794771e+04
-1.073924575139351145e+04
3.239497196182790503e+04
2.654629317065020950e+04
5.539230444120860193e+04
-2.100389218273949155e+04
1.874520810768344745e+04
3.286769857444451918e+04
7.978676887876451474e+03
-6.736241902799643867e+04
-7.928075147523769601e+02
-1.516932717361984760e+04
9.440068712321695784e+03
3.969226668699442962e+04
-2.314608140290454685e+04
5.432573674610313901e+04
3.598919113892735186e+04
4.298305608169335756e+04
4.255129030155688815e+04
-1.311232205038916436e+04
4.190269399751400488e+04
4.909793424526828312e+04
-1.323891935399696376e+04
4.358871807325079135e+04
7.141528000252882521e+03
1.539398440322945817e+03
4.727179715570237749e+04
1.324180469311152046e+04
1.932103756591270940e+04
-7.351496960961338482e+04
3.832771172702166223e+04
-1.795519014185467313e+04
1.697349260290891834e+03
1.662227283390425509e+04
-4.624494734258444078e+04
2.326265085236865161e+03
2.192851786323131819e+04
1.484914260971073963e+04
-1.798856826274374907e+04
4.547784014636166103e+04
2.051482846071713357e+04
2.191792319434641104e+04
-1.979609994594889713e+03
-1.980196297207914085e+03
