-8.297555964584423054e+04
4.308776840524123691e+04
9.855261171336198458e+04
7.294747749364821357e+04
-3.283219285298097384e+04
9.138087783804246283e+04
-8.957504245309432736e+04
5.115606405083985010e+04
-5.178691108506028104e+04
7.456715317449985014e+04
-3.457276209651774843e+04
-3.251175297998678070e+04
5.247066742426429118e+04
-9.657227625125320628e+04
2.108456041076378460e+04
-8.650577085883571999e+04
-6.192519066145191027e+04
5.223143293954447290e+04
-2.997927006274979067e+04
-3.658925534278032865e+04
5.163977468607533410e+03
-6.426198286145867314e+04
-3.977442264664694812e+04
5.277163222960015264e+04
-5.831821561497185940e+03
-2.648228923135645164e+04
-4.677152717998735170e+04
5.386788308047594910e+03
-1.465620606692317233e+04
-3.882519972580708418e+04
-3.493911397544838110e+04
-9.709425352897179255e+04
3.992014575180567772e+04
8.738600587358332996e+04
-7.741710918864518135e+03
-9.806874277194094611e+04
-7.316195600435508823e+04
-4.896942925026801095e+04
5.709365355946819909e+04
-3.512051511012006813e+04
9.750719184453664639e+04
4.766608808885256440e+04
7.758021570883142704e+04
8.738730728207103675e+04
-9.697353838188936061e+04
-5.628053264004091761e+04
6.855488013807537209e+04
6.010893791726470954e+04
-3.364664245110073534e+04
-2.119905227227971409e+04
-2.615026449244810647e+04
-7.964381178032798925e+04
-7.746084910015708010e+04
3.216525950853405811e+04
9.421117923133955628e+04
9.273780429774403456e+04
-5.039196229818387110e+03
6.734944375110600049e+03
-6.223563400336138875e+04
3.246806918631626104e+04
4.969011592227011715e+04
2.986102300579531948e+04
-3.954193691558575665e+04
5.046449717980882997e+04
-6.942911009798901796e+04
-2.763958835170452949e+04
6.781887717056862311e+04
-9.936882088373908482e+04
6.704405191419123730e+04
7.006028066615825810e+04
-8.432573483007507457e+04
6.615142983756342437e+04
1.018197547407630555e+04
5.350379406853517139e+04
-9.796338993911417492e+04
1.751493118138411228e+04
1.436123422739600028e+04
-5.397347177959061082e+04
8.698324451989310910e+04
-8.345330231011030264e+04
-1.672883189285802655e+04
-7.412075999355463136e+04
-8.092237072847555100e+04
2.625257731243853777e+04
9.453279630970049766e+04
-3.518332137533652258e+03
9.059041691774861829e+04
2.063603415168171705e+04
-3.876837850358767901e+04
-1.076921357030950458e+04
2.935184923986641297e+04
-6.890092851154775417e+04
-8.362942819719758700e+04
-3.908547025882362504e+04
-2.862457608782729949e+04
-3.223625307880175387e+04
5.614718999364036426e+04
-1.759815425750144277e+04
-5.936733762279769871e+04
4.562337721840073937e+04
9.987481119183346163e+04
7.814988875718317286e+04
-6.169272550041716750e+04
5.841268186663999222e+04
-3.971463373310387851e+03
-9.472493547675653826e+04
5.264886269269476543e+03
3.156532221543385094e+04
5.647877155306035274e+04
-4.889192835931113950e+04
4.230750507288872177e+04
-3.748997253321121389e+04
-7.650611074331721466e+04
-5.302920646385938744e+04
8.034977750816478510e+04
2.869832887482742808e+04
1.794556826369107876e+04
-1.033674614183959238e+04
9.189532052258394833e+04
-2.012447594480388580e+04
6.395088074539745139e+04
-4.973235517168568913e+04
5.664804407722783799e+04
3.224345277016027467e+04
-4.714199217832217255e+04
3.770117670276227955e+02
3.601225860482998542e+04
1.364694005556588309e+04
9.718045249050263374e+04
-7.737456679831425390e+02
3.709330638329455542e+04
3.984256129919144587e+04
7.041439975634691655e+04
-4.495295514108972566e+04
4.145754267613365664e+04
1.292883533392298159e+04
4.836284292470505898e+04
-6.386127778428297461e+03
3.837080161234921979e+04
-3.772336598533217330e+04
-9.707715250685616047e+04
9.999535420595188043e+04
-4.180273145051756001e+04
-3.376133818670296023e+04
4.739520955344369213e+03
-5.674089018206395122e+04
-7.960884444887399150e+04
-3.719332450715401501e+04
-5.590463100662233046e+04
-3.383867800371164662e+02
-9.872917053701142140e+04
5.041583665095832839e+04
-2.578861701208857266e+04
1.719428692554112422e+04
-1.979918511455276075e+03
-1.024525180454889414e+04
8.681241492700082017e+04
-4.673324300445453991e+04
5.286365327336594055e+04
5.126525190175403986e+04
1.057428557954459029e+04
-1.401525212078165714e+04
-7.523108635512840920e+03
-9.260953477164971991e+04
1.846592851766399690e+04
9.867549321267683990e+04
5.522073831586762026e+03
2.679245971136876688e+04
-8.244810716502078867e+04
5.156751653482923530e+02
8.395825397755891026e+04
-5.701772273655884055e+04
6.513784523604180322e+03
9.860449624815284915e+04
2.359168461617891080e+04
3.883292811941293621e+04
5.600856435784658970e+03
4.684826410612441396e+04
-8.540399450156530656e+04
8.158821945419853728e+04
1.660161328089174276e+04
-9.775058289546074229e+04
4.664390733508901030e+04
9.299978050315642031e+04
4.443278380197849037e+04
-7.168946436142291350e+04
5.288840125121781966e+03
-3.916589757892228226e+04
-8.470211828571386286e+04
-6.201724764196504111e+04
7.600883058119384805e+04
9.825658885515238217e+04
-9.529932209973773570e+04
-9.793796443080706013e+03
-9.807767113914793299e+04
-3.252488379998519122e+03
1.976210926924165688e+04
-7.706967662214073061e+04
-7.981134826540440554e+04
-1.058688012701363277e+03
1.987083724768375760e+04
2.567446998965296734e+04
8.692005291410986683e+04
-3.418707766168501257e+04
7.422611829942550685e+04
8.324498193580153747e+04
3.714863858482475916e+04
6.735269553044365603e+04
1.712705111606301580e+04
1.054475902710121954e+04
-6.876430025198457588e+04
9.352060622625860560e+04
-2.862145019821648748e+04
7.890960188103879045e+04
-4.693440794220030511e+04
-7.365562310006165353e+04
-3.673547619077596028e+04
7.958959070350366528e+04
6.679329130158113549e+04
2.405019333544786423e+04
6.474639394927821559e+04
-4.489267662241862126e+04
-2.260743916098854970e+04
3.570329861003094993e+04
-5.666745222758135787e+04
1.555461477944369290e+04
-2.574678443829594835e+04
7.284065936328604585e+04
-9.758153177685089759e+04
5.108621326505604520e+04
3.136759710216588792e+04
2.032579846140995869e+04
-2.331022557663467887e+04
3.211107430846718489e+04
-2.541729605463501139e+04
9.138698500924020482e+04
3.244123439593146031e+04
1.195487371712610002e+04
4.228591779661522014e+04
7.871216319956145890e+04
6.515789221256312157e+04
5.374055971438249253e+04
-7.805031014354693070e+03
1.914018446412300909e+04
3.545570572742896184e+04
-9.741394971372543660e+04
1.752617430164947291e+04
-1.401181459871383413e+04
1.383153563882095659e+04
9.579108566207437252e+04
3.168529982587049744e+04
3.138322982031619540e+04
7.844788675869573490e+04
3.150711072320427411e+04
3.038310925005758691e+04
9.706885162258322816e+04
-8.773282670651019725e+04
-1.635813744307156958e+04
-1.545592229575963211e+04
-3.112369475006791163e+03
-2.038645087999737734e+04
-1.475926936312075304e+04
-9.091238654161659360e+04
5.131298684500582749e+04
-1.694604845814923465e+04
