3.722719360655196942e+04
6.858578061003590847e+03
-4.288138123619495309e+04
-4.148651077294121205e+04
1.231247893926864708e+04
9.732698895258382254e+04
8.031458250456755923e+04
6.010583505492992845e+04
-3.725061907897677884e+04
9.673140272337233182e+04
5.910829170903373597e+04
-9.065613110106739623e+04
-8.502398048934566032e+04
1.366393151650534946e+03
-4.667856284544667142e+04
3.501146220741135767e+04
-9.691705179562269768e+04
2.827454844663880067e+04
-8.197017951404355699e+04
4.790050372455152683e+04
-8.527447978102664638e+04
-2.396432954937511749e+04
-6.562933958340447862e+04
-1.324575928829927943e+04
7.873718881573285034e+04
9.265111068483137933e+04
-7.626248948612211097e+04
-5.732180037179725332e+03
-8.415776367363169265e+04
9.372051200526661705e+04
8.138871813737961929e+04
-8.721252641325895092e+04
-6.864762969212781172e+04
1.120367222406430119e+04
-8.992484673417771774e+03
7.804931060918282310e+04
9.761088878178742016e+04
2.508678838344971882e+04
9.724119935735242325e+04
1.430237324096606426e+04
-4.232254637395979080e+04
-2.848704402306239353e+04
-9.100268592675069522e+04
8.504238641651869693e+04
-6.328082300348654098e+04
-1.651722479815914630e+04
6.326054958655739756e+04
5.801727090812232200e+04
-9.129076260777298012e+04
2.106505674703254044e+04
-7.739303157120686956e+04
-2.494535447558391024e+04
2.909015756188651721e+04
-8.440351478895964101e+04
-1.411184219952830608e+04
-2.300443571595473622e+04
5.106541261260433384e+04
-3.985426212457173096e+04
1.492340432851558944e+04
-2.572136566717276946e+04
4.748974482218843332e+04
7.833367659750038001e+04
5.172031473353525507e+04
-8.607368973129440565e+04
-6.643712002805104021e+03
5.709897727583267260e+04
-2.904237327105543227e+04
-9.806214278079947690e+04
4.482745092071715771e+04
5.339041495621806826e+04
-1.842567255127475073e+04
-2.838314463350280130e+04
9.155799657391241635e+04
9.799898534750357794e+04
-9.136429201058520994e+04
-8.109635187299501558e+04
1.127943244293283169e+04
9.695614950790465809e+04
-2.778407172708239523e+04
-3.650584267684811493e+04
-8.693180137009403552e+04
-8.517064800841711985e+03
-7.163297600131036597e+04
1.909346151076353999e+04
-5.117186235284216673e+04
-7.525206209413860051e+04
-5.818644776192654535e+04
6.052267707845713448e+04
5.624655069951242331e+04
-2.647077644703272745e+04
-6.743875958816030470e+04
-7.391455721785298374e+04
-3.342507272119733534e+04
7.048705555705034931e+04
-8.464658014786102285e+04
-4.275122568314931414e+04
-7.606338406360146473e+04
9.016005806379793285e+03
-5.672432083373334171e+04
9.135472055593466212e+04
-4.968699940986880392e+03
-7.341852837062098843e+04
-7.695805112351820571e+04
-1.550171295668262428e+04
-4.691396575896417926e+04
-9.267288704770310142e+04
1.583184130773642755e+04
-2.211906789898982970e+04
-1.354522287836363284e+04
3.140881829532122720e+04
-8.292034906153359043e+04
-7.910926826483526384e+04
3.775162949687540822e+04
9.259230609725485556e+04
9.780119075182209781e+04
-6.064310688465105341e+04
-2.195583515029583577e+04
5.022678282722736913e+04
3.864292430220264214e+04
6.183174268430610391e+04
4.444439611623198289e+03
7.827111864602406058e+03
-6.779819506764530161e+03
6.778291885814130364e+04
-8.195824944739861530e+04
9.185173687391604471e+04
1.949032314467513061e+04
4.973295992876785022e+04
-1.579824629729855951e+04
5.421826178555198567e+04
-1.996462088126489107e+04
-6.838465772984219075e+04
-2.464393065397591999e+04
6.560418558337358991e+04
-4.649036826496254071e+04
2.539508694546246716e+03
-5.352289014204012346e+03
-1.506572567615027401e+04
5.429284620498110598e+04
-5.264451786155334503e+02
4.855893111448222044e+04
6.351749634981573035e+04
6.522019772510248913e+03
8.894226623625443608e+03
-6.955264652356883744e+04
-7.922001236484314722e+04
-8.895240531914995518e+04
8.139411421667289687e+04
3.101561131979497804e+04
-5.627383268107794720e+04
9.960324335543443158e+04
4.720280113097904541e+04
3.160187919772990790e+04
-4.871589888165117009e+04
-4.001679980085785701e+03
8.406319908641590155e+04
-6.628092463370480982e+04
3.634933893331648142e+04
-4.016058446576477309e+03
-8.418598083360806049e+04
-9.006841199889313430e+04
6.162959009630426590e+04
-6.707669626664143289e+04
-4.442117933176471524e+03
2.221666712392517729e+04
2.037933534353329014e+04
-5.732129398165053135e+04
-7.365786945534030383e+04
5.093223357943130395e+03
-9.443634279091513599e+04
-2.997101176260893044e+04
-5.857053170761690126e+04
-5.212014980602698051e+04
8.893307271383672196e+04
-6.205781839306197071e+04
-1.299299590940601593e+04
-1.498262451497131769e+04
9.341647063568443991e+04
6.390400950449658558e+04
-1.860053046644383357e+04
3.912673967644206277e+04
1.947235494390730673e+04
-1.253985747569690102e+04
5.407432791969309619e+03
3.064241945412128916e+04
8.740523131045659829e+04
1.363449183109755359e+04
-4.264230116992663534e+04
3.643011508601958485e+04
7.215910038582068228e+04
3.407181185008768807e+04
4.733246492298291560e+04
8.212264731570941512e+04
-7.973123669398047787e+04
-8.380127723598096054e+04
-5.057670585773928178e+04
7.848482801533509337e+04
2.931576648268830468e+04
-9.199185364401518018e+04
-9.195818355449968658e+04
-4.896274934551813203e+03
8.537273261280616862e+04
-4.185974353353890183e+04
-8.060416766123926209e+04
4.000139235292772355e+04
-4.968980313875108550e+04
1.675251485193124608e+04
7.637871954226675734e+04
-3.193782348515357444e+04
3.954092476458346937e+04
-4.215566856526384640e+02
-3.324666083693842666e+03
5.918085043519530882e+04
3.354367446897471382e+04
7.210713692657731008e+04
-6.681573315443929459e+04
4.005212876612762921e+04
-5.349521585632045753e+04
7.856017524496141414e+04
4.736843404029797239e+04
2.671587998978217729e+04
-4.351539325162571186e+04
-4.693251622621609567e+04
-6.048622716469965962e+04
-2.092578651745374373e+04
-2.152124260504385347e+03
3.558195360012367018e+04
6.427583221689260245e+04
1.995963746442606066e+02
9.149034269845930976e+04
-1.540487710250590862e+04
1.183152250200694471e+04
8.530174198953814630e+04
-6.324029761303298437e+04
9.603645698614748835e+04
-5.415011596760372777e+04
-7.187650759640638717e+04
-6.958408575880885473e+04
-7.830611034334108990e+04
2.275992054217941040e+04
-7.305431132311688998e+03
7.837637760375780636e+04
-6.939898421015449276e+04
6.496081537182071770e+04
5.160010251628350670e+04
-5.528981272847038781e+04
2.081681037586037928e+04
-6.197588012000276649e+04
-5.458001875599753112e+04
-5.755457800423162553e+04
-2.659983148967020315e+04
-4.415387274581790552e+04
-7.373273967289549182e+04
-2.835535814061681776e+03
-1.452298463485553111e+04
-9.166774817442480708e+04
8.077710137544386089e+04
3.420244958929628774e+04
-1.953055045093123408e+04
-4.929837901481438894e+04
-2.804709846208792806e+04
2.930553186595241277e+04
7.446392215995724837e+04
8.806688951526170422e+04
3.514009157229436096e+04
