5.298308782401280769e+04
4.270232019325218971e+03
-5.624043102333000570e+04
-4.485447451804561751e+03
9.870367270330294559e+03
2.263411138267258502e+04
-7.178075961427776201e+04
8.561884922691264364e+04
-4.618992570082736347e+04
6.230795321248316031e+04
7.453267431335034780e+04
6.165529367129631282e+04
-9.970124637759328834e+03
-2.928655596816838079e+04
-3.081490923998647486e+04
-7.167114666845189640e+04
6.079587245864464785e+04
-5.298760417218851217e+04
3.531609366184020473e+04
-3.032592049935700925e+04
9.773163736196704849e+04
5.550778271686473454e+04
-9.164949119792405691e+04
-1.425076955652583274e+04
-1.894448977930255569e+04
7.386006934663187167e+03
8.606364699253019353e+04
-5.174282123277077335e+04
1.442130245160886261e+04
-7.254534477410478576e+04
5.897420541044523270e+04
-4.269832721034280985e+04
4.949401303476745852e+03
-5.193203092831935646e+04
8.809510840934090083e+04
1.130265369098430892e+04
-8.532478380428424862e+04
8.530103390304444474e+03
5.720394840217496676e+04
6.415844105054461397e+04
7.516610389579193725e+04
-8.614081000683053571e+04
-3.805495975419826573e+04
-6.911487336653092643e+04
8.483387229309168470e+04
-6.656021103413042147e+04
-6.682606971684820019e+04
4.737625317113640631e+04
-8.595516422553268785e+04
-6.454816831025600550e+04
-7.644189571490825620e+04
6.546249444330370898e+04
-6.569923055879547610e+04
-1.583387159233561079e+03
-2.234591630635056208e+04
9.300398006859786983e+04
-1.436736370845943202e+04
-7.107060080823795579e+04
3.247638485519056849e+04
-1.203191506507940358e+04
5.736995203190971370e+04
-9.288644415019029111e+04
-9.281318454582948470e+04
-7.840588321124034701e+04
-8.260635032776328444e+04
1.594504231176177200e+04
-3.588525928298593612e+02
-5.465970079225402151e+04
7.456214541319956879e+03
-2.984046173650461424e+04
1.745461434162708611e+04
3.608991817845504102e+03
-8.820116276128688696e+03
6.592665099282981828e+04
-4.594644030831703276e+04
5.276311291712475941e+04
-1.724187386356389834e+04
4.653418571739000072e+03
8.507042997227633896e+04
5.029969360343788867e+04
-6.942996967135122395e+04
-3.472876796933489095e+04
9.798311664383907555e+03
3.569382657916357857e+04
9.827649976089860138e+04
3.199987261743588533e+04
-8.270159531492243696e+04
1.094237423659074193e+04
9.041345426272884652e+04
5.732882729529248900e+04
-9.728993706271488918e+04
5.117294305311015341e+04
-2.939821624797059121e+04
8.069673274564134772e+04
-4.443986287306091253e+04
6.068888223107855447e+04
-2.382446472578640532e+04
3.877288715673354454e+04
-9.966968991652857221e+04
-7.202206252133153612e+04
-8.940576138246853952e+04
5.756193420968153077e+04
-8.198468641217151890e+04
-9.910996702038982767e+04
7.116917489844927331e+04
6.130888476629016077e+04
8.696624927088231198e+04
3.467783277036408981e+04
5.006772504202026175e+04
1.601066733176540401e+04
-8.816511855989828473e+04
-8.765806489690778835e+04
4.320729754321894143e+04
-4.668760816340983001e+04
-5.657108628761287400e+04
4.764563892435336311e+04
7.305921371207853372e+04
6.384092923167382833e+04
-7.893128861696251261e+04
8.056267027815000620e+04
-1.182702434070192430e+04
-5.969912333815496095e+04
-9.846263132088282146e+04
-5.781353547300307400e+04
-6.814189893104096700e+04
-7.380623410101607442e+04
3.858290230736987724e+04
-9.115576755934045650e+04
-5.334298164907198225e+04
2.884412047365655235e+04
-9.329485506558429915e+04
-9.117140224686751026e+04
3.711668237169607164e+04
-7.281749798763779108e+04
-9.532344045865292719e+04
-5.178899489571113372e+04
1.969149522579605764e+04
4.376210349275772751e+04
-9.980537538647277688e+04
-5.686872654412066913e+04
2.216926724937093604e+04
-8.099446439277552417e+04
8.710638624868224724e+03
-5.230575661148920335e+04
3.475442562104085664e+04
-9.373703704166220268e+04
-4.558564963642620569e+04
-1.739784939065878643e+04
6.331049707456854958e+04
7.795438339412226924e+04
5.194035450675142056e+04
1.043408070940414473e+04
-3.306303018517180317e+04
-8.557285362737584364e+03
-9.128723010851372237e+03
5.774116688264942786e+04
-3.013956498335304423e+04
8.318754236257387674e+04
4.049776930865131726e+04
7.500286979686380073e+04
-9.088818320595074329e+04
6.989448516218253644e+04
-8.856344149878363532e+04
-7.017662522157625062e+04
8.413476622903411044e+04
-7.185202273162100755e+04
-2.554289591008223215e+04
-9.319535003366938327e+04
7.379398266316216905e+04
-4.008856396231746476e+04
-1.455517962086464877e+03
5.918535880058720795e+04
-3.308010631289038429e+04
-7.258025328762190475e+04
-8.830215198624065670e+04
2.767942555010121941e+04
-1.251079792863285547e+04
-6.884173819866070698e+04
-6.078003294913220452e+04
-6.028249294485970313e+04
1.669068739913790341e+04
5.935200986897612165e+04
9.154222323450316617e+04
3.691132666196710488e+04
5.530441905255326128e+04
-5.853321726057234628e+03
9.357997194328131445e+04
-7.281442785397925763e+04
-4.068774656742726802e+04
-9.002989967631938634e+04
6.674420177916623652e+04
3.663807279253554589e+04
8.068828256078953018e+03
4.891046503554212541e+04
3.506086792786700971e+04
8.541588824459549505e+04
-3.981816953869193867e+02
-5.858715629830404214e+04
-3.454260446081670671e+04
-4.916092546064352791e+04
7.219903248000748863e+04
4.999060145910805295e+04
-3.465243562704676151e+04
-2.386621371817668478e+04
5.390335093625973241e+04
-3.128279799153624117e+04
3.327393781164955726e+04
3.055371275875220454e+04
1.986427135545543570e+04
-2.091243719134598723e+04
-7.824529342315709800e+04
-5.855201212604499597e+04
-2.117003455867687444e+04
-1.299566426412694636e+04
3.016497569100816690e+04
1.140365172356997573e+04
-5.804606094938316528e+04
6.900102245162939653e+03
2.987769037365799886e+04
7.926682749938849884e+04
-1.508419302045843688e+04
8.827949516573434812e+04
-9.938009893166912661e+03
-4.632646056376638444e+04
6.541568398162188532e+04
3.393151925752277020e+04
-4.412781023208292754e+04
8.960476900418220612e+04
-2.168449720349874769e+04
3.932308245715264638e+04
4.370106847951091913e+04
9.437714317728337483e+04
-2.495883999199599566e+04
5.086946451500941475e+04
7.800584846539558202e+04
5.871101986348973151e+04
2.453359726885495547e+04
-5.797345761365250655e+04
6.501567622496391414e+04
9.941593867951587890e+04
-9.690660927904978962e+03
6.209146020718500949e+04
8.082366616092588811e+04
-5.167939542284391064e+04
-7.394828911800430797e+04
-9.910475548152469855e+04
8.498822078802422038e+04
8.068591328698961297e+04
4.368733523578775930e+04
2.016310935439553214e+04
9.202438119677486247e+04
-6.123294815864986595e+04
-7.645780774106243916e+04
9.818766978595907858e+04
1.348972080634803933e+04
-5.460155081258367863e+04
2.954983155448319303e+04
8.882622989705350483e+04
-1.671791812863915402e+04
6.301954030589576178e+03
-9.819109899077635782e+04
-1.619610241151800074e+04
4.326024251021895907e+03
-9.369140139352247934e+04
7.040584100973277236e+04
