-5.645709659031975025e+04
1.789979880026073442e+04
-6.202328401539067272e+04
9.176934476508088119e+04
6.349092710595093376e+04
-7.256442358678421442e+03
-5.945762998828999844e+04
-1.805825565320536407e+04
8.858066466088121524e+04
-1.611953829170366407e+04
5.879039946045772376e+04
7.780223502379588899e+04
-3.337722911336811376e+04
-3.380270567048120574e+04
-5.222090540991206217e+04
-1.551731015979464792e+04
7.604106628650618950e+04
9.611001275142723171e+04
-1.177526151216766266e+04
9.074780858677411743e+04
-1.220263371301614825e+04
7.660544787130311306e+04
3.387999231807256001e+04
-5.956300737749537075e+04
3.789658209347843240e+03
-6.915828351613455743e+04
7.745874456380978700e+03
7.092534331835234480e+04
1.156907539537974117e+04
-1.915527501926579134e+04
-9.828350148985383566e+04
4.865031552503283456e+04
2.731523392909036193e+04
6.871208655899067526e+04
-9.279831521004067326e+04
-6.636152409831567638e+03
-4.522080767070056936e+03
-2.146752024279255056e+04
-9.895064432749569823e+04
8.904935282432106760e+03
8.293917209935697610e+04
-8.237071816243338981e+04
-7.692896925036252651e+04
-6.994932456323136284e+04
-4.914331943095276802e+04
1.828211445564504902e+04
4.406129855578891147e+04
-9.594832128260657191e+04
-4.333708265315267454e+02
2.198608587094820541e+04
-3.610660411710597691e+04
-8.186668008307031414e+04
3.357326315241916018e+04
2.693216829970951221e+04
-8.249509827131549537e+04
5.050435760925133945e+04
-7.784290442161847022e+04
9.308046202806987276e+04
-2.578241357820474514e+04
-3.122120757409866928e+04
-7.877802944908131030e+04
8.626709376548953878e+04
-7.994674294672060932e+04
-3.238796459483100261e+04
-6.410804713104425900e+04
-9.062408608298266699e+03
4.987240102900815691e+04
8.642047236865230661e+04
-3.430142615938753443e+04
-1.746130116101164458e+04
-8.196176036601325904e+04
-1.439331706193466562e+04
3.940697443392661808e+04
-2.729595748892580559e+03
-1.132673497404418958e+04
-7.850053869647430838e+04
-5.513239758810042986e+04
3.752513489311823650e+04
-9.739373151719768066e+04
2.740744360776778558e+04
-7.261546568021705025e+04
8.726675152458102093e+04
-5.610879654032662074e+04
1.183222948609788182e+04
-7.801717384865776694e+04
-5.098844936831234372e+04
-2.150634236517023510e+03
-3.588460139838962641e+04
-1.750931596501866443e+04
-2.215816267990861434e+03
3.384394108630686446e+02
-9.466713251935609151e+04
-5.627759830720804530e+03
-1.145785809523874377e+04
4.602266726575537177e+04
-2.329578255232012907e+03
-4.651700190532186753e+03
1.333877367509300711e+04
3.216175217614342910e+04
8.162530529511236819e+04
-1.718103135815687665e+03
3.052748187623218109e+04
-2.399508761516594313e+04
-9.278191899265802931e+04
6.576769011708557082e+04
-3.796015420577159966e+04
3.111519090447166673e+04
7.122930696173147589e+04
-5.011480861343591823e+04
-2.919117303633940173e+04
2.842715382103010415e+04
-5.609993680957244942e+04
4.735718149365056161e+04
7.044923142631194787e+04
-1.474753516659485103e+04
9.979617871470341925e+04
-8.688259448586268263e+03
-6.258145310069342486e+03
-5.718998695373291412e+04
7.740133994822684326e+04
5.217651535868439532e+04
-5.011188297824051551e+04
2.723509313284552991e+04
-4.576211245687857445e+04
-1.462149387692514938e+04
2.481463599354022881e+04
-9.150976969980598369e+04
-1.429925208943810139e+04
-1.230167324118511351e+04
3.758701945118665026e+04
3.452168037498731428e+04
-3.775086510506730701e+04
-4.038842484995355335e+04
-8.966035488756008272e+04
-2.475844142723489858e+04
5.091439667113726318e+04
-8.364430673078972904e+04
-3.635083165769591142e+04
-3.300941232814254909e+04
5.701399758739784011e+04
-9.867959915313901729e+04
5.761160631767939776e+04
6.068524115959698975e+04
7.020130678889283445e+04
3.254659852616967328e+04
1.238793872416923841e+04
1.620897460834880803e+02
6.191226871538002160e+04
7.815104494908505876e+04
3.537148957763775252e+04
7.357012217329547275e+04
6.833440771978485282e+04
8.120524186616859515e+04
-3.963733319985969865e+04
-9.086873483359650709e+04
7.690734791116279666e+04
-9.757914052136018290e+04
4.456203677127139235e+04
-5.480847547500176734e+04
7.975720532063582505e+04
-2.706713101134961107e+04
5.154804543952137465e+04
2.361533284852835641e+04
-5.860539345197084913e+04
-5.467917799109593761e+04
-7.376632605110642908e+04
-6.241857014775978314e+04
5.739493604746594065e+04
3.415588656213854847e+04
3.025991762538111652e+04
-8.791030427289042564e+04
9.684433652977320889e+04
2.804148164141303278e+04
2.792261298881139010e+04
4.945112535847018444e+04
5.250975840084835363e+04
-2.963075931371256229e+04
6.010805779731932853e+04
-3.076149698962298135e+04
-8.358799525937980798e+04
3.871496896132137044e+04
4.865352332150834991e+04
-8.596247830698669713e+04
9.345352678790077334e+04
9.469402663996127376e+04
-7.329481270134875376e+04
-3.680867781285009551e+04
6.948310893932495674e+04
6.698027389357930224e+04
-1.141149712436057825e+03
2.519365548947410207e+04
4.326632431533750605e+03
8.773074160018090333e+04
4.430388566777599772e+04
-3.983432141394603241e+04
1.948884927433445773e+04
-9.958009637844588724e+04
-9.563322751854189846e+04
-7.936796480571923894e+04
3.276107969431841047e+04
4.538741476252284338e+04
4.849811887673085948e+03
-4.859887799296999219e+03
4.973682999978883890e+04
5.971488132890309498e+04
-8.195594909808083685e+03
-8.443324650950885552e+04
-1.320933345213587927e+04
-7.533319526147886063e+04
6.737146322099311510e+04
1.965961745844852703e+04
9.799921067601922550e+04
9.826464191356580704e+04
4.017990217767576542e+04
7.923280887782693026e+04
7.358736920061148703e+04
2.841161774939493262e+04
5.906457125711992558e+04
-1.968498786004034264e+04
-7.786148632507909497e+04
-2.431145242636215698e+04
-9.879332577012426918e+04
2.675974879878782667e+04
-6.639100600190812838e+04
-2.092750714786219760e+04
-1.150485637887236862e+03
3.572937771557739325e+04
-9.019463148167711915e+04
-4.160531326653076394e+04
4.500026484489101858e+04
-3.707132437629541528e+04
-4.656000828058065235e+04
8.019528844036759983e+04
9.896015382681773917e+04
3.603191799927947432e+04
-8.365642293829952541e+04
9.142790225645755709e+04
-1.725262082626588381e+03
-1.818098272577969692e+04
-7.219675251503341133e+04
-1.321197892698623400e+04
-4.648618148572061909e+04
5.604060594453204976e+04
-9.901430592335610709e+04
-4.270624471547675057e+04
-4.120740312615391304e+03
3.536320773534643376e+04
9.479174182174141606e+03
-5.258879761092194531e+04
5.815892817219398421e+04
4.411972610562927002e+04
7.446171800789907866e+04
3.359255270396328706e+04
-3.613698189618706965e+04
1.880149289090413004e+04
-8.701296768708121090e+04
-9.982307190539635485e+03
-9.137632889937283471e+04
6.820302259072939341e+04
6.902095428467927559e+04
-1.167858448020363176e+04
-4.446367404157523561e+04
-2.136205968807367026e+04
8.190270278275254532e+04
-5.778203624495035001e+03
