9.445536884626912070e+04
-9.441108260463928673e+03
-6.958020805793984619e+04
7.002462918227363843e+04
-3.780888990994296910e+04
-9.316790469713260245e+04
-6.696188727162305440e+04
9.974210050768943620e+04
7.386875249275866372e+04
8.616787360431253910e+04
-2.263067875518307847e+04
9.008420707269404375e+04
-4.951631026921133162e+04
-1.153428321447173403e+04
1.630668392064988257e+04
4.914302405170507700e+04
-5.108730533360645495e+04
-9.183180515065950749e+04
9.539285166418339941e+04
6.743926885732659139e+04
5.441409004007565818e+04
-2.742293706978455884e+04
-2.995374463232582639e+04
-3.112816870419203769e+04
2.025873645755577309e+04
2.945536111250902832e+04
2.379113184739718690e+03
-9.392159342053889122e+04
-8.241791970587028482e+04
-8.610366323826182634e+04
-7.833310788472738932e+04
9.426092015398466901e+04
5.498634474644291186e+04
8.468133585386734921e+04
-4.126286677989293094e+04
-7.172590447303740075e+04
-2.269858085074988412e+04
4.502793326042419721e+03
-2.563688571851600136e+04
-1.865372150265842356e+04
9.928986483460030286e+04
7.609451844339989475e+04
-3.264979623733215340e+04
2.838744614578843994e+03
-5.619114949215422530e+04
-3.988206768591769651e+04
6.873196293790786876e+04
-2.865617285226930107e+04
1.907468538189037281e+04
-2.921413314136116605e+04
-6.876110224212252069e+04
7.244130148683491279e+04
7.687270452919053787e+04
9.810219789422414033e+04
3.135930884918944867e+04
2.761541907475168409e+04
-2.244470826355065583e+04
-9.994805219785157533e+04
-9.217648774691306244e+03
-8.664230787573753332e+04
8.565824584905183292e+04
-7.808611271365612629e+04
-2.163759324898947671e+04
1.006123754583166374e+04
-8.119859290091881121e+04
-8.658215343294011836e+04
-9.077320791502796055e+04
6.292122646154462564e+04
-4.840918251075653097e+04
-2.265833585898346064e+04
-3.873956107739709842e+04
9.573109858313525910e+04
1.632186223504626469e+04
-5.596446641863101104e+04
8.377638019052321033e+04
-5.285689567002178228e+04
-3.568739765404099307e+04
-9.337552288011828205e+04
-2.288092241094659039e+04
-7.175844764913691324e+04
6.880934829769194766e+04
-9.898685979175452303e+03
-6.225798321801974089e+04
5.669202760027193290e+04
6.380101428517136810e+03
-8.012281467643172073e+04
1.953737568315779936e+04
7.217252906081283072e+03
-9.369335279857079149e+04
6.946209168777411105e+04
-2.690901736601563243e+04
-8.866445708807338087e+04
-3.515903308799450315e+04
9.116966981309711991e+04
2.114028379837075045e+04
-9.234191689217758540e+04
3.366679646962600964e+04
-2.238381223334561946e+04
1.575176886982990618e+04
1.703305694007394413e+04
9.696873833029175876e+04
-2.511528206725075870e+04
9.964558870404055051e+04
-4.917114480624424323e+04
3.276095402430035392e+04
-8.972526016416058701e+04
2.642916754980434416e+04
1.720931459117188933e+04
-4.885869699204297649e+04
9.369684849622307229e+04
-4.318711818298804428e+04
2.365912109652116851e+04
7.309929097322259622e+04
3.514890592447277595e+04
-5.825574558898510986e+02
-9.663004946251158253e+04
9.254201106846216135e+04
-5.652057079693240667e+04
2.385141429235902615e+04
1.694426664272951530e+04
-9.731595822145513375e+04
-6.801595955749801942e+04
-5.719208640224613919e+04
6.962424800366342242e+04
-4.431248374300786236e+04
1.758749082740724407e+04
2.941000323273521280e+04
-4.382661496719923161e+04
-1.720430998901207204e+04
9.389966700948162179e+04
7.424131265095395793e+04
8.755903569896426052e+04
-8.734954339258937398e+04
-5.676648464672856790e+04
-1.183862508468915075e+04
-4.593711515019051876e+04
1.084021890341967082e+04
1.492481764522303274e+04
-2.987938862614578466e+04
-4.930424552888641483e+04
9.852493549588153837e+04
8.885922365496426937e+04
-2.766478415228979065e+04
-9.974197773926681839e+04
5.235280364414257929e+04
7.124344458835963451e+04
-2.438635369307745350e+04
7.824067860301488508e+03
-3.499035945784880460e+04
-7.942563992685922130e+04
-9.761918459736801742e+04
6.057136413718232507e+04
-6.448168726350695943e+04
9.014330065779923461e+04
8.579941768283587589e+04
4.185636814288509049e+04
3.825812588022545970e+04
3.234377863514708952e+04
-8.969372416944694123e+04
8.899888411772885593e+04
1.792538986322609344e+04
8.037160151483776281e+04
-7.350747557310089178e+04
-4.324898069530781504e+04
-1.844062497141437052e+04
6.187993846854540607e+04
2.948369241232165223e+04
1.641148338253995462e+04
6.570962401742470684e+04
-2.303330520758234343e+04
2.210235134717915571e+03
7.217130928151625267e+04
7.764300532846075657e+04
-3.697415100219818123e+04
-6.023494596618397918e+04
-5.218973098799806030e+04
-1.960448946011757926e+03
1.799932158546155551e+04
-6.500683949006067996e+04
8.682470186971103249e+04
9.648877244676757255e+04
-5.473913723053642025e+04
-7.354876704879345198e+04
-5.320685043622402191e+02
8.183800443957114476e+04
-6.806582076906890143e+04
-8.191210701315611368e+04
-9.054378113308019238e+04
8.919255285390851213e+02
-6.787896449006430339e+04
9.326675026385516685e+04
-7.219221414749010000e+04
5.990572505135570100e+04
-9.379537390700749529e+04
2.981585924413826797e+04
-2.438623718303724308e+04
-3.400912558316304785e+04
7.540544455920992186e+04
-4.478204761847993359e+04
3.981498686544206430e+04
5.665920406554211513e+04
-1.710399895250387272e+04
-2.894294792624521506e+04
7.153248207114257093e+04
5.742902506077710132e+04
9.148699274804134620e+04
1.723284295208711410e+04
8.440736525552622334e+04
-1.261313774310942608e+04
9.046745117864938948e+03
-8.005809042012362625e+04
-5.308578154365959927e+04
-2.112251087596161597e+04
4.395794627209955070e+04
6.630367656331133912e+04
5.199283984161409899e+04
-2.201179481075850708e+04
8.739122439570816641e+04
6.540293488365650774e+02
5.040987340432743076e+04
4.540952211746704415e+04
-6.752715348031338362e+04
6.630052849915588740e+04
6.761526466545647963e+03
-8.791894145117441076e+04
5.814164927423484187e+04
-5.054589842896731716e+04
-7.566455646498281567e+04
-4.327065315291850129e+04
1.591752266713482823e+04
-3.621486784818415617e+04
9.775466371533088386e+04
9.849896920995479741e+04
9.931922910491941730e+04
-4.671184187336311879e+04
1.066266086574428118e+04
-8.769208784687562729e+04
-3.497050970951989439e+04
4.944840775106634101e+04
1.561280078207960287e+03
7.209799269069732691e+04
7.080855007501113869e+04
1.820169015367296015e+04
8.658740280989671010e+04
-2.688386911510911887e+04
-9.396851379654232005e+04
-6.725071859422478883e+04
3.935489070974473725e+04
-4.854729291091908090e+04
-8.383608401923162455e+04
-3.058795493391104901e+04
7.733411730916368833e+04
1.886348065915478583e+04
1.880781806775267978e+04
-3.731965274963226693e+04
6.287913991585633630e+04
4.050755662014201516e+04
2.055314329846647524e+04
-4.924002433167727577e+04
2.607462764478149256e+04
-7.052188488728993980e+04
9.990225695587456357e+03
8.226578265212044062e+04
-1.814255449589867931e+04
5.201756019983402803e+04
