3.498534353600558097e+04
-1.841520098390715793e+04
1.507832739526618025e+04
-8.687063704649588908e+04
9.417809648553399893e+04
-9.109510046131249692e+04
-4.136227009735126921e+04
-6.057348062502284301e+04
7.026196156530872395e+04
-3.391938296093051758e+04
1.867006453549539219e+04
9.502902514259776217e+04
5.125438381878822838e+04
-1.139118445203475676e+04
4.887636900786822662e+04
-9.868848477937777352e+04
6.803330201101310377e+04
-9.988470033404148580e+02
7.015294678258210297e+02
-9.189005261207764852e+04
9.619371122765148175e+04
-3.446157614678973187e+04
-1.263319415790550192e+04
7.022300628972415871e+04
2.333379348474214567e+04
-9.925145583233116486e+04
-8.103833995105836948e+04
3.176870672028177432e+04
-7.459263372106636234e+04
-7.904181980458369071e+04
-6.401930566928397457e+04
3.267622319828853506e+04
-7.970225845203570316e+03
5.262138491579464608e+04
8.555568127804644973e+03
9.036572929964454670e+04
-5.174094491946557537e+04
-8.544986671261012089e+04
-9.803487123798235552e+04
2.271978530753335872e+04
4.236104087422394514e+04
1.762744652750949899e+04
9.094489559561028727e+04
-9.279345204246063076e+03
4.356128791755165003e+04
-4.837589603956592327e+04
3.225308295692275351e+04
-7.395339525526001125e+03
-2.527432805894172270e+04
-4.925798238555685384e+04
-4.177004991894045088e+04
-3.538909234774624201e+04
-7.314870129573176382e+04
7.640781450091238185e+03
4.452182342581725152e+02
-8.206640894735144684e+04
-5.597925414707964228e+04
1.851526842275124727e+04
6.501748679042032745e+04
9.270669323312082270e+04
-3.896744316423567943e+04
8.084265597097917635e+04
-6.816257934543787269e+04
-6.663653961427698960e+04
-1.917649380484051289e+04
4.135638774250204733e+04
-8.068647898059163708e+04
-6.025642493073001242e+04
7.947650535987668263e+03
6.513438271407778757e+02
7.232691298192759859e+04
-8.149298444813108654e+04
5.819062601968093077e+04
1.757333439209802600e+04
6.307462462640254671e+04
3.230409108529106743e+04
-9.853137041009924724e+04
7.645584950221264444e+04
-3.063296404274751330e+04
-8.063522602590640599e+04
-2.303348948961478163e+04
-4.689617975903274782e+04
8.767608031093045429e+04
-3.251175090811383780e+04
-1.207197542502751458e+04
1.908467324890109739e+04
-6.698810877459769836e+04
-6.167066146344209847e+04
-5.436886393155986298e+04
-6.159409831407299498e+04
5.247721574533770763e+04
-6.641214707155695942e+04
-6.011567220275346335e+04
6.510591393727707327e+04
7.108707921192738286e+04
-5.308242803649745474e+04
5.058872863900050288e+04
-7.287593172660996788e+04
6.969414230842335382e+04
2.289729993080727945e+04
-3.056170468285319293e+04
-1.886739860635151854e+04
-5.547085891584106867e+04
-2.875709413729456719e+04
6.868549433681800110e+03
4.746410634097990260e+04
-4.701811918793404766e+04
-4.033493064580654027e+04
6.009963967499209684e+04
-5.996503377915300371e+04
-7.424992082766284875e+04
-6.451045773702305269e+03
-9.706967835716262925e+04
-5.067649710426860838e+04
-2.782450178832927486e+04
-3.899948859209133389e+03
-8.015412316495149571e+04
7.475619037065589509e+04
1.759554657911141476e+04
-8.602977171283788630e+04
-3.341869973966390535e+04
2.297294784294296278e+03
2.283032615099592658e+04
4.254822565539713833e+04
-7.785120083048360539e+04
7.885781754691392416e+04
1.443536424007360256e+04
3.830489921572100138e+04
4.356580175850969681e+04
-7.133361704565635591e+04
-5.945968371954957547e+04
6.094953212467417325e+04
8.220980804255865223e+04
-8.878865928727736173e+04
-8.001983569626323879e+04
-8.098581428492147097e+03
6.787354208617898985e+04
6.705373118506192986e+04
-5.738043198264868261e+04
-6.322160508643623325e+04
-4.245472437897920463e+04
-5.652240247753011499e+04
-6.000122408788365283e+04
-6.140213506980177044e+04
-3.284302809202627395e+04
9.277449720166836050e+04
-2.518115914397572487e+04
8.507968464412950198e+03
-3.048298318734218810e+03
7.816493271023521083e+04
-5.258439635678018385e+04
3.989264704486022674e+04
2.174599924195151107e+04
2.633158407520253968e+04
-9.464262396312574856e+04
2.218019648693175623e+04
-3.687531948905689933e+04
4.537562710332281131e+04
2.967921703111483293e+04
8.701324388807370269e+04
-9.269330167419255304e+03
-9.035929789713954960e+04
3.305641293468178628e+04
-1.492344767331478215e+04
3.607710524934563000e+04
-9.961145592807066350e+03
8.074087794282763207e+04
-8.051147127881654887e+04
1.755823335691347893e+04
8.403790477215914871e+04
1.963484307949776849e+04
2.144493647039652933e+04
3.806978683662792173e+04
-8.681774758532911073e+04
3.535954604618579469e+04
-9.828839661735334084e+04
-5.050774411231169506e+04
2.255094673553864595e+03
7.021118699448934058e+04
-2.496341192416807098e+04
-2.917980551879371706e+04
-9.194559853624232346e+04
5.325467741960526473e+04
6.366880487958442973e+04
7.673921617650473490e+04
-6.414661625514431216e+04
-1.040385985955790966e+04
-8.389747005935439665e+04
6.161618785912699968e+04
-4.568591363364092831e+04
-6.088827273570161924e+04
4.379630837222621631e+04
4.489297287063806289e+04
-5.439205840100185742e+04
1.291228925196478485e+04
-2.466678289996657622e+04
-1.203263736593277281e+04
8.126300960977861541e+04
9.962123335791676072e+04
6.192469721593719441e+04
5.835617739803282893e+04
-9.077080608143319841e+04
-8.017604050926362106e+04
7.071426871923531871e+04
-3.012337827318935888e+04
9.821616098081714881e+03
-4.976719060124312819e+04
-6.097402160711910983e+04
6.810262028623696824e+04
-2.887011273178589909e+04
3.242266061188295862e+04
-8.869134351725246233e+04
-1.216459379178420204e+04
2.647862952378213595e+04
-1.686694364782269622e+04
-7.663630512764566811e+04
3.375885049520251778e+04
9.559205567878662259e+04
8.760694162287159998e+03
-8.712281087614038552e+04
8.758693711117436760e+04
-3.024981325796976671e+04
-6.069663188524202997e+04
-7.928612994646541483e+04
3.368176594852875860e+04
-3.321606237987319037e+04
-2.676154671636513740e+04
-8.850102056717032974e+04
9.573602494908058725e+04
-8.292406297806782823e+04
-8.551234231985996303e+04
-6.130670153747109725e+04
9.962196773358543578e+04
2.631700099569706072e+04
2.378952909240129156e+04
-7.716778857876553957e+04
6.170593848049382359e+04
-7.250430245960570801e+02
4.216544555715702154e+04
3.354201953990618495e+04
3.222978599972551092e+04
-4.827699247316855326e+04
4.851878816348303371e+04
-7.000463537835403986e+04
5.446522121382225123e+03
1.660375670854613418e+04
-3.528188369218754087e+04
-8.828942601196152100e+04
7.579816567545942962e+04
2.085865589616930811e+04
-5.986681265150669788e+04
-1.588870427225408457e+04
-7.921154164624721489e+03
-1.028412532408819061e+04
6.230149177956674248e+04
1.793659471844101063e+04
-8.051885959932983678e+04
7.245759282159038412e+04
-1.492777017208136158e+03
-5.793592693881486048e+04
4.686805615164054325e+04
2.769851790856332809e+04
-3.036502377472428634e+04
-6.761932442923991766e+04
-4.313204958081580116e+04
