-1.753104731481210820e+03
-1.872802113435230785e+04
3.120846239479860378e+04
7.314991652659309329e+04
-7.480487493073233054e+04
6.124655066782054928e+04
4.135274194436352445e+03
9.081193514563144709e+04
-1.174630560346816765e+03
6.196117669224638666e+04
-2.813449066052667331e+04
-2.532758146341679094e+04
1.921139401245567342e+03
4.123270706746139331e+04
-6.020402185021866899e+04
5.846019422015339660e+04
2.329421396766998441e+04
-1.589863654079765365e+04
8.381114728294653469e+04
1.820280730124737238e+04
-3.090932712632005860e+04
9.302130794748976768e+04
3.884223917373148288e+04
4.993991863766301685e+04
-8.389746399200035376e+04
-4.780824941900520935e+04
7.095540338534841430e+04
-7.265083255841724167e+04
4.056088915613287099e+04
1.636275714310614785e+04
-3.524494743917368032e+04
3.580758904838762101e+04
-9.974032547557399084e+04
-8.843065726338959939e+04
-9.650542125763215881e+04
1.321874741257642381e+04
-4.806078793918711017e+04
-5.649785447207206016e+04
-1.050911514282371354e+04
-8.079285810672452499e+04
3.793373463827012893e+04
9.580028812525971443e+04
-1.508985522966039571e+04
7.228382062766102899e+04
-1.805150662451750395e+04
5.464941985983711493e+04
-2.293369923355227729e+04
-4.130729278020661695e+03
5.012829431804222986e+04
3.075698776760412875e+04
-2.813411323356188223e+04
-5.408889539729216631e+04
-4.171349916071855841e+04
-3.918087436737826647e+04
5.562830957583314012e+04
-1.658940579118325331e+04
6.962793038657838770e+04
1.918902311973425822e+04
1.444939036910151481e+04
-7.614671091383304156e+04
-1.818019211176540557e+04
9.754449867105158773e+03
8.651470609852364578e+04
6.108224837056377146e+04
-9.490207332041785412e+04
6.523502409512594750e+04
-2.575778429642622723e+04
2.526412635107848109e+04
-6.390693024779878760e+04
-2.404082706180319656e+04
6.788584519639181963e+04
3.458883812506663526e+04
6.422451882646197919e+04
1.431388829762290925e+03
7.086229035331518389e+04
6.212583259132269632e+03
4.994024119599427650e+03
6.143148339938758727e+04
-3.711010816771825193e+04
1.260578256844400312e+04
-1.231444337898318554e+04
4.944327814015799959e+04
8.612090827556033037e+04
-7.863426115878211567e+04
7.316576420398213668e+04
6.116138421346757241e+04
3.599364941335577896e+04
9.547996924608103291e+04
-6.527413670624688530e+04
-1.315690170687364480e+04
5.306291693728909740e+04
6.064985303642429790e+04
-6.128825023161093850e+04
-5.888473403947525185e+03
5.450280687991619925e+04
-4.124474728149892326e+04
8.738185427441430511e+04
6.124373583696969581e+04
-8.815500386952741246e+04
-6.988822137230528460e+04
-2.769219042249196355e+04
-4.637534963153544959e+04
4.592112200461658358e+04
4.933828681534104544e+04
7.662425070466070611e+04
2.061136869441513772e+04
-1.426034075900360949e+04
-3.375013113221473759e+04
-5.191701390159808216e+04
8.493981346832281270e+04
-1.006976244669295920e+04
4.301171147012332949e+04
-2.246798443477833280e+04
-1.898941227363369535e+03
-1.783886241897718355e+04
-8.011960772793990327e+04
-5.737890856119454111e+04
-2.519105606102646925e+04
4.949674873151891916e+03
-7.962535104692011373e+04
1.811493391182034247e+04
-3.007842175609604965e+04
9.183392547043743252e+04
8.100711916974588530e+04
4.976625647771328659e+04
3.691908670272780455e+03
-9.013809132101888827e+04
3.111215799081941441e+04
3.029996493082602683e+03
-8.751209890237945365e+04
9.157968901246803580e+04
-7.041385509298133547e+04
1.334521830493303423e+04
-6.251012848409190337e+04
-7.698213339074145188e+04
-6.857731540673064592e+04
2.178877921500420052e+04
1.285644470164171616e+04
9.618432555748069717e+04
9.812890752215414250e+04
-2.034728697125237886e+04
4.778166804336697533e+04
-2.606206588839461983e+04
9.145824643776714220e+04
6.374617820174351800e+04
-5.078697792626329465e+04
-6.419646020353335189e+04
9.811319702888433312e+03
-8.074570817206945503e+04
-3.917767737013799342e+04
1.040679259972100590e+04
-9.259017118262416625e+04
-6.168288613143029943e+04
-4.743620940489401619e+03
9.004033077556965873e+04
2.337668599993932003e+04
-1.186465640835029262e+04
4.127446475840176572e+04
8.524402769515787077e+04
8.305033836532759597e+04
5.672340476406556991e+04
1.709435334326347947e+04
9.933067517877217324e+04
-4.450001402269858954e+04
-2.594751445871205578e+04
-6.030990054335008608e+04
2.863649066556077378e+04
-1.732767830077327017e+04
3.016340724263361335e+04
9.378783086319848371e+04
-5.419417495154129574e+04
9.063037633967549482e+04
7.661068715731127304e+04
-1.242782703422906707e+04
-6.191317493564774486e+04
-9.795316163477704322e+03
2.145519531317801739e+04
2.669654552366611097e+04
1.499508395257312441e+04
3.919629694570245192e+04
-7.049268823832453927e+04
-8.160866726584873686e+04
1.718204530978058983e+03
4.613195459377458610e+04
-7.065779944657250599e+04
-5.543326993318538371e+03
2.420689088118640939e+04
9.977110773376582074e+04
7.571750097113168158e+04
-6.777466342584081576e+04
-6.888700999354319356e+04
-8.547597022169707634e+04
-1.143318093870784833e+04
4.417621544458908465e+04
-8.391195177706099639e+04
3.252285997821937417e+04
3.241805028966819737e+04
-6.206269720844407857e+04
-4.749361445666597319e+03
2.329399470761030534e+04
-8.492719097174309718e+04
-8.161766693550525815e+04
-4.416739425628562458e+03
3.304415181521527757e+03
-3.777401745921352267e+04
9.260778395920664479e+04
-3.256675207161046274e+04
-6.447517222824945929e+04
-9.313236612078738108e+04
9.120922567278907809e+04
-7.342074092133331578e+04
-8.161153202658705413e+04
3.538518461656993895e+04
7.686479605992685538e+04
2.125191914950209321e+04
8.937386486363572476e+04
8.477148373762740812e+04
9.463639837549995718e+03
-6.873939600631300709e+04
-6.361125353868307138e+04
-2.449551162215037948e+03
5.132361119541612425e+04
1.825138066858560705e+04
2.861184441635302210e+04
-6.913469878001048346e+04
-2.916054686948393737e+03
-1.195882146531625222e+04
-5.608290349902845628e+04
4.637832409843080677e+04
9.386321759261483385e+04
2.122278227435524605e+04
-8.583721281050055404e+04
3.953802246845443733e+04
2.195655714253940823e+04
-6.883826073863518832e+04
-6.586411394506553188e+04
9.941601327559660422e+04
-5.211339822049246322e+03
-8.889618070061001345e+04
4.027801838093080733e+04
-5.295389897437509353e+04
-1.442099542413459858e+04
5.317129881963859225e+04
3.962039498842100875e+04
1.418871736556379574e+03
-9.188295783529829350e+04
-1.839853590279188211e+04
-5.767233766820484016e+04
-5.464145689030487847e+04
-5.505269482634226006e+04
-8.177402369012511917e+04
3.218387847061517823e+04
-9.263153964651508431e+03
4.677814177281332491e+02
-8.257389459389809190e+02
-8.667420450097934008e+03
-6.215526630929429666e+04
-1.656722606498870664e+04
-8.625827804128851858e+04
8.486020771690780748e+03
1.967388604221301284e+04
-4.091677315575884859e+04
1.513467229398882228e+04
-2.369234620694628393e+04
-1.591674970436749391e+03
