3.934299770658549096e+04
-1.933372174449200611e+04
-8.444730528137079091e+04
7.066124506287511394e+03
5.012146558701789763e+04
-4.716247599649627955e+04
5.691726789244150132e+04
4.456116529548782273e+04
8.044577025422683801e+04
8.644643113023860496e+04
-3.504606798333299957e+04
-7.403423784693621565e+04
7.605455426341329257e+03
-8.042789548089433811e+04
-5.411177071102053742e+04
-9.177404870651838428e+04
-3.936891355365957861e+04
6.975215352526090282e+04
-9.643918041189982614e+04
9.893793551196421322e+04
-8.653224762307820492e+04
3.295295701711869333e+04
4.486436858909407601e+04
3.559850036335448749e+03
-2.828845316648607695e+04
4.227417342718038708e+04
3.000526731138981995e+04
2.247958926395438903e+04
5.619543582219869859e+04
-1.426104987616873950e+04
3.390190689812449273e+04
6.311926933215859754e+04
2.959896903203228794e+04
-7.347444122380328190e+04
-8.772006549104500664e+03
8.898677482792518276e+04
-9.693908432841919421e+04
5.228886785859262454e+04
8.052798932825202064e+04
4.416061035759198603e+03
7.428476290458247240e+04
-6.962242923384705136e+03
-5.223750228766677901e+04
-7.936766117229007068e+04
-3.831722171800163778e+04
1.775579382511754739e+04
2.501036785814343602e+04
-7.612591045232443139e+04
6.102824631626687915e+04
9.003856294104745029e+04
-2.065817848659426454e+04
6.849589725611016911e+04
2.465652903962193886e+04
-3.371633106548865180e+04
-2.435326956030681686e+04
-3.111810522372506239e+04
-2.463219113662234304e+04
7.074846046624349583e+03
-3.549982217628689250e+04
3.842906542235355300e+04
6.775009885332403064e+04
-4.368490284763742966e+04
8.181882628063300217e+04
7.751521801118997973e+04
-9.548987571963136725e+04
4.751325094333334710e+04
-7.609992878752604884e+04
-3.106257757795454017e+04
8.827232799199446163e+04
3.011353453752877977e+04
1.084636443745877295e+04
-9.540148723962493023e+03
2.809524762876053865e+04
-3.862784160860888369e+04
-3.684543356811347621e+04
3.271289404794157235e+04
9.271296034869223149e+03
-1.105541782122974837e+04
3.941594597951235755e+03
-1.890432134766742092e+04
-9.071247173758353165e+04
-8.992917998816669569e+04
2.392399284492118022e+04
-6.731935919232695596e+04
-7.491757466944404587e+04
5.683724267359528312e+04
-5.220947337327693822e+04
9.277176757167700271e+04
-3.955850927146278991e+04
3.192055064437467081e+04
-1.465201411402634403e+04
-8.113062830773307360e+04
-7.590933426903346844e+04
-8.606970557380005630e+03
-3.151151942589988266e+03
-1.567291456308240231e+04
-1.357464143097418128e+04
-8.712580706854379969e+04
-4.379375743894569314e+04
-1.117353818499281442e+04
-5.381902855850564811e+04
6.843706425119045889e+04
-2.726096457211629240e+04
-2.890700167587098986e+04
-3.465339965599640709e+04
-1.393074065502512894e+04
-5.677216075217670004e+04
-1.771307215363336218e+04
-6.323247164561080717e+04
6.354235624500583071e+04
-7.556454042615200160e+04
2.692231493765658888e+04
-6.396758261388036772e+04
8.865492316667245177e+04
-5.908120825675686501e+04
-1.611756234171729011e+04
-5.426966159463800432e+04
-8.863489583196600142e+04
-4.431554731738773989e+04
6.522800903601395112e+04
3.263108153311322167e+04
5.925783731801917747e+04
-9.101106667527435638e+04
-3.688396510670468706e+04
-1.097174270454592624e+04
-4.832006003710331242e+03
-3.853745628598111216e+04
2.274975295489376367e+04
-4.791825356614575867e+04
3.920050699959548638e+03
-7.831451745714535355e+04
-8.692082615935272770e+04
8.954786192796399700e+04
7.628094983948538720e+04
2.134597830022886410e+04
2.297618878429261531e+04
7.858574928096124495e+03
-6.846297318510369223e+04
-1.623426392557712688e+03
-8.838461218506598379e+04
-9.358757681386079639e+04
-8.274831148964619206e+04
5.320459750179222283e+03
-1.397675425883341995e+04
9.665422385195510287e+04
7.579600382319318305e+04
-3.466775435829445632e+04
5.798496583770072903e+04
9.247455039516274701e+04
-3.579097922221466433e+04
4.342503456863373867e+04
-9.872433144413890841e+04
-2.530981176122785109e+04
-3.710066211113114696e+04
-7.604193116425156768e+04
-9.172105150893169048e+04
-7.698846218877764477e+04
-3.626814897195868252e+04
-8.340374243811362248e+03
-2.654113300336277462e+03
4.437546587748565071e+04
4.045531894944743544e+04
9.301345941690266773e+04
9.087555982616238907e+03
-6.433561202545534616e+04
3.763482863457828898e+03
-1.730124006682121399e+04
8.048170767317226273e+04
-4.807629796859947965e+04
-9.917761959821118580e+03
-6.784218618755108037e+04
5.528723669206156046e+04
-6.470710168372181215e+04
-5.159386453150732268e+04
-7.056785570915618155e+04
5.938322419063380949e+04
4.758363670520093729e+04
-7.696850449676031712e+04
5.825852421214473725e+04
2.486187669403685504e+04
-6.391449204980650393e+03
9.858693919016947621e+04
-9.858476747155479097e+04
9.648961468374593824e+04
6.004015722846700555e+03
-6.422886845735875249e+04
-1.720117959308560603e+04
-7.663375453740808007e+04
2.158263606065429485e+04
3.746606978453784541e+04
-6.578242124190056347e+04
-9.507722291973952088e+04
3.032584555518558409e+04
1.670583229404809754e+04
5.168212015755955508e+04
1.348811298532796354e+04
8.619913635162462015e+04
8.016064100039387995e+04
9.172754988811744261e+04
8.915898671341546287e+04
9.816585850861812651e+04
4.052712827276706957e+04
7.417234842458339699e+04
-8.400232595054319245e+04
-4.745653205020424502e+04
-9.897512975668138097e+03
1.454566786656956174e+04
5.526507419541514537e+04
-5.359990527215244947e+04
5.666756296876718989e+04
8.961696625735334237e+04
9.392428283479003585e+04
1.656320544465755665e+04
8.743556119904189836e+04
-3.108795135561143252e+04
-8.659820423098679748e+04
8.130773390467802528e+04
6.397654347103856708e+04
-4.945935628267439461e+04
9.349069224362258683e+04
-3.748151450868846587e+04
3.403864078393258387e+04
7.499698702940760995e+04
-6.420556462703825673e+04
2.716010003868204512e+04
-3.177326715806345237e+04
-5.840238055305896705e+04
-8.705563928079638572e+04
8.978710680719304946e+04
6.863078980431187665e+04
7.431289506597665604e+04
-3.462110471078351839e+04
-6.034382284900003287e+04
2.064270423944211416e+03
-2.878584666491949247e+04
4.086967913174307614e+04
3.254696186540096096e+04
4.561949305400895537e+04
7.049261573847892578e+04
6.371578738930891996e+04
2.803233376799600592e+04
-4.872717413313836005e+04
1.310544974968618226e+04
-1.643137199515343673e+04
5.142792363051621214e+04
-2.891471669771696543e+04
-6.021424534763498377e+04
-5.599902411297046638e+04
8.010629514437314356e+03
-6.089821702896872011e+04
-7.278441764724960376e+04
-9.756068691971887893e+04
7.176203902753561852e+04
6.474270978323665622e+04
-5.933149979819815781e+04
-7.869138263224321418e+04
-4.038918530319201091e+04
1.513852662119399974e+04
8.324829508206972969e+04
4.509581239750277746e+03
-7.216541235899005551e+04
-8.402809175485552259e+03
8.500013687773860875e+04
1.177578243542519704e+04
-4.081386346132594917e+04
