2.616043293720718430e+04
4.830783250921771105e+04
-6.729887954162411916e+04
1.567134268815562609e+04
7.000056850329395274e+03
-1.958372082681045504e+04
-4.317739915221821138e+04
-5.588159524113484804e+04
-7.541464797753741732e+04
-2.394777751844266459e+04
-1.356034453249877697e+04
-5.106347716545305593e+04
8.590791242564298955e+03
-7.962414578036601597e+04
4.034836010403648106e+04
6.577124299822100511e+03
6.735565923263643526e+03
-2.388640117695283698e+04
8.331210861632671731e+04
-9.322212279213145666e+04
-1.085928547458258254e+04
-9.832076293179040658e+04
5.889666728067470831e+04
3.220578319654678853e+04
2.043014788782491451e+04
7.538233799160358103e+03
-6.811237491267273435e+04
1.954097743956928753e+04
7.459274354238243541e+04
3.278154679837020376e+04
-1.459508497193625044e+04
1.490523168838636593e+04
-3.980138038551108912e+04
9.355793405823674402e+04
5.153899327146475844e+04
-6.389262739635695470e+04
1.786914882548812238e+04
-2.542517327682787436e+04
-3.635295612337392959e+04
-1.838350404927496493e+04
-4.760654928901392122e+04
-4.631299816559633473e+04
-8.916625156921378220e+04
-2.864771068837718485e+04
-2.990358166247625559e+04
8.601784874534585106e+04
2.336969141193110045e+04
-8.609582114449853543e+04
-7.631679965513281059e+04
-6.750925759686155652e+04
3.035045812584321084e+03
-8.787319833155618107e+04
-7.461666201846449985e+04
4.086720077218177494e+02
-2.500906438113115291e+04
-3.842513518675887462e+04
-3.990510903815548227e+04
3.730603289873540780e+04
-7.351237128907164151e+04
3.960827612281808251e+04
3.884688630752268364e+04
-7.417816825663181953e+04
-8.850349882430519210e+04
-4.810125747692661389e+04
4.137700627226948563e+04
8.083895031425321940e+04
-7.707802228032019048e+04
2.378038348287025656e+04
8.259295752512947365e+04
-7.073306423773038841e+04
-2.263087104918441764e+04
-6.584178649681786192e+04
3.914126838339077221e+04
4.356959942447840035e+02
-2.995053532718852512e+04
-4.843820358288133139e+04
9.564893223275156925e+04
-8.094780778825562447e+04
6.451138650595217041e+04
-3.679664996970467473e+04
-7.093475747022124415e+04
7.121065121267068025e+04
5.639604354533446167e+04
8.735463772415474523e+04
3.587533173523347068e+04
9.649313994057921809e+04
8.121051179309381405e+04
-4.704677226190605143e+04
7.054616449352854397e+04
-7.745948318336081866e+04
-5.772338187135352928e+04
9.528859580934356200e+04
-6.720116008742323902e+04
-2.750158464218625522e+04
-8.852177653973005363e+04
-5.404295424544440903e+04
5.718443390943320264e+04
-3.315292276904875325e+04
-1.215463636126100482e+03
5.321255401073532994e+04
3.365514947290215787e+04
6.812799591952805349e+04
-5.124682432128048822e+04
8.494670891314053733e+04
9.306138252294567064e+04
-4.070069491284093965e+04
7.231112445224495605e+04
7.850012137946778967e+04
-7.880337165624334011e+04
3.275278535823063066e+03
-3.173914912091471706e+04
-1.131584579668555489e+04
-1.893784732930979590e+04
-5.899446671923129907e+04
-4.511994795097300084e+04
2.416716808020131066e+04
-8.092485738740974921e+04
8.594204497211247508e+04
-1.223928295671757587e+04
9.656793521945839166e+04
-4.826593267826142255e+04
-8.112726107216719538e+04
7.178524191075851559e+04
-9.313359432059439132e+04
-6.511228644838359469e+04
4.363016860705177533e+04
-4.542676570197536057e+04
-1.777011812705753619e+04
6.742200052289551240e+04
-8.758794331561388390e+04
-9.303256087071723596e+04
-6.441697259320199373e+04
6.585573039788134338e+04
8.609292770280718105e+04
-3.731057715287357132e+04
7.184203270345319470e+04
5.825982094941101241e+04
-7.053784130274929339e+04
-2.120556930736136201e+04
-9.755831732525099142e+03
-8.666037110566288175e+04
-2.272578322809573365e+04
5.802447341356662946e+04
-9.455984288119926350e+04
3.926977735576794657e+04
-2.054243480427217219e+04
3.948920800371757650e+04
-6.982395069008166502e+03
-4.238001712531159137e+04
-9.775577826331832330e+04
8.898446685627334227e+04
-4.477984507573783776e+04
-4.217865088821882819e+04
-3.521294019856575324e+04
-1.263878619800818342e+04
6.481272444046714372e+04
8.864069547158826026e+04
-5.292228846696948312e+04
-9.906066341920917330e+04
-3.274458565691985132e+04
-9.462045034451324318e+04
1.960432946372009974e+04
-9.640767466358441743e+04
1.520807411359384969e+04
5.180506076032328565e+04
3.518665311188608757e+04
-9.538314544103950902e+04
6.224007416292327980e+04
8.933743505396608089e+04
-2.801305284898790342e+04
-6.390566677428378171e+04
-9.877950922068033833e+04
2.387015154830074971e+04
-7.812868164185838395e+03
-6.184279665108772315e+04
3.993553350437244808e+04
5.859765410433794023e+04
1.670055769856235929e+04
-6.634923734556062846e+04
-2.323024156150316776e+04
7.687690458384871818e+03
1.327660467467504759e+03
5.421798907756504195e+04
5.794581752673554729e+04
4.832056551777954155e+04
-1.180113574906125359e+04
2.734082299420618801e+04
8.932057033078320092e+04
8.739145730808588269e+04
7.972040113653489971e+04
-3.531153898999187368e+04
-2.734600123203705152e+04
-2.008310061640350250e+04
-5.164785548722614476e+04
7.167933824434806593e+04
7.516729959891221370e+04
1.141051064500218126e+04
-4.862775076237726171e+04
-6.524333683805243345e+04
-8.181141147082933458e+04
9.833645566596357094e+04
5.324790505657230824e+04
-5.499235182946860732e+04
-8.097879337221258902e+04
8.760495869369815046e+04
8.607912227112003893e+04
5.630522078401691942e+03
-5.526752707783348887e+04
1.986749164496673620e+04
-4.080803687530769093e+04
-8.018142576405419095e+04
-5.617875148190189793e+04
1.099163156558994888e+04
4.600704623957246076e+04
-6.751722088882420212e+04
-7.408253732093515964e+02
-2.926564725360858210e+04
8.271479786958624027e+04
5.293079125866002141e+04
-2.012610212275762387e+04
-9.381598805964224448e+04
-8.689669334624132898e+04
-6.290890148395144934e+04
4.080234191348710738e+04
-1.949650315763066465e+04
-6.729680479220054985e+04
-7.101880339054430078e+04
9.454053310070416774e+04
6.667887057621421991e+04
-4.320823198726115152e+03
7.109185932762962921e+02
-9.402037383467366453e+04
9.438531750850912067e+04
-8.445086501963353658e+04
7.439769840016881062e+04
-7.984780494087227271e+04
6.135662663500486815e+04
-5.678547111765640147e+04
9.504430244909535395e+04
-4.342038800870254636e+04
-4.045850207227340434e+04
-4.872572627165730955e+04
7.570423328889773984e+04
8.588379477327789937e+04
-4.111709050827305327e+04
-5.326989847178341734e+03
-1.711577523710674996e+03
-4.440249087547094678e+04
6.121766150491114968e+04
-1.581588535540291741e+04
-8.916924167797232803e+04
6.199948208788321062e+04
-4.918854382299205463e+04
3.718289571324340795e+04
-1.503145848007627683e+04
-5.866087858263732051e+04
-4.592987377456674585e+04
2.177869328475344446e+04
-1.332413216824562187e+04
5.974446428760867275e+04
-1.322490174510057295e+04
7.147371692782991886e+03
-2.194759568583646978e+04
-2.005335286233610168e+04
-9.971944133913988480e+04
