1.349386397746525472e+04
2.296892113333703674e+04
1.135760558153903003e+04
-5.364381952475557046e+04
-4.360067425090378674e+04
2.323544230104052622e+04
-1.118798537970303005e+04
-6.398761564036677737e+04
5.432642000229614496e+04
2.734099220030362630e+04
-6.204307018502891151e+04
-5.073720358375213254e+04
2.362143172545028938e+04
-1.791289439853039221e+04
7.838236407511185098e+04
-4.848461137492548733e+04
-5.603531677706252231e+04
3.026483201085879045e+04
5.525830653526325477e+04
1.586723872471049071e+04
2.625099025398082449e+04
7.195751007868108218e+02
6.692655316385897459e+04
1.159363080017487300e+04
-7.015991707005981880e+04
-7.947483586379076587e+04
-7.403076558340767224e+04
-8.396214243143100248e+03
1.208399839686189080e+04
-2.774457385178003096e+04
-6.914627988298521086e+04
3.643790889479148609e+04
-1.067844562369891037e+03
1.062664160934191159e+03
-3.600632639901957737e+04
-9.785478554954952415e+03
-2.380744312464408267e+03
8.566923864100174978e+04
-5.201734337250731187e+04
3.568445598646980216e+03
8.804918456545135996e+04
-7.465660079616338408e+03
2.001532518874342350e+04
-1.320697023758599425e+04
5.787660358501883456e+04
3.626941993036435451e+04
-6.090697078693772255e+02
-8.244492568980457145e+04
1.377910531086569608e+04
6.218584509653525174e+02
-8.989000981542043155e+04
-2.996000881472750916e+04
4.810080924178040732e+04
-3.278761467182120396e+04
1.184234512906479540e+04
-2.738723779298284171e+03
9.305274826897273306e+04
4.643507884397220914e+04
-3.522881077779026236e+04
-3.121555016682091446e+04
-4.036635652061010478e+04
-8.875131985343265114e+04
-5.741730056913181761e+04
-1.123597998076178737e+04
-5.301987860034957703e+04
3.664743690309098747e+04
9.299750032256201666e+04
-2.385505035718986983e+04
4.272235493409185437e+04
-2.028227786087591085e+03
-9.181326619426532125e+04
-4.678160007016800228e+04
-1.143929398972744275e+04
-4.532796540618245490e+04
4.158555093468199630e+04
2.293748877857917614e+04
2.974063196934774169e+04
-5.039338203196704740e+02
7.897274883028321710e+03
4.314755556050310406e+04
-6.342325593975595984e+04
-5.565363033991867997e+04
-9.129420949518818816e+04
2.054812283192946052e+04
-2.534299744291374282e+03
1.846045205043978058e+04
4.179368997462207335e+04
-2.800758309457068390e+04
-4.354355295389996172e+03
-3.633832293472275342e+04
-7.100244415376742836e+04
-2.256343123161863332e+04
1.538271254641033556e+04
2.400317482955407468e+04
-2.587966373007727816e+04
8.840370933087676531e+04
-6.373087160036649038e+03
6.558763486787826696e+04
1.238358755568255401e+04
9.069673095865311916e+04
-5.847997679903713288e+04
6.496780421121952531e+04
7.674356425212002068e+04
-3.385470202166542003e+04
7.902994067079795059e+04
-1.742870541952263375e+04
6.903110600420157425e+03
-4.168674071389940218e+04
1.672689433863078375e+04
3.796560106701351469e+04
2.589864053374437572e+04
3.048057838233038638e+04
-1.920204622689693133e+04
4.429115840746308822e+04
5.446000926800370507e+04
4.267282237977042678e+04
6.669872022411899525e+04
1.555740411910887997e+04
4.362705157777757267e+04
-1.504778885944085232e+04
-5.150839067377300671e+04
4.151899471428370452e+04
5.425723345769246407e+03
3.013706599895753607e+04
-5.532253991594310355e+04
-2.196990901567983383e+04
1.279315865804762689e+04
-1.304397595261630340e+04
6.124339718900241860e+04
-7.103336720266548218e+04
-5.773186321217912337e+04
-2.360841244169281708e+04
1.367063015566117974e+04
2.953113634146516051e+04
-4.484188878367509460e+04
3.642199542049553565e+04
-2.669469280707535290e+04
-1.841467124721611412e+02
2.337500884847417910e+04
4.442265606215790467e+04
1.544096255330289932e+04
5.604161224449960719e+04
1.818336419194562041e+04
-6.366037020486122492e+04
2.797683690082682369e+04
1.546357090882514603e+04
8.038660821597230097e+04
-5.560474024191385979e+04
-1.744758471931306121e+04
-3.191511114713332790e+04
-3.105608355092439160e+04
-3.429656333716160589e+04
-8.185662169788734172e+04
7.454562302088005526e+04
3.318774010202360660e+04
-7.088492526850727154e+04
7.038745540430950314e+03
2.378684322957777476e+04
-6.107874183468177216e+04
5.653987129060553343e+03
-3.865323362699189602e+04
3.908321863356851827e+04
4.800122621189369966e+04
2.731865094438234883e+04
-1.424861585761808237e+04
-7.142620001675934873e+03
-2.932682498336797653e+04
4.379261467660567723e+04
-7.064997996672642330e+03
3.984773946280483415e+03
3.019465981425627979e+04
-1.132186833988092803e+04
3.017356402634473125e+04
-4.869672897444155387e+04
-1.726546351341315676e+04
4.753361931561593519e+04
7.230507638683606638e+04
-1.924898726712827556e+04
-1.703826129790434061e+04
-2.447112996360439138e+04
-2.970096825997157066e+04
3.077992331736833148e+04
8.753524629940509840e+03
1.105815210903553816e+04
7.483657000418308598e+04
-4.504701069134056161e+04
-5.520149336612945626e+04
-2.665294318354209827e+04
6.392592537663513212e+04
-4.897102680815789790e+04
6.526314407010206924e+04
7.826680430415234878e+04
3.976156921941811015e+04
-1.554216976594834887e+04
4.166115263154335116e+04
-5.328530375280924090e+03
-2.782558645230397451e+04
-1.995914626842162818e+02
1.508860004659030164e+04
-2.386535960960704324e+04
-5.095640186936029204e+04
5.298508345686459506e+04
4.963111799229498138e+04
5.748689630226301961e+04
-2.875976194181897154e+04
-1.024843406513596346e+04
4.347381251312570384e+04
9.430131346425070660e+03
3.549267421765013569e+04
6.779928123668194166e+04
-4.138076880002456892e+04
6.925497684521762130e+04
4.699363519837254717e+04
5.741669119423105258e+03
4.607566944873817556e+04
1.637315191191577105e+04
-3.103866197595329140e+04
-2.461607103790447945e+04
-2.034112419444453553e+04
3.013580650670262185e+04
1.269083216349229588e+04
6.739959298290192964e+04
-7.247889518264755316e+04
3.281903591297355160e+04
8.010202391438916675e+04
-4.746158151157825159e+03
1.021660118908222466e+04
-5.618251304420072120e+04
4.453378030431328625e+03
4.470539443027436937e+04
-2.152782052871474298e+04
5.017820825034992595e+04
-1.804491527034162209e+04
6.213672275493709094e+02
-4.206229722036723979e+04
-6.134521276777161984e+04
-7.469843349173522438e+04
-5.946217477406113903e+04
1.044873270809134556e+04
-3.245945385312920553e+04
1.122934295909358116e+04
-6.830531097407030757e+04
-8.396805340139187592e+02
7.347679524496862723e+04
-3.536463000552545418e+04
-3.276054888917732114e+03
1.441087066007489375e+04
-7.279831809366949892e+04
1.384924470451843808e+04
-5.582055035985582799e+04
-1.149430514670627781e+04
-2.588136693001875028e+04
-2.474995517651634145e+04
-1.888889456767799857e+04
-4.004333941643729486e+04
-1.046614118373851488e+04
4.130781187240258441e+04
6.348598538736509909e+02
3.023054015940801401e+04
-5.291414599328524491e+04
-7.433863452016738302e+04
-4.012643237623047298e+03
5.147345210467271500e+03
5.265543101923988434e+04
6.287082133899135806e+04
