6.844194647891733621e+04
2.666929365031919951e+04
-4.114462025808248291e+04
1.817273391026531317e+04
1.323737707279614915e+04
-3.228279545510072057e+04
-4.092585187642366691e+03
-4.108200078884715913e+04
-3.207105647403782768e+03
3.899288226903080067e+04
7.533248946189822163e+04
-8.481161973404606397e+04
8.531015744018724945e+04
-3.001975475111736614e+03
8.646349969289143337e+04
6.637193582964768575e+04
-6.864224604036174242e+03
-1.547612589702116850e+02
1.494537689269683324e+04
2.635503345607296797e+04
-6.597021134997235094e+03
-1.348056803194037275e+04
-1.368087856779620415e+04
-8.275532009686193487e+04
3.275767459443861298e+04
-2.392394518543904996e+04
-2.084705218839723966e+04
1.948934918791980454e+04
-5.099872075362657779e+04
6.229253744149846170e+04
7.103262010238772200e+04
-3.519749351553339511e+04
5.712492303663339408e+04
-7.821162131020809466e+04
5.899531377804420481e+04
-5.744998167147210916e+04
-3.064196875765555887e+04
6.043408359372990162e+03
6.627343082783590944e+04
-2.502245652546210749e+03
7.704973527730345268e+03
-1.577244423229502900e+04
9.070050568007169204e+03
-2.094736756595609040e+04
2.010552318891070900e+04
4.330986613649845094e+04
-6.438594919867014687e+04
2.696187121797575674e+04
-1.597901110179934949e+04
-3.355061122739917482e+04
-3.013641893370257549e+03
-4.125522030959120457e+04
-7.329469162536779186e+04
-4.016821545903744118e+04
2.792866000665260071e+04
4.172263394387932203e+04
-2.617029760522256038e+04
-4.957904324210202321e+04
5.344636705836317560e+04
3.209273446108941062e+04
6.199747733200219955e+03
8.882943823697340122e+03
-1.105794002362677747e+04
3.684280505293998431e+03
7.387361302905967750e+04
-4.799522573091007507e+04
3.226256468091866554e+04
2.908265109648283033e+04
2.462903469156964275e+04
-1.966820977515623235e+04
-2.504665320859714484e+04
-2.321086669901476125e+04
5.724117897924393037e+04
-8.541162582781124001e+03
-1.479155258330627112e+04
4.941511278852310170e+03
-6.504534958464540978e+04
7.995511372326785931e+04
-4.293440234458515624e+04
-5.194086103432294476e+04
2.691931407920813945e+04
1.600116622076496242e+04
-2.330192915035906935e+03
-1.302064894513701256e+04
-1.597637777253890636e+04
-1.346258983029508818e+04
-3.915481690200060984e+04
-2.748671026241877553e+04
-8.344168114761353354e+04
-2.997001944708927113e+04
1.470847012588541293e+04
-5.112861995497936005e+04
-7.902475345851916063e+04
-2.245064613271716007e+04
-2.261536110615139842e+04
-4.518689923651939353e+03
2.990004349729594105e+04
-1.157330978059414701e+04
5.062279793979103124e+04
2.715146875054506381e+03
6.391013498296408216e+03
-2.054566904188322223e+04
-3.036863250861605047e+04
-1.915765618167109278e+04
4.545614130453932012e+04
-6.434578161094073948e+03
5.816463731710020511e+04
-1.287384992236513426e+04
3.554068927884591631e+03
3.678506935063211859e+04
-7.135695859006029787e+04
-9.973279602014961711e+03
-2.765277918634701200e+04
-7.517564995171252122e+03
-5.841537066792552650e+04
-6.170668153995018656e+04
5.325117470639728708e+03
5.173537751104906783e+04
1.606451340781972249e+04
8.530754441680345917e+04
6.643027305685367901e+04
2.447551259766801013e+04
-9.283698227365299317e+03
-3.511857267915191187e+04
-2.743413506099285951e+04
6.892036091077049787e+04
4.544078897105348005e+03
8.997907259125496785e+04
2.169256009391343468e+04
-1.739426988773553967e+04
-1.143746160709266042e+04
-2.167945987292783320e+04
-3.845227248557259009e+04
4.508924642780670183e+03
3.493952843930383096e+04
-4.166090438896700653e+04
9.198906453808787046e+04
1.912778374361124952e+04
-2.969800109383972449e+04
-7.629438737034019141e+04
-9.289221517572319499e+03
-3.418830748269512696e+04
-6.491151314188707329e+04
-1.762327317331195445e+04
-4.273129013040192513e+04
1.200499171561603907e+04
-5.407812669309040939e+04
-4.564068558857603784e+04
-7.282354148390737828e+04
1.806733166709261423e+04
-4.032095611047577404e+04
-4.027163127207526122e+04
5.904243574722878111e+04
-4.493715746324197971e+04
-1.606135543792854878e+04
-1.867678663320936539e+04
-2.127201289297346375e+04
2.217039716413247152e+04
-1.846510819406657674e+03
-1.577854819550754110e+04
-3.910809881071469863e+04
8.618643817099716398e+04
-2.944547762102691559e+04
-2.999480220535171975e+04
1.789420357820583740e+04
-4.595919967248749890e+04
-4.088214725466099480e+04
2.020321390938117111e+04
-3.267693386929659482e+03
-1.422834527912927115e+04
3.793612317126897688e+04
-1.537563141219719364e+04
-7.841029697977572505e+04
3.639805838713918638e+04
-9.135358856911007024e+03
-2.391981059028286836e+04
-1.074412986919978903e+04
-7.797994452774368983e+04
2.700290076789182785e+04
-3.377265255832341063e+04
4.149503478085921233e+04
-2.516292109903437085e+04
6.884199000793187588e+04
-8.560046686178273376e+03
8.135958441223055706e+04
4.827778671888755343e+04
4.522312370457218094e+03
4.150084182242359020e+03
-5.045507808272675902e+04
-2.612723596992107559e+04
-7.103533680945252127e+04
1.599785470951098796e+04
1.385618841793049614e+04
7.168379200329628475e+03
6.753093693171416817e+04
7.500757197683459708e+03
-7.744282004880067689e+03
4.823433027259245137e+04
-2.384689021034202597e+04
-1.256982831233572142e+04
5.778848830690209434e+04
-7.106984318018919112e+03
5.907689347026564792e+04
5.727464201576256164e+04
-6.471437587599704420e+04
2.022579701312327234e+04
-6.708894552634432330e+04
-3.605933893595486006e+04
6.350136652570016304e+04
-3.484926053129146021e+04
1.680184738957371155e+04
1.317082677519494064e+04
-3.891806165144279657e+04
-2.118918982950866121e+04
-3.889272463915301614e+03
-5.425611476628714445e+04
6.148982697299159099e+02
-3.971708339556049850e+03
-2.404911217645287252e+04
5.149907616548140504e+04
-3.132312419913055419e+04
-2.390127453543692536e+04
4.575323565083370340e+04
3.758430996037953446e+04
-6.674751854104542872e+04
3.568114726944963331e+04
-2.733743785031542302e+03
6.088593271339183411e+04
-1.070612267542778136e+04
1.514441782259262982e+04
4.833127020821197948e+04
-4.565701646119076941e+03
3.641285197970929585e+04
-4.033500984444092319e+04
-9.483944641987925934e+03
1.071908919438006160e+04
-1.127078531953087622e+04
-5.217657592206377012e+04
7.215817527671231073e+04
5.901816249763404630e+04
-2.192154325833571875e+03
-8.612653154888086647e+03
-2.663144551317105652e+04
-1.393094823750928845e+04
-3.991661112683258398e+04
2.102806847062930683e+04
-4.294197562239490799e+04
1.486574463062406539e+04
2.843125711596752080e+04
-8.653883188122833963e+04
-1.264105155071519948e+04
3.540917174540340056e+04
-2.967677964687757049e+04
6.495057924506016570e+04
-2.244653350322079496e+04
2.256151505659215036e+04
1.298262534319766746e+04
4.149196806483115506e+04
-3.851846360651223949e+04
-1.400659114819299248e+04
1.251891189091050364e+04
3.113505412045204503e+04
2.680358764927827360e+04
-5.933097705502321332e+04
-6.091131938811164582e+04
