-1.820521026604155486e+04
3.098082487353055694e+04
2.780712651219114559e+04
1.256520279376402141e+04
4.521957071300528332e+04
1.245830254951395182e+04
-2.089182794345267030e+04
3.008748697063852160e+04
3.267942587743684271e+03
5.655684984418960084e+03
-3.856923822544336144e+04
3.495243596276022436e+04
-1.775421361837078803e+04
-2.765847986719753408e+03
4.906491293419941940e+03
-1.163962553482935073e+04
1.954616199396253069e+04
-6.012136816527315204e+03
2.136939955684305460e+04
2.706968392062218845e+04
-2.141776792813092834e+04
4.684253519976264943e+04
4.001905246002374770e+04
1.306641118319101770e+04
-4.401657057432904548e+04
-3.994939702099097758e+03
1.577281663482517979e+04
-1.051994715909730985e+04
-2.102725801351243717e+04
-6.059128753052907996e+03
-3.509627128002115933e+04
-2.669750931562541155e+04
-1.473142678794702806e+04
2.682905395411462086e+04
2.564632676834308586e+04
4.463217295304391155e+04
-1.251497561415953169e+04
-1.720241607713678604e+04
2.045859909133848851e+04
-1.755636565109924049e+04
2.596849290968015339e+04
-5.169401967072131811e+03
-7.124132112393774150e+03
-2.957395768087387114e+04
3.644748940814886009e+04
2.192635787631196945e+04
-2.210129372801358477e+04
2.131169264043111980e+04
-1.360419643727808580e+04
-2.546830803708110398e+04
-4.829309337459309609e+04
-1.598273458845398454e+04
-1.981020115683794575e+04
3.655388097936294798e+04
2.135976716052052143e+04
-2.835349193194117834e+04
-1.861887512941972818e+04
-3.514869746084386134e+04
-1.993637986293358699e+04
-4.594931434484680358e+04
1.084193713693420432e+04
-2.498748748812445774e+04
6.234385954691451559e+01
8.242967814828825794e+03
2.702064717418903456e+04
3.931304787519704405e+03
4.129295079157748114e+04
1.656918533274131187e+04
-1.281225696531632639e+04
3.049949567259261312e+04
1.573975461625740900e+04
6.768255220238628681e+03
-5.354999689843331726e+04
-2.545582369190944519e+03
1.621913950368638689e+04
3.571863253031538625e+04
2.444657922527207847e+04
-2.565193749107797703e+04
1.715700142523752220e+04
-5.965326222929643336e+03
-2.508985025756327559e+03
-5.842759194401677632e+03
-3.042307624756575387e+04
-7.355639859487017020e+03
-6.285613980250978057e+04
-4.524227725595746597e+04
-2.880046024388502246e+03
-4.208941568356920470e+03
3.211259511098503026e+03
-1.490172596345511556e+04
1.235276575865242557e+04
-3.660176602823432040e+04
3.040705664485180023e+03
-5.158127063285340228e+03
-9.504517787601533200e+03
-1.083529786279911059e+04
-4.597194667018658947e+03
9.505483226685835234e+02
2.213763276853362186e+04
-5.613104371345475556e+03
-1.660038207861075352e+04
-1.283913578000511734e+04
6.915012867531893789e+03
1.233942007536448546e+04
-3.650580360084882705e+04
-1.232763339073073803e+04
-2.966047219249398404e+04
9.461659863291055444e+03
-1.180866643081658913e+04
-1.267266534703984462e+03
-5.130922480426893344e+03
-1.454061122179820586e+03
1.065645185097703143e+04
5.619884986951317114e+04
2.598342848097159003e+04
7.870790276648342569e+02
-4.420404496556225240e+02
5.500270510336421239e+02
3.749252434625765886e+02
6.513421139923178998e+04
4.308476810285299871e+04
-1.714907710354582014e+04
-9.986188099382561632e+03
2.811320319675110295e+04
-1.798590031269649262e+04
-8.587456150130094102e+03
2.574686634857132231e+04
8.330832526428790516e+03
-9.424058509618442258e+03
2.178280610788349804e+04
-1.396270309296409869e+04
1.081533636754097097e+04
-3.373984882903290418e+04
5.199241819521762227e+04
2.053414245995880992e+04
-2.698859277313905113e+04
2.081668476107637161e+03
-1.982559672872016017e+04
-1.887361613457313069e+04
-7.263242516472823809e+03
-1.744030276842917738e+04
-1.261657828410509319e+04
-1.155755955697739228e+04
2.380983627486298064e+04
-2.418078023043839494e+04
6.870919291063954915e+03
-3.831235668119572074e+04
2.077886962561474320e+03
2.245372590088403285e+03
2.836743685163713599e+04
-9.504728120372568810e+03
8.848887553165919599e+03
7.029436933958650116e+03
3.488960693068843102e+04
1.007708400735276518e+04
-8.916428462175386812e+03
-1.258718127446910330e+04
-1.598867693346419401e+04
-2.190480504509790262e+04
-7.643022784155183217e+03
2.392462355171439049e+04
1.825521997669292250e+04
1.417358260531719679e+04
-2.073738207250887717e+04
1.346240121035385891e+04
3.213458733832863345e+03
-3.896830055029524374e+04
3.176294266260769291e+03
-2.849488360082745567e+04
-1.105110842867344400e+04
1.337411272236221885e+04
-2.259978258313418701e+04
6.973463656603186791e+03
-1.142954755128993747e+04
-5.383752095524316974e+04
1.073185600906663785e+04
1.229825481818797198e+04
1.342960196263073340e+04
-2.673931402574986714e+04
2.033744414484517620e+04
5.080773702198025421e+04
8.032020576789387860e+02
3.295955077289418114e+04
-2.207987131045799106e+04
-2.832982530241793938e+04
-2.190799170786969989e+04
2.080550359800804654e+04
2.218663119808751435e+04
-3.303989895387001889e+04
-1.703472484590297972e+04
1.390853093919830462e+04
1.571266141207232249e+04
1.327882891235270108e+04
-3.496714414171456156e+03
-1.682566227874594551e+04
1.369064085390685977e+04
-4.972747642100549274e+04
-2.571666575992472644e+03
8.936246161338718593e+03
-2.257426045824165340e+04
-6.615651841149388929e+03
2.189592009899119603e+03
1.635023430554250444e+04
-1.616103957332725076e+04
2.290658069090204663e+04
-2.569303074592283883e+04
-1.710057058940869319e+04
-1.276161320533102662e+04
2.091678419509041487e+04
8.895726671075846753e+03
7.423795385509963126e+03
-3.489646729039200727e+04
2.054818061406724155e+04
2.625963373264741313e+04
2.366898004221617521e+04
-5.656768304809545953e+03
3.241033582834110712e+04
-1.193084371570208714e+04
-6.457799931065642340e+03
3.466700020487769507e+04
-1.532856558072705047e+04
-1.916904917397416648e+04
-6.719624291486358561e+04
-4.006086737989707035e+04
-1.883488257908344167e+04
-2.839340353759219943e+04
-1.230014052124139198e+04
8.024894796221228717e+03
1.684506494950029446e+04
3.061029908008478378e+04
-4.178133348369369196e+04
5.500365731063364365e+03
2.835570284940408601e+04
-2.875074403304683983e+03
-1.402781952263970561e+04
-1.547156691838934057e+04
-5.023237868293873180e+04
2.604264690036765023e+04
6.664530564428940124e+03
1.345648518427629460e+04
-5.630691656785291707e+04
-2.878714059508915307e+04
1.426984234007467194e+03
3.254514537997720618e+04
-4.451071302815605304e+04
-3.270238255853111332e+04
4.073093887355689367e+04
1.062350672194082836e+04
2.507157588356129054e+04
-1.568660513009338683e+04
-2.898744961317690831e+04
-1.970710075018212956e+04
1.594927526140628470e+04
4.376533997934144281e+04
3.193682383096490594e+04
2.933452551390677763e+04
-4.608776529344600931e+03
-1.046344938188395281e+04
3.679466052211608621e+04
4.434429129512255167e+04
-3.032781249962933725e+04
1.755279775621301451e+04
4.750880817158964783e+04
-5.587919716596146827e+03
3.486552848206589988e+04
