9.243322901899360659e+03
-4.625335645376630055e+03
7.243476592741841159e+03
-5.288663872469158377e+04
4.778798880068445578e+04
-3.969449728228782624e+04
1.783022051132490378e+04
-1.879704256561315924e+04
-1.677773126391308324e+04
-1.876519922762758870e+04
2.404265386170746206e+04
-8.630530820158110146e+03
3.286968252108459274e+04
2.007075234646340687e+04
5.070720873930257767e+03
-1.092261872869104809e+04
2.278985279970118427e+03
2.395814404890891092e+04
1.661832720834389193e+03
2.327155878076017325e+04
-7.944164458370982175e+03
1.015815674349160690e+04
-1.487643096174209313e+04
2.506337603752265568e+04
2.818794412220121376e+04
-3.674976329947132763e+04
1.296423458998211572e+04
1.363749536741570591e+04
1.155568713601768286e+04
1.056279757076376313e+02
1.371330434792003871e+04
3.556007015530681383e+04
3.236874518340906070e+04
3.229127936246983882e+04
3.781583447172183514e+04
3.553363281930814992e+03
-2.601957771738261727e+04
-1.170278905033359661e+04
1.047825702302770333e+04
6.423570526934943700e+03
-2.543950143997525083e+04
-1.105530331497926090e+04
-4.087422857643144653e+03
2.015818903274131299e+04
8.580683291095128880e+03
-9.890188530245415677e+03
-2.034275078132675480e+04
2.328230689664397505e+04
-4.008181064555087505e+04
3.966808129260194983e+04
-2.011903361462524117e+04
-6.696436776940692653e+03
-3.533835769596065074e+04
5.285652228987202398e+04
-3.320016184380087361e+04
-1.875054500088391796e+04
-1.362883164086969191e+04
3.122071431290027977e+04
3.885809799895402102e+04
-7.574972955541450574e+03
3.197246808326259270e+04
5.904157393632474850e+03
-2.059272195687166004e+03
-1.081698259333662099e+04
2.119061766383073336e+04
-9.206243868835357716e+03
1.655050329216388855e+04
6.731590423414570978e+04
-3.713565615974593675e+04
3.356344948341889540e+04
-3.342792725914292532e+04
2.918269731983956808e+04
-4.211246735490143465e+02
1.701098563557307352e+04
2.021186572530001968e+03
-4.092159054769716022e+04
-4.836670071969133460e+03
1.944062903845436813e+04
4.359276153545672514e+02
-8.873376196298342620e+03
-1.241150128638858223e+04
-4.025756379128015396e+04
1.579070044778733063e+04
-3.722449823751090298e+04
4.151900926628751222e+03
-3.389830855460149905e+04
-9.703260002450992033e+03
1.768601587717558141e+04
3.243599721549747846e+04
9.435246024652837150e+03
2.097375119631194320e+04
-2.903943603177095429e+04
2.318171639492794202e+04
4.024404354579266055e+03
2.976909553594014506e+04
-4.928425248061442835e+04
-2.527380855591977252e+03
-1.205770480868354389e+04
-6.611864321080411173e+03
-2.646448062905589177e+04
2.953635973461777394e+04
-1.190978430612981720e+04
1.696858695928304587e+04
2.462256079084646626e+04
1.157602691060090910e+04
1.526565040204435900e+04
-8.760522526224116518e+03
-2.589627093500247065e+04
-3.172699836315985158e+04
2.553920062980027069e+04
1.470337800002175027e+04
1.404475008521383643e+03
3.531543543790073454e+04
3.851732941865864996e+04
2.265473449225072181e+04
-4.196220532855215424e+04
8.650750136566623041e+03
-1.121346099042725837e+04
-1.451075659509700927e+04
7.957731112510852654e+03
3.124069179832629015e+04
2.539766545335764476e+03
3.789241122629510937e+04
6.183101174757835906e+03
1.388044819062777060e+04
1.747230913731821829e+03
6.270506510140586761e+04
-7.396563176150366417e+03
3.287732694254440867e+04
-3.399114158979878994e+04
4.054171175651706108e+03
-9.639479547540699059e+03
6.763692432934727549e+03
1.009568740837118457e+04
-1.835127647088643062e+04
2.558647538882702793e+04
3.989012273293360522e+02
-3.150719837493664454e+04
2.233426347372461169e+04
-2.159883036613821241e+04
4.330136840412757738e+04
1.415387581644884267e+04
2.847875610235440399e+04
-1.972840236823810847e+04
1.709533581420372138e+04
-4.438223006832418832e+03
7.616875599966335358e+03
9.604922187579435558e+03
8.157535831645564031e+03
1.535099170629480795e+04
-1.342413452597468495e+04
-1.982066269452638153e+04
-3.067509872234699287e+04
3.442986856216105662e+04
1.353694296909797959e+04
-2.230790814607643915e+04
-1.574034587269201438e+04
3.357987841012835270e+04
-1.025766757313823109e+04
-3.683828604858901963e+04
-1.129123020201684085e+04
4.165930783279504249e+04
-1.545482542341768522e+03
-3.361667592632631113e+03
-2.933354263490936501e+04
1.734630959214425093e+04
8.280349801179761471e+02
-3.476266450938246180e+03
-7.813422270547380322e+02
8.131200357013487519e+03
-1.450076440475231175e+04
4.947607774941730895e+04
4.431441120355828025e+04
4.641183653487000993e+04
-5.058096090379211091e+03
-2.122210484472417011e+04
2.377558789880504628e+04
1.289531085574254939e+04
-1.178477679350289873e+04
1.995751828086835303e+04
3.084638488988231256e+04
3.004180610170264481e+04
-5.246523813728941604e+04
-5.122016994193068967e+04
1.023371821361492403e+04
-1.276649722890073645e+04
2.381051661471782063e+04
4.559306989321985020e+04
2.081598370402281216e+04
-1.054445891485294123e+04
-7.654516290679112899e+03
-4.545596357904582692e+04
2.686467836699814143e+04
2.977742053098517317e+03
-3.673537563244854937e+03
2.747309603006293764e+04
-2.074137220856461136e+04
-8.191723583885322114e+03
1.090248902734798867e+04
1.779052412776556139e+03
-1.768373353889484133e+04
1.912559550185860644e+04
-1.039039566142802187e+03
-4.751144012409679999e+04
-8.235034896034854683e+03
3.192023437348029984e+04
2.302240221331582143e+04
-1.363016774284956591e+04
-1.879554444116112427e+04
-7.246363212151536572e+03
9.385007605854470967e+03
-4.295643391986435745e+04
5.120382972827351296e+03
3.460161333862190804e+04
3.640320038820641457e+03
-3.499466932950534829e+04
7.473701593310644967e+03
2.438876693682386394e+04
5.619122752806429162e+03
-1.243485874361354945e+04
1.180300216094565803e+04
1.819735958949545420e+03
-2.637401915515591827e+04
2.386008984904786848e+04
-1.977483996918054618e+04
-4.197730102563028049e+04
1.363119114687741967e+04
-6.419599793987195881e+03
3.339926749799078971e+04
4.123545063862165989e+04
-3.716907930242808652e+04
1.493536907194775995e+04
-2.170320957207508400e+04
3.972705573916550929e+04
-1.964476640763008254e+04
-1.429243000753488013e+04
-2.601811423207805274e+04
-3.981487689446811601e+03
2.138853888290550458e+04
-3.049924020539377125e+03
8.667422362842155053e+03
-3.565555332305006596e+04
-3.031918261439046182e+04
3.915398074699589051e+04
1.533580609388099037e+04
-1.624673687365897058e+04
-2.464827521393169809e+04
-1.571521383985075772e+04
-5.320935225002306652e+03
2.998220000137341049e+04
3.870294399400962902e+03
9.455202132999058904e+02
4.160902221890945657e+04
9.912204848247392874e+03
1.831887005684108226e+04
2.410051778638123869e+04
3.793561181563536229e+04
-1.441407671266577927e+04
-4.446381757362418284e+04
5.708833806263745828e+03
-2.141461472095676868e+02
-4.331448536483201678e+03
4.160899933057986345e+04
-1.896557693860819199e+04
-6.465265042398138576e+03
