8.411032377986461506e+04
-7.674496286513243103e+04
-7.072973520089087833e+04
5.774309228489940870e+04
-7.655841042929913965e+04
7.503283389455048018e+04
-9.248966201301480760e+04
4.133215437789418502e+03
2.233882438117076526e+04
-3.774225292845263175e+04
4.876180747189268004e+04
-6.815772718107329274e+04
-2.636311383084242698e+04
-1.182676831768028205e+04
-6.365502386828045564e+04
-1.602618916556837212e+04
2.046396328594932857e+04
6.741950453310826560e+04
4.426162400485610124e+04
-8.334019862475669652e+04
-2.312670131362637039e+04
-3.061579668984284217e+04
-2.710235078063052788e+04
-9.396618239518276823e+04
-1.826234269826048694e+04
-9.030020729105852661e+04
3.044422005173352954e+04
4.519438754474380403e+04
-4.061569000968142063e+03
-1.909478889213185175e+04
6.348682701350696152e+04
4.733200306996793370e+04
9.272985215683345450e+04
1.480901921828475315e+04
-6.971063527356492705e+04
6.314529936030475073e+04
-2.399189643060485832e+04
-7.057974623208009871e+04
-9.181766812876529002e+04
1.768520669486006955e+04
-3.964633961778771481e+04
-1.528455391617695568e+04
9.602386843287467491e+04
-5.060642911412007379e+04
-9.646408284695426119e+03
3.997064064691989915e+04
-7.256029326106105873e+04
-2.012195120226182917e+04
5.763915809403191088e+04
-5.415763731728628045e+03
-1.348053774687912664e+03
2.667720215599986841e+04
-1.503695280772168189e+03
4.280657417243122472e+04
4.030006125296640676e+04
-6.136372583471594407e+04
5.438405723873598618e+04
-7.757018467987218173e+04
1.757788649523819913e+04
-6.021854615353452391e+04
1.847471682752018387e+04
-8.798445133852859726e+03
-2.009628774289667490e+04
-4.846072760622437636e+04
-2.627394853515365685e+04
4.323577725258519058e+04
-3.966800418506335700e+04
-9.863557791168136464e+04
-4.631387439445575728e+04
3.264528243037391803e+04
9.866408671536608017e+04
6.580145657362314523e+03
-7.933592058872416965e+04
-7.418856378912614309e+04
-7.256176813109565410e+04
6.935414915777550777e+04
-3.538561765927541273e+04
1.223246352764975745e+04
-5.286843077722856106e+04
2.017211133908535703e+04
6.056818656493668095e+04
7.254816253963435884e+04
-6.393090111702184367e+04
-5.941821471967323305e+04
-3.758627350213284080e+04
8.918829337719097384e+04
-2.721499221637757728e+04
2.250701707690110197e+03
6.507893860515751294e+04
5.636278855991494493e+04
7.593333094515919220e+04
-6.082607519030109688e+04
-9.796826536742009921e+04
-8.939054024783983186e+04
8.209674262719714898e+04
1.696535313404981571e+04
-4.169611004568360659e+04
-5.516533588694720675e+04
-9.025522162945529271e+04
2.967796739020285895e+04
9.609141102405521087e+04
5.583038484411503305e+03
-7.412763740521643194e+04
1.878724363968374382e+04
3.622048277735238662e+04
2.923412579714166350e+04
6.058775914726880728e+03
8.268473518530293950e+04
2.445956854912773997e+04
8.778195184728421737e+04
-4.644730202894387185e+04
7.644652459139542771e+03
-9.538081155621711514e+04
-2.618228626443148823e+04
7.548889409220972448e+04
9.027037017107845168e+04
-4.109040576671587769e+04
1.603211350933075300e+04
-4.620021495806285384e+04
-7.622216239100180974e+04
9.307948409742399235e+03
-1.840540583033309667e+04
6.942718442213124945e+03
9.796921521544427378e+04
-1.825329247320386639e+04
-8.302990077027279767e+04
6.437806586372328456e+04
-2.329383509844607033e+04
7.685203598059306387e+03
6.475048602832577308e+04
9.573161007647955557e+04
-3.260264406204989064e+04
2.727178905676840805e+04
-8.923697814282168110e+04
-7.802922360783853219e+04
-4.306540865934411704e+04
-7.947345562114880886e+04
-5.120696477888357913e+04
6.356509880294874893e+04
-8.005389030666356848e+04
-8.671660878393935855e+04
-4.826330337869701907e+04
6.311862661793065490e+04
-3.323305317864968674e+04
3.792615059216273949e+04
2.192861918442399474e+04
-7.534234532360946469e+04
5.808099473813339137e+04
-6.289611199127486907e+04
7.317939418930155807e+04
-4.678395077463326743e+03
7.552186440282655531e+04
-3.652842618538007810e+04
-2.073527156871528132e+04
7.642124485940177692e+03
1.875667540429887595e+03
6.291016963014344219e+04
-1.627449775679441518e+04
-5.747310147490980307e+04
2.394460913952585543e+03
3.832358925194994663e+04
-4.872999857728881034e+04
6.623260772853775416e+04
-7.650498439691246313e+04
-7.917135852692835033e+04
9.080303809807598009e+04
-3.374471845278839464e+04
9.909602051111913170e+04
-1.605163039198127808e+04
5.896108761757961474e+03
-7.087122419993567746e+04
-3.572983118315804313e+04
5.724471811238088412e+04
8.737640693255802034e+03
1.422589412823069142e+04
-6.469768389180179656e+04
1.353429146592493635e+04
-1.399511345346488815e+04
-3.902593440331019519e+04
-5.718648686641840322e+04
-1.367875356357406417e+04
7.190448694221355254e+04
1.321235471105600300e+04
-9.336512824751592416e+04
-6.280973147529333801e+04
-7.469570366586280579e+04
-4.860408958196107415e+04
4.517884090941565228e+04
1.895243052862504555e+04
7.634886341984209139e+04
7.569534694683007547e+04
-2.906784811859451293e+04
-4.061361986965475080e+04
-1.987816128967050463e+04
4.860748019844113151e+04
6.319720533434968092e+04
-8.957280737165790924e+04
8.773510840554753668e+04
3.452571171179373050e+04
-4.165843708150618477e+04
3.342302896651151241e+04
3.743528232615810703e+04
1.516157836413185578e+04
6.903440034828579519e+04
4.857555827820012928e+04
-3.571959647376494831e+04
5.444886728814250091e+04
5.836664725904318038e+04
1.835405105990823358e+04
-4.728033368176787189e+04
-6.162315363686950150e+04
-2.351233141448927927e+04
3.344339558344747638e+04
-2.904182273107640503e+04
-4.555614280775803491e+04
-8.830463519254585844e+04
-9.779938974954352307e+04
2.086951888130085717e+04
6.134716258916378138e+04
4.965309744400595082e+04
-3.005222837208800775e+04
1.506859994911291869e+04
-5.363012142360847793e+04
-6.807188712717700400e+04
-9.848421813901227142e+04
7.790395478551255655e+04
7.496466775578889064e+04
2.970615868369834789e+04
8.827920787491768715e+04
1.742639374408128788e+04
6.160618953658160171e+04
-6.047114118307796889e+04
4.268404829767812043e+04
-2.936361160008527804e+04
1.411950426188894198e+03
6.958603578376720543e+04
-4.977706960074499511e+04
5.673435799918815610e+04
-7.937828877720145101e+04
4.201769775881370879e+04
-5.706332326511696010e+04
5.216497734189013136e+04
2.640003751497986377e+04
5.615038515256985556e+04
-2.220488109235846787e+04
3.931712174071004847e+04
-6.330731060286327556e+04
3.522767080381410779e+04
-3.869503560486529022e+04
-2.199758024721383117e+04
2.436923302269313717e+04
-3.346436155994290311e+04
7.223910754398995778e+04
9.283514842807344394e+03
2.028571981813004822e+04
-6.327829316143316100e+04
3.960132416329695843e+04
1.836380471296388714e+04
-6.507552204758577864e+04
-5.910570040861353482e+04
3.058391184338342282e+04
-4.309769739427198510e+04
8.306117922754553729e+04
-4.962937206117694586e+04
1.616527757984556956e+03
