9.220958596007125379e+03
2.822908057234236878e+01
2.430563291335087706e+04
1.276854389021130737e+04
2.018289940589887556e+04
-6.747121042940832012e+03
3.075552919457091411e+04
-1.442439099302968498e+04
2.131855799453883810e+04
2.095581053792954845e+04
-2.683755206213125348e+04
3.100546750003003035e+04
-6.050530599160249403e+04
-1.243409106851860633e+04
4.925975716912255302e+04
-2.368780606055899625e+04
1.326012227841076856e+04
3.054003213054261869e+04
2.809602416281704791e+04
1.192667677520932784e+03
1.820962158014841407e+04
8.532885121126864760e+03
8.263448463015543894e+03
2.912611032087135391e+04
3.419204828258716589e+04
2.908497448218451609e+04
4.508461876905132158e+03
3.050399332229136780e+04
-5.117002233563693153e+04
-6.405210138814930542e+04
2.002255684866542396e+01
1.802517389595343775e+04
2.446688413604721518e+03
-6.666804136149726219e+03
-3.038834742819532403e+04
-2.676359474584650798e+03
-2.565034088977547071e+04
-1.572682720202724704e+04
5.383475940472660295e+04
1.281614159862073211e+04
3.688374424531483965e+04
-2.124106523476257280e+04
5.732221144347829977e+03
1.978635567901159811e+04
2.440131554098981724e+04
-6.581126154185714768e+03
-1.704922213660991838e+04
-1.336876213338187517e+04
-6.076939749497047160e+03
2.816957669018045999e+04
-4.508937431602470497e+03
2.071257983649392827e+03
-6.236065876268878492e+04
9.256642302200551057e+03
1.432438613499437088e+04
5.071359389509615721e+04
4.270766141951895406e+04
1.257922118748260073e+04
-6.818028483277697524e+04
4.053081760148154899e+03
-1.383499509239743202e+04
-4.088756668859936326e+04
7.171117243983547087e+04
-2.758933914577993619e+03
-8.696895759750943398e+03
-1.640323271272540296e+04
-8.471972531646537391e+03
1.694808973335323026e+04
1.775772186867577329e+04
-1.817858041350230997e+04
4.804295816323930194e+04
1.203095573462131870e+04
-9.673074004228437843e+03
2.089928823636658490e+04
3.139333556889303873e+04
-2.873061926558587402e+03
-2.615335438323261405e+04
-4.665529209750279551e+04
-2.838596399910445325e+04
-8.304932528666351573e+03
-1.134518606419108983e+04
6.575064242115427624e+04
3.515776144780918548e+04
-1.409735078547708508e+04
3.899104087626683759e+04
-7.113395372060978843e+03
3.194824595020209927e+03
3.166366871675520815e+04
-6.530825338364042182e+03
-3.283749191824756417e+04
-1.825069730465119937e+04
6.886917936912114965e+04
-2.114000713132010787e+04
-6.364882150498773626e+03
5.188473524549610011e+04
2.166211672560253646e+03
-3.410631055808998553e+03
-1.670072089444372250e+04
4.152445380994126026e+04
2.404910031739670376e+04
-2.656774679293578083e+04
1.014673753601357748e+04
2.407791286414972274e+04
5.637833438639671658e+04
-8.454691833237218816e+03
-1.438386893187247551e+04
-8.495395841349030661e+02
-1.754272718735025774e+04
-5.131352722357583843e+04
1.361552358472410742e+04
3.171244183696880282e+04
-3.952351420141588460e+04
6.503070751222079707e+04
-5.809134342349208055e+03
-5.972334819586445519e+04
-8.258320532936206291e+03
9.239460870314178464e+03
-8.007099642849910197e+03
5.462656394418578566e+04
3.158424325756059989e+04
-4.230936066262235727e+03
3.568142119664180063e+04
1.183213414281630321e+04
2.673389950057581700e+03
-3.345833691073743103e+04
-2.254450762660084729e+04
3.800902178385199022e+03
-2.579356092027605882e+03
-1.576143243540085678e+04
-3.315382371897899429e+04
-1.038723312766858726e+04
-1.990060408748076588e+04
-5.658426115592871065e+04
4.335080742824476147e+03
-5.969987570298666105e+04
-2.269310246739323702e+04
-1.019590756774531837e+04
3.553897688568702142e+04
2.638354349404783534e+03
1.454602577699146786e+04
-1.979704969407510725e+04
-1.670065752742880431e+04
6.444191652278183028e+03
2.023110010529236661e+03
2.257639757942747019e+04
4.184830547834527533e+04
2.848082424930974230e+04
-2.408104812681466740e+02
-1.051641905129233965e+04
-2.937761286538091372e+04
5.252595750220629270e+03
-1.623861843246902208e+04
3.888583724408760463e+04
1.392429805231925093e+04
1.480840218310687487e+04
2.981602535758630256e+04
1.023045053582713808e+04
-8.206765086837613126e+03
5.279605859177770071e+03
1.084054959473303279e+04
2.337473093733943642e+03
3.256952281904204028e+03
2.812343267349591042e+04
1.336550700853273156e+04
1.522272505572282535e+04
-5.588541167448192937e+02
5.350810651106025762e+04
-4.679092660885918303e+04
-1.162324093065513443e+04
-3.414891568720599753e+04
-3.594429876662667812e+04
-4.114592384451209364e+04
-7.905358740453892096e+04
-5.693636547895120748e+04
-5.588805671924986200e+03
-3.213462655141682990e+04
-4.431317811246549536e+04
-1.705099321900441282e+04
2.600537894767231046e+04
3.467357467896630169e+03
9.857747674600001119e+03
-6.249395784771203353e+02
-9.909900381653158547e+03
-3.319795364929094831e+03
2.521880694051553655e+04
2.579297856439396855e+04
-2.706909167523524593e+04
-3.785124574963634586e+03
1.931277768910891609e+04
-1.682292615779305197e+04
3.133553905427609425e+04
3.777988459128936665e+04
-1.408348583497377695e+04
-5.842827583968669933e+04
7.831514856784741278e+04
4.623441300873910222e+04
1.449065118955541766e+04
-2.318878572836742387e+04
-1.257564600983451783e+04
2.967956595420808299e+04
-1.682022535963653354e+04
3.641321862864243303e+04
-2.119426096994843829e+04
-3.880402826027430274e+04
-3.172269546455021191e+04
-1.771291333218476575e+04
-4.862684259620970988e+04
-1.252994589815733525e+04
-2.513002676254701782e+03
5.607707998975740338e+03
-3.396943677691751509e+04
2.935796839286679096e+04
5.896454194627782999e+04
2.957834210483575953e+04
3.935170355274586473e+04
-6.564080733253425569e+04
-6.031573740693516447e+04
2.482483851771703121e+04
3.084974803543459348e+04
-4.952072496946515457e+04
-4.753678598890153080e+04
1.495999415388475427e+04
2.966566096340758122e+03
9.448460273542517825e+03
1.656787327461841051e+04
-2.067141302800727772e+03
2.408148836848069186e+04
-1.155421997346377611e+04
5.861621003563528211e+04
3.450313063446628075e+04
2.622205242270917370e+04
3.689085071268668344e+03
-7.076366664328942534e+03
-1.547558582993616983e+04
-5.322426099174388219e+04
2.394086182698217272e+03
-4.718781506009736040e+04
1.125955934799701754e+04
3.870544073994584323e+04
-1.762922514364705421e+03
-5.023223368506169209e+04
-1.535412388387210740e+04
3.946515032011783478e+04
4.038078624497750570e+04
-4.772587505561786202e+03
2.448513886390634434e+04
3.048831764941757501e+04
6.448505035583073550e+03
-2.607461712958718272e+04
-2.275933375314390651e+04
1.552185575957678338e+04
-1.473735656594219290e+04
-1.750448786322224623e+04
6.473100286591609347e+02
3.345336870350179652e+03
-2.868866712150805688e+04
-3.201337422978059840e+04
-3.305445345235348941e+04
7.756708781211083078e+03
8.050137936728267232e+04
2.908480947987540276e+04
-2.447899768866055456e+04
3.908218052321865252e+04
4.921861548372126708e+04
-1.094851111299998956e+04
