-5.794401560937538306e+04
-1.876553514441081643e+04
1.687344489664163120e+04
4.721858807179291762e+04
3.908188649756107770e+04
1.699486745892588942e+03
6.076030155974955051e+03
-2.145609854237974650e+04
-1.396031587779579422e+04
3.191371088871254415e+03
-8.133917957245954312e+03
2.663124242954717556e+04
9.585463959797558346e+03
-2.905292425814126909e+04
2.813641372856983435e+04
2.095155045516112295e+04
3.197258828852774241e+04
-3.047867068371222922e+04
-9.799423269848181008e+03
-6.412375212199630369e+03
1.493230478656568448e+04
-1.675050125049420967e+04
-5.570154372524677456e+03
2.973825387264996971e+04
-2.615247362125149448e+04
-5.293497391851483553e+04
-3.451441764845202852e+04
-3.051485079046920146e+04
-2.598439489340022556e+04
7.385537720099967373e+03
2.879906222828404498e+04
-6.763444453045092814e+03
-3.040358313154449570e+04
2.154756738464947193e+04
-3.196539120127280694e+04
-1.675677379995701631e+04
7.289534932985375235e+03
3.281756412996747713e+03
6.197455693415262067e+04
3.535579114273266896e+03
-2.775061204449521028e+04
-2.272330308312734815e+03
1.329447620175634256e+04
1.928754005562058592e+04
3.691036930930386006e+04
-3.356036833030304115e+04
-6.935627788197150039e+03
-1.927798261354603164e+04
-6.210754761339118704e+04
4.080527653403161094e+04
-2.327556281281501651e+04
-4.216221568704971287e+04
-9.664835093013891310e+03
-3.821148868524788850e+04
1.485545985531629776e+04
1.376694258941054977e+04
-2.102337747328525074e+04
2.061642968020706030e+04
-3.415220761380958720e+04
-6.405933249550304754e+04
2.210625726821704302e+04
-1.725200960520687659e+04
-1.080410526562371342e+04
6.901606014259861695e+03
-4.236155390933535818e+04
-1.289794792585490541e+04
5.808797842646463323e+03
4.128027906901293318e+04
5.671924547129944403e+04
-3.634162489135775559e+03
3.142913607133066034e+04
9.311101630928420491e+03
1.080321372079422872e+03
5.424945250512207167e+03
3.035320237525004814e+03
-6.042254254417021730e+04
2.515143931155448445e+04
1.852341683616269802e+04
-5.522177978358517430e+04
-4.454346542988555302e+04
4.484284156515163886e+03
-3.544911020680584625e+04
-1.288902108462974138e+04
-3.629906679906662612e+04
1.104709774069288324e+04
-5.103165841606928734e+04
-6.590424504543557123e+04
1.416122586688536467e+04
-2.301939355077665459e+04
-5.376343856315214362e+04
-2.703754561289746562e+04
2.687743129860463887e+04
2.616580273384956308e+04
3.176146397211323711e+04
5.635612761994307220e+04
-1.296424508027861884e+04
2.431466795639787233e+04
-5.800984414258087054e+04
-8.960966002473982371e+03
-4.416115193730196916e+04
-1.737569021629390772e+04
-1.899567370857008427e+04
-3.234010227471245526e+04
-3.084856782726464371e+04
6.165777239742991515e+04
-4.691569297086015285e+04
-4.303067061025086878e+04
4.552137318805997347e+04
1.295798847913740428e+04
-6.322596509849359427e+04
-5.122902719645234902e+04
-2.439209295785059294e+04
5.248767549048460933e+04
1.649724058955524379e+04
1.267485602005729925e+04
-1.069073097436977514e+04
6.484969651325692212e+03
-2.504664526698562258e+04
1.640210536761979893e+04
2.890596607390147256e+04
5.002613995121407788e+04
2.032055398483137105e+04
-4.005515674426769692e+04
2.525573218556273332e+03
3.779503676792512852e+04
7.350230151287531044e+03
1.051913906999847131e+04
-2.938299637579395494e+04
2.868593441520669512e+04
6.646852036391255388e+04
4.194147572605764435e+04
3.604963213329193240e+04
-3.793808183286028361e+04
-5.104484141955552332e+04
2.506690107012208955e+03
5.397360701874741608e+03
-1.403607170726722870e+04
-4.832343836493552953e+04
2.073321639460519873e+04
8.841837446819992692e+03
9.063113865547315072e+03
2.751191218591778306e+04
-5.599535526295904674e+03
6.722354509705021883e+03
1.679269771767474958e+04
-2.064016405666117862e+04
1.989975041675124157e+04
1.176218173144902721e+04
1.027125597120469138e+04
-4.225885128515416909e+03
4.561114151725219563e+04
-9.713773492286452893e+03
2.471473294617235297e+04
2.713607443394958682e+04
1.886150286052759111e+04
4.910056537474801007e+04
-3.107891426544754722e+04
1.058149948698683875e+04
-3.039919882378267357e+04
-4.119778160953197585e+03
3.185182740990701132e+04
6.845315233417726995e+04
-4.811989155995901820e+04
-3.348332980010700703e+04
8.638698860910188159e+03
5.567673929866701656e+04
5.359577325769822346e+04
2.351574556172487064e+04
-2.454161201033216639e+04
3.128136359998599437e+04
3.020540339474452048e+04
-1.976334525120586841e+04
-5.825016421580035058e+03
9.731745900081126820e+03
-3.494232724862045870e+04
1.476729568060478960e+04
1.004980958812437530e+04
-4.610465186818308575e+04
3.351233088592245622e+04
5.305564139847462502e+04
2.611877451172241490e+04
-2.978080871774881598e+04
1.243863254371585208e+04
-1.679007647801736312e+04
3.996620195004927518e+04
3.573291224759489705e+04
-1.347054461618957430e+04
5.450825431674757419e+04
3.320039770862668229e+04
-1.466696217738484484e+04
4.263068257717959568e+03
-6.014936226103178342e+04
-1.668745678295681864e+04
4.696945226373549667e+04
-5.089786522341998352e+04
-4.223431889277309892e+03
4.920645282091378613e+04
2.644957992074493086e+04
-1.754108840144300984e+03
-3.675337163017308922e+04
-1.739278247717322301e+04
-2.694988929283959078e+04
-2.612649568025960252e+04
3.919115977369258326e+04
-3.467168293982391333e+04
6.096189565865422628e+04
2.673680262905073323e+04
-2.679628823174521676e+04
5.312865095403995656e+04
-3.822091682756615046e+04
4.973949951878560387e+04
7.228525631487136707e+04
-1.127742398536542714e+04
5.087143813362567744e+04
-2.735589491234110938e+03
-2.683433318640186917e+04
-7.716658830460136232e+04
-5.911189248497828885e+03
3.301975646943506581e+04
4.059489786501925119e+04
-1.899865707623819981e+04
1.028077529848517406e+04
2.338956763975340436e+04
-1.541704195124135549e+04
-3.975377101963439782e+04
-7.092537920931461849e+04
5.004841530565592984e+04
4.862672785425144684e+04
2.499012028728648147e+04
-4.433724334499066231e+02
-3.595424344741850655e+04
5.315608470221580501e+04
-7.199259092238648918e+03
7.932619462229478813e+04
-1.237204630697027642e+04
-2.992411107033284861e+04
-3.277253772946599929e+04
5.458889351480248479e+03
3.458970915289271215e+04
-3.655084211339368630e+04
4.060693099506231374e+04
-2.729507289471563854e+04
-6.605108284131747496e+04
-1.707269864946490998e+04
3.111042633746959473e+04
1.335851905326948690e+04
-3.354702631873867358e+04
-2.918518255396857967e+03
6.337236150261289367e+03
1.113070944933748615e+04
3.010806905524262038e+04
4.329953983015420818e+03
-7.204224559774440422e+04
1.121358774524925502e+04
-2.350935820196666828e+04
-3.109073036981766199e+04
2.519496072308843577e+04
3.347034695822950744e+04
-2.389556979992772540e+03
-4.427120293300287813e+03
-5.806577996584051289e+04
-1.122808055138036798e+04
2.925068321992547862e+04
1.936290902768667729e+04
9.943612708287244459e+03
