-1.048558277602195631e+04
-4.742088707623037772e+04
-8.370363786514833919e+04
-9.345089752859991859e+04
-3.225974584671863704e+04
1.766914886587221190e+04
-5.289310714328158792e+04
2.619492074766571477e+03
-6.156619693814667471e+02
-8.693096580437342027e+02
-2.404168605801017111e+04
-8.985757117941859178e+04
4.211857280427110527e+04
3.882684135571520164e+04
9.208125812130729901e+04
5.763475346636671748e+04
4.808718104485613731e+04
-6.794553685425405274e+04
-3.251216804582030818e+03
-6.806187280495597224e+04
-8.171494972025291645e+04
7.537745089402225858e+04
-1.342311613664615652e+04
2.457971872410808646e+04
-5.787218172477161716e+04
-5.746398453095638251e+04
-6.458047359006109218e+03
3.133663339724378966e+04
-4.426186656999155093e+04
9.271913512320128211e+04
2.051022851785251260e+04
3.491842134922687546e+04
1.177226490043295598e+03
2.076182753314269212e+04
-8.945585604316715035e+04
-3.485898527402530453e+04
2.939480321778478537e+04
4.366264853748097812e+04
-9.814770605055407941e+03
-2.410671335107162304e+04
4.153676397942308540e+04
-9.467230496144300560e+04
-2.590742962635717777e+04
4.845259675540186436e+03
7.115168932658428093e+04
-8.429265783074179490e+04
-7.621290206707776815e+04
-3.379517984246675769e+04
1.338829390037031408e+04
9.431870549129624123e+03
6.132566965527668799e+04
6.489631366425388114e+04
7.680059062005364103e+04
7.491827343519371061e+04
4.469563611909998872e+04
-4.772393710490877857e+04
2.667780068791096346e+04
2.924525069034563421e+04
7.564949625095637748e+04
5.509121860014026606e+04
5.266011589801176160e+04
-6.526335840896575974e+04
3.723312606122279249e+04
9.129722793119619018e+04
-6.859924623192427680e+04
8.814894692816665338e+04
-1.211820714310189396e+04
-2.915476917553798921e+04
5.667281281201828097e+04
-3.508931837212576647e+04
-8.697138929076037311e+04
-6.875901285778866441e+04
1.867720444348841056e+03
-6.736442396788728365e+04
-1.618639294855625485e+04
-7.367046816527711053e+04
8.474847668479711865e+04
5.554642043871521309e+04
2.518000900311288933e+04
-5.470859264373151382e+04
-1.676748235370061593e+04
3.945426473626925872e+04
3.629122903216093982e+04
-7.680144965129517368e+04
-2.688106876158644081e+04
4.319523680895184953e+04
-4.813054130137273023e+04
8.840028302039827395e+04
-8.312354877242659859e+04
4.347912682764733472e+04
5.260898585062624625e+04
-6.406255422078818810e+04
-7.085880543309394852e+04
5.861221129136760283e+03
-4.470168558108944853e+04
9.335963180526872748e+04
-2.466258000949555935e+04
-9.734064601389026211e+04
1.807672863196183971e+04
7.809575044708116911e+04
-5.227170528586489127e+03
-4.225069559546423989e+04
1.717610260377056693e+04
8.746755772909118969e+04
3.605239252559489614e+03
3.812942077774377685e+04
2.750438113327529209e+04
-2.471558453514201756e+04
2.191437635933689307e+03
1.975730740914072521e+04
-5.239436793306296750e+04
-2.910506480262507102e+04
-5.602447216940331418e+04
1.618550282794811392e+04
-6.221743558159461827e+04
-3.586119097466401581e+04
-7.804730462333153991e+04
9.230838334353677055e+04
4.607455055619946506e+04
-8.944721424659959666e+03
8.400073382564993517e+04
-3.422441742453511688e+04
-4.242931109409310739e+04
9.751793386425690551e+04
-4.803174238819974562e+03
6.722294746608907008e+04
-7.627633871971184271e+04
6.316634656358791835e+04
3.261229916230656090e+04
-9.273858171304683492e+04
1.784574671819534706e+04
5.007223006497906317e+04
-9.447610915359195496e+04
-2.756974917700216974e+04
-3.362263357202943735e+04
-3.196427194092618811e+04
8.176364739091318916e+04
5.142013824503585056e+04
5.909145158329360129e+04
9.380732883115031291e+04
-6.622482902500491764e+04
8.210161739592740196e+04
-6.703941606116310868e+04
6.603759484392126615e+04
-3.914088246175049426e+04
5.819420956601430225e+04
8.241870512027340010e+04
1.789989083355251933e+04
-9.820640420970789273e+04
9.794061332213396963e+04
-5.152504930122251972e+04
5.580360393118626962e+04
2.152324508142537888e+04
-6.166782373265751085e+04
1.640749119784377399e+04
4.184940612539669382e+04
8.351195168319910590e+04
9.922069368228745589e+04
-7.284467442497560114e+04
-9.525845409058209043e+04
-7.057125211861710341e+03
7.992263875903759617e+04
1.102025310723242001e+03
7.353035547443625546e+03
7.505537526860648359e+04
1.319183418383814751e+04
-1.087317529904368894e+04
1.687215725688736347e+04
5.690909891299629089e+04
6.539153014723797241e+04
3.680771260667738534e+04
8.225451411016930069e+04
5.042169616360804503e+04
-6.692797887478992925e+04
7.281671989355362894e+04
-6.043983901555223383e+03
1.426300566726295619e+04
4.894522540438575379e+04
8.041039981187664125e+03
8.225500073651580897e+04
-7.529545048082846915e+04
5.314507102656713687e+04
-3.319904980577601236e+04
-8.424914964747474005e+04
9.503340119686168327e+04
-1.298881018355767628e+04
5.953468097045959439e+04
-7.438720915270059777e+04
-7.971009843231239938e+04
6.468025617695025721e+04
-6.842884547967545222e+04
2.801368179073065403e+04
-4.823402933006866806e+04
6.735539075674281048e+04
-4.206150913583938382e+04
9.844644744105146674e+04
4.901547866176169191e+04
3.999803745653363876e+04
-6.207780828966084664e+04
2.574244241250195773e+04
-9.108015757071653206e+04
7.625618083886751265e+03
2.780668159005685447e+04
8.489965168231751886e+04
-9.409859339888520481e+04
-5.689726664769610943e+04
7.146276108060684055e+04
8.587958929771963449e+04
-5.737810545666186044e+03
-9.267987599780478922e+04
1.391658685702185721e+04
-1.729424781835187605e+04
-6.756880168941714510e+04
4.876315288168334519e+03
5.165389910242227052e+04
-8.124695332128611335e+04
-7.768126143383981253e+04
-9.563831834441731917e+04
1.939268305038069593e+04
8.851182122349039128e+04
-8.630998485983202409e+04
-6.251357515083120234e+04
5.664159279128683556e+04
3.270544295375369074e+03
4.885603866663965891e+04
2.405438950978618232e+04
2.134417101987096248e+04
7.681849693690655113e+04
5.416878932930851988e+03
9.200593410875683185e+04
1.222214285900707637e+03
6.457485761176966480e+04
2.663223511855788820e+04
-6.152260674944925267e+04
8.410210900601145113e+04
8.756214958584163105e+04
-7.644249114794959314e+04
-5.031404504725645529e+04
-5.333605372135798825e+04
-2.893523446412002522e+04
-4.089104191384195292e+04
5.449174847860589944e+04
4.367955210307129164e+04
-2.557295110921684318e+04
-6.615819878754750243e+04
-3.213477976622458664e+04
-6.652969477639832803e+03
-1.795612822540005436e+04
3.444405011895477219e+04
6.295691217801800667e+04
2.006614128783730848e+04
8.711307234026805963e+04
3.544861252614406840e+04
4.189184518175692938e+04
6.812678466381636099e+04
6.775642554725024092e+04
8.627926003176272206e+04
4.601155987336447288e+04
-9.437961578715403448e+04
-9.789239551481905801e+04
8.426767644761258271e+04
-5.354887254467312596e+04
4.843660416518274724e+04
7.987656305815295491e+04
6.587397806386636148e+03
