-3.526574419764040795e+04
-7.167872009262115171e+03
-2.455436315905351512e+04
1.285801688202096375e+04
2.526893048328075565e+03
-7.680545334836541770e+03
3.129532578074045887e+04
-2.720622514324272197e+04
-3.483940588485239277e+04
-5.349184453061546265e+03
1.246810262903869625e+04
-4.269480440995882964e+04
-1.536684183826569824e+04
1.524452485262003938e+04
3.538652884818075108e+04
-1.691929518422787805e+04
6.723139023207204445e+03
2.464140161701297984e+04
-3.837838552609354520e+04
-1.903643029275232402e+04
8.182088391788974150e+03
-1.960165493741356840e+04
-8.492543858487080797e+03
-1.652293015570045827e+04
1.624672683291864814e+04
-7.872106301488099234e+03
-1.811650367291123985e+04
3.135127061174083428e+04
-9.092640649719096473e+03
1.830141663036759564e+04
4.722106650341237400e+04
-8.214792298242828110e+02
3.103241252730582710e+04
1.095918930334293862e+02
3.332926965300058509e+04
4.441962534098137985e+04
5.205420958913982031e+04
-2.807907152112313634e+04
-1.802483273745808037e+04
-5.162235847961957188e+04
2.291664576100247723e+04
2.995291787136250059e+04
-2.115612264383574802e+04
5.869148413628495291e+03
4.233418069863502024e+04
3.572645010042014474e+04
1.334035299440189419e+03
-4.149326848586274718e+04
4.238224914479415929e+03
3.752713754212667936e+03
-2.976732235684494299e+04
-1.008278636727469348e+04
-3.051056127040787942e+03
-5.278131297457957771e+03
2.565906248915275501e+04
-1.260060908115031998e+04
2.721150146292299178e+04
-5.260346534597503342e+04
-7.380225481351453345e+04
-2.776777378172136378e+04
4.244725006709263107e+04
4.206325789925878053e+04
4.483079946124631533e+04
-5.105060819049971906e+04
-1.260150898374316029e+02
-2.252939597213047819e+04
-4.347598007575479642e+03
-1.096524074244393341e+04
-3.680322924358450109e+04
5.852049934409533307e+04
4.081119294788765546e+04
-5.314835107377279201e+04
8.436019760195584240e+03
2.885649987925623282e+04
-2.348175628746139773e+04
-4.846951531486235035e+04
-2.470723555674529416e+04
2.776745144457404967e+04
-2.067426133695776298e+04
6.739662416657691210e+03
-1.209358245672197882e+04
-2.883470457084356167e+04
6.883484493971913253e+03
3.155060135211927445e+03
4.442313809216351729e+03
-2.642592121790675083e+04
-4.303727044018696324e+04
-2.541032746710306674e+04
4.643971003891479654e+01
3.816304511299725709e+04
-5.399820895277794625e+04
4.383350370938087872e+04
4.296022607116399740e+04
3.424722370671130193e+04
6.553483178688661428e+04
-6.936404965333205837e+03
2.691593771190365442e+04
-1.743053249052639512e+04
-2.167969547823666653e+04
-9.465298124368575373e+03
2.739987104843461202e+04
3.959006419018584438e+03
3.242348274336151371e+04
-1.564258714670044174e+04
1.421691072490616898e+04
2.883810686947594877e+04
3.237641398218156246e+04
4.330816337979141827e+04
1.444047682810583183e+03
6.965465445114087743e+03
-2.455026838559286625e+04
1.007598330336767140e+04
4.115892529489867593e+04
-1.660026480304991082e+03
1.025139707502522288e+04
1.520026593258172034e+04
2.258094289474297693e+04
-2.279323645114929968e+04
3.106718917454309121e+04
6.093900758264541946e+04
1.029335989123587569e+04
6.088109283114119899e+04
3.785667414619742885e+03
-6.012454422835796140e+04
-5.013169800040523842e+04
-1.470269377770704705e+04
1.312842961823791484e+04
7.281161490425660304e+03
-2.274174973276410674e+04
-1.344999131620764274e+04
2.117795863527624533e+04
1.165947677909750928e+04
-2.553393350360508975e+03
3.588528251084854128e+04
-5.037937632795230456e+03
-2.228247784396028510e+04
-3.235526196720337248e+04
-4.457707252138318836e+03
-1.570335643021305259e+03
-5.655165197927635018e+04
2.100497650468792563e+04
7.502456696933108105e+03
-9.924429045964052420e+03
1.489486829698658084e+03
-1.841150972748417917e+04
1.432093094626457059e+04
6.955623632882783568e+03
3.946485095400765567e+04
3.428394924594718759e+04
-3.747625004369409453e+03
-1.820895023769151885e+04
-7.901574622158886086e+03
-3.710608524970932922e+04
3.472034445891687483e+03
-3.167457245551907363e+03
2.564796420199185013e+04
-3.319420482220331905e+04
-1.529429292176861600e+04
-2.473903711348969227e+04
-4.846254561798864597e+04
6.408585386272413598e+04
-2.577763578539225637e+04
-6.227870399366228958e+04
5.020118026340589131e+04
2.241093355546499151e+04
-1.490472378614704212e+04
-6.540807791587799147e+04
3.435577335992681037e+04
-3.007586391699763408e+04
-1.899137646580268847e+04
-6.235711649798518192e+04
-1.235795377473839153e+03
8.804987573575264832e+03
1.666610806689612218e+04
3.740404764242353849e+04
-1.936097070843219262e+04
-3.113029002375628988e+04
-4.314954258304267569e+04
-6.006459954358274445e+02
-3.761145212037157035e+04
2.453969804540182304e+04
8.271666924129877430e+01
-1.163780974992630945e+04
3.273610660739548985e+04
1.781354089995522736e+04
-3.081235806321181735e+04
-1.434916647661054049e+04
1.437810752601533204e+04
1.324421110205053537e+03
-5.538604695739022281e+04
-5.274775122805250248e+03
-1.252916277897754662e+04
-2.150216671356081406e+03
3.688234900048081909e+04
6.939982663306242102e+03
5.532884223255196412e+04
1.406135167109289250e+04
2.674742940820882723e+03
-1.582864249801950973e+04
-1.956221536226685566e+04
5.622285023974707292e+04
-2.042601929387275595e+04
-4.097095894059909369e+03
-4.767509859944019809e+03
2.807189829350802393e+04
2.249023816387577972e+04
-1.815652757619538306e+03
2.331013498869931936e+04
-5.923863051510106015e+04
7.157748653153264058e+03
1.058377271643948632e+02
2.138643954841763116e+04
-4.391800451975885517e+04
6.118163528911994217e+04
-1.554256378200424297e+04
-3.978708266252680187e+04
2.582061295601809616e+04
4.757810361358447699e+04
2.250201819495111977e+03
-5.284931791873339080e+02
5.465958675550941734e+03
-2.759941440073666308e+04
2.875372947678710716e+03
-2.169530279291258921e+04
1.266239453715863237e+04
1.326678691170429738e+04
-2.165875893596102469e+04
-2.618955250675174466e+04
2.906600171047290860e+04
-8.401294326408466077e+03
-1.723892621618180056e+04
-4.088571651659371855e+04
3.455348842056853755e+04
-2.657890585471608574e+03
3.543713629924918496e+04
4.228100999130510900e+04
2.334206486874598340e+04
-1.022436392606950358e+04
6.035143356627711182e+04
3.253072649261265542e+04
-6.586463403174221457e+04
-1.785360921063402566e+04
-4.140165119297748606e+04
-3.496398625982363592e+04
-8.860127148904259229e+03
1.473726616871257829e+04
-8.094037617507310642e+03
2.944518229823242655e+04
9.251170815528241292e+03
-4.043043483688077686e+04
-5.089152562369084626e+04
8.753964900405700973e+03
1.724978425119992153e+03
4.879966363132995866e+03
-3.664919307345452398e+04
-8.112388448552450200e+02
2.204327926114308138e+04
3.770429926285897091e+04
-1.780909929066286713e+04
1.145436799062449609e+04
-3.537019491220072086e+04
-7.556457862594217659e+03
-6.729742874409994693e+04
-3.369577331022082944e+04
3.587770821846260515e+04
