-1.505212982143099180e+04
-1.111309632603598584e+04
2.315534841362146472e+04
-3.086002571285043086e+04
-1.073806846157429391e+04
1.463255890068866756e+04
-7.149210970338696825e+03
3.837103012658793887e+03
-2.507985204373218585e+04
-8.124512622978529180e+03
1.751590491581718743e+04
3.115916685947681253e+04
-4.440328163856643368e+04
3.505279751294199286e+03
-1.797144316176279972e+03
-6.422787080584162140e+03
2.398779305775484318e+04
-6.611645096375970752e+03
2.465177424457587767e+04
-1.219517514572452274e+04
6.371446925909541278e+03
3.323432015172984393e+04
-4.734145654496131101e+03
-2.333613922585867840e+04
-4.166532341300407097e+03
1.917095523023370697e+04
1.648602805955815711e+04
-5.666781025649944240e+03
-2.455956091936493613e+04
-2.486667735615800848e+04
2.179286582598667883e+04
1.569870359575866496e+04
-1.595181191707348444e+04
-1.920160931942241950e+04
7.292247831540645166e+03
-1.939309990670429397e+04
-2.394145901291151858e+03
-1.347028533822307327e+04
9.853613624009340128e+03
1.960765679418896752e+03
3.476502466736109636e+04
-1.864833846529940956e+03
2.133954960671194931e+04
7.266865288916677855e+03
2.122828663650997987e+04
3.770958342796193028e+04
-1.722565065051112833e+04
-3.759517940947212082e+02
-2.487561442116094258e+04
2.850951357535689385e+04
4.564022948062547584e+03
-1.853477999741651365e+04
-8.414442546565611337e+03
-7.018357876148004834e+03
-4.571152292651014250e+03
-6.831258268344639873e+03
1.103090086012158099e+04
2.701816412885594036e+04
1.114187190629847828e+04
-1.000383309345247471e+04
-2.577090431338715644e+04
4.125253831022593658e+04
6.679903841480580923e+03
2.807152295039934324e+04
-3.759992077747126132e+03
-4.714303222316470055e+03
-1.291532367747248099e+04
-3.226400839892341537e+04
-3.085074338262686524e+03
-2.415791932001017994e+04
9.589666309593423648e+03
4.555674091499875431e+03
3.539081783647203702e+04
1.507723051212449491e+03
1.789413382244694731e+04
4.351300177534022623e+03
1.115792597554017266e+04
2.925180269073508953e+03
-6.535871803014993930e+03
-6.991986232060557995e+03
-3.317622143497664183e+03
-7.463110298835491449e+03
-3.733432159111537476e+04
-1.360765393612795197e+04
-1.676012101177822842e+04
2.166844566766417302e+03
1.430585204505617003e+04
-1.658357454529161259e+04
1.457939945016700221e+04
3.240940654613359220e+04
-4.896703308596202078e+03
-2.620082764197118195e+02
9.976750224708215683e+03
3.507165543471535057e+04
-3.324904788540129812e+04
-9.026925894558777145e+03
-4.450544024432801052e+03
-2.216695617699278955e+03
-8.276073956959664429e+03
5.236930391661883732e+03
-2.698854189109067647e+02
7.776243483864845984e+03
-2.105988088917207642e+04
-1.522992164942410454e+03
1.051621798340481655e+04
-1.464472884497411360e+04
-2.351329219477707738e+04
1.591855667444056780e+04
-6.295654627683904437e+03
1.075981913857882864e+04
-2.414497757461428046e+04
-1.382204392566683055e+04
1.402623912992203987e+04
-7.764428446243252893e+02
-3.972599023835982280e+03
-2.292813169289379221e+04
-4.147846116100421568e+03
2.687465825976941414e+04
-1.491139294492484078e+04
1.243705693207411605e+04
2.055879289331266045e+04
-1.895173041120078051e+04
9.868368741861764647e+03
4.553638844920357769e+03
3.690840235507544548e+03
1.008231825319978634e+04
-4.244028357212468109e+04
3.220133702833455573e+03
2.282066105674214123e+04
3.366840494816011051e+04
6.916109590066876081e+03
-9.310466649044376027e+03
-5.283925019175841953e+03
5.222034353477800323e+04
-4.626148034158534574e+04
1.118055227797707266e+04
4.017117057745659849e+02
-1.322551815295264896e+04
6.314044838026236448e+02
2.917685593921636610e+04
-3.575846577260721097e+04
7.713512913839161229e+03
1.589531903563842206e+03
-8.321364153560914929e+03
-3.027246076805260236e+04
1.358230075813532721e+03
-7.441422955880394511e+03
-4.752050337177887559e+04
4.195146531600624257e+03
3.779768544256598398e+04
2.214923718117802855e+04
2.431811442612378596e+04
3.346818124140693544e+04
-3.531989230951729405e+04
-3.645406447649048641e+04
2.431869770103348492e+04
-2.348261042068245661e+04
7.758008913142983147e+03
-2.560046058166270996e+03
1.749269071607190563e+04
-9.704236796752220471e+02
6.722413013730424609e+03
1.673882893945037722e+04
-1.865206108229530219e+04
-1.846672215363352734e+04
2.712552223119907922e+03
3.711873850100208074e+04
1.463229699162278621e+03
2.807932877038538209e+04
3.139490100528927542e+03
-2.791265816253706726e+04
4.056986949807684141e+03
-6.610523749906155899e+03
1.105483347678962491e+04
-2.050725506573327948e+04
1.722904638147669903e+04
-4.633058712072294838e+03
5.815508943849066554e+02
-1.515973157740030729e+04
3.215601471968179976e+04
5.794507850406900616e+03
2.804783920050251254e+04
5.786989738342960663e+03
-1.498040467765451831e+04
2.899096936690358052e+04
1.959716856595062927e+04
1.553174683315999027e+04
-2.475262270059524599e+04
1.831901635237497976e+04
2.555287037992543264e+04
1.844222760986319554e+04
6.665405389187187211e+03
1.744030872399479995e+04
3.306376015830896358e+04
6.889427837159887531e+03
-7.618803481580396692e+03
1.533586877530306992e+04
-3.059084822385564621e+04
1.999068750747994955e+03
4.238920714189333921e+03
-9.285820714481000323e+03
-6.405227124505876418e+03
-3.993755811894292492e+03
5.859310370215969670e+03
-1.961762830474575821e+04
-3.088338775615819395e+04
2.143087615448827273e+04
1.716621096400281385e+04
-4.732503558883259757e+03
4.842289076055966689e+03
1.290145705498593270e+04
-1.566662174055870310e+03
-2.893150449064017812e+04
3.547372644673234026e+04
3.692137484494028467e+04
-3.830063097002415816e+03
8.184725861714028724e+03
3.281552633719157893e+04
4.147080434849696758e+04
-9.153233763893211290e+03
-3.710704741664838366e+04
-2.603607780286482375e+04
-3.897571500711476983e+04
2.180796310737865861e+04
2.456878823435662343e+04
1.516723324561208392e+04
7.692021076127902234e+03
-5.333514625425088889e+04
2.953236839552837409e+04
2.655093269265342678e+04
1.147963122691756143e+04
2.215262879785977202e+04
-1.736067466216354660e+04
1.082166182950161055e+04
-1.689958289013740068e+04
-7.774750046945213398e+03
7.296013868480741621e+03
1.729886573559662565e+03
-1.780993140773645791e+04
1.674814690775845520e+04
-2.151928426693641086e+04
-3.265520874578953681e+03
-1.666264623366162414e+04
-5.785830070020142557e+02
1.909745351228759318e+04
-1.204819244065594285e+04
-1.154835229856708429e+04
-8.433822433426405041e+03
-7.949741094849611727e+03
-9.954971534088144836e+03
-3.732583810162860232e+02
-2.042647576821173061e+04
-7.705287540269172496e+03
-3.392405615023447899e+04
9.903310357188604030e+03
-1.905543004306153671e+04
1.996231690254051864e+04
-8.967298816618136698e+03
1.846748045078270297e+04
-2.652766522847025772e+04
-3.882729616622296453e+04
1.512091162135293416e+04
-1.497401753249411195e+04
-9.844999644843395799e+03
-1.716423263598065387e+04
