5.294335987883125199e+03
-5.265381758090809308e+04
2.912003378256137512e+04
-1.971616816219771135e+04
5.906408671626377327e+04
3.495899011123795844e+03
-1.991717978985432637e+04
-6.754674758996393939e+04
-2.249807504256544689e+03
-8.099215156744820888e+03
-5.302995124384825613e+04
-3.386575234110443125e+04
-1.550267748511756508e+04
3.496821951232900756e+04
-2.905357500767444071e+04
8.470345887794252121e+03
-3.321609694087204844e+04
-8.819330029499680677e+04
-3.724891896358716622e+03
-1.442260240283299026e+03
-6.638503483857786341e+04
-1.838780037229546735e+02
2.941898278969987587e+04
5.567949542619155545e+04
4.478654841337558537e+03
-6.342151274531766103e+04
6.659924222148666740e+04
3.561902027645147882e+03
-8.937646828711876879e+03
2.603409846908784311e+04
7.760149528283510335e+03
4.021024464641414670e+04
-2.059184951225124678e+04
2.891877465585403115e+03
1.825030581485708171e+04
-9.346110513498206274e+03
-8.211933170423231786e+03
-3.078449335535385762e+04
-4.424062702736906795e+04
4.189627179934755986e+03
-2.016231393382799524e+03
-8.152675275840440008e+04
-7.110926627734117210e+04
-3.486303836682649853e+04
-1.370643683062019954e+04
7.238413781358498454e+03
-1.027833893395765335e+04
5.550808316833569552e+04
2.230191618676867620e+03
-5.767469084573981672e+04
-7.322867846921521414e+04
5.413055941692341730e+04
5.966679827543877764e+03
-4.300775374788453337e+04
4.783916193713108078e+04
-3.142368869801899200e+04
-4.068497178137274659e+03
-3.131286172035706841e+04
-3.920973252592982317e+04
1.278348750315569850e+04
-7.021998873042541618e+02
4.762474329670765292e+04
-1.032284898175289709e+04
8.980559260439717036e+03
1.341476983020159969e+04
-3.940419167432366521e+04
-8.064515352870380411e+03
2.778685195936141827e+04
-7.146986372442816901e+03
3.504555314005287801e+04
-5.779449208613879455e+04
-3.717635498572770302e+04
-1.138318565619346919e+04
-4.330127360566474636e+03
5.912887884429196856e+04
-4.581674064649570937e+04
6.165886583536743274e+04
3.160522263913155257e+04
3.531658108582123532e+04
-7.960561632365957485e+04
-1.277522257788526258e+04
-4.761422676355035946e+03
-8.214336588448940893e+04
1.604440649344667145e+04
-7.473844877597117738e+04
-2.752257229860280131e+04
3.116612011055093535e+04
7.052278163727426545e+03
-1.437672547692127409e+04
1.739303245508265172e+04
-1.930550323606303209e+04
1.877543421095488384e+03
-3.926990940585970384e+04
-4.818205740999979753e+04
-7.715043107938530738e+04
-8.226812759154284140e+04
-1.553944314268042035e+04
-4.051691872579119081e+04
-8.537939973644521160e+03
-8.508422249465007917e+04
-1.800247425115850274e+04
-5.645181207861470466e+04
-1.503032236787979491e+04
3.790121116527896811e+04
-1.126470434677281810e+04
2.616074831235234888e+04
-4.976397626846405728e+03
3.532294531555727008e+04
4.185691781536329654e+04
-7.808395875814826286e+04
6.342259707172163326e+04
6.258833285473891010e+04
5.203207312420398921e+03
-4.374303162797704317e+03
-8.512223746477437089e+03
2.485248191631234295e+04
5.120452666730667261e+04
-2.459808880660601790e+04
-5.099564301516260457e+04
-1.823322012386742063e+04
6.252153555794448039e+03
2.374490075183524459e+04
-2.652258887848487575e+04
-6.638948439219515421e+04
-1.948590151473068545e+04
-2.437489515678891985e+04
-5.480431684887497249e+04
-4.732942216067216214e+04
-7.926240411160669464e+04
4.458560873078372970e+04
5.722066068482297123e+04
-3.976703166036373295e+04
4.446208382891164365e+04
-6.118170104838976113e+04
3.617648835806643910e+04
-8.508120253792719450e+04
-2.279215606224497606e+03
3.722931665769808751e+04
1.620233114112858675e+04
4.817738883407008871e+03
1.019591365491303259e+04
-9.797991914407066361e+04
-6.501524831308431021e+04
-1.605568052495552001e+04
2.993768978080995294e+04
-1.332130905495011575e+04
3.595960764631672646e+02
1.616586651870217065e+04
-7.255114712045257329e+04
1.217281451291073154e+03
-5.908590964467126469e+04
-4.616802735916377424e+04
1.245598867273027963e+03
-6.202054483508438716e+04
6.263918893640833994e+04
5.041599338595800646e+02
-9.589870198759331834e+04
5.404439797225386428e+04
-9.423231177713985380e+04
-1.710034190197741918e+04
3.422065883356282256e+01
2.622718314773191378e+04
-5.755129828713792085e+04
1.254909533474752243e+04
4.155195248517385153e+03
-3.931949709373659425e+04
6.349063773299752211e+04
-4.897464028641091318e+03
8.543789726440320374e+04
-7.354557674770703306e+04
-7.328268538057041587e+04
-4.100800685926575534e+04
2.310147792834340726e+04
-5.635670168129479862e+03
1.980219386591006332e+04
5.340609697689926543e+04
2.067295696446962756e+04
2.176349043249204624e+04
3.867316500590321812e+04
2.404931021863716160e+04
-2.106916971921837830e+04
5.883720427705605971e+02
-4.262277572561256238e+04
-1.991831670857965582e+04
-4.075698350474924518e+04
1.987347594961048162e+04
-2.410477204042108133e+04
-3.840815975013446405e+03
-1.109388349590004327e+04
1.774854424412941808e+04
-1.757372043468318952e+04
1.588572309552993465e+04
4.427701317527441461e+03
9.531326597437280725e+03
-8.108777602864687651e+03
6.642462116548186168e+04
6.479911243173445109e+04
-5.897366217861738733e+03
6.744283130689153040e+03
-6.103107825581092766e+04
-3.194201662625950485e+04
-4.310150371784364688e+04
-4.456944478211714886e+04
2.403823849811507171e+04
-2.433512004953587166e+04
-7.636915265444447869e+04
4.950012243522459903e+04
8.136706840539076074e+04
-2.549635666248080452e+04
2.490343187915548333e+04
3.698267457462489983e+04
-3.956257430618074522e+03
2.378792681588570122e+04
9.081443920200945286e+03
-3.219394505121129896e+03
-4.883142101836130314e+04
-7.798119191058359866e+04
1.367535800635750547e+03
-1.137608769297085018e+04
1.338272456091305503e+04
-3.780077036085852887e+04
-3.524050877697496617e+04
2.758518714119792639e+04
-2.872344181472187120e+04
-4.686811491922042478e+04
4.392251235976211319e+03
6.722690773435884330e+04
4.724679310546888701e+03
-1.139387091491087085e+04
-3.030500256872198588e+04
-6.098930852658699587e+04
-3.991200947963530052e+04
-4.222242146888287971e+04
1.193341532462237046e+04
8.324356349745087209e+04
-5.328135330147991772e+04
-5.609739153689487284e+04
6.580977095873886356e+03
9.745889425298861170e+03
2.232003016863551238e+04
-5.188942928150763328e+04
-3.195547276480976052e+03
2.709022196473522126e+04
-2.700026311590070327e+04
2.060947342260063670e+04
-6.991955857196079160e+04
-2.180791396578673448e+04
-3.590139458203974755e+03
2.389143523072483367e+04
-2.326915910774386793e+04
-7.793549317634797262e+03
8.658236292711392161e+04
-7.657919744166216697e+04
5.812418898445844388e+04
-1.330362905386307466e+04
4.804398748010001327e+03
-1.084503704388759434e+04
1.480008996771536113e+04
2.775039227715551169e+04
-7.955597575883858372e+04
1.525537148034360507e+04
6.797637926294453791e+04
-6.597286280991442254e+03
-1.845583363797821585e+04
7.340769461492771370e+03
