-8.058795918377950147e+04
8.541043050024830154e+04
-1.496772047954039590e+04
8.569163917188398773e+04
-6.615409032445066259e+03
1.412155864017397107e+04
3.605646849664236652e+04
-4.340743161721580691e+04
-7.905434340304273064e+04
3.793232857048878213e+04
7.586837631017187960e+04
5.622467308091354789e+04
-2.480110473829522380e+04
1.113504237638320774e+03
-1.630003671933038277e+04
5.015804973513309960e+04
-5.150492776790720382e+04
9.006489681543834740e+04
-8.971576975682975899e+04
-8.228492993856364046e+04
-2.807424984415847575e+02
-5.578722865688538877e+04
-3.139696696551708737e+04
8.548118686981836800e+04
4.019599466455430957e+04
-5.499123347014815954e+04
-8.982480740261045867e+03
-7.020420685971814964e+04
-9.930128447020165913e+04
-5.492396949578999192e+04
2.649958658658890636e+04
6.991628230954881292e+04
5.395224589932707022e+04
-8.198731012553519395e+04
1.570398502726978040e+04
8.054529370395996375e+04
-8.030401468812515668e+04
2.563029828811471816e+03
6.240082459238180309e+04
-3.945253020865482540e+04
5.693535332675324753e+04
-8.562768332038258086e+04
8.777245181331841741e+04
-1.237110545709369762e+04
-2.709461714906232373e+04
9.162926196645363234e+03
-7.751848733120536781e+04
-5.683003147509375412e+04
6.846113248008204391e+04
4.862584349595892127e+04
-9.362962697012114222e+04
9.895050753959108260e+04
7.531089456127709127e+03
-2.778873704740159155e+04
-6.907053067658425425e+04
9.232124410316976719e+04
8.964517962386499858e+04
8.501450396425306099e+04
1.721486516322838725e+03
4.649697016071662074e+04
1.784359477568599686e+04
9.018931840307285893e+04
-4.677668737458591204e+04
9.526007069477040204e+04
2.611227125724339567e+04
-7.251516081779876549e+04
6.606050175831257366e+04
1.897277911013530684e+04
-1.097791648538642039e+04
-4.868301467352163309e+04
7.425452673723304179e+04
3.186445179640926654e+04
-9.041543013731251995e+04
-5.539707159234621213e+04
-9.586889516307193844e+04
-2.993808404526945378e+04
-3.879261752528589568e+03
-6.112660560158616136e+04
-1.926002912060993549e+04
6.588118667314911727e+04
-4.467924524489243777e+04
-5.084632211803865357e+04
8.237070120113756275e+04
1.060309986964608834e+04
-6.115032471328623069e+04
-3.294119117875855591e+04
-3.744323030462710449e+04
8.830012042822586955e+04
5.992635960689411149e+04
-3.351679467114561703e+04
6.065636609076484456e+04
-4.696609896240684611e+04
4.189390262006103876e+04
5.211428574999855482e+04
-9.594962101196775620e+04
-2.325987126708241703e+04
-1.560088629245785705e+04
6.688170773334873957e+04
2.732850823627239151e+04
4.326858377830305835e+04
-8.401268131580797490e+04
6.575101216876818216e+04
-7.748877705885442265e+04
-1.378773465257076896e+04
6.651099015164538287e+03
3.588489932500044233e+03
-5.754422701161525765e+04
4.948415338684440940e+04
-9.529150857685903611e+04
-4.046388843731430825e+03
-1.542202861997066066e+01
4.369905162232802832e+04
7.744942533395870123e+04
-7.979837034073678660e+04
-9.000437044268063619e+04
-9.196703531627559278e+04
-5.555203702851623530e+04
-7.324185611357494781e+04
-6.077339547612034949e+04
8.979909140872827265e+04
4.711894938454445219e+04
-7.225331030773170642e+04
1.799231196334281412e+04
-2.714303735304488509e+04
2.802027010990644339e+04
8.300585088863983401e+04
-3.470924622184244072e+04
2.109589070908132999e+04
-6.076121304489512113e+03
-8.696753022896961193e+04
-9.075191639360535191e+04
9.175167681875292328e+04
-7.192481608748610597e+04
-5.041857322547855438e+04
6.676322788555902662e+04
-6.429128355945701333e+04
-4.406319544189322914e+04
2.220114679752185475e+04
2.940497970181559504e+04
-3.427686930983392813e+04
-3.116797086361382389e+04
-9.581259701718065480e+04
-7.661297984060016461e+03
-4.266018333389558393e+04
4.780740559717596625e+03
7.659726040012986050e+04
2.937078107001549506e+04
-3.244999645438528387e+04
-6.887227438688228722e+04
2.415774644118708966e+04
-4.236044121034117416e+04
3.529257086278841598e+04
-4.540232543011648522e+04
-3.984047432705191022e+04
-8.981838573269566405e+04
-5.557522208554131066e+04
-8.742337503366077726e+04
-5.962175828608453594e+04
-7.023655133397984901e+04
1.493232018180540763e+04
3.383431400635183672e+04
7.095992410180388833e+04
2.114288551042713516e+04
1.062248139557968534e+04
8.560079014069426921e+04
6.306257968453963986e+04
-4.342601938823267119e+04
3.150396322989714099e+04
3.485140343041301821e+04
9.556827891194436233e+04
8.203550872298542527e+04
7.826671431821904844e+04
-2.414089053027324553e+04
-3.711977292824051256e+04
-7.792849208366939274e+04
-8.019955434159302968e+04
3.702565555585650145e+04
5.845327221318776719e+04
5.891864123240159824e+04
-7.692186079941365460e+04
-4.555450885974099219e+04
6.026988361445599003e+04
5.875887136985058896e+04
6.520140498997530085e+04
-1.839201318587375863e+04
9.107127328104860499e+04
2.362562076800680370e+04
-8.145085951100110833e+04
9.967609528323810082e+04
5.865366621365418541e+04
-1.421545401129717357e+04
-4.787650430593453348e+04
4.757003894840227440e+04
-5.490144061557411624e+04
2.243819686371352873e+04
-1.496606411008178839e+03
3.506246831717315945e+04
4.366772924759236048e+04
3.448481399527261965e+04
-4.057865379872092308e+04
-5.148874230115703540e+03
-7.654166701335094695e+04
-5.628175202312331385e+04
-6.645871170186519157e+04
2.784909552070265636e+04
7.451523381220220472e+03
-9.389726656605111202e+03
-2.439407022978946043e+04
9.017187580909702228e+04
-7.076557309041664121e+04
2.877842908499925397e+04
-5.040022504557455250e+04
4.155619747781357728e+04
1.092126981838252686e+04
5.972571728293155320e+04
-3.507256361766922055e+03
1.344627307141195342e+04
1.501897920765515300e+04
-8.036181555473100161e+04
6.311434449848849908e+03
-5.117661511471957783e+04
-2.291549026900077297e+04
-3.596291128850643872e+04
-7.688080548500784789e+04
-1.952347632972091378e+04
-5.169950999790555215e+03
6.605748429027383099e+04
-1.322999496975973307e+04
3.170486275494680740e+03
-8.812623470946896123e+04
-3.559380355162575870e+04
-8.742506500896095531e+03
-2.483459089102492726e+04
1.445235948541027028e+03
-4.681843748183007847e+04
6.276524442726193229e+03
-2.641089651879447047e+04
-1.090402309072070057e+04
6.312705480331368744e+04
4.968232705579861067e+04
2.248205346636829199e+04
2.727724762489971181e+04
4.293681090460577980e+04
7.527859649789251853e+04
8.327151673472500988e+04
3.492136270627623890e+04
-1.155753317148893257e+04
-5.230154345408413064e+04
9.716258828322801855e+04
-6.929544822736615606e+04
-8.733161473212498822e+04
-4.670503316401288612e+04
-7.856462891041737748e+04
-8.648627403620051336e+04
-2.415002859635095228e+04
4.467474313002987765e+04
9.717574753120049718e+04
2.419934923180491023e+04
-8.363262348732273676e+04
-9.360409472986155015e+04
-8.435544353055417014e+04
3.830827278188607306e+04
-4.377788039719707740e+04
1.892703022786081419e+04
9.566171784753332031e+04
