-6.850488098114122113e+04
6.041209524889386375e+04
7.746856721864343854e+04
-1.204035343433948583e+04
-6.316354007232014555e+04
-6.856697945999715012e+04
-4.098754685532206349e+04
-8.331775316340314748e+04
-3.012625430476645124e+04
1.781717108873561665e+04
-4.387799323272630136e+04
-9.668689041447069030e+03
-7.891219654930775869e+04
-2.165273969830412534e+04
5.494048567628147430e+04
4.525940590706004878e+04
-3.200184553032372787e+04
8.975456775256406399e+04
5.156849558513192460e+04
-6.195391686089830910e+04
3.025528602698088798e+04
-4.909530756407009903e+03
-6.854192895087607030e+04
-7.034680456069692445e+04
-8.592555368897040898e+04
9.916803175100649241e+02
4.656443951818346977e+04
-4.180540590089443140e+04
1.731906008948764065e+04
5.169715733280978748e+04
2.088623408629026380e+04
-2.335617292060743785e+04
-4.533244466750423453e+04
-4.227551233528945886e+04
4.517397861347193248e+04
2.851252592679469672e+04
2.163078437049090280e+04
6.419229043792176526e+04
4.896574451446082094e+04
-7.240483146741431847e+04
4.018086849479289958e+04
6.443309558875462972e+04
-6.049421168668780592e+04
-2.972898023915071099e+04
4.440576284454291454e+04
1.019731909904279746e+03
-4.483240609249583213e+04
1.651442188302482828e+04
-3.713492280138283968e+04
-9.655649013951981033e+04
7.131335081104448182e+04
4.747196370329830097e+04
8.830779396077335696e+04
-8.746602310510576353e+04
5.722804705599878798e+04
6.636924820256972453e+02
-7.838032681623521785e+04
9.948217688461314538e+04
1.474274753914444591e+04
-1.983988599277610774e+04
-5.876837625223458599e+04
-8.605389078377392434e+04
-1.941762088136386592e+04
7.121542899890543777e+04
-6.020257076915493963e+04
-2.737174132840873790e+04
6.737865628239707439e+04
1.109126031898996735e+04
-4.358672125562024303e+04
5.261429291250876850e+04
6.057510983978843433e+04
-2.405101619441455114e+03
3.031032240996745531e+04
2.737005534541633097e+03
-1.646777564756198262e+04
8.443122117410364444e+04
-6.788684698279760778e+04
6.749573241220711498e+04
-2.374785503927778336e+03
-2.698058584090354270e+04
-4.783188957300208131e+04
-1.324272551689587999e+03
7.925476777251795284e+04
-4.735757550671559875e+04
4.960759362729321583e+04
4.729708782239997527e+04
-6.138226097273858613e+03
2.682047341597452760e+04
-5.256398849811589753e+04
-6.774499015923621482e+04
4.522375764360380708e+04
7.959890819798244047e+04
-1.951597289655407076e+04
7.655723304855340393e+04
2.028503039318509400e+04
1.748705582897062413e+03
3.516168438360400614e+03
9.341442985546714044e+04
5.328068151319542085e+04
-8.451536652803719335e+04
-1.085352360530373699e+04
8.200259836016679765e+04
-8.074950246702319419e+04
4.748317440346459625e+04
8.324812290439789649e+04
-2.007472144539642613e+03
4.616348746173660038e+04
-4.638054112905403599e+03
-5.613823224029337143e+04
-2.953257693104071950e+04
1.661772409399457683e+04
-3.751734393452383665e+04
-3.635937603877783840e+04
1.268105945574658108e+04
-5.870726560318362317e+04
-7.750670373450744955e+04
-8.167586707546855905e+04
-9.451932427146474947e+04
-7.137970364623214118e+04
7.173990224258071976e+04
-9.015318410329738981e+03
-3.179778338433305908e+04
6.725711968414168223e+04
-8.918094608992732537e+04
7.789216701743713929e+04
-4.777591146602053777e+04
4.849730324749229476e+04
-6.383215915719600162e+04
-7.249636405548939365e+03
-9.606395810276735574e+04
-3.913277191031909751e+04
-6.557209951997149619e+04
-7.568205256221613672e+04
6.163734190041475813e+04
1.045334355856321054e+03
5.393006027562927920e+04
-9.076227065911730460e+04
4.245533916351621156e+04
4.822328758893607301e+03
4.048628523426910397e+04
6.546032131547410972e+04
-8.107749527782281803e+04
-1.372366821073243045e+03
-6.545080192816095223e+04
7.105371630457619904e+04
-6.993356665115689975e+04
5.166137251102359733e+04
7.248856466321647167e+04
-5.328279149429460085e+04
7.644365282968795509e+04
-4.666463879939655453e+04
8.433477383010718040e+04
-3.670902628640948387e+04
-7.952219199068291346e+04
9.462781128653028281e+04
-5.638749408848524763e+04
-8.713495081743487390e+03
4.501484346589891356e+04
-9.244759684027517505e+04
6.401142840325384168e+04
8.634272212676555500e+04
-1.938483549393712019e+04
-8.919187480194741511e+03
1.164575162135175196e+04
-4.443477706382239558e+04
5.511324079617191455e+04
4.529920587231262471e+04
3.519655693256494123e+04
-9.871374756568195880e+04
1.331643481046076340e+04
-9.564173228786201798e+04
3.344564160146247013e+04
-2.558831350838854269e+04
8.877900992928570486e+04
-5.868530475779392873e+03
7.388821626688391552e+04
6.494698662140360102e+04
-9.966907329994361498e+04
-1.972378735670694732e+04
6.530884310410838225e+04
5.419529996309112175e+04
-9.077556215312001586e+04
-6.717599040047047311e+03
8.701440392808581237e+01
7.332285939169261837e+04
4.146476468137951451e+04
-3.594007626751092175e+04
-1.040731118409424380e+04
-3.103012432128353976e+04
-5.225117550229537301e+03
5.491620624814886833e+04
7.276402434147876920e+04
8.163637438628007658e+04
-7.928028709975761012e+04
4.791760142680400168e+04
1.181485305400853395e+04
4.039306284154779860e+04
3.669059725857130252e+04
6.345512327067562728e+04
-7.776739727036870318e+04
1.677958094923497993e+04
2.654390308599709533e+04
9.829890906929736957e+03
1.482827934112571529e+04
4.264279597420964274e+04
-7.460988236006318766e+04
6.988710929057828616e+04
-9.224875687021241174e+04
-7.494449171222141013e+04
-3.893949522419499408e+04
-6.287644109341301373e+04
-3.715228397077248519e+04
9.399756427196366712e+04
3.021485553361313941e+04
4.293334927691431949e+04
-1.129508316285393084e+04
-1.672948085978043673e+04
3.191818987411848502e+04
-2.159275830447775661e+03
4.981783135776850395e+04
-9.578975692664491362e+04
1.432157830244136858e+04
2.190526499239873374e+03
7.320092604078367003e+04
-1.893830287974319072e+04
-9.013267976527170686e+04
-3.570413887206505024e+04
6.496377581511042081e+02
-6.703737484042439610e+04
4.643145063246932114e+04
9.022762154326878954e+04
-6.401802272650523082e+04
7.151004394037148450e+04
5.062586853692820296e+04
2.473329329850064823e+04
-3.955143831184983719e+04
-9.629167303144661128e+04
-9.549348906461619481e+04
5.827817887042387156e+04
3.594043216508315527e+04
8.826088902172105736e+04
5.934450788241898408e+04
9.682533658214827301e+04
-1.239302134576221579e+04
-6.060879876250970847e+04
9.034608177125049406e+04
-5.712129439071267552e+04
-9.340539183015513117e+03
-1.826151778447457764e+04
9.712397957069874974e+04
-9.658312098815815989e+04
9.805399074584024493e+04
9.848057291855834774e+04
8.670225262214092072e+04
2.282577483254153049e+04
-8.392937653531361138e+04
2.879954583799680404e+04
5.055741657634885632e+04
-6.042595022635735222e+04
9.399992198081925744e+04
4.806342063231189968e+03
1.957676995420840103e+04
-8.236432664465540438e+04
-1.864595427478494821e+04
9.416583199840519228e+04
