1.617240210793134247e+04
-5.443287436026812065e+04
3.502372363201270491e+04
3.904853075752621862e+03
-5.851426910735679849e+04
-1.111888129757822389e+04
-3.762747291550315276e+04
3.764159007667536935e+04
-5.230471624344544398e+04
-9.999211922585996945e+03
1.737983327121553157e+04
-2.871900487575343141e+04
2.142349067128347087e+03
5.845918212212051003e+04
-5.036838230482693325e+04
9.977704862126318403e+03
2.432933351835302528e+04
7.898590905305733031e+04
3.415261770444623107e+04
2.469917373352286813e+04
-2.276904661062687956e+04
4.240660913674692711e+04
-2.069065022887243686e+04
2.116896424408585517e+04
-5.851493366092536598e+04
4.017861859908339829e+04
1.350449638401472112e+04
-7.556852399239786610e+04
5.969140688984947337e+04
1.234659732237796987e+02
-1.372943968098108591e+01
1.387140138937463962e+04
5.814613713591766100e+03
-4.699532895795537479e+04
-5.228744224241871416e+04
8.151103415475231304e+04
-7.365798426494801242e+04
4.467963005334828631e+04
6.215760015082348400e+04
2.681049597787441598e+04
3.795108554528833338e+04
-7.226100120722274005e+04
-1.296035648610116550e+04
-5.311007241819745104e+04
-8.364312740713305539e+04
2.076377230312207030e+04
1.473762024520785963e+04
3.620227894016481878e+04
-2.710647852066925407e+04
2.375935613246646244e+04
8.228664800295290479e+04
-1.508721424187431330e+04
-3.904037576187719969e+04
1.789772636158313253e+04
4.158734647855815274e+04
7.915842014044501411e+04
3.041170877309570187e+03
1.712174260594759835e+04
-8.560054403301377533e+03
1.449399315566279802e+04
-6.521467052049129416e+04
4.405630435693213803e+04
-3.296354013243016379e+04
1.489261340384472533e+04
9.360243814683247183e+04
5.784822181473500677e+04
9.003288890067816828e+04
1.375355623400381410e+04
2.878995740737680535e+04
2.880099423893677886e+04
-2.937132821647385572e+04
1.404524067671995908e+04
3.007096122540888609e+04
5.239267140706770442e+04
3.820168214459497540e+04
2.300066750158481591e+04
-5.568934743127002548e+03
-1.508654337999072777e+04
3.703345789642739692e+04
-4.808718149290611109e+03
5.483286521231386723e+04
8.782838989666193083e+04
8.769949692595420856e+03
-2.602969567322462899e+04
1.195371679558520009e+04
6.104235193201015500e+04
-4.557980540305445174e+03
4.342057604397638352e+04
-1.758587835755759079e+04
-1.427162266717993771e+04
5.177960898878650914e+04
7.704901530507596362e+03
5.694381370847653307e+04
-2.128654556464627603e+04
-1.298544840787243402e+03
1.643626708672502718e+04
6.538183093062465196e+04
6.994134409258615051e+04
-2.159546197997132185e+04
-8.143799571297039802e+04
-7.921797426320666273e+04
7.185549878590639855e+04
2.894656452518476726e+03
7.876331790245493175e+04
4.621403056810605631e+04
2.597093965924169242e+04
2.716614963607495520e+04
-3.786051440113787976e+04
-1.698053405461091825e+04
6.002023569070871599e+04
-3.167260377006612180e+04
1.203443841535305728e+04
8.709769351631506652e+03
-3.299813497818593896e+04
4.674082729617787845e+04
-5.707672154426692578e+04
2.781254643377021421e+04
2.418209366513181158e+04
-7.023606692381952598e+04
7.313988145778657054e+04
-5.881476527028193004e+02
5.383810085158771471e+03
4.509640322728556930e+04
-2.159503128596242459e+04
8.117428997740761588e+03
5.383434434105298715e+04
-6.804803796841704752e+03
-1.857589474536434136e+04
4.319363783738912753e+04
-2.879380328607400952e+04
9.897360440167221896e+03
5.324540970839135844e+04
8.266575973505556249e+03
-2.854089313211389526e+04
-3.480345962366837921e+04
5.346871289815037744e+04
-9.329470064198944601e+04
4.456254564044063591e+04
6.624255076384529821e+04
8.832291333824536196e+03
3.582477886916558782e+04
-5.710026067945803516e+04
3.143607310012215748e+04
3.347472292423535691e+04
3.621398653076026676e+04
4.165638465238904610e+04
3.987754326693652547e+04
-4.741645904469066591e+04
-4.674028500226320466e+04
-2.154670587293793869e+04
-4.808362980312889704e+04
6.932039913673621777e+04
-3.543876931860094919e+04
-3.344119010421145504e+04
-3.513555927542868449e+04
-1.613748972408310874e+04
-8.374964442686765324e+03
-5.436310891254146554e+04
2.854313416056602364e+04
-2.297721456580304948e+04
1.504041011384778358e+04
1.774173334458562022e+04
7.406051714204324526e+04
3.092371936511974127e+04
-2.619720274646594044e+04
-3.853194763476992375e+04
-4.033050915270757832e+04
-5.290613411048147827e+04
6.893443577103824646e+04
-3.332417915831832215e+04
-2.076361198596697795e+04
-2.623416042706827739e+03
-2.922815612484675148e+04
8.101757084922561262e+03
-6.215061244136637106e+04
4.894550873822547146e+03
-8.394250161962748098e+04
-5.292983759309725428e+04
-6.370084063479879842e+04
4.462316829676327325e+04
2.557665120365533312e+03
-3.355494493080484972e+04
1.561450975925162857e+04
-3.336520440566507023e+04
4.014481516908151389e+04
-5.006218565211305395e+04
3.714850825810628885e+04
5.155734776108674123e+04
-3.765880923259520205e+04
7.835108440863506985e+04
-9.515143445815534506e+04
5.685624346057898219e+04
6.375430419430809707e+04
6.072185424647061154e+04
-1.858483780068789201e+04
2.893362541374348802e+04
2.785490041149150420e+04
-1.008385909743179218e+04
-3.678256944580006530e+04
2.011894339485636374e+04
3.626612893844002974e+04
-1.864970499235598982e+04
8.453063619581744206e+03
-2.631506220033629506e+04
-3.610896886897094373e+04
-6.590698955385379668e+04
4.717506700346834259e+04
4.624787289388156205e+04
-2.164733719360599025e+03
-5.965004519893789984e+04
-1.733471801350089299e+04
4.017345619510543474e+04
-1.461939714457346417e+04
3.515065029633705853e+04
-1.079583975380132415e+03
8.244572511915279028e+04
-2.053438398184651669e+04
-9.360848344407261175e+04
-4.498307466977307740e+03
1.431337528921074409e+04
-2.426557210943071914e+04
4.091895881290729449e+04
-3.309805640512883838e+04
3.980957687818507839e+04
-6.556188708612250593e+03
-2.604347671110122610e+04
6.774587738552282099e+04
4.119316851357316045e+04
-1.319342211343551935e+04
7.731288007111828483e+04
1.263312815249799132e+04
-1.181152990070786473e+04
-3.792568083519751963e+04
-2.645618621068530774e+04
-8.905663320298865438e+04
6.937668967440466804e+04
7.438521387678066094e+04
1.922166844247360859e+04
8.822559144429746084e+03
-1.148149968362903564e+04
3.478185661907593385e+03
-3.890119834497613920e+04
-1.837316651534733637e+03
5.851822329933103174e+04
6.583395244119178642e+03
-9.024771755037505500e+03
-5.348134605823821767e+04
1.124938784415558439e+04
-5.221078666258140584e+04
-6.379668115691018465e+04
-1.078319848224958696e+04
5.729539978571335087e+04
-1.389240680239968788e+04
-2.907743440512888628e+04
-7.237081348389796040e+04
-7.187805199411587637e+03
9.665818067517306190e+03
4.317037780398154428e+04
-4.963207129024450842e+04
6.792820448670821497e+04
-3.089246534897695528e+04
2.295823591451566244e+04
-2.691689485656364923e+04
1.975847528717443492e+04
8.005212905381438031e+04
