-2.198525870463823594e+04
8.339095889118667401e+03
-2.484588551047425426e+03
-6.667314256663272317e+03
2.517063936409741655e+04
-1.666442382824195738e+04
-1.109209150480157223e+04
3.012191807449596126e+03
3.954488424904006388e+04
9.860995111240694314e+03
-1.779895735017729021e+04
-2.447319009155366439e+04
-4.433910259487456642e+03
5.507778658618693953e+03
-2.260968743337240448e+04
3.812664168392880129e+03
2.535749834999452651e+04
3.287153508643855730e+03
-4.496391059470789332e+04
8.761594079553242409e+03
-3.655088228313197760e+02
-4.346835496851744392e+04
3.289732580833236716e+04
-2.519503791787106820e+03
1.547296640059875790e+04
-4.263231762080860790e+04
4.047410704687792895e+04
8.168827997439656428e+03
1.788202274976314584e+04
-4.047336317707585113e+04
-6.619345077606966697e+03
2.381062360942937630e+03
-4.217198281653466256e+04
2.355791958207897551e+04
-4.115520666013173468e+03
1.255553278777075320e+04
1.274072123527609256e+04
1.932343315181422076e+04
6.109153371277947144e+02
3.134811376069432663e+04
-2.725823628484238725e+04
6.438259533838465723e+04
1.921651154909463366e+04
-2.861667692266489757e+04
-9.312435499622084535e+03
1.551843876962498689e+04
-1.828282696930579914e+04
9.813822607294563568e+03
4.919430866421817882e+03
2.248323095190004460e+04
1.237780730266420505e+04
-6.210242180440850461e+03
-2.620427071829230772e+04
-4.668580162051480147e+04
-3.375175479117282521e+04
6.206028035342073053e+03
2.693859019900171188e+04
2.249796070217871238e+04
6.833807810700678601e+03
3.025895363718872613e+04
-5.030552234778065031e+04
1.996234510437325753e+03
-4.198988206620870915e+04
-2.872696864172537244e+04
-2.800171871452921187e+04
2.365199653314532043e+04
-1.861219618714442731e+03
5.867255246675615490e+04
6.222391026215595775e+04
-3.826678513639866651e+03
-8.834326805109722045e+03
-2.163097859339059869e+04
-5.436442855203172257e+03
1.611553466791670871e+04
9.987254790096418219e+03
-3.230350365564612002e+04
-3.345667560540030536e+04
-8.204395988211703070e+02
2.986282739570405101e+04
1.759635711047293807e+04
-3.916819569128849980e+04
3.353907696577764000e+04
-3.871235491136892961e+04
2.415005569944404215e+03
3.551850395428594766e+03
-4.827169081353897127e+03
-1.621829088511689588e+04
2.478472008983188061e+03
5.011153250570693672e+03
3.126893916889325556e+04
6.995702660770120929e+03
-2.461768653417387759e+04
3.671710917694233649e+04
-2.713220562293137118e+04
2.090355974026773038e+04
3.929502481137760697e+03
-8.864934091005417940e+03
2.841280972018934335e+03
-2.398349160215088705e+04
-2.159658989820454372e+04
7.615025272429472807e+02
3.816585005347608239e+04
-2.342493154514595153e+04
-4.367444560057023045e+04
-2.423870784992050903e+04
1.729030137785913757e+04
-5.227111740568449022e+04
-1.842684654204832623e+04
-3.677885806112484715e+04
3.189557127175643109e+04
-2.731794226324340707e+04
-1.176102104439489267e+03
1.022786235664051674e+04
4.213165444784607826e+04
2.293708846227483446e+04
-1.288289258858815629e+04
-9.613212351241432771e+03
-2.647751146259568122e+04
-2.899778465437762407e+03
-3.495373543131153565e+04
-3.927450391401803063e+04
8.851496712378910161e+03
7.172044659841385510e+02
2.800966441844858127e+04
3.933766750071731076e+04
-2.141109072730101980e+04
2.005193682677069228e+04
5.806347198615238085e+03
-7.436499409532842401e+04
-5.110472018419410597e+04
-2.981871835350960828e+04
4.703474176423661447e+03
-1.316959406344207855e+04
-2.359788917874142862e+04
-1.479344888743004049e+04
2.232386549897678924e+04
-3.826495991769012471e+04
5.338260936486244645e+03
4.045870338742758031e+04
-4.364382133896129380e+04
-4.494934916036202048e+04
2.808027277851488179e+02
-3.690204497083697061e+04
1.316770916564523031e+04
-6.305862575191208634e+03
2.923199719939502756e+04
8.995385206231958364e+03
-9.964890069781033162e+03
1.885983399479540094e+04
3.801799670378889277e+04
1.506957203428757566e+04
3.767313913662661798e+04
2.151053967297285271e+04
-3.155469514235559109e+04
-6.676528543190902383e+03
1.511814949920550316e+04
1.265155936903595648e+04
-1.066640125501647708e+04
-1.592030393674696643e+04
3.929123437561593892e+04
-1.019087648549169353e+04
-3.798142254003942071e+03
-3.109875903657070739e+04
-6.493156882929763924e+03
1.764840906292460204e+04
1.867975449202224263e+04
-1.030477923607405864e+04
-3.481313574161737779e+04
2.475064053706819686e+04
-1.171729078492141161e+04
8.843700090496458870e+03
-3.324115284915923439e+03
2.406118750629620990e+03
-1.310878705230068226e+04
2.581315519793468775e+04
4.025589190921634145e+04
2.633804361837196484e+04
-1.662779926686875842e+04
9.390612220696270015e+03
-1.961969523034090525e+04
3.010502372129067226e+04
1.924878841585368355e+04
-1.856022494700812240e+04
2.037776777865968324e+04
-1.116530112487811675e+04
-1.691474273245641962e+04
-1.610632332660481552e+04
3.637070169119748607e+04
-2.758852180876214334e+04
-2.902180624135246762e+04
5.513672801505303141e+03
3.138959380525569577e+04
-1.215731487654404918e+04
4.347330519519347035e+03
-4.776915907267738248e+02
5.127958316332418326e+04
-1.623451664048859129e+03
1.995581438809782048e+04
-4.268582710541546112e+04
8.042172205192500769e+03
-2.577299075224597618e+04
2.763391600107920749e+04
7.135026245777078657e+03
6.427170136303259824e+03
-4.176808206191041791e+03
2.213485434535267268e+04
1.377305497881308656e+04
-2.418697683759928259e+04
1.928254578659669278e+04
-8.950893241012368890e+03
-5.332130305798522750e+04
-1.973701216428886028e+03
-3.042156314828143513e+04
3.286798954737198801e+04
-3.160463336931544109e+04
3.966735891702398658e+04
6.342573417288414021e+03
2.793436731866511764e+04
-1.469861741157714459e+04
-2.108163623774507505e+04
1.030657015503369621e+04
-8.113875805128426691e+03
5.764752008294761254e+03
-1.728294200691895639e+03
-1.971382599561676761e+04
3.150355607569534550e+04
5.219257296365812181e+03
-4.022056063420831197e+04
4.817140195780823706e+04
-5.730834531405565940e+04
4.274193174601647479e+04
2.943455164505813809e+04
8.966865436383484848e+03
-2.907325107805655352e+04
-4.957895031527631363e+04
7.871840799071173933e+03
4.351213455640211032e+04
-1.706274231427220366e+04
-8.575688293120807430e+03
1.332423216018154926e+04
-2.437435488702881776e+04
-3.457419194775093638e+04
7.324131964405468352e+03
-1.620602475891606082e+04
5.633520100037069824e+03
8.323703167877909436e+03
3.165520728371293444e+03
1.758439993480104386e+04
-4.070478433480592503e+04
-5.664438146772822620e+03
-7.883051656731383446e+03
-2.968644170198269421e+04
-3.099986880657863367e+04
2.958373162157970728e+04
-5.606983392747876678e+03
-2.408530022115670363e+04
2.252433798321102131e+03
4.716820719236060540e+04
5.356298990720937582e+04
1.980456008784170990e+04
-5.804011345647349117e+03
1.529345640366204498e+04
-2.273151574941555009e+04
1.399951793731818543e+04
-2.313770278983738899e+04
