5.652687107161017047e+04
-7.109138757214340148e+04
2.283002153085578539e+04
-7.824152948874984577e+04
-7.299993813437874451e+03
1.979619203038150590e+04
-6.123500735812582570e+04
-8.138183691297936093e+03
-1.927784093833975203e+04
-4.790757922066678293e+04
1.686977737920158461e+03
5.124755287421270623e+04
5.150514228933318373e+04
1.174869915786255115e+04
-1.638798666019250595e+04
-4.024174585732885589e+03
4.215638463567471263e+03
-4.687096448534496449e+04
3.517867358337622136e+03
-3.229522447026072768e+03
-5.385605637574530192e+03
3.170462717130744932e+04
-6.486023672758237080e+04
-1.613599977051311362e+04
-7.207933644776674919e+04
-5.315205648549619218e+04
1.382386307855149789e+04
-4.295665061182772661e+03
-7.419400127733034606e+04
-3.638367036537981039e+04
4.480997464501881041e+04
3.044913337481964118e+04
-4.698818724139540427e+04
9.803881906172107847e+03
-1.888100956069991298e+04
-5.658378563268735161e+04
1.431242595916802566e+04
4.259119402377351798e+04
2.353361922639454406e+03
-1.213897192373882172e+04
2.224041000062793319e+04
-2.334257819748291877e+04
1.499264290160157361e+04
-1.069999400314404011e+04
6.415547791026941923e+03
1.295164011107847000e+04
-9.281361783705685230e+04
-5.237308135361033783e+04
5.996149724968350347e+04
-3.940866498613049043e+04
-5.617086144001090361e+03
-7.305043234397088781e+03
3.628491087065518514e+04
-7.166890728351741564e+04
1.271699706658167452e+04
-2.884947979255159225e+04
-4.495256530888529232e+04
2.550098922466292061e+04
2.157120438898094289e+04
2.797861241883058028e+03
-3.500024457120071020e+04
8.600064607598383736e+04
-2.386783752979412020e+04
5.362911583291532588e+04
4.482186739169637804e+03
6.219343145120771624e+03
7.431228714157211652e+04
-4.541851836105680559e+04
1.017561385443533072e+04
-3.099767428939031015e+04
6.643856280084777973e+04
-1.480201786599988009e+04
-1.017875634115146823e+02
3.514776991527069185e+04
-6.536353720354776306e+04
-4.490615961754625459e+04
-6.174526875928144727e+04
1.160478750856113948e+04
-1.621209644951539531e+03
-5.664288945205413620e+04
1.344371723852111245e+04
-1.892610577640926567e+04
-3.430065646084820037e+04
-1.623716025444530169e+04
5.511617572238883440e+03
2.212305078958981176e+04
7.398771299952236586e+04
-6.894317120591044841e+03
-2.363118626153194327e+03
-8.239756323627383972e+04
-1.829934223232978547e+04
7.013378648971988878e+04
-1.859639225277243895e+04
-5.243106067161694227e+04
1.229603829832630800e+04
-6.171558290719215438e+04
1.907086830745902625e+04
8.293171394039853112e+03
2.952108267495311884e+04
4.572363708627696178e+04
-4.229731819611335959e+04
-9.894042665695282267e+03
2.128988870506635976e+03
-4.539495887182005390e+04
7.395149345373980395e+03
8.399216761968850915e+04
3.657792452074636094e+04
-4.702872449044846144e+04
-2.124869223613317081e+04
4.231653869081789890e+04
8.806108320503150026e+03
-3.545250218954835145e+04
-7.992649062118731672e+04
7.817623029004485579e+04
-6.189786819491998904e+04
2.495229534328561203e+04
-2.464059353823563288e+04
5.206381588581020333e+04
4.667916456013191055e+04
-4.392757750657741417e+04
-5.967174515633909323e+03
1.432777287981226254e+04
6.847162123664208048e+04
1.976650937767154392e+04
-5.282628069413382036e+04
-3.355396358023783978e+04
-4.063037688750369853e+04
-4.477903763443672506e+04
-1.848684574153877475e+04
8.115596368309139507e+04
-2.051007493598893416e+04
-3.168700679133501399e+04
-5.803198307029867283e+04
2.491960267477354137e+04
8.901816860008075309e+04
4.489224566888296249e+04
-3.850397774564902647e+03
1.962510498841909430e+04
2.684128961239409182e+04
-5.533476874415403290e+04
-5.961227785647373821e+04
3.534036933748560114e+04
3.701886333684774854e+03
2.254830472386978727e+04
5.245777225342774727e+03
-5.704517313782720885e+04
-5.012155436636559170e+04
-2.078904944841794713e+04
5.612031120224877668e+04
7.291261420715469285e+04
1.015743375077088422e+04
5.140687493035836815e+04
-3.545939602072384878e+04
-1.888229916495820726e+04
-6.591452441682617064e+04
4.437074758502067198e+03
2.571515500452611832e+03
-4.874381280051432987e+04
1.149283909663928853e+03
5.615789421922943438e+04
4.503319636242835986e+04
-2.385425329622727440e+04
2.443621335146809724e+04
3.876761379608674360e+02
4.966922169312115875e+04
1.229056282724901939e+04
-6.102159728733600787e+04
6.352002910059881106e+04
-7.615819166223594220e+04
4.744126333378819982e+04
-4.749107210444721568e+04
4.272423953103245003e+04
2.354877243273233398e+04
5.053455754163143138e+04
3.121584735948916568e+04
1.697188650490812506e+04
-7.657568926668857785e+03
1.508486429054931023e+03
-1.103519026131322062e+04
1.172180184369827111e+04
-2.160284879885359987e+04
4.865795791791570082e+04
3.648081843500550895e+04
-1.343021489928303708e+03
-3.204359590113643935e+04
-4.210711616776818119e+04
-2.144709129351089359e+04
-5.261071606741611322e+04
-9.819757083603499268e+03
-1.351032066795840728e+04
-3.680700623747775535e+04
-4.110929426776590117e+04
8.360396079534200544e+04
-1.261643715303415593e+04
-2.620485296739156911e+04
-1.021928271734687951e+04
-3.643215413982308382e+04
-1.846392398509283521e+04
-1.492441963226897496e+04
5.913761870639043991e+03
1.471567763442688374e+04
7.664122622192230483e+04
-5.360240126728003816e+04
9.128987226561301213e+03
4.279019102207733522e+04
-8.830374246091213718e+04
3.231804581613945629e+04
5.816247607275070186e+04
-6.757834220824611293e+03
-1.789029028611906324e+04
-7.755993452306762629e+04
3.379470274357430026e+04
1.855750357340606570e+04
9.505374477187095181e+03
-3.599975788247335004e+04
-2.224281122130850235e+03
1.525796351576976122e+04
-2.509518625837149011e+04
3.499535965092389961e+04
2.795005144261738315e+04
1.349066784680265482e+04
3.019054914997389278e+04
-5.269485588557120354e+04
4.844927599835377623e+04
5.208019583831617638e+04
5.718051603027716919e+04
1.733052631051633216e+04
-4.376121831892106275e+04
7.364201890888650087e+04
-2.183019465714754188e+04
-1.484629106268020405e+04
3.972631281296834641e+04
-5.477847274662997370e+04
5.626227280322300066e+04
9.811373531928727971e+03
2.191842854381397046e+04
1.478025529653180001e+03
-1.182923564005134540e+04
5.165534468160477991e+04
5.296362595105841319e+04
-1.455043507330437205e+04
2.909947312383490498e+04
4.890879781612346960e+03
7.560287760101768072e+04
-4.562647168527719259e+03
4.994152031812371570e+04
-5.558399986818377511e+04
2.182808832558104041e+04
1.871193448817022954e+03
-1.357142036092287708e+04
6.258326024655978108e+04
7.848316430622639018e+04
4.672324038510116225e+04
3.697639485486606281e+04
2.669219619986690759e+03
5.393308968596666091e+04
3.967189463628968224e+04
-7.474704424167147954e+04
1.331749870188855675e+04
-4.854386144411567511e+04
-8.352126589588746720e+04
4.204340515011832031e+04
3.390335738806559675e+04
-2.708268546112019612e+04
1.044626207503190562e+04
