-1.576117917806474811e+00
-1.751920849001987968e+00
2.416086910948721744e+00
-3.532907852740411858e+00
-2.775508100797992483e+00
-1.939980025427791910e+00
8.161292764580996284e-01
1.199208799654906954e-01
-2.127287904659300288e+00
8.537455890095112521e-01
1.019476553429279342e-01
2.952058786176295913e-01
-1.180546694496984239e+00
2.394007794373541387e+00
1.593925375395646826e+00
1.608909520612360922e+00
8.350612049013279858e-02
2.015616437972084229e-01
1.317266748397947662e+00
-1.244385457781343671e-02
1.771947572382235769e+00
8.459825103795644008e-01
1.659507492113343474e-01
8.374742030866578757e-01
4.841062245669999764e-01
5.822784247556372916e-01
-1.093627416387161322e+00
4.751128314773589434e-01
1.737606309560643769e+00
-2.143540400779024413e+00
1.457010534681079661e-01
3.801554403314965747e+00
-2.955497629612232613e-01
2.276196963114059946e-01
2.706235602106017435e+00
-1.380543413194781355e+00
-1.577405228184450614e+00
6.166643830838504092e-01
-1.309361750564351223e-01
-1.120069377922432441e+00
9.378418714589900063e-01
-1.059760119449435933e+00
-1.085489278710673355e+00
3.304456897144344651e+00
3.791040888189741054e+00
-1.836734102219422571e+00
-1.873519933490915279e-01
-1.327926615578570280e+00
1.523075000328674988e-01
2.496028774508118886e+00
-1.890485185984269512e+00
1.361320633304189620e+00
5.845652975980611954e-01
-1.413412704207522186e+00
-4.108276968909016502e-01
-2.781490622517921452e-01
-1.010269251645881772e+00
-6.452146339586297685e-01
1.171473915084427109e+00
1.917260557842727753e+00
6.628697753695969030e-01
-1.265351212011335269e+00
-2.175066704284070784e+00
-1.200330904655116049e+00
-3.820250695240289263e-01
3.248717425186047059e-02
2.155310251904060781e+00
1.126839010395784824e+00
-8.777819775416233483e-01
-1.065281068824072808e+00
1.010101454135396093e+00
7.191963861564064364e-02
1.413350197229702898e+00
5.651527313541832021e-01
1.207351514204078935e+00
-9.118138831738463457e-02
1.319067839238754924e+00
-3.486749219460217875e-01
-6.703800603528747848e-01
1.717355520314572059e+00
1.720347413728649855e+00
1.768936601010993592e-01
-1.727138810668361391e+00
1.518628896341047141e-01
-2.132290186782434205e+00
8.024782780158675743e-01
-9.791312757641575937e-01
-7.265460946370927431e-01
-9.018799314640024711e-01
6.939949320244508391e-01
-2.490150370373441113e+00
-1.494528498467742939e+00
4.743683511697526001e+00
-1.548306491122266149e+00
-6.212549606355469711e-01
-1.592239765390095929e+00
1.709881012542275203e+00
7.436058066356157070e-01
3.455979292887584320e-01
5.688413002965337917e-01
8.528962952520722229e-01
1.237932441122268745e+00
-2.957753785922506040e+00
-3.844628676537690803e-01
3.505723816343767618e-01
2.785186955596949065e+00
1.755021725927916387e+00
-3.068983962258837739e-01
4.908272999552037996e-01
-1.137235065923597688e+00
1.845046929669121871e+00
4.705854240018043089e-01
9.318402503339934251e-02
1.630905381915367380e+00
-1.411859340232982429e+00
-8.348683232930440568e-01
-1.123889133397895090e+00
1.402709781124272581e+00
-1.324919259908597935e-01
1.203463725462763589e+00
1.218002155642740725e+00
1.876857987128882188e+00
9.934354021170699323e-01
-7.176292483458485139e-01
-8.327033785850034286e-01
6.811447796909213537e-01
-5.371652417990582240e-01
2.376972235658974808e-01
-1.605050854958152140e+00
9.750319371613407338e-01
-1.286025515776773043e+00
-3.338321458980068185e-02
7.330963721727350446e-01
1.213533266288355783e+00
-7.413352440806049160e-01
-2.184138965004708000e-01
-5.090991368209062395e-01
-1.651887499875681620e+00
1.683667969618794169e+00
1.448481386343125399e+00
7.130239430651654775e-01
-1.582706284649151751e+00
-3.568221611587307773e-01
3.995113013312311612e+00
7.101080315509988861e-02
2.811013363809260035e+00
-1.465749048138104804e+00
1.701525036108301192e-01
5.051855441630452859e-01
-4.507341908814159748e-01
-1.616431778007912934e+00
4.633687915722901618e-01
-9.546876835655996318e-01
-2.210461548971651702e+00
1.352161065149081409e+00
8.644516792379466352e-01
7.573970408241392782e-01
9.350700092042339984e-01
-1.549473371136938837e+00
-1.944531406144436758e+00
-2.100635853314459567e+00
1.578617395588727490e+00
1.454613779146602670e-01
-1.421182549537805651e+00
-2.389674467133925173e+00
2.246498840028130217e-01
1.012810451906049458e+00
-6.412307043180883737e-01
6.922305928758678562e-01
-5.478321839994719777e-01
-5.962757343159192924e-01
5.289737096559372631e-01
-8.467042487004049489e-01
-1.754035940600294496e-01
5.284661360201620139e-01
-6.597125502957050802e-01
3.834809077080932327e-01
4.881203147082919802e-01
1.157529357934269365e-01
-5.011610100353564023e-02
1.358606095329609742e-01
-1.988555237276240284e+00
-3.003926005661853305e-01
-4.099966515213132046e-01
2.856490862492093719e-01
1.466172062019424072e+00
3.496008831604068279e-01
1.207497639105360232e+00
-3.014397366595208183e+00
4.076222580051544475e-01
-1.688771953023744610e+00
-6.572563408031475429e-01
1.849570178112150298e+00
1.033393303346759717e+00
7.716823701422075299e-01
6.224395495051204819e-01
8.373784613131046717e-01
-4.480486371684297975e-01
-2.870488829706661527e+00
-1.522257442563065055e+00
7.965331688022246892e-01
7.818053181360602455e-01
6.240251946283956741e-01
-1.774569300860950216e+00
2.364845678444792654e+00
6.506403712157665664e-01
-2.240854926889683241e-01
-1.582946569257265956e+00
1.754168364145329839e+00
-1.635845207507474530e+00
-4.534272573662955774e-01
-2.052919987876208996e+00
-1.212923849162284018e+00
1.631642165651611798e+00
2.703886682382424578e+00
-6.116344079051190263e-01
3.360781968538261832e+00
-3.999089091925214778e-01
-6.113789860744761606e-01
8.077295350649589256e-01
-2.451839065373969451e+00
1.962751982426232278e+00
-4.106838666657421921e-01
8.356246788941316117e-01
-3.640709408365373490e-01
-2.925087582442865153e-01
-2.676272350985397175e+00
-1.517344951554894239e-01
2.001507564137698036e+00
4.960278590822991274e-01
-8.047970473754433307e-01
2.426727084001981005e+00
-1.456050474837227160e+00
-2.115516452691309723e+00
1.377154989175015665e+00
-2.124658687497054110e-01
1.972897306059305356e+00
3.171195508980401812e+00
2.367475976797788761e-01
3.830769966030751483e-01
2.743972701673573211e-01
2.207352133181580189e+00
2.375361415472834192e+00
-3.077422687890407973e-02
2.519573919136094409e-01
-2.577766990153311788e+00
-2.348703346067566144e+00
9.420185472042632568e-01
2.323934479834480094e+00
-1.068082072337498190e+00
9.815064029453117733e-01
4.189159236075891135e-01
1.760142677104145070e+00
-2.062080202580631738e-01
4.166741434485229378e-01
8.882376644517445685e-01
-1.110285968917005484e+00
-1.483840842045101027e+00
-1.309361371162514942e+00
2.611839156437846254e-01
7.577762323542197587e-01
-2.604985794264679910e+00
-6.422874391146775608e-01
1.494240595883714606e+00
-7.919300987872959219e-01
