1.061305995056106011e-01
5.515568603191509101e-02
-1.007889833695847226e-01
-2.727533435817673935e-01
6.469074445976674692e-02
-2.907874842221382372e-01
-1.005026484826743866e-01
2.086345734657374107e-01
-3.870387674578509851e-02
-5.646187950967952035e-02
1.305053339042807070e-01
4.982302782111170947e-01
-8.535906375301043070e-02
-1.446215254615401402e-01
-1.503321839699447993e-01
-1.332474668414457275e-01
-2.885692253784401529e-01
-2.127747547436943387e-01
-3.682679140258246497e-01
-1.249435260218149657e-01
-3.999666354976554872e-01
-5.801693129285758754e-01
-1.220972414799217642e-01
1.142897444785078431e-01
-2.213960218890506093e-01
-3.340279180487658039e-01
-5.205348012754777987e-01
-3.179510265297975924e-02
-2.440322841538751786e-01
-1.862085889814553696e-01
-2.676342789792388599e-01
-2.709304679164288299e-01
-4.015154690029561213e-04
-8.158853470082655379e-02
1.362405420733363293e-02
4.296535016125197504e-01
3.135451537561675384e-01
-1.646253653176504572e-01
-6.611404960601811875e-02
-1.475595153884506905e-02
-1.098694039947146206e-01
-8.626889418822586419e-02
4.332016853935475864e-01
1.245477867097795760e-01
3.110063264846221198e-01
-7.345473433324853363e-03
5.522680224723987008e-01
2.102315006800082320e-01
2.074313872369515019e-02
-2.208977765704253082e-01
-1.833813383862561985e-01
-1.153240847421592857e-01
1.113037119140005277e-01
4.873741818101906542e-03
-2.933997190021316870e-01
8.452885447836244737e-02
-3.615731658882401778e-01
3.735473809783802501e-01
-1.332166770380951992e-01
-5.564014894524977883e-01
1.029085469849586321e-01
1.040965048132276582e-01
-5.074899128240168977e-01
1.046291629737968604e-02
2.345984954300836534e-01
8.701386429149057800e-02
1.790016918472462637e-01
-2.388155909570463531e-02
1.975747863396891957e-01
-3.158084751953512681e-01
1.600679097886511248e-01
-1.278890603772846191e-01
3.927043215666592979e-01
-1.995258648268818935e-01
-1.244661784403444660e-02
6.409926631455961643e-02
-2.642122693656868693e-01
1.439247729769655704e-01
2.786045198013572533e-01
-1.302977231425402893e-01
1.642158043580215221e-01
1.403633627401523754e-02
3.949267954604858688e-01
2.635956308203605269e-01
-1.766072570844827438e-01
-4.535438396181359355e-01
3.274919338409812419e-02
6.270297733604561496e-02
1.290333763461782024e-01
-1.564327473407707836e-01
-3.619781592034392315e-01
7.890639324640286167e-02
3.061315893631570972e-01
5.976641581189337527e-03
-1.119874516759826188e-01
8.957238094793079641e-02
7.036211141645125344e-02
-3.031164367695153850e-01
4.053647005799581038e-01
-6.453346510278987203e-02
4.055696808975004508e-01
-4.516563186087003690e-01
-4.859478307112964912e-01
1.392878653326916349e-02
3.670717762685575813e-01
1.096167626771481912e-01
-3.108869982868875392e-01
-2.225574935691565504e-01
8.794311050478357261e-01
-1.673829502076053799e-01
2.779207779173101800e-01
1.142990094403867757e-01
-2.801717265904171694e-01
-1.813598754314065253e-01
-7.587815543964646081e-02
2.038467024336932110e-01
2.118128050190934419e-01
1.817974946486387577e-01
3.116535349990751658e-01
-2.074327844396268300e-02
1.883710854484691999e-01
1.983782115737281193e-01
-2.637853991474209958e-01
-1.818011951456824649e-01
2.133680765979419913e-01
-6.501262521935133876e-01
-2.192970287344290503e-01
1.460697034597068650e-02
2.539037388343470814e-01
2.105212781488316476e-01
4.977571728138691087e-01
-3.905133281900000086e-01
-6.721720647845019769e-02
-4.532683676517214044e-01
1.930011267630741267e-01
-1.715457612806719212e-01
-2.340573900816850239e-01
2.683940215422651876e-02
-2.407442945281452473e-01
9.112878813137892386e-02
2.009756889375873268e-01
-2.958684488759911746e-01
7.416739013952582393e-01
6.961287209113545260e-02
-1.604480688696869883e-01
-3.268958053277118969e-01
5.970035825282513642e-01
-1.598746355137446729e-01
5.531184819606188574e-02
-1.692764831716735141e-02
1.436308948088854121e-01
-1.247910877924360840e-01
8.039546125572173685e-02
-9.300987692321388556e-02
1.814628140240303888e-01
-2.211906095791302818e-01
-8.388620710502722733e-02
-1.694145198221027049e-01
-8.769306580379901406e-03
-1.105685457747324907e-01
-2.503089871421055879e-01
2.864244954642299335e-01
7.092304306789091184e-01
-2.322756721385902945e-01
-3.479924889722820214e-01
-1.811131599185595298e-01
-1.647633540181834277e-01
3.291659457631093688e-02
1.594299598648777905e-01
1.770448063702468877e-01
3.856835562147247626e-02
1.261299701736747769e-01
-2.395710816222426098e-01
-1.520601348720826973e-01
-1.298927058422608138e-02
5.682871507482001316e-02
-2.338276414671323356e-01
1.728002733731719420e-01
4.713956795906431574e-01
-1.485125108103441394e-01
5.257107190399552543e-01
1.733558472701772490e-01
-6.783729118818079828e-02
1.722347140674675980e-01
1.175347261640474483e-01
-2.093095687421013262e-01
5.681865718855628744e-01
-2.055200988202625090e-01
-2.780358893958265742e-01
-8.914008565523048877e-02
1.829119016019921107e-01
-2.449711166054426570e-01
7.563965460062056778e-02
-1.008538032339791474e-01
-5.860546792769686514e-02
9.473417919511745167e-02
-6.078678109126736673e-02
8.396780242934608340e-01
-2.062775220931223341e-02
-2.829542813911322535e-02
2.796422532463488375e-01
-4.651547944408753743e-01
-8.045709934805834740e-01
6.535233876065428271e-01
6.613396276487870651e-02
3.642423136726243016e-02
-1.372250718777454082e-02
8.990423552463111534e-02
1.339353815626970201e-01
5.056951861316489882e-01
-3.939711316643245143e-01
-7.297247680111282331e-02
5.852599091513940865e-02
-1.822967854232652174e-01
-1.228059443297699199e-01
-1.194601625850634785e-01
1.314890094689702416e-02
1.223028418190384436e-01
4.404168201553295692e-01
-1.961352480091614892e-01
-4.564512298744843877e-01
4.380394668359675198e-02
2.521407499540422870e-01
-2.480045242945231321e-01
-1.089187710556385885e-01
4.852078573508966652e-02
2.902602843135528299e-01
-1.571372248906005575e-01
1.229546645220467027e-01
-2.943527719234647622e-01
2.220724145298873797e-01
-3.693382834592701114e-01
6.290559401211871793e-02
3.403483574903831688e-01
2.400710920807595239e-01
-6.977221715059947482e-02
-1.203314751404924304e-01
3.806597534045531583e-01
-1.148066370448398987e-01
3.297988411257648522e-01
2.839042536576605325e-02
-4.755900002668524418e-01
5.983549400445946700e-03
1.881842782681547033e-01
5.902801298122661855e-01
-6.040423548362273964e-02
-1.606565495733541238e-01
1.449837764962172426e-01
-1.119450008794323492e-01
-3.204440368004496387e-02
-2.360103207814950310e-01
2.887471365032867610e-04
1.281042010002179099e-01
-1.110186781100850617e-01
3.824942828469655165e-01
2.880424815323902599e-01
3.700048380335672626e-01
2.815429537424337103e-01
8.186724870816133870e-02
-6.527989521823929220e-03
-2.564447259138257218e-01
-5.823328083851858628e-02
-6.446441065711466800e-02
7.767010809033068897e-02
2.658683596902760016e-01
