3.304766620474816619e-01
2.929255420449163871e-01
2.552210216080268990e-01
-8.802063542983826760e-01
7.712053533998014521e-02
4.392888554572779714e-01
5.012632576471005574e-01
-2.852406000363509886e-01
2.063232849530739765e-01
7.896514624179339359e-01
-6.972250878037653532e-01
4.081639281826541787e-01
-4.426341915818148287e-01
5.874154392243036149e-01
-6.719759230299203745e-01
5.275730387766162099e-01
-6.966175058623794714e-01
3.006037347205981966e-02
-2.579384338766735896e-01
1.236452654425537201e-01
-3.273571949840770601e-01
-8.674370704542083699e-02
-2.467219435873246880e-01
2.679438583732945967e-01
-3.957976105033424452e-01
2.333788945246620394e-01
-7.164138955317350677e-01
-2.432023130932500221e-01
4.807954500529255659e-01
1.707891961352466792e-01
7.171517248296771507e-02
-1.399478346272996276e+00
-1.188309228219300850e-01
4.490942086748013207e-01
5.284275373063161974e-01
-7.892094534119361571e-01
4.575753760074978693e-01
7.535738678353895437e-02
5.013883314905841493e-01
1.455148788973700258e-01
-7.254459945024197554e-01
-5.096643313335712522e-01
-3.276549622678129881e-01
4.485812259384814871e-01
-1.603185432846070679e-01
1.593865235446273454e-01
3.891652387976230476e-01
5.311489615858433488e-01
-2.535773021051661580e-01
4.601127397732849289e-01
-2.421505460283829292e-01
3.290583703148453054e-01
6.232077951726483489e-02
-6.207629501423834739e-01
5.451306584654169729e-01
2.031962461705495437e-01
7.903669079232574779e-01
5.368066418336865375e-01
-3.108712698163270671e-01
-1.527526407597836755e-01
2.110257632035441588e-01
2.640746535823874641e-01
-9.683019666908263545e-01
5.043009249293987084e-01
-4.735406664932590992e-01
-4.217587784389636996e-02
-4.543462706703689791e-01
2.139035499424222775e-01
-3.093092473753885630e-01
4.176387303202487855e-01
-8.359096206942240315e-02
-9.046296542903800031e-01
4.601408406790174488e-01
-2.686127146670724830e-01
-3.571823334284099372e-02
-9.414542074593031107e-02
1.984032566911946016e-01
-1.332739711312355690e-01
-2.843285845396272826e-01
8.459736145034790766e-02
2.804713116488976588e-01
-1.573488264438163697e-03
-6.692839406572813621e-01
1.732651366032264273e-01
2.462027383250670054e-01
2.757320764070406716e-01
-1.066715537718583517e+00
7.585635209743890606e-02
4.049643119581436412e-02
7.104570849323125215e-01
1.127104318386215276e+00
1.280397699077153173e-01
2.173670075139463864e-01
-1.201010167152994912e-01
5.120186595499047755e-01
3.956355753097541283e-01
9.178387035684665296e-01
1.703343871050892466e-01
4.710279470053890805e-01
-4.278594368733345532e-01
3.765711242565018546e-01
-7.925256498515181880e-02
-2.179251602442700830e-01
3.724632546048612380e-01
6.622452748072203965e-01
-1.844597096401291714e-02
-1.415185398601316757e+00
1.401055716048638378e-01
8.040678153637897951e-02
-2.102913262468291689e-01
9.786567203343571331e-02
-4.038832922130222713e-01
-1.231916174142533293e-01
7.823435524424356136e-02
-3.354653247858789822e-01
-2.998954577002265268e-02
6.621368915883529827e-02
-1.395366960427650849e-01
-6.119145677227935121e-01
-2.913355877560374063e-01
2.003060328120906119e-01
-1.661284915124716655e-01
5.713973678723809069e-02
-1.590012862823567130e-02
3.076397819615479534e-01
-2.273037782185052813e-01
2.951477098153811873e-01
-4.034641106782061448e-01
2.381591374466738853e-01
-6.860309372369821634e-01
-6.658908898812959665e-03
1.067778352331063552e+00
-4.094527001449194126e-02
2.331668277221660979e-01
-3.562719752527342965e-01
4.455952460830738815e-01
2.958347765928929785e-01
4.150596064399448837e-01
3.931748979767030194e-01
5.129059594826774759e-01
8.040812301513999838e-02
1.569932423850282643e-01
-6.321666426850132137e-01
-2.621972589557064470e-01
-4.441978103419186308e-01
1.033779495574410068e-01
-6.459142319600401361e-02
-5.833796436210249015e-01
-1.027963290174114919e+00
-2.890140074248481739e-01
1.026102817275108825e-01
4.411752236819617701e-01
-6.278241403356384920e-01
1.316379489297287153e-01
-1.351508205233054871e-01
-4.277310378859895956e-01
2.400296664888325326e-01
3.967241451327014889e-01
-2.835509564012607675e-01
-6.149049161476768388e-01
-4.792830712470391719e-01
5.630424783046477089e-01
-8.647271277416472834e-01
-4.109179397467059291e-01
-2.727968578735046057e-01
2.584752916202262552e-01
1.439205292826846727e-01
9.447834458228211441e-01
7.124687905669224719e-03
-3.603907341885362881e-01
4.398264232103252236e-01
3.139099518657176846e-01
-2.089370475717678977e-01
-9.984014229485657643e-02
1.106350291399307295e-01
8.634693428960206196e-01
8.061532680242784465e-01
6.328112902608151735e-01
-1.845074876888280757e-02
2.262177979254157700e-01
-7.042334629367829058e-01
-5.564961437474311712e-01
1.424497793791047184e-01
1.422300284248876057e-01
-1.015250816505721243e+00
-3.802531005027474098e-01
-8.301773032282753206e-01
1.227238512139497417e-02
2.667358498758078955e-01
-5.300007961326076433e-01
-4.789745646454768302e-02
-6.723951036505495527e-01
-1.058948920021831053e-01
-2.224812396853384500e-01
5.807407660458064891e-01
-2.641016897907743077e-01
3.444377842282276281e-01
-1.699002465995321787e-01
3.621835588707095210e-02
6.922039835868230018e-01
2.127992347121429040e-01
-3.643408614516253086e-01
1.397346932813806064e-02
7.161109608688785710e-02
-1.331581660970056202e-02
-1.789693917802392953e-01
7.763951906776564438e-02
-3.542819293867183195e-01
7.161886987499206381e-01
1.820171691043503959e-02
-5.604660437727200240e-01
1.037567880345786620e+00
4.906389230306654747e-01
2.782491105992744851e-01
2.257155205188897118e-01
-2.243410322106718369e-01
-7.644664737670251453e-01
-1.241642877096920117e+00
1.220723905262986353e+00
6.037412788563850663e-01
3.651042645568251810e-02
-3.736191006221111222e-01
-2.052024908825970106e-01
-1.040572378774638485e-01
-4.564589304672828085e-01
4.253337763854974085e-01
-9.055682457891485182e-01
4.398149729816356879e-01
6.381880763227709696e-01
-5.542052478561808604e-01
-4.443357757573328515e-01
1.003946770099085173e+00
9.503092921971552087e-01
2.212042781934148716e-01
-3.372125532724687957e-01
-9.175552656618113367e-01
3.563962600852928486e-01
5.117214975237749375e-01
1.003493226595304627e-01
7.419291182462324219e-01
-2.873120676689794317e-01
-6.567878965530429269e-01
5.911563019102766825e-01
-5.046642456483279027e-01
2.910339426851821232e-01
8.451517843878336711e-01
-1.759160566874078846e+00
5.579645590558174328e-01
2.377981277161618223e-01
-2.143716500304043704e-01
-3.207518702555173240e-01
-7.436676075525305851e-01
-1.904355617290566516e-01
1.090064854304814146e+00
8.851957245171918620e-01
-4.552520229266860952e-01
2.564696108716525424e-01
9.287774500527492538e-01
9.603089614509177085e-01
-8.665897526504318105e-03
-1.648368835823196821e-01
8.689809642770636167e-01
-3.190997409794477102e-02
-9.192964626673374995e-02
-1.369574622227628935e-02
