-1.010383947155194528e-01
9.503686972909118624e-02
-5.048490608630794990e-02
6.158486232659829418e-02
-2.572030430235698328e-01
-8.619056896005068691e-02
2.669292177100400232e-01
1.883225293717339377e-01
-5.575842387979364212e-02
3.636736222174332123e-01
-1.850871815956412203e-01
-2.319206516902159176e-01
3.605574062502300281e-01
1.166270569299566323e-01
-1.989502643097866841e-01
2.559296758206612843e-01
5.234038395997804571e-02
2.510858773369173402e-01
3.793869778770340984e-02
7.514465929884116269e-02
5.489651816163933218e-03
7.729501004960526167e-02
-2.125469037135395978e-01
-1.151818821445915325e-01
1.657049746000806012e-01
5.652744383029775777e-03
-1.224794325764076430e-01
-2.694723398562438588e-01
1.091059580161711645e-01
4.415324117840354473e-02
1.504098858802890570e-01
2.517953094383977922e-02
-1.437054661222075640e-02
-4.569865280486163361e-01
-2.503316106058626339e-02
-8.010180165147492981e-02
-1.383339423683321578e-01
-4.909755820876890442e-02
-1.008679115863429926e-01
2.175489428408084458e-01
2.916715835957508496e-01
2.646089933110082892e-01
-4.002416571934446637e-02
3.919055618978089517e-01
5.642583864914209324e-02
7.883770348766468150e-02
-1.226450438784015273e-01
-1.762513373671277528e-01
8.120093897771162028e-02
5.730416084979220864e-02
-7.911797213123657191e-02
-3.579146163814372339e-01
-2.489191874434498186e-01
1.101485298955743874e-01
7.908356372656721867e-02
3.485086281219574866e-01
2.104647196869671721e-01
-3.887193723714852389e-01
2.822734894560601226e-01
1.646137781395489164e-01
-2.043401935349839216e-01
2.791111361427052739e-01
-8.558504923070962833e-02
3.105784819949361508e-01
-2.080972532895542515e-01
9.858921904769918365e-02
1.769337873681863238e-01
4.348073833801008314e-01
1.479266265724644702e-01
-6.737719410691873911e-02
-8.538266228676727465e-02
-4.003997228384514190e-02
4.172918844504192037e-01
-9.581831694028189461e-02
-1.421658614489116068e-01
-2.216458251681062974e-01
-5.809024423766550455e-02
-2.288685255148447117e-01
-1.405225463960584932e-02
3.594642850700880410e-01
-2.600469552084003211e-01
-3.674225562342103846e-01
-2.748425191998017936e-01
-2.230530725594136454e-01
1.410620811137926756e-01
-4.848524483291609122e-01
3.657676949535932850e-03
1.840542580191287803e-01
-7.340075792274797575e-03
-1.177596070830541630e-01
-3.342933153523942446e-03
-2.765021301424555045e-01
-6.802079142701333847e-02
3.108540288912405303e-01
-1.739653912279622017e-01
2.374149011909199580e-01
1.968765428950264573e-01
2.432076692366319792e-01
4.415953389697889475e-02
7.527215415103648277e-02
-1.631947357667751231e-01
-3.353424056036837658e-02
6.577169455559816330e-03
-2.236522998438775223e-01
1.383878825905827115e-01
-2.388716553469244844e-02
3.320441897531235531e-01
-2.761046890538290319e-02
-2.261242631556922289e-01
-1.623455077994835349e-01
-8.713640448309936670e-02
-7.486738681034431353e-02
-8.679459841477517312e-02
2.016675542425809542e-02
-4.447611219780414626e-02
-1.571515234360292002e-01
-2.108999839271435417e-01
5.160247088528894244e-01
-3.325525093488894690e-01
2.545240110907847630e-01
2.053739434281312004e-01
-1.137118452417155839e-01
1.518033516565793217e-01
-1.448963319583348175e-01
-9.312602349275701796e-03
1.876199246244721064e-01
5.930185983978161768e-02
2.257433597610881970e-01
-7.365436124773704074e-02
1.050608949008247431e-02
-3.663929357095186967e-01
-2.508804231270579943e-01
-1.331213087998906475e-01
-5.239066311002640863e-02
3.446421819102770678e-01
-1.283350123673033527e-01
1.188566986557462041e-01
2.168346481951183569e-01
2.405391461072677872e-01
-3.030270903064041788e-01
1.751876376206609465e-01
-1.191758173852580302e-02
3.208488720669355754e-01
-2.087085571931199535e-01
7.208049012536198175e-02
-1.694627644463675116e-03
2.934140660340945339e-01
7.525301149847460347e-02
5.987946596540820732e-01
2.669127353563763988e-02
5.634917169785089858e-02
-2.025218196104939805e-01
-1.738825081956742180e-01
5.643908356526778150e-04
2.438465872205140550e-01
1.117277369755072525e-01
6.632140256956520208e-02
-1.377779278815468300e-01
1.098574196612567277e-01
3.024114835022619907e-01
-9.190446955473196775e-03
-5.802401770164013727e-03
-1.320793803656592491e-01
-1.573227353413561291e-01
-2.163494075529322561e-02
5.105118332795641756e-01
9.731676224782875861e-02
1.072942018224252864e-01
-3.966031914738608194e-02
2.030752737930774376e-01
7.931835587832804929e-03
3.707324258382387883e-01
-3.758322422662758733e-01
-1.821148016033810879e-01
9.424366645543424958e-02
-2.049261589772848891e-01
7.635907372345011879e-02
-1.094064524538156669e-01
-1.776875555912636739e-01
4.077789749208206825e-03
-4.113531387457187716e-01
-1.956146578552474258e-02
5.255054282195626980e-01
-4.381005934840610794e-02
2.634357849889372716e-01
4.388818499817712798e-02
6.653241895595934929e-02
2.801611375260787407e-01
-1.961047498455423532e-01
-7.908382762677607092e-02
-6.337775785117520655e-02
2.074178283981977997e-02
-7.717761992780589053e-02
1.208923994170106597e-02
-4.697888117772928279e-02
1.510797598816590870e-01
1.621799682755640515e-01
2.353193023372562864e-01
1.847459387057911462e-01
3.819362316231662141e-02
-1.551420416306420469e-01
-2.336825940364942872e-02
-1.876221165557372811e-02
-4.690696298920498525e-02
-8.011850092251476818e-02
-1.631866825515990993e-01
-2.603877547680844007e-01
-1.530486121257058074e-01
-1.810735929092004981e-01
-3.271373277892826725e-01
-3.964826611066561007e-02
-9.965493038652704916e-02
4.503216957201229831e-01
-2.984733957413893829e-02
2.304513077046860259e-01
-1.586050567002513512e-01
-1.269629071451695290e-01
1.176243420359452535e-01
1.439058816997408896e-01
2.063221177748141288e-01
1.946737912797086578e-01
-1.950283798361043264e-01
4.249080836174153053e-02
9.782113192181716987e-02
1.011075468940393907e-01
-5.596327651338413312e-02
5.715590639246503901e-02
2.474220231396845604e-01
4.530749755479691887e-02
4.159979549432213375e-02
-3.628539777295261559e-01
2.253290703469938150e-01
2.653329833580612140e-01
3.115493622951876485e-01
3.458332823564221892e-01
2.315924977283766728e-01
2.805108811295759647e-02
1.725446365980964625e-01
-2.666178707575041495e-01
8.195268757288327877e-02
-2.419982247087593130e-01
8.112595018275974013e-02
5.732933701622125455e-02
3.099390526534694101e-02
-2.447140336871380661e-01
1.411544559275704561e-02
2.869914052261916537e-01
-1.866631397907669021e-01
5.906941332609940698e-01
-2.003051071860952881e-01
-1.150748971804595455e-01
1.645666472527952673e-01
2.006388125374052867e-01
7.364708644380321689e-02
4.150308404591399047e-02
1.115622121392514376e-01
-2.619256079521359998e-02
-3.128308332350402399e-01
3.243997947157201689e-01
3.291304559805454527e-02
-1.253420627821695554e-01
-3.626629248373846037e-01
-3.288633738442005017e-01
1.092709871249985532e-01
2.670457951855385037e-01
