-7.202437096336714584e-01
1.585191043244981612e+00
-1.490365218634720046e+00
1.436684359480750572e+00
-9.496611894627291495e-01
2.068371612605990340e-02
3.758405397126275416e-01
4.435497520017542827e-01
7.482944041752370712e-01
-6.169733681330646924e-02
7.938227097443808500e-01
-1.758968002224442939e+00
1.399094958475893158e+00
5.888044282108324534e-01
-3.110195008305175479e-01
1.210221898498584192e+00
7.672311531046157596e-01
5.285645986259657203e-01
-7.538416698149409401e-01
-2.807606160937379802e-01
5.066891316129770173e-01
-8.992099639133550593e-01
-2.841747955790562274e-01
-3.380579603471525196e-01
-7.606179730004245521e-01
1.440867269055363664e-01
9.139622933856479392e-01
-4.984978694334110672e-02
-3.746996266173010515e-01
-1.117720068155348967e+00
1.072587827508747205e-01
-8.068616195164957094e-02
1.746583283123055164e-01
8.456880211888703203e-01
-1.267751325591730982e+00
-7.150106547519692324e-01
9.027515533887716659e-01
4.902030832735045918e-01
2.618437144041642073e-01
-1.733896167433608637e+00
-4.582910289758256872e-01
-1.507326085203541499e+00
4.307627030388194722e-01
-8.095155611261980466e-01
-2.358512456053139528e-01
4.536860166841908404e-01
-6.359270034382452641e-01
2.743266673574114023e-01
-7.193900565861610641e-01
-8.047926442336552633e-01
-3.467000715270179834e-01
-2.647961172180725298e-02
-1.352656252812494131e+00
6.765975844434579667e-01
-2.486779226024093070e+00
-6.075414777982224290e-01
-6.728531604981260461e-01
-3.407431298541429010e-01
-5.398520107021718140e-01
1.198821232726450470e+00
3.249927837833300748e-01
-5.585089982447315471e-01
-1.912945314500266725e-02
-3.115847385746077780e-01
2.134835334661945305e-01
1.697855986742054180e+00
-4.062046209429404087e-02
8.270567254303317073e-01
-2.440687485827888192e-01
-5.206294103972253229e-02
-1.388641921092248266e+00
1.289827089573110541e+00
-9.968209594742271085e-01
-8.490456359098417227e-01
3.630581516676719689e-01
-1.609720261888294646e+00
-2.180679727327006656e+00
-2.820343227063888958e-01
1.262149655144823912e+00
-5.195967679652578608e-02
8.004010603343941765e-01
-1.998945825845755087e+00
-5.934362476566826250e-02
-7.793411728538446326e-01
2.315937431074741593e-01
7.412749454973028840e-01
9.331643363969395200e-01
-4.563803448533013674e-01
-2.057818985957464264e+00
-1.672665337726952473e+00
1.501633647505410951e-01
1.590502761492979200e+00
-3.584320112455549601e-01
-1.116049381865993784e+00
1.175080432585976220e-01
-1.415566969310437795e+00
-3.704106636223191695e-01
-7.995678040222471417e-01
-1.508267569995477841e-01
7.923367019748681628e-01
-2.152557889008039349e-01
7.074295047089942390e-01
-9.224308725360919059e-01
3.495692104669011480e-01
6.556626722889488668e-02
8.090686691957400534e-01
-1.671866269954947359e+00
8.067661644434566126e-01
5.071249055633714198e-01
-8.060874935013756515e-01
-8.109111818141395700e-01
-8.869662421388673224e-01
-2.200386266956671388e+00
2.718785109746194584e-01
6.695368224422747483e-01
-2.310345208140335949e+00
4.097077286369313898e-01
-1.590159225164159695e-01
-1.113262470074273036e+00
7.913100716000406321e-01
4.377141697641778739e-01
2.881841934148876572e-02
7.782416513543637393e-01
-1.623785430651497608e-01
-6.307647026853677730e-01
1.275799576967929116e+00
-3.517161196073237961e-01
-5.484265908449170723e-01
-9.703272769141023657e-01
-3.592395837209640952e-01
-3.131740297960013963e-01
-1.037301143148862792e+00
-6.603579103722707622e-01
2.915271144095135103e-01
-1.001682968162082021e+00
3.660003472710908201e-01
-9.025900801642071647e-01
-4.980914114192571684e-01
1.262438260271681489e+00
1.449397024128388500e-01
4.243946403436033576e-01
-1.389028568574091738e+00
-3.400319385279549356e-01
-1.136533300086611131e+00
-5.892793429851682641e-01
5.833639467571438697e-02
9.501345274969490440e-01
-9.596844233586689921e-01
-2.369176768848837988e-01
2.750694836257591702e-02
1.116364090465975512e+00
5.585262353706318406e-01
-4.648008381614037177e-01
-6.709204528058677619e-01
-2.900957256196846412e+00
4.138081693165952812e-02
1.187324110922304832e-01
8.728135067888541376e-02
-1.401213167515306335e+00
1.061101840836289334e+00
1.937483443072534339e-01
-8.269488645997943310e-01
-7.181827836454864888e-01
1.126517673867910851e-01
-2.294980818892249363e-01
1.929671022232884448e-01
-6.403911343517827426e-01
3.581445825271878380e-01
1.712539824407609990e+00
-8.099190255862243060e-01
1.529799303214278261e+00
1.170080160258580637e+00
-1.647872274006241256e-01
-3.121871676163406328e-01
4.229005244557276777e-02
1.667393603436055916e+00
1.205850386754633852e-02
-3.370329398504512408e-01
1.146641574130852881e+00
2.092740760637853636e+00
2.104092961137023210e-01
-8.607569681342827628e-02
5.709023923008033075e-01
7.166413872714111344e-02
1.161128933070220415e-01
4.573258338943388956e-01
-5.539999469586909253e-02
1.320766602100768849e-02
-1.118683338231616364e+00
1.157996977008471706e+00
-4.295204157320101634e-01
9.105897360141723684e-01
6.175131379795871511e-02
5.521716356673069814e-01
-1.204408058317134322e-01
-1.235181211048417493e+00
1.247351279934223900e+00
-1.597450553598114276e+00
-1.405753827100248543e+00
4.634407526308206293e-01
3.372252235274456056e-02
4.536745183905151468e-01
-8.104203462684139714e-01
1.702788887911793170e+00
-1.171427760385242545e+00
1.967344429975339537e-01
1.464981402013241896e+00
1.657340403470545898e+00
1.952439527296052191e+00
7.639217781191782741e-01
-2.588584053534659923e-01
-9.025348248959661479e-01
8.155681725399377413e-01
9.738860345019950682e-01
7.806226345830553637e-01
-4.918197928971542732e-01
1.232835200182341273e+00
-8.359075360507275398e-01
6.481650993003187367e-01
1.014735498827042254e-01
-1.877128125774382150e+00
-3.224664428156718721e+00
1.873021148585927831e+00
6.818008131948677386e-01
3.553507560235276141e-01
1.349027754250009759e+00
-4.825202754212941092e-01
-6.563366337330012179e-01
-3.247777957263778270e-01
8.511720958428635742e-01
8.023049465440794670e-01
4.120221005323009833e-01
-2.682635733748675033e-01
-1.937118874907145960e+00
-5.845609074294491059e-01
5.416649666909049143e-01
1.039059607948420227e+00
6.646806671683191947e-01
-1.654007525199207018e-01
-6.700242504339737337e-01
1.677362609936670357e-01
2.043606103514186145e+00
1.153263488908841783e+00
9.268144372704734124e-01
9.308189447495275326e-01
1.413439703487951726e-01
3.654195286090492489e-01
7.212273767726607998e-01
2.846714455171225344e-01
-1.682042294015203832e-01
-1.129083745246584281e+00
-2.866437376836350470e-01
6.332436348943051296e-01
7.366221351484343316e-01
4.268507527357236486e-01
-1.064393677849512887e+00
-1.377070471574419308e+00
1.880273175096364158e-02
3.575798956471100132e-01
1.763593625747351956e-01
-6.717934500221944827e-01
-2.725390448259876752e+00
5.917868448795384761e-01
-2.122702875769811870e-01
2.065608821276276874e+00
