1.005106142169888972e-01
-1.083405550521611971e-01
-1.066739432408802646e+00
8.356889376093485922e-01
-7.848051894597130040e-01
-7.590316367597418901e-02
-9.468130834247390215e-01
-1.869973365662307152e-01
1.423074926866884637e-01
1.114000458921515335e+00
-9.564210022849164439e-01
-1.293875289672291595e-02
6.619499826827939248e-01
-7.796226681208380249e-01
8.918244025182952006e-01
-2.145655390916378913e-01
7.479195809898956382e-01
-3.581274188885688603e-01
2.823014493731107466e-01
-1.260836812004816121e+00
-3.022442055064346600e-01
-1.674111329786744373e-01
-5.258611278868523531e-01
1.959539994726425260e-01
1.018221827960767434e-01
7.953054595584536646e-01
8.424415977675362432e-01
-2.383746086895679461e-01
2.871288844031776311e-01
-8.876726639494985083e-01
5.932981088344868592e-01
-5.237032643634682572e-01
-4.887738099713968554e-01
3.328535509840891415e-01
-3.895518695873508852e-01
4.694158770170059336e-02
1.300418473199491221e+00
6.114108318780352436e-01
-8.172873337817528894e-01
6.174308953206100181e-01
3.744697917979052382e-01
-1.136156046730891545e+00
5.350632335639652487e-02
-2.624816072618620100e-02
-1.320017634379375693e-01
-1.004312730345772176e-01
-3.566966611167249335e-02
3.358894277807599749e-01
-2.281445949335637324e-01
-2.086266516611222366e-02
-3.870148599096195907e-02
-1.397344708041246886e+00
4.055720726003430587e-01
2.305173346264088319e-01
-5.629104367125299380e-01
-1.517910949640091656e-02
-2.130160336500120932e-01
6.808510506579126265e-01
-4.383388258122817849e-01
9.216498739694006792e-01
1.202158380954026162e+00
-2.785185215993940533e-01
1.016843082609797833e+00
-7.681305096447228475e-01
4.262349165992978528e-01
9.808452888724250585e-01
-2.762158080179539787e-01
8.374667577133292073e-02
-1.144262934624692418e+00
-1.586388564544861879e+00
3.235969542983552216e-01
-1.122736657212282246e-01
-7.763033151058648107e-01
1.497159778511604478e-01
-8.015691026685334286e-01
-2.865980863707314197e-01
-7.698037290052455184e-01
1.414700426625042695e+00
8.777048017094503107e-01
1.458734927113706448e+00
-9.715513324615434598e-01
4.260760082441089613e-01
-2.496234270407882150e-02
-2.712502016858711618e-02
7.576220277149202653e-01
-4.077762891303544635e-01
4.136099509256729867e-01
4.682403730525454555e-01
-1.640465062488161152e-01
-2.145091114715955705e+00
4.829650573357381904e-01
1.313092335471131022e-01
7.457971168302258702e-01
7.303663356496080672e-01
1.012989520145383571e+00
-2.505251922424832633e-01
-9.896947143024927840e-01
-7.296309554608425563e-01
-1.237336014937632789e-01
1.761807319911856018e+00
-3.723323504338825751e-01
5.954558649301024964e-01
3.489939581346849229e-01
-2.465679842788981169e-01
-4.078937928074181651e-01
1.013315499974676959e+00
-5.336022163412428299e-01
5.445783289392059912e-01
-1.278224252252730953e+00
-8.052473096074193315e-02
2.432263883885657785e-01
-7.712194595522336993e-01
1.246955274917560530e-02
-1.998381073687323373e-01
-4.615069659468203078e-02
-6.922631463430252430e-02
2.183311195515104663e-01
-7.982923320804373724e-01
-1.718553685521133634e-01
3.970345954900615371e-01
-9.866458220454338290e-01
-1.419230186175934605e-01
-1.726665025622136751e+00
-6.811433685124550497e-01
-2.062151868521753806e-01
-7.559167716999564135e-01
2.407589398961259564e-01
3.005384343490968835e-02
-3.683150967320770186e-01
-2.112173647249316888e-01
1.044514633308972984e+00
1.593118148206389972e-01
-8.269597283587636072e-02
-4.856001077879275318e-02
1.606861133407929909e+00
-1.143132925150147639e-02
3.995003118549851628e-02
7.390408615039554263e-01
-3.044100104425347952e-01
-3.884900135920242303e-01
6.947767091346823687e-02
-1.061376203871072788e+00
-1.796410557001467123e-01
-6.343886111299330555e-01
3.971132116635175957e-01
1.434962213522379959e-01
-5.673764785384680098e-02
1.819976682490740405e-01
1.153021900108025244e-01
-2.175917015615397299e-01
-1.773443588633843160e-01
1.768866158073889028e-01
3.617215137031736805e-01
-4.509244975759445495e-01
5.319183143338541697e-01
-9.240479897970319545e-01
-2.190232068593207515e-01
-1.608225533365203741e-01
-8.772581563635907242e-01
-4.744106788723484458e-01
-1.377809168316822264e-01
-9.591893373114493970e-01
-3.751476744652558759e-01
-2.264688662638718875e-01
-5.798917517014663403e-01
7.724578756954154635e-01
-8.750660492572887028e-01
-2.858237859524234703e-01
3.277300504617370880e-01
-1.490673587320316074e+00
1.150789710340421046e-01
-1.465493252459107554e+00
6.019668413509151605e-01
8.278223487013063320e-01
2.690294113705156698e-01
-3.684166076141163204e-01
4.785295494922753301e-01
-2.660208926588424339e-01
-2.443514249948659511e-01
4.713014763436592647e-01
-2.600915319217832478e-01
-3.540473550021127069e-01
4.731718056802822203e-02
-2.586315342919700555e-01
-1.688767640994951746e-01
-7.407353899061821512e-01
2.498434097061297265e-01
-4.097527203135606366e-01
3.041589155710271442e-01
3.108324643626886319e-01
-7.197161556585012221e-01
9.380831934708108721e-03
-4.749710407512613974e-01
1.717572842618472206e-01
6.155820265130794722e-01
2.995707308241025157e-01
-6.954810452424589617e-02
8.828221401419287240e-01
3.906669710066172363e-01
4.965713930202521054e-01
-1.104048299116730858e+00
-6.275453342095522746e-01
-3.613275862969613228e-01
-1.151865669679941862e+00
-9.194285946766332929e-01
-2.882624933516544918e-01
-2.161355468786147205e-01
-1.273619440608623865e+00
1.083768444314775037e+00
1.253138884595297986e+00
-1.475945931622932417e+00
2.887852135782503216e-01
8.456056863968604009e-01
3.119727941277906647e-01
6.363336143776991971e-01
2.497792512991974245e-01
-1.603004777707651041e+00
9.245323898539151708e-01
5.700262712498299633e-01
-4.365943137372372274e-01
-8.582078173181115766e-01
2.621185067881317415e-02
-5.286752549365254517e-01
-4.483776715325848983e-01
-5.769656426674480559e-02
3.208495659772691577e-01
-6.836587540103226113e-01
2.473891991869404949e-02
6.223830758850807943e-01
-3.794463095089518623e-01
1.157097434827259352e+00
-1.108060507944172546e+00
-7.279420097480740481e-02
1.729361291139242807e-01
2.657674676412543624e-01
2.786045354560112708e-02
6.854098291932088083e-01
1.058035676137241143e+00
-1.339700002658210209e+00
1.021235117805314729e+00
5.082710029804635710e-01
6.074846646599615374e-01
-1.751507625198059637e-01
1.044845959561172544e+00
-8.003411656503591765e-01
-1.065520362545770983e+00
1.338743921087365507e+00
-1.623314953020811857e-01
1.609501548744753097e-01
6.568809587846449194e-01
-5.208350037035708313e-01
-2.595651489753702523e-01
4.974502246634554536e-01
1.434914737887713621e+00
-4.035698082533363817e-01
1.774631482068413091e-01
-1.943640894959384746e-01
9.440155416042051995e-01
9.322524218972856325e-01
3.590922298759267606e-01
-5.764632376911815737e-01
-1.652255395308267483e+00
5.868234300781498547e-01
1.307747800538964666e+00
5.330125484165328942e-01
