2.226983193871159838e-02
-2.251296996519744908e-01
-4.155380958621255338e-01
-6.085203212792494876e-01
2.539884966423447410e-01
2.205951418561372113e-02
2.052646198140380129e-01
-7.428688796745549494e-01
5.816265571548713265e-01
-4.862012981185886984e-02
1.782652376497605995e-01
7.980218035342132032e-02
-2.789760826503639435e-01
-8.833934424995140700e-02
2.824036467123409166e-01
-1.729701795038406154e+00
-1.295197486577690515e-01
-5.793345065954662587e-01
7.829514666151095037e-01
5.733325894550790336e-01
-2.818695978762128518e-01
2.884575397625576687e-01
-6.031565417448589983e-01
3.176929249086434814e-01
-3.258098829904082505e-01
2.457709382442257451e-01
-4.495569969899214646e-01
1.408864149306055413e+00
8.269028456266559468e-01
7.318820714144046446e-01
1.011310142066524032e+00
1.316825151150253226e-01
-1.090982528853049027e+00
-2.864551021292306432e-01
2.766791139220176055e-02
-2.761253607188595693e-01
6.876519617135475881e-01
-4.590293722893504791e-01
-1.125498660635290971e-01
2.578398490438140733e-01
3.641901834685920547e-01
8.222734089070149466e-01
3.078963630915895200e-01
-9.997112242571959406e-01
-2.584090616585508204e-01
2.129966822000372573e-01
-1.700802033196542884e-01
3.495814173124589530e-01
3.017717982445809466e-01
-5.363629724495756479e-01
7.320907774443771721e-02
-2.149235427864055470e-01
1.007338889961737483e+00
-5.877987218502735978e-01
4.367211501907505289e-01
4.387023372219407691e-02
4.772838042344216408e-02
1.999011890300199934e-01
3.305994238290787535e-01
-6.791340395276751485e-01
-2.291223422397762610e-01
-5.932142901481058939e-01
9.699491198751796217e-01
-3.025687990084162116e-01
-3.296706684260864995e-01
-9.335616647107094490e-01
-7.705138538938851589e-01
-5.742998779538803777e-01
-1.570113141642197341e-01
3.027436942161113587e-01
-2.159311264979790201e-01
-7.979745478207431741e-01
6.699036089859031762e-01
6.950355251360398334e-01
6.340487785906183393e-02
6.044033654549582080e-01
-2.385217598047362220e-02
-7.607182193787108693e-01
8.904492372978638492e-01
-2.677309313850750883e-01
-2.766968539068780791e-02
7.688544633505826065e-01
-4.998628411761245061e-01
-8.591385730914715690e-01
-6.784146012760388089e-01
-4.853627785419273311e-01
-5.389939530385879918e-01
1.366367963832232801e+00
-6.813648985762841281e-01
4.083552889799199059e-01
-1.369510035507730095e+00
-1.347438027279666439e+00
1.440014630125422190e+00
5.764736744671677959e-01
-3.997903623496681380e-01
7.341256400243083569e-01
5.643260001299205131e-01
-1.137791237509080955e-03
6.575040927228774645e-01
-9.330952995475035872e-01
-1.258071624214393280e-01
3.385246746866704681e-02
-4.093837725209408251e-01
1.087046361170719289e+00
9.137396925446126250e-01
2.723086538172862781e-02
5.033424507820141169e-01
1.237824314393885239e-01
1.622423661490406815e-02
8.690929947616512496e-01
-6.479605857847001160e-03
9.620022686350714058e-02
-3.630616102836380366e-01
-6.598331586391785741e-01
4.916546205923222335e-01
-1.138652878767100751e-01
-3.947171028100387447e-01
7.552030716669963506e-02
3.609069186959321662e-01
1.464360974337106103e-01
-1.738823450954846139e-01
1.236912149542492401e+00
-1.037792129618619053e-01
3.932591569066283266e-01
8.075055302309104566e-02
2.649790913515628343e-01
3.910148343784104474e-01
1.208248316989357363e-01
6.181256010997512318e-01
-1.626473604335004208e-01
-2.540240033612509718e-01
-7.182876364479338915e-02
6.491840157396976396e-01
3.073549487261184598e-02
-2.208110582915755460e-01
-1.582397667976349065e-01
5.603480880500146810e-01
-3.240972083730674913e-01
3.585484250099795767e-01
4.978043872821709126e-01
2.395383676185515731e-01
-1.390868545720695126e-01
-7.818496152116747311e-01
4.474539734599273233e-01
-4.428174756646017229e-01
-4.003226595818211719e-01
1.169174270955039008e+00
-1.691650659615124841e-01
-3.553347001660028814e-02
9.092644229178513671e-01
3.281906687530181110e-01
8.627043035817996142e-01
-8.360107085525434467e-01
2.816909621933105790e-01
-4.672591939493617730e-01
-5.267425922209927336e-01
6.643677320514926321e-02
-2.904638043205529097e-01
-9.067989453821908574e-01
-4.548126162848554199e-01
1.028982943917662596e-02
-2.102393184103712453e-01
3.370410611588301464e-01
-1.177708977753108455e+00
-1.832686339488242000e-01
2.256323320048576886e-02
3.297293004861283072e-01
-5.792911279305796857e-01
4.691707032914930187e-01
-4.701094679484392747e-01
8.761303227078278688e-01
-3.525110791583128678e-01
2.607258781719915541e-01
-9.314874265653205754e-01
-2.302388559282390612e-01
4.032395195309537161e-01
-1.242392661526289244e-01
7.459397655271445826e-01
2.103184173369308518e-01
-4.818952932816183421e-01
2.776961379661663232e-01
-5.065951920404422326e-01
2.077137301110732609e-02
7.702762140361446574e-02
-1.969454996274606351e-01
-6.711286202888370189e-01
-2.040254019444320277e-01
3.374183100713038508e-01
4.276424382624888221e-02
4.821018828934271749e-02
-5.909586052681125024e-01
7.064870596091430421e-01
-4.153370565810938775e-01
3.623964131578710224e-01
5.040090087968460142e-02
3.807798216969591754e-01
7.171521720098892327e-01
3.194649541751579114e-01
-2.760640442883480761e-01
3.158507579296661594e-01
-1.229576584154543767e-01
-6.092622562413931853e-01
-5.739678536006098675e-01
3.257088289433867079e-01
6.504230720592683035e-01
1.076997538308345492e-03
-3.143168721547225930e-01
-1.287601263826788356e-01
-1.858222503498716260e-01
6.792565864909597684e-01
-1.514498953661473024e+00
-5.124861194210026394e-01
4.824917864843083493e-01
1.584486131098288841e-01
8.210945855762179224e-02
-1.572395775831407772e-01
3.734753608645505762e-01
-2.476147148371410367e-01
8.252616763743000350e-01
7.053428301163454650e-01
-3.796995000471080073e-01
6.236811408680682511e-01
-1.555254067983414812e-01
-3.312599937122385763e-01
8.588011423826596991e-02
1.023938323657053312e-01
-1.738659219949776791e+00
-1.805589550800645871e-01
7.824343423890995908e-01
8.897887966241525559e-01
4.014543534831837013e-01
-2.600766392871396437e-01
1.079409605846988418e+00
1.945700979717016610e-01
5.924529538621088331e-01
-5.999735094202329755e-01
-1.777040369691326172e-01
4.069940135004364024e-01
3.268653436990816008e-01
5.275064286374144817e-01
1.932805551798242871e-01
-1.397485419955267760e+00
1.799626596204543238e-01
-1.374226419649056119e-01
1.273487638353991147e-01
-2.743483373282540883e-01
-3.199776359366251488e-01
9.607210280023523175e-02
1.603700220032049373e-01
4.405431631793629843e-01
-3.421494997601985943e-01
1.245296352853984212e+00
-3.027762563566290810e-01
9.505589112011221253e-01
-7.378927972835825910e-01
-2.078654960814130814e-01
-1.009723920245430423e-02
1.554285443161437519e-01
-1.973308957665567132e-01
3.654961111774820415e-01
1.765040358467789561e-01
3.312738795454456264e-01
8.984473136406888605e-01
-9.557437812434432800e-02
-5.258779089581835375e-01
