-3.327274048503702231e-01
-9.473702396590542030e-01
-4.659249970610070957e-01
-1.573127252160916978e+00
-1.333127521799922555e+00
-2.342050461441617770e+00
2.508338440874251951e+00
-5.371675278069290016e-01
-6.771379060205401368e-02
1.318500114854727512e+00
-8.353985072421314939e-01
-5.430152044240533771e-01
-1.272276196440541851e-01
-3.488586434919188628e-02
8.135552416597259251e-01
1.008151930503154547e+00
-1.937385829172280749e+00
-5.956102236460020238e-01
-4.395218318151976056e-01
-2.201959384718406465e+00
4.776609209059706762e-01
2.313157765439174396e-01
1.120441983569716804e+00
-1.957880473004833366e+00
3.232827167119662337e-01
1.650587540005265863e+00
-1.048977188419236040e+00
-1.067713772839200326e+00
1.969527413137940997e+00
-6.676183814576732711e-01
-1.754404698262061191e-01
-7.800413456568424664e-01
1.383914957282988967e+00
-1.626433513301411837e+00
-2.346433687217063246e-01
1.765257546447895010e+00
-7.557488934059481966e-01
-5.005508631009206177e-02
-8.565947831469192253e-02
1.230466011666140891e-01
-1.368774428679790933e+00
4.527901352955851499e-01
6.141538774837245196e-01
4.388002318455382356e-01
-1.675697091338442801e+00
2.955539513472469348e-01
-6.194228685827730674e-01
3.665965698488385383e-02
-1.077414196349643527e+00
3.733404882938713976e-01
-8.282745116634766536e-01
2.458778658369931147e-02
-1.163891723390901189e+00
-1.111176209301549533e-02
-1.581915047764423710e+00
-9.325558907278131970e-01
-1.167908874510885930e-01
-4.911980277896630387e-01
-6.266528119694771970e-01
1.507505206072309978e+00
7.000829802868832052e-01
-1.304890488772195711e+00
1.334560602029705390e+00
-1.660072594478578800e+00
-6.354688292696960561e-01
-1.872510933740983985e-01
-9.618709204337270169e-01
1.348424027384250268e+00
5.689616917772672977e-01
-8.348314285896611953e-01
-7.114475186067913404e-01
-1.255935715485315018e+00
5.522294857638490040e-01
-4.477007162991853417e-01
-6.035191344942225644e-01
-2.394843543109032691e+00
1.372896507029328195e+00
-3.257154927295919378e-01
-5.860272848038611260e-03
1.744276349845632845e+00
-1.349090247059243630e+00
5.851858345659958216e-01
-1.819710194185077679e-01
2.540095443168549627e-01
1.233790172645093941e-02
2.605730746786103058e+00
-1.108709822111330068e+00
5.928615595769562985e-01
-1.631426325711892833e+00
-2.550317536199870450e+00
-7.280638926842236680e-01
4.233755051968504657e-01
2.393695829036474598e-01
-5.974126905610481764e-01
-3.708065025145287907e-01
-1.009392879643297380e+00
8.933218446076451880e-01
2.224378155116227967e-02
2.161851054700431596e-01
2.648937553347141094e+00
7.598252051740732593e-01
9.767427110434100113e-02
-1.255948085247557744e+00
3.374094459382720457e-03
4.289226377898719411e-01
-3.270053982686669386e-02
-6.012574322268521287e-01
-5.366881209036248324e-01
-3.009576825035243375e-01
-9.415204204328340154e-01
1.660561715503811930e+00
1.242350710662075475e+00
-1.316791851241461142e+00
-9.040043801886645802e-01
8.256762481145782928e-01
6.664623467841725990e-01
1.180023939697305568e+00
3.773142943120658677e-01
9.272683608518474951e-01
1.219694838507412227e+00
-1.290570939053386601e+00
4.109604897060592510e-01
1.455573278962423389e+00
-1.825206615697087198e+00
-7.716183893217885004e-01
3.189551032009657061e-01
2.747101610958585516e-02
1.546131814270258475e+00
-1.663574652349648186e+00
-2.078825354961235661e+00
-4.400231209352439832e-01
-2.067380360720486587e-01
1.015437524387118984e+00
-4.127071441574892696e-01
-4.418513560398737439e-01
-2.212056666936491389e+00
1.170461351985171650e+00
1.066247940940753480e+00
4.050149549736105636e-01
1.244654961822009742e+00
1.506401289926523779e+00
-7.670824478854875172e-01
1.191451005376016781e+00
-1.451099583419952488e+00
-1.757743372182907216e+00
1.142322766766798559e+00
8.342076851513483549e-01
1.540488459009028421e-01
1.121318266114019746e-01
5.040020759898991010e-01
1.162043367108071878e+00
1.237209412588820445e+00
1.839516530306938735e+00
-9.190683399118066976e-01
-3.554618267442993806e-01
-6.945144181691331742e-01
2.681528452509213678e-01
1.286229635730457677e+00
-6.643839659745494064e-01
-1.123480700357713191e+00
-2.303644251122610065e+00
7.409586024821568362e-01
-2.448530302016910243e-01
9.308676818819344723e-02
1.311599562660556550e+00
1.384722021483890897e+00
-6.057369947135271548e-01
1.556317751383453185e+00
1.219154233571874801e+00
-9.569450055733399463e-01
-1.301037984452024787e-01
-2.772338845313482292e+00
1.192532724429329560e+00
1.468410727774189795e+00
1.724340775678739335e-01
8.384311375850538317e-01
6.797000866926798668e-02
-1.329304373883041013e+00
-5.090552469119404844e-01
1.718707505493441978e+00
-1.003332955958063044e+00
-6.659336759436739195e-01
-4.015955752330350181e-01
1.049274170322928024e+00
-1.306554565859473938e+00
4.623180846198592930e-01
-1.369449273700395764e-01
-1.050805636778410435e+00
-1.220108664620577432e+00
-8.200274800284125254e-01
-3.151591824961599730e+00
-4.144301592704718318e-01
-1.097682362324647443e+00
-4.879783794719028123e-01
-1.433628468601874373e-01
-5.662300306373552194e-01
-7.885380197107244582e-01
4.534448347911191890e-01
8.515750569402258385e-02
1.075670017369936504e+00
1.062124206032889484e+00
6.548911727350836820e-03
-6.819851127128750967e-01
-1.249522989523545125e+00
1.477041521934832291e+00
-5.194914098660339263e-01
-6.553149020181154860e-01
1.327500529270422835e-01
-3.778102101301290539e-01
-1.017033598839976793e+00
-9.489444090410005250e-01
-2.011913787098560391e+00
1.060654530744485458e+00
1.167171335272203958e+00
-1.114684865502093558e+00
-4.352313154310166743e-01
3.312436309718000960e-01
-7.353191729916489505e-01
6.243199411432986956e-02
2.931787675931392667e-01
-1.307441979883679162e+00
-6.346114484906736353e-01
4.798285972093374041e-01
-8.897702404578717861e-01
7.556345191712758869e-01
-9.512881039717273612e-01
1.973015922702262559e+00
1.580191727608151187e+00
3.460975129546426943e-01
8.018377520638584333e-01
1.150755479409754090e+00
-1.380437642276970411e+00
7.649154746578377961e-02
-1.611948053132437053e+00
8.272178126828995115e-01
-5.238121525581265203e-01
-1.417780751494841951e+00
-7.896446021398405568e-01
9.820879358042324814e-01
8.773892261866039766e-01
-1.581709872672458328e+00
2.721807836527101010e+00
1.046269113030134479e+00
2.935828741170265488e-01
-6.142714612299774446e-01
-8.022229262815652184e-01
-2.177349959072411689e+00
6.839507078186191080e-01
8.393442071633158141e-01
-6.445911073392859292e-01
-8.758145309926205213e-01
1.343532798163863118e-01
1.257660356082018205e-01
6.758446577937742283e-01
8.189917430135384979e-01
-6.846812067055427775e-01
2.263033899322490772e-01
1.031352252009368198e-01
-8.708920903160916049e-01
4.781979836763521341e-01
-2.956145751190986659e-01
-2.538477115899819836e+00
1.231330229594195691e+00
1.358167345147665239e+00
3.483705934599230503e+00
