2.208166197868030577e+04
8.988805399603050319e+03
1.797756803336107987e+04
1.304550616863231699e+04
-7.173875530619546771e+04
8.652777281423186650e+04
-7.864552297387426370e+04
-9.421612098998477450e+04
4.276153939064079896e+04
4.301398896882345434e+04
-4.313136280259424530e+04
8.254177055993973045e+04
-8.305866751106092124e+03
2.920352562564934487e+03
-6.382487884430582926e+04
5.837087671602633782e+04
5.347238803189952159e+04
7.904809508650263888e+04
3.122584042461545323e+03
9.505290633894881466e+04
-4.977324609297717689e+04
-3.516859526776368148e+04
-2.098561666625158978e+03
-3.737279627214060747e+04
5.799524728265692829e+04
-8.457763629025116097e+04
1.943864237540742033e+04
-9.209897112838119210e+04
7.002054914716578787e+04
1.828532144115652773e+04
-6.162362179630771425e+04
9.919995440094123478e+04
-8.246779077433820930e+04
-5.672288801458260423e+04
4.931727747993098455e+04
-2.097419029155734461e+04
-9.847384053823130671e+03
-3.380871055732117384e+04
7.119739649414195446e+04
4.789694864028831944e+04
-2.798759579056451912e+04
-2.356110139194245858e+04
-3.779894056445536262e+04
8.326341322075593052e+04
-9.337204269140871475e+04
-7.443063599003509444e+04
-9.412029653060046257e+03
6.299320825262533617e+04
-7.467516500917053781e+04
9.737013548405587790e+04
-7.993664918429523823e+04
-7.146717172420074348e+04
-9.122432587341639737e+04
9.611345921991666546e+04
8.010374159689442604e+04
6.574940273374455865e+04
2.494398758339874621e+04
9.422657683061013813e+03
1.211240528087780694e+04
1.002151526416193519e+04
-8.705772488822894229e+04
-7.113778050410407013e+04
-7.418354013563493208e+04
-9.894373936617324944e+03
-8.258178252718225121e+04
-6.340474488325802668e+04
5.812571525284714880e+04
9.033471174253863865e+03
5.191126521642773878e+04
-4.201703021600555803e+04
-2.630664991977522732e+04
8.840954080612739199e+04
-7.070973235984085477e+04
-2.327307612536575471e+04
6.158977024873881601e+04
7.087790478862647433e+04
-6.847917995415968471e+04
7.570940059410018148e+04
4.324904002648551250e+04
-3.221575058308966982e+04
-5.246705101176309836e+04
-6.663802949132749927e+04
6.576028553609058145e+04
3.816164460277638864e+04
5.526508274299127515e+04
6.099190716444121790e+04
7.818876909157176851e+04
4.213685260529286461e+04
5.723253434838994872e+04
-1.562931645158615720e+04
-7.254528834877272311e+04
-9.365430520153099496e+04
7.163007934043934802e+04
-8.872173491984540306e+04
-3.714826901190093486e+04
-4.042777664229191578e+04
3.919298608064040309e+04
3.156645210873478209e+04
-7.442008945052414492e+04
5.317991916338814190e+04
-9.735341210062740720e+04
7.136106358952829032e+04
3.000440616064243659e+04
-6.179141395979448134e+04
-1.495390469923503406e+04
2.601604352418334747e+04
-2.886739243811152119e+04
-7.313608788700989680e+04
-1.943555160267207248e+04
7.646007787955447566e+04
3.925454332399237319e+04
4.205855567842317396e+04
5.024788239169958979e+04
7.026155412164397421e+04
-4.517921169777306204e+04
-5.929772563160184654e+04
4.417192173225065926e+04
9.953226998768976773e+04
-2.245287326880609908e+04
5.534040137717273319e+04
-1.070195429292711196e+04
-6.726489439614713774e+03
4.356415538621952874e+04
-7.761679442443387234e+04
-4.156351078073497047e+04
-9.515600159951242676e+04
3.270582840535513242e+04
6.189322266354254680e+04
6.973893546954926569e+04
-5.733947113847683795e+04
6.135588504079604172e+04
6.198881725571912830e+04
4.729276721478771651e+04
-6.443127550845577935e+04
-7.738384131540889211e+04
-7.251698959495329473e+04
3.178746321992040612e+04
-6.507262732581164892e+04
-5.177465591192509601e+04
9.117816194024996366e+04
-8.960031490118498914e+04
-3.983078897109419631e+04
-3.712133995496680291e+04
-6.265085525055964536e+04
-4.484225551952032401e+04
6.984603966428720742e+04
-8.745309384385163139e+04
-8.551020939463740797e+04
-4.569186098147144367e+04
-2.784851643244517618e+03
-2.149648455002666742e+04
8.761833574498762027e+04
6.439892638862857712e+04
-6.628901474746037275e+04
3.565824949349215603e+04
-8.069395762629287492e+04
-1.010129227115993854e+04
8.774848673886156757e+04
2.826704867582085717e+04
-8.267750753384148993e+04
7.674536356954544317e+03
6.295170886407993385e+04
1.957443907785219199e+04
-4.677360836990458483e+04
8.241536357291109744e+04
-6.755299452112813015e+04
8.484841040634777164e+04
-8.402690640544898633e+04
-6.983573051545651106e+04
-2.677754066636330390e+04
-3.737910988343502686e+04
6.663199931751444819e+04
7.460470659859123407e+04
4.237374531971311080e+04
-9.584170984106401738e+04
7.765377843956096331e+04
2.816439254640584113e+04
1.446983985842805123e+04
-6.996430762229776883e+04
-8.084021722640356165e+04
-9.830988104466436198e+04
-7.674604733920065337e+04
-7.612946139931368816e+04
-2.489954154438989644e+04
-4.982365684846239310e+04
9.798435696225057472e+04
-1.227445305712748086e+04
-9.386954875605972484e+04
-9.132129683521794504e+03
-6.329964321006218233e+04
-1.099724179609653947e+04
-2.312341167382574349e+04
-4.812603125312175689e+04
7.453808210833289195e+04
-5.052418278911559173e+04
-9.564599877078934514e+04
6.500078263147489633e+04
-7.672553793325347942e+04
4.095771259842228028e+04
5.585143852822424378e+03
4.552543590753531316e+04
-9.278837143490162271e+04
-6.666874786822302849e+04
-3.478115706535460777e+04
1.958331800902933173e+04
-9.332051719193685858e+04
2.918803057152370457e+04
-2.307228612570228870e+04
9.767165932815364795e+04
-1.700578186993997952e+04
-8.416106300984113477e+04
-3.409060626698714623e+04
7.681748839939993923e+04
6.147567549563225475e+04
-2.447116153277325793e+03
3.990416623244612128e+04
-5.091749810837440600e+04
-3.312197737923951354e+04
-5.579015683590318076e+04
-4.453846213135737344e+03
-6.790889333764291951e+04
8.177039165096302168e+04
4.915508005291438894e+04
6.587460189995367546e+04
-1.600402280393859837e+04
-8.695454731806906057e+04
-9.431796374985069269e+04
-4.899417004665081186e+04
4.326492456669409876e+03
-2.791907222185254795e+04
2.922710357769424445e+04
7.995752604705217527e+04
-4.703124400040543696e+04
-2.039590956913113769e+04
-4.199494204809845542e+03
9.674866540614093537e+03
6.971927783341510803e+04
7.207761129320570035e+04
-6.929686682971258415e+04
-4.109012538857401523e+04
1.585565131386899156e+04
6.242133850017614895e+04
-3.454508607395218860e+04
-3.968338360274552542e+04
-4.468024960984635982e+03
7.494419310994210537e+04
8.646542065797231044e+04
2.050221076766775514e+04
-3.342706892903610424e+04
7.416191072402391001e+03
-1.829544183255606913e+04
4.363063782557798550e+04
8.614120162226751563e+04
-5.177268042113640695e+04
-1.525761702718275774e+04
6.174539807164386730e+03
1.655263812825283094e+04
8.973866006214133813e+04
-5.904596965183666180e+04
4.006950419867053279e+04
4.826122561872753431e+04
-2.815185698013810907e+04
-5.652388521513418527e+04
-2.182769150081159023e+04
4.915852467984968098e+04
