-5.113249077039633266e+04
1.821440623957998832e+04
-1.230404601411553085e+04
7.297304398408866837e+04
2.433436870858427574e+04
-4.692537175744293199e+04
-5.492015889147080452e+04
-1.964595808458039028e+04
3.845165772022687452e+04
-1.185365921236824579e+04
9.994314795238287843e+03
5.633758949397846300e+04
6.238968242266528978e+04
8.906023810196908244e+02
-4.899897583411118831e+04
7.483074707787578518e+04
7.032907397461192159e+04
-1.568370386479357148e+04
7.733216269761713920e+04
7.539783806391530379e+04
1.121325590167405426e+04
5.875053190402886685e+04
-1.593955872023565280e+04
-1.731686247610921055e+04
-2.075405489440348447e+03
-7.070888523737734067e+04
-7.433736553507208555e+03
4.670510600752089090e+02
-1.129740519043416680e+04
7.037424883939088613e+04
6.242957590092231840e+04
-7.518572866413411975e+04
-8.360748360718430195e+04
3.608272881887530821e+04
-1.139443956771038938e+04
5.824741028495669889e+04
-1.259674132147029013e+04
-2.157203822823620067e+04
-6.434327659067913919e+04
3.932924967889310210e+04
-2.761252137727959416e+04
2.439365807925474292e+04
-5.665058307821844937e+04
-5.402307632302660932e+04
-4.447548996235458617e+04
2.421153003332159278e+04
-4.488335497139282961e+04
2.121716958643189355e+04
2.002967724683480992e+04
-6.884211058158468222e+04
1.382244180145081009e+04
4.651422790998990240e+04
3.210951844948618236e+04
2.483722138602024643e+04
1.948960943973143003e+04
1.636876359778684491e+04
3.511147748778069945e+04
6.228386836652996863e+04
-4.520587048946879804e+04
-2.562268965714884689e+04
-7.037324985348548580e+03
3.579322038698375400e+04
-5.019219297623443708e+04
3.576932996698346869e+03
-2.409051552024638659e+04
1.134317897981035821e+04
-5.291140913544448995e+04
1.461290732469833347e+04
-1.840094679347425426e+03
4.869646381646115333e+04
6.385948215391551639e+04
3.923511632438359811e+04
-4.562319672645830724e+04
5.669023996248916956e+04
-6.081422838365439020e+03
-3.447094950466845330e+04
-5.128627739469929656e+04
6.777603773934443598e+04
1.119473560838796402e+04
-2.623443599500235723e+04
4.140187750326342939e+04
1.479805135294401771e+04
-6.790386744905276828e+03
6.465663901593039191e+04
-5.455691800486795546e+04
-6.371132111329391046e+04
6.189781786522946641e+04
3.686024992309900699e+04
-5.360451993724578642e+04
-4.486752498871813441e+04
-3.677065922610355301e+03
5.308172693017513666e+04
2.841106286346365232e+04
2.782328984889687854e+04
-2.232608540954794989e+03
-3.997519578807897051e+04
-7.119252692696850863e+04
-5.984108835298673512e+04
3.748836162873989815e+04
4.814234516446351336e+03
5.951903731960665027e+04
4.727564890044167259e+04
-1.391484056762615546e+04
-5.780774892484445445e+04
2.274214952968323269e+04
-7.255714109021387412e+04
6.434626417454588955e+04
-2.090330048596791312e+04
-4.479469949562998954e+04
-2.085934466410063760e+04
-4.326531127669504713e+03
2.453705167474064001e+04
1.524497064019110258e+04
3.391057726055710373e+04
-6.040768016251807421e+04
5.678172278810488933e+04
-2.224017820365391162e+04
2.832725991358443571e+04
3.473300309157180163e+04
6.925405498649700894e+04
6.446726157524530572e+04
5.665438738157787157e+04
5.198702595179132913e+04
-5.686184847019617337e+03
-1.741162458653435897e+04
-2.742873618283943142e+04
-3.938046224843198434e+04
-1.470649868955601050e+04
3.330816364270239137e+04
1.980553463044628734e+04
-6.210184670691609062e+04
2.772438990347506478e+04
-1.539176431387685261e+04
3.945948156498285971e+04
1.652286294477677529e+03
-3.702699275467410189e+04
5.136160820020157553e+04
-1.548931168537780468e+04
-5.381116045513145946e+04
-3.172998126201629566e+04
-2.995761634944173238e+03
-1.975888729034001517e+04
1.820388018902762269e+04
-4.906204123762447125e+04
1.060053926387727552e+04
8.509169587466407393e+03
2.433960598166116597e+03
4.770149850726976001e+04
-7.210395090062529198e+04
-1.309499316258089493e+04
2.886960542102815452e+04
5.414279622598145215e+04
7.464853666095282824e+04
-3.894797946736168524e+04
5.177900852035322896e+04
-4.658165304308796476e+04
6.075536192688963638e+04
2.938923538291957448e+04
-3.674911670753140061e+04
-6.925333298984481371e+04
-3.668508536400638695e+04
-1.709627211133440505e+04
6.024826633370168565e+04
-5.273468932880351349e+04
-3.162620152079565014e+04
-6.511338646889828669e+04
1.629739802121162575e+04
1.221328507709986116e+04
-3.997835482291383232e+04
2.744099455384098110e+04
5.710836136683997756e+04
-2.552946519456183523e+04
-4.227745248701902165e+04
-5.137276694970828248e+04
3.794125572538461711e+04
4.506618112164217746e+04
-6.859579577616574534e+04
6.027187168280539481e+04
2.275309577622286452e+04
-2.530047147544798008e+03
3.869544239259923052e+04
7.105659722451757989e+04
7.391145673130609794e+04
-5.831565921013263142e+04
3.594142978074509301e+04
-5.548999174026760011e+04
-3.135311991165598374e+04
8.103947521840223635e+04
-2.304743441239113235e+04
6.583343748698991840e+04
-5.598111135200147692e+04
6.570789180216190289e+04
-7.769799060715222731e+04
1.626945557994712726e+04
5.192085755737215550e+03
-7.133197332690136682e+04
8.036616865496555693e+04
-4.982380068533201120e+04
-1.466362634278807855e+04
4.146459626893838868e+04
-4.059969659260536719e+04
9.366566666142120084e+03
1.912981653018571888e+04
-1.525887841862531502e+02
-4.539610723373654764e+04
-5.444808822257824067e+04
-1.413804219669238228e+04
-4.373203853367584088e+04
-6.652535979225230403e+04
-8.100787423847695209e+03
-8.295088124634457927e+04
-3.619436282083115202e+03
-6.742836091494784341e+04
5.838233109458461695e+04
-2.737658447597450140e+04
-6.272905566765424737e+04
-6.273884607059771952e+04
2.866387416545791439e+03
-4.494708281022169103e+04
-3.940647415868028020e+03
-1.284286477046917753e+03
2.830971777635132457e+04
8.038298280422485550e+04
-1.479515394814432511e+04
5.537146783653024613e+04
2.769637883415559554e+04
7.337853219943631848e+04
-5.589262188035895815e+04
-6.465883054853619979e+04
-1.693653612397436518e+04
4.751010771822654351e+04
8.228360835619680074e+03
-5.541828404853414213e+03
6.845495618020075199e+04
6.510201520742605499e+04
-7.043134695432346780e+04
-2.449930654941545072e+04
1.976581912128108524e+04
3.361661324543452793e+04
-1.147639475411057902e+04
-1.110054604255093545e+04
1.650841471971211286e+04
-5.529979408506258096e+02
-1.447105355166896288e+03
-6.592370425583950419e+04
2.416823612636387770e+04
3.850259350061842269e+04
3.146027064905857333e+04
7.844079422123449331e+04
-5.435172601673388272e+04
4.358048092100326176e+04
5.966043513845821144e+04
-1.602595355204654879e+04
4.241897239683590306e+04
-7.635356866719521349e+03
7.576801563018329034e+04
4.287579577350218460e+04
-2.493280970248572339e+04
-1.679624678907949419e+04
-2.818111310252861222e+04
9.855402431216039986e+03
-6.122846586963172012e+04
-1.560402307571015626e+03
1.929643647175849765e+04
2.412654044817276008e+04
