-6.703663130231725518e+04
1.177352333951778564e+04
-7.582555557201293414e+04
2.617010385884955394e+04
4.631022376406709373e+04
1.340617174073261594e+04
-1.825109558839436431e+04
8.169206681722874055e+04
6.379459243207627151e+04
2.805058226702666434e+04
7.790413094602219644e+03
-2.290610277028551718e+04
1.887962710622269151e+04
-2.579505600541294552e+04
5.817691812646288599e+04
6.996480158154967285e+03
6.374347006552267703e+04
3.757656931554077892e+04
-5.460331371075497736e+04
-5.962241588434084406e+04
-1.173060424769003475e+04
-4.298820520607127401e+04
-5.778049468399641046e+04
-6.134866980494995005e+03
-4.739968319254815287e+04
-7.263108625614811899e+04
6.502656920931983768e+04
7.130941894015850266e+04
-7.395359206215245649e+04
-9.269969671591776205e+03
-3.632132579827771406e+04
4.787798042915502447e+04
-2.404973661778863243e+04
-3.306785620655377716e+04
3.506707233535426349e+04
3.348164970061821805e+04
6.563341414436446212e+04
-1.330063040477212235e+04
4.430265021211028943e+04
-1.786396953715353811e+04
5.055256501683483657e+04
-5.770013427061539551e+04
7.547838561281510920e+04
5.262235191997967195e+04
-4.645001947930339520e+04
8.011210424510648591e+04
1.766883967138924345e+04
1.851277338581270305e+04
-8.164039871703844983e+04
5.247520567804633902e+04
5.994491366655277670e+04
-7.139956517822080059e+04
-4.774570368567640253e+04
4.516520465655274893e+04
-5.675550288272367470e+04
1.882675757188570788e+04
6.589540780215353880e+04
-3.411835658753151802e+04
-6.675751806920304261e+03
4.250534559692877519e+04
8.867109648479131283e+04
7.357800109365506796e+04
2.583302189103537785e+03
1.251721662333324457e+04
-5.624471476032332430e+04
-5.093593300840663142e+04
1.414414571340781913e+04
-3.236810770525057160e+04
5.586999057419150631e+04
-5.394289171607260505e+04
8.623675356992501474e+04
-2.551156578535438530e+04
9.125586804893884619e+03
-2.423613535097843123e+04
4.111983170561433508e+04
1.502292364735718184e+04
-3.990698849704926397e+04
1.552236369094131987e+04
2.773147179613932167e+04
-4.173130528691267682e+04
6.417910466260509565e+04
-1.539679776899399076e+04
-4.003733582917005697e+04
-6.119082273283739778e+04
-1.150015233008422547e+04
1.216012039078368798e+04
-2.657013213912500942e+04
-5.653214968691768445e+04
-8.326888951940958214e+04
3.622976805619009974e+04
3.783933333174580184e+04
6.281522271433274000e+04
-8.130981453775099362e+04
-1.218393595233904125e+04
-5.293557987631527794e+04
3.248109651892909824e+04
5.592118542055472062e+04
-6.971318894249510777e+04
7.868868852130655796e+03
-3.738428463705314061e+04
-5.218554714625314955e+04
7.146908313280783477e+04
-5.637214408307727717e+04
-6.641444192542911333e+04
-8.416914052633459505e+03
4.144818574673678813e+04
-6.864828334915192681e+04
6.896762410492886556e+04
2.849798635835375080e+03
-3.706947633332768601e+04
-7.619874022592121037e+02
-6.336862097702023311e+04
-7.350092242900562997e+04
2.435988423388203228e+04
6.405768716963087354e+04
-8.088326214517439075e+04
-1.869647007539496190e+04
3.074105814873562122e+04
-8.591735808911164349e+04
6.104153501321806834e+04
-5.578800414020838798e+04
-6.399675953950858093e+04
-7.927399502170264896e+04
2.157422085460954349e+03
5.256625460424036191e+02
3.232226577576856289e+04
-8.026378357403597192e+02
2.713178005262942406e+03
4.891512879969033384e+04
1.158344634909273736e+04
-7.461064309313990816e+04
-4.761553889018847258e+04
6.068946414832265873e+04
-3.455519682513851149e+04
-1.497053259690302912e+04
1.855558078735834351e+04
-2.352326543201906316e+04
-7.196250007429211109e+04
4.209789534603588982e+04
-4.379359799413368455e+04
-7.399355787509299989e+04
-8.423520728704027715e+04
3.908121545300388243e+04
-1.585744031506546708e+04
3.328007758601309888e+03
6.388415195246647636e+04
2.853495073070997478e+03
-5.959743714489410195e+04
7.765599680624080975e+03
-3.003813809938967097e+04
-5.132545166995940235e+04
-4.913018358423806058e+04
-4.291565197762756725e+04
1.625195316596819066e+04
1.402756822571236853e+03
-4.410280682162889207e+03
4.546147762593473090e+03
-4.530543762826878810e+04
1.359599582711563926e+04
1.141797886845919311e+04
-5.176372360434759321e+04
9.040991283092671438e+02
1.571084907594634933e+04
-3.130383438335108804e+04
-2.203241911806632561e+04
-4.098133394535206025e+04
3.275257005698973444e+04
5.053806143927808444e+04
8.604989916409295984e+04
-4.947446167081299791e+04
5.107448926162518183e+04
-1.433380572476147790e+04
-6.806010737862929818e+04
-3.634703968835841806e+03
-4.162925943879742590e+03
7.481775784152577398e+04
-7.132007779230012966e+04
5.075715087892142037e+03
4.330660052703224937e+04
7.277578368201616104e+04
4.154139238606037543e+04
4.182879162311967229e+04
-9.210624791281747093e+03
1.926042552278112998e+04
-6.986265447052234776e+03
8.208466532320882834e+03
-3.825781168108378188e+04
-5.228415307479003968e+04
2.524633354046844397e+04
6.597656649495252168e+03
-7.571576480721427652e+04
2.328648344150236517e+04
3.113839884597693981e+03
8.120034122799476609e+04
4.139189077628480300e+04
-1.423566737042541718e+03
-1.891644308336491304e+04
4.789700959945587783e+03
5.000087287672675302e+04
-5.522627617546055990e+04
-4.247668951280751207e+04
-3.082051176394196591e+04
2.306101052598199385e+04
-8.375597328927982016e+04
-7.294965116027169279e+04
-7.201331598641502205e+04
-8.528237279910047073e+04
-3.488467441859469545e+04
3.053921258439655867e+04
-2.637958743377321298e+04
-1.121091927310643769e+04
-2.388757192596215191e+03
4.323236419080477935e+04
3.311845813560725946e+04
4.212520820676673793e+03
8.221834365062898723e+04
-6.902560096894088201e+04
7.000662894040052197e+04
3.855415221415667475e+04
5.914535589191297913e+04
-5.033274501664048330e+03
3.005351562037186341e+03
4.673838054643198120e+03
-1.845282281549024628e+04
-4.331525463662066613e+04
-4.243285443528561154e+04
-7.776074835914112100e+02
-6.679499987760272052e+04
-2.069422759934240821e+04
-6.055857836797877826e+04
-4.814678721339800541e+04
-1.566515239608293996e+04
-1.808942342907715283e+04
6.884940355048874335e+04
7.954592109571927722e+03
-7.474700184455220005e+04
-4.471484231926059147e+04
-1.877156333074722352e+04
-4.775069777429571695e+04
-4.323173366403924592e+04
-6.636372551830830344e+04
7.116487170648691244e+04
2.349659543577288423e+04
-6.307724468881465145e+04
3.186768913372884344e+04
-6.473363337590050651e+04
1.414946589926925526e+03
4.670048667626520182e+04
-2.259883670861425708e+04
-4.428552620643567934e+04
-7.219395846989266283e+04
-1.828911411738446986e+04
-7.826346963485532615e+04
2.138129489505698439e+04
6.902343872055725660e+04
-6.251259927044703363e+04
-3.524843181725358590e+04
-8.643379342080233619e+04
8.429335288914215198e+03
6.202735449200152652e+04
6.839381045728683239e+04
-2.722240737653727774e+04
-5.643897549038919533e+04
3.183853484973152445e+04
-7.693325962293089833e+04
