1.041715233386479667e+04
4.573299566479437635e+04
2.895071036708769680e+04
8.722125689669992425e+03
-3.950934660251077730e+02
-6.904761637208974571e+04
4.309004485620159539e+04
-1.969962587464979151e+03
1.235605622700159438e+04
-4.001977332731943170e+04
1.873969199104703148e+04
-3.513057802404209360e+04
5.446795393179007806e+04
7.766140496353831259e+04
-6.356674842771417025e+04
-5.289519438540788542e+04
-1.710143195721425582e+04
-3.541442369071654684e+04
7.657711174448879319e+04
1.046169349118121318e+03
1.291963310780664324e+04
-2.970758112430313486e+04
-3.631646765449305531e+04
3.701354534779107780e+04
4.108071540410409216e+04
7.560912220230369712e+04
-7.975709550432661490e+04
-2.702664600503111433e+04
-8.532308769046857196e+04
9.381236558391459403e+04
-6.735523569418735860e+04
-6.730135795389747364e+04
6.848322670585245942e+04
-2.509788844303737278e+04
-4.802182365851095528e+04
5.912020799685403472e+04
1.736337462965105078e+04
-7.578230404949832882e+04
1.547695466638740618e+04
-4.267722343183355406e+03
4.768639677906251745e+04
-5.758174630184992566e+03
-8.417270090605983569e+04
-3.348412623755696404e+04
-5.574765766829496715e+04
-9.452266871382428508e+04
-3.897884535405290080e+03
2.643343761592831288e+04
7.973251606130943401e+03
3.030127891507063759e+04
2.233601870998476807e+04
9.867029551373442519e+04
-7.285773224898870103e+04
-9.530925881375433528e+04
-5.356280229669907567e+04
8.964307710554485675e+04
1.844664369183486269e+04
4.385150855152728036e+04
4.512431343192027998e+04
7.824721892694226699e+04
-3.397722286809934303e+04
-6.049046868381410604e+02
-3.969728314434388449e+04
9.304919641379563836e+04
-6.038637143502994149e+04
-7.618931863400811562e+04
-5.064902739302321424e+04
-1.796019895389719750e+04
-4.820109433829329646e+04
-6.270419539483133849e+04
-4.712554051927351247e+04
8.599167460688852589e+04
-7.318343604503061215e+04
6.066853439495104249e+04
6.910130965700154775e+04
6.899375307293052902e+04
-3.490490994173986837e+04
-7.480023044534676592e+04
7.540144380537091638e+04
-6.331465508475390379e+03
6.170035777670616517e+04
2.584550283013506851e+04
-3.075060237198836694e+04
-5.351346580933378573e+04
-9.043549245960016560e+04
9.561310757088608807e+04
1.490485392378813413e+04
-4.409782413539038680e+04
-8.376789334379602224e+03
-5.863284923389766482e+04
3.691694807820476126e+04
-8.389307553428676329e+03
-6.654564472937004757e+04
2.876919890264184505e+04
6.106043340755905956e+04
1.396520216815186723e+04
6.632925440537801478e+04
-3.504919401434045722e+04
-9.147866223165948759e+04
-6.382892944168939721e+03
-7.640091770915662346e+04
-4.079686557945243840e+04
4.867027885277121095e+04
-2.257841247550414118e+04
5.409025186050415505e+04
-9.861136813241256459e+04
-8.145118953288780176e+03
-3.203135245119730826e+04
9.177659752893139375e+04
-6.850211402601888403e+04
6.667399541459031752e+03
6.801916586881998228e+04
1.903256270351892454e+04
3.619537128313258290e+04
-1.294389655186142772e+04
-6.090796446022947930e+04
-2.502148035920747498e+04
-1.657436578484222991e+03
4.698860843759294949e+04
-1.846429935943764576e+04
9.336385131822049152e+04
-4.357829146960197249e+04
5.037894363053157576e+04
-5.096847423141112813e+04
-2.721670823761951760e+04
5.238357369297122932e+04
-5.261026738030037086e+04
2.373222839291491255e+04
-5.448114941756764892e+03
-8.745024216512915154e+04
-8.902694721539052262e+04
6.990636486283043632e+04
-4.928840210746694356e+04
-6.853109127853895188e+04
1.274094147511011397e+04
-1.034294906420412008e+04
7.841506611442353460e+04
-3.954130454999322683e+04
-3.445591995720012346e+04
5.805848041842383100e+04
1.651939976093320001e+04
3.258091923046889133e+04
-8.042203024930352694e+04
1.415735361794600612e+04
5.842866665739123709e+04
-9.968869181695599400e+04
8.134503395912187989e+04
-1.741283493978467595e+04
-3.348503327757352963e+04
4.572808894013115787e+04
2.323185906866739970e+04
-5.028913269981440681e+04
-5.627180242389246996e+04
-7.590655832881963579e+04
2.136936436543175660e+04
-8.116072058691055281e+04
4.696898899029221502e+04
-9.654925998610482202e+04
1.508448386479730834e+04
7.263082318121058051e+04
-4.827976953719233279e+03
-8.765663354878587415e+04
-4.277424753394137952e+03
2.211132297664677026e+04
2.884902905727799225e+04
7.434236338864822756e+03
-5.695357014578352391e+04
3.513604821312474087e+04
4.774880510665368638e+04
-2.238308742994115164e+04
-8.060954024198587285e+04
1.167677561996296572e+04
-1.809923001534183277e+04
-6.894572089144831989e+04
7.858262667490233434e+04
7.322140353498066543e+04
-9.305665250295265287e+04
9.747099543394832290e+04
-9.455914851447619731e+04
2.131901833149034064e+04
-7.868008421255568101e+04
-9.076501686708841589e+03
-8.777492893469898263e+03
1.312118913698065444e+04
-5.755761799660172983e+04
7.068502137485446292e+04
9.624610683293687180e+04
8.814007275113114156e+04
-4.323157944883138407e+04
4.385368712182590389e+04
5.682952281467927969e+04
8.223366870695626130e+04
9.990371002305552247e+04
3.541947831578305340e+04
6.079600485189893516e+04
-2.443289876916090725e+04
4.952873048160321196e+04
-3.535376308888877975e+04
-2.582431464463277371e+04
3.944732307700024103e+04
-3.797684663019025174e+04
6.883772750710771652e+04
1.120412043273722520e+04
8.506890566806960851e+04
-3.823365797771400685e+04
1.967713271041342523e+04
-8.818647878660028800e+04
1.971160789267753717e+04
-2.353975442012408166e+03
-8.186478136103645375e+04
-8.469852934674025164e+04
-3.527193146341243119e+04
6.154530642653635005e+04
1.751988780265796231e+04
7.534553083022506326e+04
-6.821518569689986180e+04
2.188192009481073183e+04
-7.635381753015045251e+04
-5.723848921084820176e+03
-6.089299962768171099e+03
-6.617978243742536870e+04
6.899653729000483872e+04
-2.798604373150414904e+04
6.800593830384666217e+04
8.106617611721361754e+03
-7.290688354307381087e+04
4.343056767414891510e+04
-7.636043329724730575e+04
-6.439945650330423086e+04
-5.958290234673921805e+04
9.984097510089952266e+04
-8.515066021233130596e+04
7.747427092309898580e+04
-4.546436890826719173e+04
9.421300772628121194e+04
2.389547643256082665e+01
-6.395927996434751549e+03
-4.690840994191032223e+04
5.363667486958886730e+04
-5.743401758322239766e+04
-7.187238967919857532e+04
-7.753595607800176367e+03
4.444660102681998978e+04
9.000320869824534748e+04
-3.302085751886699290e+04
-1.758768243970256299e+04
3.565093668943564990e+04
-3.147267699368949980e+04
3.045513884856611548e+04
-1.932669010302539391e+04
5.561993856856826460e+04
-3.495121240954230598e+04
-8.052860961431756732e+04
-8.433250998894913937e+04
9.619204155933280708e+04
-6.854763941746624187e+04
-5.842993896888579911e+04
9.739967488064803183e+04
5.849752831658060313e+04
1.196477849782811245e+04
9.766731729003982036e+04
8.562099854652702925e+04
-1.541244122336042346e+04
-9.813412064085254679e+04
5.458965006145782536e+04
