3.839715783260382887e+04
-4.834869878146688279e+04
4.302678570224632131e+04
3.057945666091926978e+04
3.873229013191309787e+04
-2.621426155393742374e+04
-1.632470599962884080e+04
5.993841186639945226e+04
-1.269000218777803866e+03
-4.752705484508426889e+04
4.909406324038089224e+04
-7.798352590532563045e+04
-3.397157969295651128e+04
1.980149188882842282e+04
-3.475676878276379284e+04
3.511484215783995296e+03
-7.524277883525937796e+04
3.014767759778977779e+04
2.515668106298623388e+04
4.363296935902189580e+04
-6.636205160551796143e+04
-2.311187465374742169e+04
2.516678665483338045e+04
-1.693209879295081191e+04
-2.643645835564747904e+04
2.391131773835452987e+04
-4.074474728381673776e+04
4.164461863239988452e+04
9.522853186702030143e+03
3.545313237850752921e+04
-2.643730575175653030e+03
5.648814840712686419e+04
2.447570382587395943e+04
3.170204011023878411e+04
4.541415121472359897e+04
7.523751504074573859e+03
-5.056411926773844607e+04
4.545325192210738896e+04
-6.887787860186745820e+04
-3.683073986539203179e+04
-2.730684095315882587e+04
8.421646708842479711e+03
-1.677248158428796523e+04
7.990659817012080566e+03
1.336713123821012050e+04
-3.366558707756466902e+04
3.407919574716134230e+04
4.784845953625725815e+04
1.887221021073030352e+04
-4.468582646168470819e+04
-6.403769818153205415e+04
5.210281459521048237e+04
3.012958135589279664e+03
3.965400234727092175e+04
-5.512742739083994093e+04
-3.029036200964400996e+04
-1.360782734292519490e+04
7.369953524738500710e+04
6.500974599319849222e+04
2.225169018675142070e+04
-5.875113742021151847e+04
5.098398650649956835e+03
-1.897278013896281118e+04
3.997045217504000902e+04
-6.186359604773089086e+04
-4.354354918904601800e+04
6.381908665165142156e+04
4.387290239120271872e+04
4.530673863188856194e+04
-5.442990818813576334e+04
-3.088704163807040823e+04
-1.956267195291144162e+04
-6.891941891471639792e+03
-3.270722785406039111e+04
-3.828681640461995266e+04
3.716363270538951474e+04
4.624516406568739330e+04
-4.386444183362680633e+04
-1.849199385294278181e+04
-3.353843622961462825e+04
4.599210222515212081e+04
-5.083239671589955105e+04
3.727884800613442349e+04
-8.105349857108119977e+03
-3.946442231967565749e+04
9.320899015080536856e+02
-1.521698505376595858e+04
3.928447010093432823e+02
3.734432016620394279e+04
-6.714602282813236525e+04
8.080467740543240507e+04
-3.972793161507805780e+04
-4.969706364800450683e+04
-7.374936616802441131e+04
-4.209752932251304446e+04
4.394380143094615050e+04
-3.508087258102834312e+04
7.833614432050935648e+03
2.800217560976769278e+02
4.481302883477088471e+03
1.008962433084616168e+04
1.734194416993566847e+04
-7.511911149430765363e+04
-1.208532259394440734e+04
1.222204203270189828e+04
4.953059622593638051e+04
1.750497498902666848e+04
-2.690477057599381442e+04
-4.458394450737010629e+04
-1.902906765385651670e+04
-4.111666133000567788e+04
-4.114240405878306046e+04
3.890930424480513011e+03
4.550539238545244734e+04
4.097394599552470027e+04
5.261549130181568034e+04
-5.518382193475584063e+04
-6.178690002557820117e+04
6.517407452082497912e+03
1.536373421143904488e+04
-1.151735725277302845e+04
-2.664602576348805815e+04
-5.425154728196015640e+04
-2.361524365186409705e+04
-5.339937468548496690e+04
-1.471969031259880103e+04
-6.015866698034650472e+04
8.561446113780461019e+04
-6.559093189761340909e+03
5.346346317483941675e+04
-2.137877975168197008e+04
-6.009686964211134909e+04
-4.686807102872785617e+04
2.756974285102966678e+04
-2.563143199066251327e+04
-1.554623175031224673e+04
1.065568830470684043e+04
-1.684059191386524253e+04
-4.604329845986179862e+04
-2.728304983019066640e+04
-9.231173889895992033e+03
4.758691949232350453e+04
-2.547621206745790550e+04
-3.135218223112212945e+04
3.725099318621473503e+04
6.941088849088812822e+03
-3.132379473818990664e+04
-3.118719084652486708e+04
-3.641064163679142075e+04
3.264744081325713705e+04
8.481529442194856529e+03
-3.385719741486348357e+04
-3.587990253605239559e+04
-7.236464050327884615e+04
-5.839566511313995579e+04
-5.170781953686224006e+04
-4.218844571290812746e+04
1.790890651220117070e+04
-4.167277471904161757e+03
3.219202118949132637e+04
-5.323992160478072037e+04
-2.007580409228208009e+04
5.840926909337220422e+03
-1.678875111560487494e+04
5.369574720400034857e+04
-2.813829768688301192e+04
1.739054532236780506e+04
-1.788931260069182827e+04
4.970959827627060440e+04
-5.290037045675818081e+04
-1.149397987082292457e+04
8.242524747395649320e+04
5.625961790293643571e+04
-7.699607471810128482e+04
3.020322340615392932e+03
4.697257533546054037e+04
3.662753332574882370e+04
-5.923605975272481010e+04
2.627025413868486066e+04
4.529829935917606053e+04
1.586844757011629736e+04
-2.164875712369659232e+04
1.428629018391401405e+04
-4.812354169759219803e+04
2.431312808351318017e+04
-2.942953619674725633e+04
-8.504124431590695167e+03
2.627083843114154297e+04
3.175717392889486655e+04
2.881589940066899726e+04
2.537933961629572514e+04
9.443985607079432157e+03
5.096913481753005181e+04
-1.324811112465107044e+03
2.458477403302316816e+04
-2.923443155049810593e+04
7.926334145043930039e+04
1.325711746630820562e+04
8.758608839111942507e+04
-2.744375659518877364e+04
-3.930576274170129909e+04
-3.171465894639155886e+04
-3.555998690506600542e+04
-4.053590950994741434e+03
-9.809727141078737986e+03
4.274915391952823120e+04
-2.458495357401466390e+04
-1.289240526057753050e+04
-5.750765495859028306e+04
2.147909113867708948e+04
2.079937917452036709e+04
-1.130759047140000803e+04
-2.807540096740214722e+04
5.578197422247038048e+04
-5.724756079841682367e+04
-5.271321465000434546e+04
3.545113511685369303e+04
2.705424725674388537e+04
-5.752470184949027498e+03
8.586101225648801119e+03
3.708176287926286750e+04
9.299618947353375916e+03
5.741375824191058200e+04
-1.369644603836167880e+04
8.477067902717219113e+03
-4.651068573945024400e+04
-6.024599063330170611e+04
1.791998211116198581e+04
-5.707745586594202905e+04
1.695530343542014180e+03
-2.507774175805048799e+04
-1.909629887060351030e+04
1.555691740398370894e+04
-3.090050723014668984e+04
6.251010079493629019e+04
-3.829030413477031107e+04
-2.027923820856792008e+04
-1.117735935212274853e+03
2.004697146354004872e+04
3.315638274942825956e+04
-1.042474186397297672e+04
5.970683113057317678e+04
-4.501382828838458227e+04
4.561909032603610831e+04
6.267495090827025706e+04
-6.025396424027795729e+04
9.103770544134256852e+03
5.188223792695747397e+04
6.210346784575143829e+04
2.213946051613957752e+04
-5.754325793568119843e+04
-2.298988568496176231e+04
6.008082358637623838e+04
4.328667657364088518e+04
-4.037342655710833060e+04
1.759040605792482165e+04
-7.992257133882271592e+04
1.287399121070364890e+04
-4.416968973312252638e+04
-4.649107346895724913e+04
4.655966393399146182e+04
-8.958006229160100702e+03
3.365075991568514291e+04
4.793118069290694984e+04
6.317279691173767787e+04
