1.400425935182610010e+04
1.163656723272585805e+04
-1.526361041032120011e+04
-2.254777556717837069e+04
-4.128497223507632157e+02
2.167394219587927000e+04
5.875711158244015678e+03
4.174593327472634701e+04
1.092749842555000214e+04
2.621159662724856844e+03
1.671588210256781531e+04
1.588496800497704135e+04
4.243991002880008637e+03
2.726716425982351575e+04
1.044942750599467945e+04
-9.169478093766606719e+01
3.286280591662081861e+03
2.808766827574899798e+04
4.027318033887125057e+04
2.282044181138405838e+04
-2.849501163381565857e+04
-2.166811967470080344e+04
-2.905305123358525088e+04
-8.165976310828187707e+03
1.463303423760353144e+04
-3.668737918116610672e+04
-1.839065845727079795e+04
3.475889739722006198e+04
-8.615667411218068082e+03
4.333430794736219104e+04
3.937058844813310861e+04
-2.289673420863630236e+04
8.244536254338556319e+03
2.931753811524828416e+04
4.846376063293681000e+03
5.002145173561276897e+04
1.767865557488881677e+04
-1.696109209770729285e+04
1.999534428351098541e+04
4.109261854526355455e+04
1.344626284385046529e+04
-6.304320804948732984e+04
1.740993975994217544e+04
1.703580287072696592e+04
-8.083771802427635521e+03
-5.337750570299683659e+02
4.910722894633530086e+04
3.226420357258268268e+04
-8.320993843788512095e+03
-5.826722537596348047e+03
1.726015488696802640e+04
-2.497856514570903164e+04
2.825142814765338335e+04
-6.093644705163620529e+04
5.992143314251148695e+04
2.791053210339642828e+04
-1.755509189533803146e+04
-1.982992602578705555e+04
-1.370352141939427565e+04
-3.386074638967766805e+04
-4.222144868255823530e+04
9.851564037499867482e+03
1.813008546815214868e+04
-4.774099822273665632e+04
-8.058136764756380580e+04
-1.404665010597583205e+04
-3.106772531272544438e+04
6.153568961057488195e+03
5.216044148095609125e+04
4.921755321961647496e+03
1.339312067644570379e+04
4.543922810569973080e+03
-5.555769097520530522e+03
-1.228723129039252490e+04
4.426857794509857922e+04
-1.925849723108534090e+04
-2.974189078659296865e+04
-3.558595407314018667e+04
-3.557095933701468766e+03
4.058539871019049315e+04
-6.264195467415419444e+03
-2.742170861494741621e+04
8.608990906544957397e+03
1.562503924745885706e+04
-4.061936327075138252e+04
6.840819004929982475e+04
-1.637511439182393588e+04
-2.638495917327923235e+04
3.341626011216575716e+04
1.679708678797317771e+04
-6.802595127390049129e+03
-6.733766187823818473e+04
-4.071414955897268374e+04
-4.153830722746582614e+04
-5.646204215885169106e+04
1.689178684666413346e+03
-8.792143409332754800e+02
-3.395188192175861332e+03
-1.725432055476454480e+04
3.749435794435876596e+04
2.003857427469093818e+04
-5.012040306850985871e+03
-3.303843873788356632e+03
5.724250184613463352e+04
-1.578567310830861243e+04
4.281258579695345543e+04
-3.876820167924561247e+04
3.132148684578664324e+04
2.716467590323825334e+03
1.951126760548525635e+04
-4.389280174418724528e+03
-2.551183486453702426e+04
-2.682566552789648631e+04
4.750774844844058680e+04
5.100252757684257085e+04
-2.447944973836736244e+04
3.866493196962383809e+04
4.228146292650328542e+04
1.061277647514046657e+04
9.447036092789050599e+03
2.258135209632237093e+04
-8.163297128047701335e+03
1.141450519561131114e+04
1.789849195298372069e+04
4.064284844095622975e+04
1.115639535780708320e+04
-1.055216823832956652e+04
-8.419651123518515305e+03
-9.305294669446508124e+03
3.344468163239214482e+04
-8.921834179079656678e+03
-1.519122963484643697e+04
1.157989787543260718e+04
-2.774620925185341093e+03
2.822410547313496500e+04
1.074039127863814610e+04
1.262749508246681762e+04
2.728556535041256211e+04
2.191990763641672311e+04
2.373738207258911279e+04
5.926355159215418826e+04
2.357201192550665291e+04
2.142440383857448978e+04
-4.727002463420681306e+04
-2.117433739190085180e+04
-2.111295744647343236e+04
-8.986780432160894634e+03
2.196801915706465661e+04
-1.420205237151973415e+04
-2.160162852814075814e+04
5.427730294095037971e+04
2.738850963833371134e+04
7.713302318625867883e+03
-5.562971576909194118e+04
-3.817459571521851467e+04
1.184433207056310312e+04
1.820387923756494638e+04
2.592012794747170847e+04
2.028177383300762449e+04
6.496582871912718474e+03
-1.717027571907200399e+04
1.889261705495393835e+04
4.683413477906941807e+03
-7.520926558267525979e+04
9.690059449831262555e+02
-2.597780058331504551e+04
3.843330195471942261e+03
-5.976914313966988993e+04
-2.067619398753195128e+04
3.896615117530597672e+03
-4.665408212164631550e+04
-1.321864563141158033e+04
7.642441846947723207e+03
-2.049214881129280548e+04
2.628121620764175532e+04
-3.727329884199095250e+04
3.173567371710295265e+04
-3.300029320805575117e+04
2.181834592859946497e+04
-2.033729004226158213e+04
-2.912258667004654490e+04
-6.623934892056298850e+03
1.936306412683039161e+04
1.550419081402130178e+04
-4.515751807346824353e+04
-3.901122063617525328e+03
1.842352479267466833e+03
5.124384733506622433e+04
-1.201908887601461174e+04
7.134451592564411158e+02
-2.193760860483308352e+04
6.654397800240053584e+03
4.025016861076281930e+04
-5.398773823321591863e+02
1.470315332922202651e+04
2.327745099865960128e+03
-3.091297248595401834e+04
-3.223528899007256405e+04
2.429583571805401050e+02
2.860524545506665163e+04
1.612929866264133307e+04
-7.089269896571803838e+04
-4.803056555194721295e+04
-3.165074943832630015e+04
4.191273971484452341e+04
4.592930941337027616e+04
-1.343210190801891622e+04
4.465995099359474261e+04
5.535668481740989591e+03
1.517427403938997668e+04
-2.976834107343986761e+04
-2.664555296813309542e+04
3.706251221913305926e+04
-1.266948311416267461e+04
-1.295688002411300840e+04
-8.280922886965132420e+03
-4.337937245741489460e+04
1.640251034616340985e+04
-1.261478260486351974e+04
-1.905398852509010976e+04
-5.087972461275969545e+04
7.477150883417198202e+03
2.137352284809463163e+04
3.699685224698862294e+04
-3.960988189490829973e+04
1.129403271295772538e+04
1.722718958716233146e+03
-6.756389962570775424e+03
1.017207986231237214e+03
-3.308018592746728973e+04
4.682825514860171097e+03
2.108714310060907155e+04
3.139912970326671712e+04
-1.073964275945211057e+03
-1.817661142575832855e+04
-9.826956342559817131e+03
2.311344598160740134e+04
-2.540353591802971641e+04
-1.264469219792706099e+04
-4.276136050429081661e+04
1.290669516683782240e+04
-3.586494125686682673e+04
-2.858375196918411893e+04
2.896925006437421325e+04
-5.016684886367083527e+04
5.305536941206204210e+04
3.430135187984667573e+04
-3.195829854722824894e+04
2.602890139444102897e+04
-3.919854761086958661e+03
2.393783712447129801e+04
2.262368453835818798e+02
3.524651091423557955e+04
4.209426847750748857e+04
-2.111172366789234002e+04
-2.580529943507880671e+04
-2.043277717368004596e+04
-2.699241860683705454e+04
2.683726797821323999e+04
-2.805375049132331696e+04
-5.769540295701211289e+04
-1.495755155838386054e+04
-9.858765231022616717e+03
-3.411191857614645414e+04
-2.967102938185238236e+04
