2.131775104936401476e+04
-3.759330375540366367e+04
3.335222912050533341e+04
2.397549906817007286e+04
-7.760583610191330081e+04
2.748307747506107262e+04
6.871548126379435416e+04
8.708569981533160899e+03
1.569211130340915406e+04
5.172067202254128642e+04
6.881258480214359588e+04
9.000215811627282528e+04
-2.300424989129821188e+04
-6.354853935982537223e+02
-8.297973633743746905e+04
8.494804387267518905e+04
5.736582653904912877e+04
5.751940113960698363e+04
3.980898362059658393e+04
-4.800236258794328023e+04
-3.455977812406206067e+04
-6.530615663108321314e+04
-4.956861004230275284e+04
2.432664307290999568e+04
4.793244685575689073e+04
6.157285053362968029e+04
3.670758526707257261e+03
-6.201185474064141454e+04
-8.893188730958967062e+04
5.049155432840200956e+04
2.224063711699577107e+04
-2.163701924247511488e+04
4.654726005254493793e+04
-8.981779221222992055e+04
-8.268746368756593438e+04
-1.985660866345986142e+04
5.026608802927038050e+04
-2.993540981073539297e+04
-9.204010360823478550e+04
-2.639341656701247848e+04
8.773388386053344584e+04
8.166451509857428027e+04
-4.989985319294642977e+04
7.293736615912363050e+04
9.459347872784404899e+04
8.522799648026030627e+04
1.634410602433142776e+04
7.448070161491216277e+04
-7.158360811216443835e+04
1.138964833295888093e+04
5.159997376974517829e+04
-5.719455637328747252e+04
8.642292482977057807e+04
-7.324326627803439624e+04
8.611241832961374894e+04
-5.448024579970416380e+04
5.714573283699736930e+04
-5.337619442878986592e+04
7.815897275525057921e+04
-7.653862070504215080e+04
-5.556887109631628846e+03
-9.893577993990703544e+04
-7.421156486246905115e+04
9.350965171948887291e+04
-4.119402639716398699e+04
5.818863299281662330e+04
-2.095654161376127740e+04
-8.442072113008267479e+03
-3.742737140494037158e+04
-9.535858913074564771e+04
5.476752017420463380e+04
7.283546883181459270e+04
-5.743894370244055608e+04
9.380826148944659508e+04
-2.255971785733188153e+04
-4.936336935045826249e+04
-5.258274836182958825e+04
6.153094555843772832e+04
2.692313974749250337e+04
8.205629794322891394e+04
-4.942556648456770927e+04
-4.079819537650341954e+04
8.656632771008257987e+04
-9.180646251482020307e+04
4.381778142616263358e+04
7.529605240273961681e+04
-7.353824420561979059e+04
-3.071921849789454427e+04
8.498554968298791209e+04
-8.071726274461716821e+04
5.435949051492620492e+04
3.639591395449836273e+04
-5.792165418457226770e+04
-8.391203600612228911e+04
-7.446220348129952617e+04
-1.223750746066971624e+04
-6.972989335898942954e+04
-9.954920712096306670e+04
-3.623759009121294366e+04
-3.491832484875814407e+04
-5.377661966557427513e+04
6.936529404657968553e+04
5.379748207140644081e+04
-6.381365129048328527e+04
-5.064087406286690384e+04
-8.724817107491598290e+04
5.078837069084617542e+04
-7.615495173425824032e+04
9.598849683413637104e+04
-3.803028207096823462e+04
-2.996216143884598569e+04
-4.070912875526966673e+04
4.085490498640388250e+04
6.370832918932483881e+04
5.188581699926516740e+04
-2.944431208022075589e+04
-8.536131198062276235e+04
-3.317371342787283356e+04
6.566678239405312343e+04
-3.888207577988571575e+04
-6.422879420292686700e+04
9.560421710344505846e+04
-6.402608502035096171e+04
9.853048672296394943e+04
-8.580122529403894441e+04
3.335870609669451369e+04
-1.096995365170252626e+03
-2.294241994272531883e+04
-5.089155559501008247e+04
-3.896143057009824406e+04
-9.496512821354132029e+04
2.470430329717457062e+04
-1.772101840336057649e+04
4.505916630743251881e+04
2.323784798384114401e+04
-3.376384225760214031e+04
-9.524140700246018241e+04
4.024538688685698435e+04
1.115851130404998548e+04
8.354234055461126263e+04
-6.369961903097782488e+04
-3.271520834472289425e+04
-2.471805485495353059e+04
-2.037723260557357571e+04
1.261681396721662895e+04
2.338250251396420936e+04
-4.909901900060713524e+04
1.119494800827103609e+04
-1.792940265805384843e+04
3.550695988117737579e+04
2.746104113207801129e+04
3.137534977270857780e+04
-1.988895830609758559e+04
-1.894126108414448390e+04
8.613105121395600145e+04
-3.902356388633258757e+04
-9.576224917752220063e+04
2.639358448614484223e+04
1.142749500659212936e+04
4.626518801179042202e+04
-5.979721691457236011e+04
-9.812123325829369423e+04
5.494543292320950422e+04
-5.392904614845877222e+04
4.988516331770326360e+04
1.636144755768211326e+04
-6.817725510550847684e+04
6.875574636999491486e+04
5.581865419592396938e+04
7.143781296400583233e+04
8.324859933723928407e+04
-4.622726881014998071e+03
-6.488567640794970794e+04
4.734912137893453473e+04
-6.684437968555816042e+04
-5.686470693144795951e+04
-9.486226857633677719e+04
7.828966379165911349e+04
-3.334388817184910295e+04
-2.957207820415601600e+04
1.025073567598726368e+04
-4.866736121799912507e+04
-1.645930494417560112e+04
7.172193384998652618e+04
-5.018826051839271531e+04
1.594565450274560135e+03
-3.410912661291295080e+03
-6.556789620316185756e+04
3.897657051682574092e+03
-3.020757620234928618e+04
7.296957579806141439e+04
-1.020302204684655590e+04
1.311557606470130850e+03
6.197551639525761129e+04
-2.795167183768696850e+04
8.912103731517598499e+04
-3.810089717693243438e+04
-7.645699929108354263e+04
-4.395332007702781266e+04
-4.601393847316486062e+04
-8.367118089565499395e+04
-3.846525107640070928e+04
9.246596980516417534e+04
-1.268779930209224403e+04
1.087186337364709470e+04
9.824229218922351720e+04
6.130860164957484812e+04
-3.473827066891454888e+04
-7.052933653919564676e+03
-3.512498554994077131e+04
-2.066767423709390278e+04
-1.584374689470637531e+04
-3.839052874348112528e+04
6.912352872426772956e+04
5.353043837340272148e+03
-9.244525734887871658e+04
-7.606191885549365543e+04
9.560571236710119410e+04
-5.062745696308390325e+04
-2.335065786111203488e+04
-5.737512486305242783e+04
-6.264208658777510573e+04
-6.461258171371879871e+04
-3.319744869453927095e+04
7.161253077499021310e+04
-9.669855510484693514e+04
2.804853334799870208e+04
7.393009068388721789e+04
2.578162430602668610e+04
6.380861570901595405e+04
7.131554034440114629e+04
-9.422618478315853281e+04
9.025544429438724183e+04
9.385711253375624074e+04
-1.334797208040188707e+04
7.617618204772763420e+04
-8.205413206544952118e+04
-9.289376265988826344e+04
-6.572690428118189448e+04
-4.774232641244016122e+04
-9.943969059583909984e+04
6.109494478855616762e+04
-7.504536475820015767e+03
4.667241140703638666e+04
-7.979395356283122965e+04
2.698883013967296574e+04
3.738832872530005989e+04
2.785260674057707365e+04
7.964463700705513475e+03
2.436812773076524900e+04
-5.306909457960096188e+04
-2.256179250320607389e+04
-7.661288115304461098e+04
9.792829227292470750e+04
-2.866384770975807623e+04
-5.519207558357699600e+04
-5.344511845003248163e+04
-2.186652114452536625e+04
-5.506811821748827060e+04
5.349014377914022771e+04
7.080423679292405723e+04
-6.965411757188774936e+04
4.943285030929645291e+04
-1.447424085479666246e+03
1.899531844647874823e+04
