8.806684850713759616e-01
5.461185548453761918e-01
-3.230721240584016885e-03
-6.897513506498779146e-01
-4.133663180241842205e-01
7.216514667094895419e-01
-1.275428847386727904e+00
-5.309784197572504638e-01
8.053125159124252530e-02
1.930380684558903548e+00
-2.409141198355528868e+00
-1.092197916038210703e+00
-8.072614137575445659e-01
-3.782734292456385039e-01
-1.764235325697048884e-01
-9.856275549914590428e-01
-7.469265292896035691e-01
1.019926487133251625e+00
-4.577516403067649620e-02
3.340143129151478263e+00
1.205153206920497544e+00
6.550681446228681093e-01
1.274976419202987321e+00
3.514253907127155574e-01
-3.838448198510837628e-01
3.374584900150018330e-01
7.856086996784592547e-01
4.392382957133316168e-01
3.239072524460518410e-01
-3.777829954823863634e-02
9.177215900940842719e-01
-3.644177425719817287e-01
-1.307371537637067038e-01
-4.879971960664019615e-01
-5.600196256376797077e-01
5.780192014430529657e-01
-1.286516439359612685e+00
3.523021091133334282e-01
3.181605587204190955e-01
1.643799201263791698e-01
6.127348777112525680e-01
-7.310877140720262179e-01
-5.173484547396424160e-01
-8.682686606565499510e-01
-8.195947290781968597e-01
1.571357655221364280e-01
3.611518350987832360e-01
2.780972171580303742e-01
3.144045473364360244e-01
-2.191984759916555392e-01
-9.137379239564888400e-02
7.840284413211987546e-01
-1.332900257136395261e+00
-6.118565346300248731e-01
5.065162266597106333e-01
1.037533899957302719e+00
1.687320066861504042e+00
-2.652367674872502246e-01
-3.864251982795731122e-01
-2.429751336012172802e-01
5.416891096175397990e-01
6.081919532222415103e-01
4.860803463064535812e-01
-2.430064711646814923e-01
1.096846488135297282e+00
1.031985758454290858e+00
1.495719895635883923e+00
-1.774565535312198072e-01
-7.406997528592480506e-01
-1.571432584633150609e-01
-1.455072752323749441e-01
1.162732444710230295e+00
-3.763774145355823775e-01
3.288725946140921841e-01
7.772777813307948369e-01
-3.533435259341420887e-01
3.098233610678879923e-01
-1.585096778813649132e-01
-1.733309784913181550e+00
-1.507805874923656031e+00
1.424435286100965981e-01
-1.362345115181549549e+00
-1.897981570551926067e+00
1.527225170824089595e+00
-9.519133893430550275e-01
-1.202351970004156945e+00
1.930725665034926930e-02
1.751618051967807066e-01
-6.612119250972641193e-01
-6.247508754830155553e-01
1.182558560629372313e-01
-5.590855180999773077e-01
6.279357890249281926e-02
1.287621925960572566e-01
-1.914394208548187148e-01
9.828765529071854523e-01
1.000731516931796072e+00
2.113715561289543077e-01
4.484940072390411481e-02
-8.640842287287890944e-01
1.192578903931117873e+00
7.881586165345047523e-02
-7.513397260821732537e-01
5.252018877176208855e-01
6.512023325002931351e-01
-3.257446496814637715e-01
-8.667385653243688814e-01
8.124154121686451291e-02
-3.899220646912342492e-01
3.117760964966160842e-01
-3.217639670916124239e-01
4.802354073820143399e-02
-9.521870163715508983e-01
1.063534228123090841e-01
-3.833621820753652099e-01
-1.765730663905230813e+00
4.537209867253198525e-01
-2.574471796192271178e+00
-1.181369605249688925e+00
-1.412532230817790779e+00
-5.053080101344371577e-01
6.751050076341922335e-01
9.970447572242377987e-01
3.005779855581477422e-01
7.621876348165331772e-01
-2.290637858652196102e-01
7.982344472879191466e-01
-7.687541632337185904e-02
8.204804150150019071e-01
3.645190391839139288e-01
-5.916497363076425042e-01
1.409147738318972665e-01
-2.449868088312286835e-02
9.954017257837386445e-01
5.800186695960202199e-01
4.330084532222108207e-01
-9.763927521862188208e-02
9.642491940255243366e-02
-2.838425428632664338e-01
-1.257192365489239183e+00
8.940349572162695768e-01
-2.335838900186708034e-01
-1.774087778106027691e-01
-2.968947259360609214e-01
1.438613986040403470e-01
-4.259074194270189295e-01
8.958789041295631694e-01
-1.521784514814639999e-01
9.481252104964196792e-02
-1.873518989421119052e-02
-1.767749204659540552e-01
-1.098916701434477228e-01
1.746203048748141473e+00
-1.694704767712121307e-01
-1.584385994779702767e+00
3.406844681294058930e-01
1.633730537561145946e+00
2.089877298827202967e-02
-1.001746325452354203e+00
-1.318451575430205747e+00
8.946838434520175687e-01
-2.243880480775188868e-01
3.712173166444134864e-01
-3.651073533529830550e-01
9.916552637645978940e-01
-4.947749826688885300e-01
-3.702622090624728690e-01
7.892021732943348411e-01
4.199908430144375093e-01
-7.666796497171431968e-01
-8.466530461086269055e-01
-2.068018730720903864e-01
-2.319422003259205001e-01
-3.551206651917870882e-02
1.810927352849574234e-01
3.908987746200146551e-01
-1.340861152407912149e+00
-1.462456118891893309e-01
-6.662907533985447106e-01
6.214573851521704856e-02
-9.128281720572162250e-01
1.405665933570230952e-01
3.903316011046893408e-01
-5.391875225771280977e-02
1.107798038828865517e+00
-1.248272597239226567e+00
7.227523510916067373e-01
-1.167915032368990191e+00
-2.108909593535997495e-01
-8.240277391880270752e-01
1.116149103478470683e-01
1.064243856592664184e+00
-1.319271459863507467e-01
1.101552359247092827e+00
5.947109693019942966e-01
-4.094958653408902194e-01
-1.600737266746239951e-01
5.679390300197798558e-01
-2.839907455173331652e-01
1.860365529355346437e-01
4.579882866813170805e-01
-1.582507077461387524e-01
-3.678638904534763387e-01
-1.742199955186153337e+00
8.469988855216766810e-01
-3.530166659844254373e-01
3.604131677784766508e-01
-2.100766962114958836e-01
1.160015423312411809e+00
5.862018103027810678e-01
-1.997927701197299566e+00
-3.448741577156493321e-01
1.456101141639458252e+00
3.031905051256418848e-01
5.179711544592080497e-01
3.011317295420614659e-01
8.827877183902220759e-01
8.500286662888090206e-01
-3.581241227430497776e-01
-1.632508226941566498e+00
-8.127602979165727826e-01
-8.324775070644864217e-01
4.736920880901085429e-01
1.219734673414180737e+00
-4.418411829020245096e-01
-8.714876780611807705e-01
-5.346066268244034081e-01
-1.174126963307221994e+00
-1.139757252865549186e-01
-7.979447965327268744e-01
-1.445657660402032696e-01
-4.004839656063726161e-01
-1.623660795994531503e-01
4.825551356763926880e-01
-1.004829375085866949e-01
9.848220523377533286e-01
6.187836441907370588e-01
8.432573581228677284e-01
-4.459334661968011315e-01
1.954097408440531591e-01
1.298859489234126752e+00
4.567948542075609408e-01
6.989106228339633797e-02
6.995949782459934263e-02
-5.591210727960346238e-01
1.852353929556596890e-01
-1.431441323937797439e+00
-1.008712797394543781e+00
1.226778299959505603e+00
-3.761469899299185182e-01
-1.265366326559286270e+00
1.293228377308680566e-01
1.156670574327256285e+00
4.502562037436086406e-02
8.124174801815322589e-01
-8.367741877787514548e-01
1.140013746953181251e+00
9.649972614002293447e-01
7.446173759208707388e-01
1.055734518381809650e+00
-1.448109591489437298e+00
3.193070721413905355e-01
-4.107144049993265433e-01
1.561499192319660612e+00
3.166220451885478404e+00
