-5.685978983391011570e+04
9.302648228482408740e+04
7.596163653596807853e+04
-5.083909037507241737e+04
-1.281353459875420776e+04
-4.543957346825372224e+04
1.670280652802856639e+04
4.125795589136753551e+04
-8.065460805969864305e+04
2.398666771867124771e+04
6.581614414146660420e+04
8.550468791658585542e+04
2.562469659828202202e+04
-7.925973281467599736e+04
-2.807220877086951441e+04
-4.513587054707145580e+04
2.458047525306508396e+04
6.047480790523612995e+03
2.229330916740803514e+04
8.028170714090476395e+04
-6.192673914291404799e+04
1.625099286827804644e+04
2.593236366298449138e+04
1.395667170255732708e+04
1.476122115691098315e+03
8.098114444989009826e+03
8.971771128338048584e+04
-9.685092646177325514e+04
-3.844212267591032287e+04
-5.246372757572834962e+04
8.043619224799760559e+04
-8.615160243066727708e+04
-6.978669534646661486e+04
-6.786197391265557962e+04
-7.056594029047865479e+04
4.182835298095500912e+04
5.613796421272945008e+04
4.040375091759997304e+04
-7.927645447271365265e+04
3.126694498247102092e+04
6.909840388894118951e+04
2.754679183105758784e+04
-3.470507814300514292e+04
4.831103394983408361e+04
-9.433310152148107591e+04
4.889075691863463362e+03
-9.244338165129699337e+04
-4.151159646871645964e+04
3.602542954639336676e+04
8.356991815548292652e+04
-3.384607480856114853e+04
-8.435409992354069254e+04
1.740541958820584114e+04
9.126933357712098223e+04
4.328091604027633002e+04
-4.584941512953529309e+04
-6.527174627291419893e+04
6.418128431231088325e+04
4.032001454754118458e+04
7.026749173648979922e+04
6.841277086591261650e+03
7.322540816745111442e+03
7.849119230858542142e+04
-6.705467900031832687e+04
-9.112942228357346903e+04
-4.431688813447939538e+03
8.744929840905578749e+04
-6.876903890565141046e+04
1.033824725534809431e+03
-3.596908780964515609e+04
-3.577923842054302077e+04
-3.470483989493626723e+04
-2.252934183681405193e+04
-1.387367498488012643e+04
-4.450989090860282158e+04
-7.420232637630269164e+04
-3.266345055980535471e+04
-1.885365472146797038e+04
4.895551916151950718e+04
1.050320898779847994e+04
-3.358535537857566669e+04
-1.132539634942363591e+04
-1.621995583978273135e+04
2.428242469182403511e+04
5.387655995463977888e+04
-3.331124292926272756e+04
-6.120718064392339875e+04
-5.766079042735187977e+04
3.048577763604747815e+04
-1.778702244808166870e+04
-2.616123529417943791e+04
-6.624358827869863308e+04
2.426949057655309298e+04
2.355500259325278603e+04
-6.742634697226066237e+03
-8.045404301746455894e+04
9.022376733805374533e+04
-3.206230131571437960e+04
8.250883751612840570e+04
4.732422119781395850e+03
2.246446876892014916e+04
3.064653482913358312e+04
6.718762026184261777e+04
3.043334491533217079e+04
8.877018292102694977e+04
5.666833954425455886e+04
-5.783211702560327831e+04
-3.791932840249226138e+04
2.623884139269320076e+04
1.356606507562145816e+04
-4.659950606964746112e+04
-2.771541287524859854e+03
8.074065873088919034e+04
-3.459603112422396225e+04
7.435787977735635650e+04
-3.035853690940615706e+03
5.150342365866038017e+04
4.208414823154920305e+04
-4.198267658205542830e+04
1.375999500675459240e+04
7.647035855302741402e+04
-6.623583310651856300e+04
-4.777593080246254249e+04
8.862713324492900574e+04
-4.356851660366223223e+04
4.186428673160094331e+04
5.418149251338460999e+03
8.201499775223196775e+04
1.123214133395792123e+04
-6.198904657804837916e+04
9.206274108588039235e+04
9.906443083951236622e+04
4.902281522215550649e+04
2.051269863330044245e+04
6.422445625623333763e+04
8.779516839769289072e+04
5.190020886150602746e+04
5.614084605932100385e+04
-8.271743460347359360e+04
-7.818562155026505934e+04
3.226682377663340048e+03
5.046242529210326029e+04
-1.633875893899171751e+04
7.373182146242227464e+04
8.025086222099667066e+04
-6.607237958746092045e+04
7.557034400819470466e+04
-2.676055577744479524e+04
8.514058089828969969e+04
9.253171509634394897e+04
-2.246325916506107387e+04
-6.028164822466069018e+04
1.175396554867177292e+04
-8.740739327534261975e+04
-1.410345695336357494e+04
-3.659954244766155898e+04
3.118685950900813987e+04
-9.347238958945883496e+04
-3.345601207500207965e+04
4.086218991808277224e+03
-7.691048169098162907e+04
7.647847465711676341e+04
-3.773465367942374996e+03
-9.441567856506042881e+04
-3.457218760638554522e+04
1.030796025603843191e+04
8.868989042502964730e+04
-4.758152598359276453e+04
-7.829592799488549645e+04
3.121973908607937119e+04
-3.650895301961977384e+04
-4.149049346577414690e+04
2.414450640368171298e+04
8.471878771136614887e+03
-7.810921495883408352e+04
-7.532710744684598467e+04
1.522316192618125569e+04
-7.410384668026273721e+04
3.827717493920215929e+04
-7.061749518950196216e+04
8.061379350193156279e+04
8.534115811750099238e+04
2.545784398651539959e+04
6.210779271697952208e+04
-5.605948655661076191e+04
6.712245769575839222e+04
-3.778070060957665555e+04
8.306815023597350228e+04
-2.208092275693959527e+04
-6.022651624874883419e+04
6.615876142446551239e+04
-5.620574444706782378e+04
5.366990396436813899e+04
-4.967347906038785732e+04
6.049302372506493703e+04
-8.173525406920355454e+04
2.349439502673293464e+04
-1.744163203874889587e+04
-6.710828097368167073e+04
7.173518518498771300e+04
-7.569921328238377464e+04
3.373313356869756535e+04
-4.238703188155579119e+04
1.211299433074764420e+04
4.864503705773038382e+04
-9.051718523171485867e+04
9.291850922856970283e+04
-7.494404645001314930e+04
-3.634280489103237778e+04
6.491047598636310431e+04
-7.574957490004252759e+04
2.048861673982157663e+04
3.137749096135128184e+03
-2.887101472770855253e+04
-2.910405531725652327e+04
-4.410917063498136849e+04
4.387510453924797184e+04
-4.547311173926981428e+04
-4.929195776503147499e+04
-1.097522538662960301e+01
5.325219984939541609e+04
5.320273062897011550e+04
3.329952271536931949e+04
5.082579506252388819e+04
-7.894359039200682309e+04
5.662559352428232523e+04
7.195335197645492735e+04
9.234307439037383301e+04
-2.366524324407718086e+04
7.214993824934576696e+04
-9.278088092098776542e+04
1.579710859580549914e+04
-4.975513732530280686e+04
1.302640235540770846e+04
7.025946473655439331e+04
-1.777579351107970069e+04
3.974733758671294709e+03
9.450933892799583555e+04
2.257871022047571023e+04
-2.812279531255330221e+04
-4.954878341801399074e+04
-8.927304328014892235e+04
-2.023250287775455263e+02
-8.493734188807378814e+04
7.150606992611775058e+04
1.774855473273543612e+04
7.068640598864096683e+04
2.332408481545820177e+04
-3.580210114274002990e+04
-5.445118049434575369e+04
-3.841382597394873301e+04
-5.907533004735506256e+04
-8.227301242948626168e+04
-3.959111846684008196e+04
5.498215715023550729e+04
3.890109299586059933e+04
1.226284654308467179e+04
-3.892381640758816502e+04
-5.833802507534500182e+04
4.807978543461566005e+04
8.226477987411827780e+04
2.840075341669782938e+04
2.541142542203627454e+04
1.983962610091358874e+04
2.548395106961476267e+04
