3.599092485904070054e+04
-2.802214895954047461e+04
-2.661941160819619108e+04
-3.128696656144916778e+04
-6.093463536424601443e+03
-5.186352198628511360e+03
1.755143643946576049e+04
-1.261997951369361726e+04
-7.021083665654419747e+03
-6.713981786806853779e+04
-8.344533714976740157e+03
-3.487714156072774495e+04
4.710380294214567402e+04
-4.196675316143836972e+04
-2.517688116620917572e+04
3.324604460434184875e+04
2.561985405892095878e+04
5.304138537174461817e+04
-6.088823285327807389e+04
-1.482157872399193184e+04
6.692763816566903552e+04
-7.267646484963323019e+03
5.041397724265768920e+04
-2.434033630092534804e+04
1.039445859739546540e+04
5.952145997343111958e+04
-8.445797964003183006e+04
-1.176580383050476667e+04
8.301784217225808243e+04
-3.105389115447882432e+04
-7.744345068739715498e+04
-4.446314227462036115e+02
2.998672672939740369e+04
4.532455323747778311e+04
9.113821903519552507e+03
-1.707531173751036113e+04
-5.268983283204270265e+04
8.119662671946996124e+04
-4.604507915224818134e+03
5.784476658662182308e+04
-9.007916741768030988e+03
2.174020498933182171e+04
4.615865406870786501e+03
-1.381222064268368194e+04
-1.634795701650140018e+03
2.332429607760772797e+03
6.493412587745676865e+04
-3.206246197322298758e+04
3.279515424151778006e+03
-6.830738954354992893e+04
-4.960008083408229140e+04
4.038878261292626917e+02
-5.414529045073967609e+03
-2.154044005818310325e+03
4.219912056513901189e+04
7.745249271999069606e+03
1.022301620282692420e+04
4.776670073133718688e+03
-3.953445838886449201e+04
4.282690572427587176e+04
-4.809810385671504264e+03
-4.033356570489976730e+04
-6.343601405635620904e+04
3.835559066035029537e+04
-8.058918189683441597e+04
3.647088405645368766e+04
-5.013979596399096044e+04
4.308559785744248074e+04
2.614689923670427015e+04
-7.489936869481677422e+04
-2.762797641742110500e+04
3.885541826394867530e+04
-1.787533632399662383e+04
6.543855518160109204e+04
-1.318706302396907176e+03
-3.151202850849739843e+04
-2.383441872796703319e+04
-5.364519590263391001e+04
-2.782142128371386934e+04
-2.649153529853310465e+04
1.182048533582615710e+04
1.791910886631778112e+03
7.409123480629436381e+04
5.210020572090463247e+04
-1.544567191432428262e+04
-2.793588859884837802e+04
-5.355633885094803190e+02
6.566201933769400057e+04
4.160227675252601330e+04
-4.847485815637974156e+04
-7.501980076852180900e+03
5.367625011829089635e+04
5.775672040771821776e+04
3.201588780060443969e+04
-8.482275169478754833e+03
4.688157214764837590e+02
-2.698415042559307039e+03
2.072306172533222343e+04
-6.997911723995985085e+03
-1.113137276177396961e+04
-2.918711119713827884e+03
-4.401396776868872985e+04
1.941754493220914810e+03
1.281045486521934663e+03
-4.347963393292763612e+03
-2.768456977333404575e+04
-8.548784862413449446e+04
-1.586488558615482907e+04
-3.040162178638844489e+04
-4.837026114049174794e+04
-5.202676117038391385e+04
2.475046914948984704e+04
-3.129599606756383218e+04
7.651287930526380660e+04
2.952793974907723532e+04
-2.568069475235277423e+04
1.187834064024667168e+04
1.573622359599295487e+04
-2.908705674216162879e+04
3.174967825652033571e+04
-1.813056429682532689e+04
7.395465106072704657e+03
2.983998020494082448e+04
6.002046760830382118e+04
-5.231885988800674386e+04
5.526623243466910208e+04
1.899949871734229964e+04
4.549802316250990089e+02
-6.913079503789644514e+04
-5.960580162689055578e+04
2.515536704929959160e+04
-3.962708121125186153e+04
-6.977125667519980925e+04
4.633280849548108381e+04
-4.607807758945795649e+04
2.550758281283609904e+04
3.149382449653080403e+04
6.831976677713282697e+03
-2.198930272980871086e+04
1.627686181368122561e+04
3.139277898559212190e+04
-1.003907618706272842e+04
6.294305807334082056e+04
-4.802450646735003829e+04
-9.707068257942845548e+02
-5.450084777319928980e+04
-2.090553599700768609e+04
1.058893317339716123e+04
3.354893822528543387e+04
5.895675067625312658e+04
-8.277005783941687696e+03
2.562719173114955629e+04
7.829102103330305545e+04
-5.102454477559203951e+04
6.846091983677729149e+04
-5.428370281153031101e+04
-4.600520563438963291e+04
2.629584488223048902e+04
2.351179941135330591e+04
6.190816294079687941e+04
-1.940592878372923951e+04
6.802466879100659571e+04
-2.237531305097620861e+04
-6.571368146693498602e+03
5.948966448762117943e+04
-8.355326450148255390e+03
-1.274118629352524295e+03
7.171738953735814721e+04
-6.342393008139029916e+03
5.790779777318022752e+03
4.483234384541597683e+04
3.751672988989226724e+04
-3.269688512379608801e+04
-6.524597869957169314e+04
8.344922535784426145e+04
2.314995289801663603e+04
3.142646136662122444e+04
-1.441191274764048103e+03
-4.626622225878597965e+04
-4.519258787634062901e+04
2.549406012984594418e+04
1.380213192497617820e+04
-1.660251963736763719e+04
2.561781793544017546e+03
-4.659189046373763995e+04
3.825875909916005912e+04
3.492301179603322817e+04
-3.599071826034122932e+04
6.232693815287385223e+04
-2.395182089255240498e+04
-3.953814180658394434e+03
-5.299155050029218546e+04
-1.753790690108727722e+04
-2.202362158924041069e+04
7.913712366884085350e+04
-5.629476959026739496e+04
-2.019532034369456596e+04
1.646378870733431540e+04
3.230984243299659283e+04
2.888324646793688225e+04
3.395072542706212698e+04
2.313647658712311750e+04
-2.182234145891240769e+04
-6.783211404605508142e+04
3.933016988532790492e+03
-4.100795640005355381e+04
6.606822391918706126e+04
1.734165902873160667e+04
2.999246231935562901e+04
4.119395386491171666e+04
-5.979859046980921266e+04
-1.106083895288733584e+04
-3.943920130543525738e+04
4.184119195208938618e+04
4.007479487629878713e+04
6.059143085364978469e+04
4.265972849210676213e+04
-1.652451034892331154e+04
-4.545824537242986844e+04
8.725858794522973767e+03
1.288542611824162304e+04
-1.648820906474934236e+04
2.993164508146095250e+04
-4.196030086719205428e+04
-3.412742059853241585e+02
-3.430475943621228362e+04
-6.713212357781775609e+03
3.933601357171195559e+04
-1.835836097096629237e+04
-4.751185923109039140e+04
3.958075918863894185e+04
3.855539685529308917e+04
-2.471641709521346638e+04
-8.949361432490455627e+03
-1.313450636022103936e+04
-7.335966255277966411e+03
9.351631513964928217e+02
1.222343018191013653e+04
7.700473705280415015e+04
1.987446525655079313e+04
-5.014065587490679172e+04
5.000433608171443325e+02
-7.498511890947974462e+04
2.149769072047339250e+03
-4.935752620052543352e+04
1.031344287813937171e+03
1.868817641503955019e+04
5.923534479689965519e+04
6.486980283160113322e+04
5.470184875394123083e+03
1.646427305057236663e+04
-7.090985007523770037e+04
3.637417505492887722e+04
2.367030151771389137e+04
-2.264495816702819866e+04
-3.931418903571206465e+04
4.998843487930952688e+04
-2.066957956221936183e+04
-2.769044613639989549e+01
4.264479731039464968e+04
4.569514081845177134e+04
6.961149137008076650e+04
-4.542043029920313711e+04
4.679375932690656919e+04
-5.976173282775661391e+03
