-8.003843443516598199e+03
-5.720514687947336643e+04
-4.589886988075415138e+04
-3.004395831058156182e+04
-5.003110591095102427e+04
-1.385333574011462224e+04
4.424414668150093348e+04
-2.999417024137431144e+04
2.349606182305986295e+04
3.277756768767539324e+04
4.485437027314976149e+04
-3.923488509708811307e+03
2.158489907885146022e+04
-2.348312316855311656e+04
-4.147179429773386801e+03
-5.610007528906792868e+04
4.078683436073312623e+04
2.473090592478062899e+04
4.379443480890721548e+04
9.375403533037861052e+03
4.277092396703117629e+03
1.070379080013425482e+04
-2.216262006610366006e+04
6.929374884329309862e+04
-5.683926883627844290e+03
6.343225634928478030e+03
-4.892049451135821982e+03
2.346944853896293716e+04
-1.856453327570419060e+04
4.219303812261015992e+04
-1.033822710278856539e+04
1.738509551394367736e+04
9.501660655595955177e+03
7.963574316891767921e+02
1.486245678752334425e+04
-3.392558521079377533e+04
1.466571350230419193e+04
-3.744312228387939103e+04
2.266652048472821843e+04
-1.664110322532957434e+04
5.364085008690326504e+04
1.932990496074399562e+04
3.471432191036747827e+04
2.483287846751581310e+04
4.507191769794899301e+04
2.022379777187194122e+04
-9.797397567395693841e+03
-9.704327691347845757e+03
3.345472321382991504e+04
-7.983250975424391072e+03
-1.876983526902483209e+04
-3.595653835764100222e+04
-1.649596549256422077e+04
3.517026382391832158e+04
-2.112541491150575894e+04
5.177934666944627679e+04
-4.267597184271039441e+04
3.928554791980945447e+04
3.405663266489726811e+04
4.399153059028123971e+04
1.717611258984364031e+04
5.477767152522877950e+03
-2.072333899727581593e+04
-2.244365358691037181e+04
-6.822369078425065709e+03
-3.587827251833638729e+04
-1.382080994998987626e+04
-2.401421465873456327e+04
-3.605803885393747623e+04
3.058037425737130252e+04
-1.240639364651040296e+03
5.088108623577740946e+04
-1.802547520276844079e+04
2.127812749774605254e+04
-5.024793979002593915e+03
-1.043463570857478226e+04
-5.011149177525519917e+04
5.117061578099916369e+04
-2.693504528114640198e+04
-2.294320605403007721e+04
5.437942577781011096e+03
-3.079332070523147922e+04
-7.381665884733735766e+03
-1.134903326251174622e+04
-3.006533292314460050e+04
-3.108147832352808109e+04
1.019283792737281510e+04
-1.183026821108051263e+04
2.168789472012350961e+04
-1.728367951506183090e+04
3.694788353936458589e+04
-3.574051423038212670e+04
-2.854630102037067263e+04
2.857643589820071065e+04
5.742154935004688741e+04
4.189080085506581236e+04
4.241279366936508268e+03
-4.456220451706300082e+03
2.095356684379045328e+04
3.173915776073718007e+03
-1.860412849466559783e+04
3.677018267310255760e+04
-3.678817649914715003e+04
3.275257213120430970e+04
-2.367400643018683695e+04
6.930648802530960529e+04
4.361926948977499706e+04
-1.030746696101446287e+04
5.675897491722620907e+04
7.957436420262663432e+02
-1.886431896721197336e+04
-1.996129144991765133e+04
1.014200153526969007e+04
9.257869545242750974e+03
-2.644860634885959007e+04
-5.659663645992677630e+04
-2.786864454068352643e+04
5.376476855256177805e+04
2.000625633681500767e+04
-1.661972612321229099e+04
2.368239946026083544e+03
4.447071595774158777e+04
-1.076049637559383154e+04
2.094524669716899371e+04
1.568226106557234198e+04
-4.169235129566847900e+04
-2.941919442206008534e+04
9.006640455171085705e+03
-1.948791333764471347e+04
-1.282257926705823593e+04
5.844679807021975648e+03
-1.883700454065094618e+03
3.166410779254842782e+04
1.176146085167094316e+04
-4.060796271496196277e+04
7.109863168714995845e+04
1.793538649870049630e+04
-1.724126738072596709e+04
1.017389852953504669e+04
-6.274641687128915510e+04
-1.046268662735876023e+04
5.228238978942243193e+03
-1.199018700223264022e+04
-4.740334906608392885e+03
4.771826890217231266e+03
-4.813632039057317161e+04
7.497866933446036910e+02
-2.750540214851231440e+02
8.099052763639167097e+03
-3.597176044661722699e+04
-4.146890481918734622e+03
2.164161868336713815e+04
-1.677554775051311663e+04
2.834975311002634407e+04
-3.587580565637646214e+04
2.008220663779197639e+04
2.077932983225676435e+04
-5.371767217370129401e+03
9.642934194398636464e+03
-1.576966814147311379e+04
-1.862064613545219981e+04
-2.865311157319223639e+04
2.093167882407252910e+04
-8.097183018548059408e+03
-2.057333068611453928e+04
-6.032836185376610956e+03
-8.280652568715282541e+03
-2.137041068288765382e+04
4.899368807985309786e+02
6.579644707992351323e+04
-2.971718669830026556e+03
9.687144739567587749e+03
5.378285131017684762e+03
-2.349948908223454782e+04
-7.241488546493873582e+04
-4.220712899955384637e+04
1.250979799561287109e+04
-4.438536967889324296e+04
-4.859651016820997756e+04
-1.583406041092123996e+04
2.795758571160737483e+04
-3.258170342714762955e+04
-2.490357181323455006e+04
-2.969964326218874248e+03
-2.071831955653183468e+04
2.202984543595246942e+04
-3.556250713462858403e+04
3.948054903394052417e+03
3.068402283398503278e+04
-1.857449582186515181e+04
5.276632459133453813e+04
3.713409910177633719e+04
6.007667898346718175e+03
-1.958445260771800895e+04
4.869786665992443159e+04
-4.597951896952264360e+04
3.127506663501406820e+03
3.114665344659225593e+04
-5.741036360221547511e+04
-2.098327617527110488e+04
-1.513794956015565731e+04
2.341983861993671235e+04
1.044937048451351075e+04
-3.353131026296870550e+04
-1.625926655187682854e+03
-2.412140990013548071e+04
1.077689519993394470e+03
3.856198832436360681e+04
-3.614030751726694871e+04
-4.791589363132451399e+04
-3.148563807381710285e+04
-2.037403467386177363e+04
-3.055429532670423214e+04
7.769991134201090608e+04
-6.151818476974213991e+04
3.974876148883234418e+04
1.074310860173960100e+04
2.199533177636746768e+04
3.791252474512711342e+04
2.802376392424380538e+04
-3.553804795482078043e+04
-1.027527283120465290e+04
-5.371220310817431891e+04
1.012122297249233998e+04
1.528814610714611626e+04
-2.949803142843693058e+04
-2.393527496854067431e+04
6.603170805718458723e+03
3.272234666808637121e+04
1.757022380292297748e+04
-3.388656289726930845e+04
1.215550808677467103e+04
-9.389341324563334638e+03
-2.154332907025662735e+03
1.036844076129201494e+04
1.631852460919527402e+04
-2.647935299669132291e+04
-2.552616907163613723e+04
3.889799528748417652e+04
-1.288484751606216378e+04
5.349114279415246710e+04
-5.554203332685250643e+04
3.908126522320592630e+04
4.101506334310591046e+04
3.348931189527922106e+04
-1.940395474305058815e+04
-4.920809085558106017e+04
4.949152305115320814e+03
-4.027762394879155909e+04
7.212259324382181512e+04
3.784736877396119235e+04
7.575437290615472193e+03
-3.253968833845663539e+04
-1.757982800397251049e+04
-2.500746755962484531e+04
-2.695466092596095041e+04
8.010009114811258769e+03
-1.286197671517771414e+04
-1.692860246054189247e+03
-4.510937562949748099e+04
-1.291585215464440807e+04
1.935932124987335919e+04
1.509556531026500488e+04
-2.403115800344636227e+04
-4.508293240068225714e+04
