2.596150018030833598e+04
-1.171967829553679076e+04
5.528472385207701154e+04
-1.737389297933529087e+04
-1.919204451593656995e+04
-3.564327759405242250e+04
-1.680568363380526353e+04
4.140467571368633799e+04
-5.615341927524994389e+04
9.258256070918700061e+03
-4.779332967832930990e+03
3.928780937333014299e+04
3.433094742834409317e+03
-5.761848964456197791e+03
2.957081364229138853e+04
-4.900042089106749336e+04
-4.100998430058721715e+04
4.584799239413557370e+04
5.263238211809687346e+04
4.716573337252286728e+04
1.796373508372998185e+04
4.086235630934869550e+04
-5.907473300058847235e+04
2.426207193978675423e+04
2.545619504997017793e+04
1.808407952343035140e+04
-2.968624809347767587e+04
-1.629236493651924548e+03
-4.899972612906319409e+04
4.222485926687173196e+04
2.292939722182471451e+04
1.028446779718772632e+04
3.077800806765664311e+04
-3.974317203791935026e+04
-2.019288595959243321e+04
4.615668640142762160e+04
5.486416825246728695e+04
2.600393816859469734e+04
-3.941545406203779567e+04
2.611923348523196182e+04
-2.005815315626399388e+04
-6.084611637109572621e+04
4.198033254805154138e+04
-5.700315076880964625e+04
3.420236080019361543e+04
-1.520761293619106482e+03
-3.074137359030206426e+04
-3.345750889620825910e+04
-5.604301818132473272e+03
-7.795793286480887218e+03
-8.850826106422779048e+03
-7.775890589566275594e+04
-6.637427700523289786e+03
6.331420795485922281e+04
5.153671872827284824e+04
3.041691396452761182e+04
1.145405956184165370e+04
1.142995568665886640e+04
2.777375711375539595e+03
7.043449459593277425e+04
6.026529548116269552e+02
-4.883624404682874592e+04
4.994038377012578712e+04
-3.954201847239089693e+04
1.922175444115419668e+04
-3.398913920628839378e+02
-6.473135684587815376e+03
-4.753504902447600762e+04
-7.469465507062690449e+04
-4.654060988591795467e+04
-6.091878252916641941e+04
2.052326344325382706e+03
-3.079134909999802767e+04
1.235554755964890319e+03
-7.484880011014490447e+04
-4.779623556834465126e+04
2.869897743710577561e+04
1.668483249647536286e+04
4.051229414741274377e+04
-4.071038044595722749e+04
2.193866606973897433e+04
1.937752269366394103e+03
1.454322466789393729e+04
1.770691499719757849e+04
5.625459835435426066e+04
-7.679990516352179839e+03
-2.046527084937346444e+04
4.693715855528104294e+04
5.794621185712132137e+04
5.473558661719438533e+04
-4.093147492536990467e+04
-5.029579599828948267e+04
-5.668255919759732205e+04
-4.068596600596645294e+04
-4.163152100426633842e+04
3.766794315150059265e+04
-3.490207546417719277e+04
-2.348560551988084626e+02
-3.935424207530136482e+04
2.680404793195032471e+04
4.936366728735996730e+04
7.785595699685308500e+04
-4.859023412492473290e+04
1.124598000984433020e+04
-1.595334997816362011e+04
-4.199554391868739003e+03
-5.439014947735985334e+04
-3.332658702230059862e+04
1.950209649606832318e+04
-2.768827598927116196e+04
2.122608799146357342e+04
-7.163845379728276748e+04
-3.808302093149226130e+04
3.716816174208754092e+04
-3.332958939927886240e+04
3.826107298773388902e+04
-6.006319570908030437e+04
-5.146781487032577570e+04
-1.361117084045260344e+04
-5.473115424456379696e+04
5.034840926830293756e+04
-3.181426077301080295e+04
4.692742285271611036e+04
-3.200861566836641214e+04
2.032062027776647028e+03
-6.054198835105256148e+04
2.432879389203049868e+04
-1.036492730738951832e+04
-5.429947063489039283e+04
3.922416606325405883e+04
2.667433178378547746e+04
7.501474749020401214e+04
-1.726015067799582539e+04
5.537409324078039208e+04
-6.434733325773636170e+04
-5.137701403909826695e+03
-6.165177013796866959e+03
-2.131407717005647646e+04
-6.078842101734343305e+04
-8.421730051840252418e+04
2.451978846747924763e+04
4.067689204753097147e+04
1.626529430827430406e+04
2.210342844444504863e+03
2.756098895550403176e+04
-6.203950610956359924e+03
-4.729668117222357250e+04
-2.297384084123063076e+04
5.338601105836650822e+04
-3.960864245952235797e+04
2.409128471055636055e+03
-8.905914116819703850e+03
2.657696388374906019e+04
-2.359407703669303373e+04
2.876689814853667485e+04
5.213341171917413158e+04
8.129291740978242160e+03
-2.658595516819713885e+04
6.041575821699600783e+04
6.548348062891853260e+03
-2.906634391697408137e+04
1.366403834107064904e+04
-9.131335722990286740e+03
-4.974747324157928233e+04
3.270624950163025278e+04
-3.544056943342720479e+04
-1.879972663977906268e+04
3.170774067738220401e+04
-4.155433380701766146e+04
2.692529890111829809e+04
8.155101205852638486e+03
-4.199830120857183147e+02
-4.894301855134966900e+04
7.113698662570815941e+03
1.829969213397087151e+04
2.351687169092836484e+04
-5.139526499752083328e+04
3.536947506641766813e+04
4.503893170392086904e+04
-6.325117751779458195e+04
-3.238949268602630036e+04
2.303667625450132255e+04
-1.972898982760788203e+04
-1.015300565180523336e+04
-3.700742604933089751e+04
4.953206258790207357e+04
-5.878048140587689704e+04
3.858074842141736735e+04
-5.249743779497478681e+04
-4.855255902072475874e+04
-3.468082598890724330e+04
2.262451956706423880e+04
2.552902526618582851e+04
7.848865860579327273e+04
-4.162150771387563873e+04
1.068343421223329096e+04
-4.890224467207420821e+04
3.492537536136299605e+04
-3.784784489625517745e+04
-1.818402246293745338e+04
6.292375819225755549e+04
-5.439367346963073214e+04
9.169360596608808919e+03
-2.082328495269265477e+04
-2.947088681429860299e+04
2.100447896660691185e+04
3.297724027304464835e+04
-7.878271067308758575e+03
5.107356511616843636e+04
5.661673448798143363e+04
3.349487133591551537e+04
-3.269315925779507597e+04
6.930873317654839411e+03
4.412134709461625607e+04
-3.884107445565261150e+04
-4.692608011633777642e+04
-1.211559790185297970e+04
1.533423894056734207e+04
5.731273528253634140e+04
3.360975877884191868e+04
-5.884706303191324696e+04
6.555472489388789108e+04
2.855159087708697189e+04
-5.049689084776765958e+04
2.431174151574700227e+04
4.840274081913940609e+04
2.072718110941526538e+04
-3.118988704352305376e+03
2.203183697415282950e+04
-2.307724937144455180e+04
-4.781045512146954570e+04
-3.345993934402427112e+04
7.078669979567383416e+04
6.830288854316822835e+04
4.073062293765944924e+04
1.993763597737925375e+04
-3.835438748515526822e+04
2.902131390738762639e+04
6.793005337634966418e+04
1.386243446626741024e+04
-4.472431024749367498e+04
3.772543412169371004e+04
-1.636580723497774852e+04
-6.103593411345376808e+04
2.301815659241213507e+04
5.363337491267279984e+04
-2.772976254246243479e+04
4.505756030243217538e+04
5.353397399123308787e+03
1.615911093620134852e+04
4.871030893360812479e+04
4.358938982329713326e+04
-3.131130291872635280e+04
4.645800704006601882e+04
3.676762482472549436e+03
-6.901010364569831290e+04
4.166525829235718993e+04
3.502040536654882453e+04
-3.454540881446281855e+04
-1.135136794042478869e+04
-4.543253507235511279e+03
2.156142041605091435e+04
-5.557487583293648640e+04
4.132560288482457690e+04
2.559960453685594985e+04
