1.824904976097929830e+04
3.294909361844271189e+04
4.913926333364825405e+04
-3.215067877365141248e+04
-1.701155835540989574e+04
-4.495911428146435355e+04
4.002229308075270092e+04
-5.134978700003559788e+04
3.904928846005540981e+04
3.758542345580808615e+04
3.291513177347509918e+04
-8.674032248575693302e+03
-4.218945137082352448e+04
3.562285666358697927e+04
-3.218735376373590043e+04
-2.064153999431530610e+04
-6.573496711807773681e+04
4.505735835565879825e+04
-8.068682046904983508e+03
-4.309075515673898917e+04
-6.101242053433454566e+04
6.307917415410622198e+04
2.734139736315309165e+03
-4.770385932266297459e+04
-5.728938119628445565e+04
-3.452248214965474472e+04
-4.740687047105208330e+04
-1.395927452623794125e+04
-8.156296785785697284e+04
-2.025518288743961239e+04
4.973155786355341115e+04
1.076112278270216848e+04
4.678518186122541374e+04
3.194794056010089116e+04
-3.368304676655086223e+04
-3.169377898117118457e+04
4.293933519525398151e+04
6.620568941146647376e+03
6.805046304907257593e+00
-6.197337277785079641e+04
-2.544920630888398227e+04
8.022583704460441368e+04
-4.811616940620726382e+04
4.693440139673222802e+03
4.094641616250298102e+04
4.775281735220918927e+04
-4.798822272499644168e+04
2.153213198869720145e+04
6.316004240064856276e+04
2.139507092116587955e+04
4.638040417480809992e+04
-3.278576940584278054e+04
3.924860217233918229e+04
7.204941155434110442e+03
1.542752478750079899e+04
-1.969605758604882431e+04
-3.022290699401476741e+04
2.753616609110240825e+04
3.735248554890683590e+04
6.595439867734536529e+04
-1.123211602609895090e+04
6.723108266191424627e+04
2.917814252082147505e+03
3.561350308129322366e+04
4.431466684111379436e+04
4.060823296762710379e+04
-3.405247429154635029e+04
-4.561927897867136380e+03
-7.803097248840579414e+04
-3.501837503309103340e+04
9.347845210265051719e+03
4.112670431818990619e+04
5.679822782443244068e+04
4.559304369140160270e+04
-4.405685240632572823e+04
-3.819035361714239116e+04
3.418855002192809479e+04
1.078989290492637883e+04
2.113412226313991596e+03
-3.743025135707927984e+04
-1.194821843471875582e+04
1.827093654038701425e+04
3.959164666646689875e+04
-7.122880180671314884e+04
5.138372090997144551e+04
-5.190176316645574843e+04
1.529192520709446217e+04
-3.260940587668757507e+04
-6.618176332674393780e+04
5.848448192815364746e+04
-4.316217441679300100e+04
-5.776932277521620563e+04
-9.067470860966001055e+03
-4.120257912718178704e+04
-5.052506448396899214e+04
6.671349652694664837e+04
6.726919549952150555e+04
-2.757288034912005605e+04
-9.482891891594290428e+03
8.712969597765601065e+04
-2.579958688215392613e+04
-4.948065538135552197e+04
4.259129937408304977e+04
2.937937588774976393e+04
6.653593266364425654e+04
1.766324263847700786e+04
-6.398473656809511158e+04
-1.393745506591669073e+04
-4.087868405353544222e+04
6.180172882285956803e+03
-5.248839999598108989e+04
5.840681648474439135e+04
-4.221755921490333276e+04
-1.544364149797420760e+04
-4.212783917825632670e+04
-5.310410246221768830e+03
-5.366658834785166982e+04
1.630742163127841923e+04
5.518610596627843734e+03
6.858199310136125132e+04
-1.876301276600457641e+04
3.066580764263224773e+04
1.336174489259943221e+04
-7.347585913132506539e+04
6.722340620211006899e+04
6.501075484019760916e+04
1.931312460454635948e+04
3.895092300492471986e+04
5.082239292425764870e+04
3.540112048411570140e+04
5.194430392033065800e+03
-6.652665295162741677e+04
-5.063151878727362782e+04
-3.081248062717021458e+04
-1.174821415297427666e+04
-1.790628427224029292e+04
3.597296262612783903e+04
-1.256105270593802197e+04
4.286906164052643726e+04
-2.330300007188796735e+04
-7.458306061804399360e+04
-5.929997072501590446e+04
7.223099905264008157e+03
5.318459068661982747e+04
1.280614504795264111e+04
8.348058421873824045e+03
-1.935910476345580537e+04
9.069063157575876176e+03
-3.875056725382785226e+04
2.025574352300718238e+04
-3.212995827404437659e+04
3.473482944430288626e+04
-7.548085773485103346e+03
6.126476722065445210e+04
2.297691292887090458e+04
-5.681992017754023982e+04
-2.981649445681195357e+04
-6.754046943233930506e+04
-1.788525684679350525e+04
-1.879630016252588030e+04
5.980517633688435308e+04
-5.579293612337567902e+04
2.936069693923138402e+03
2.170962924539381129e+04
-2.257496244255697457e+04
3.606896423790689732e+04
-6.072090383630282304e+04
-7.394426558184403984e+04
2.945582505941651834e+04
3.889531161850287026e+04
-9.169584315522994075e+03
4.488993065815706359e+03
-1.011259094808339614e+04
-2.654330966033532604e+04
-1.808635132906188301e+04
1.365017568773483799e+04
1.081079575272694910e+03
1.955618350636395189e+04
1.409789145049795297e+04
-1.114517211896181470e+04
-4.773420657918942015e+04
5.668384594378979091e+04
2.636113992865211549e+04
-1.547994643243084829e+04
-3.743497451097302110e+04
-4.897746031388195115e+04
-4.584246740294657502e+04
-1.995919848036474286e+04
-3.590950677220565558e+04
-3.628492732631919353e+04
1.054272521349303861e+04
1.299906176452144064e+04
-3.116425250676747601e+04
-5.522569004404378211e+04
1.922079500665054729e+04
1.361982031200563142e+04
1.492406788366503133e+04
-3.640459800963430462e+04
2.273874236439315428e+04
6.027299706509740645e+04
-7.281728833782709262e+04
-1.499007713133042853e+04
6.073851945190763945e+04
1.119286142285157621e+04
6.284833034145366400e+04
2.764654487858289576e+04
-4.004537392673034901e+03
3.745775624915910157e+04
2.175754767131672270e+04
1.150926424682166726e+04
5.833918394494577660e+04
1.477572284164025950e+04
-6.554458129069225106e+04
3.520646572446136270e+04
-6.922653436562513525e+04
4.347437671142667386e+04
-4.788565560615028517e+04
-1.055148037866750883e+03
3.106002435690899074e+04
-2.461851912513875504e+03
2.838897818395310242e+04
6.047043385055163526e+03
6.519741843878699729e+04
1.833168406988937204e+04
-4.256763431770641910e+04
-3.956870054695983708e+04
-1.503785111592549583e+04
-3.547719262671384786e+04
6.638605599161946157e+04
-1.134757379772727109e+04
-5.790663389893802378e+04
-3.158842869047746353e+04
2.909832198327989317e+04
-1.596458728854585752e+04
-3.057256518313407287e+04
-5.429202219665626762e+04
4.467557370658822038e+04
-3.547410736857488519e+04
4.168177147774820332e+04
4.666708847620696179e+04
-7.949155511089738866e+02
1.285008737057984581e+04
-4.316198752356418117e+04
3.159377719753564088e+04
1.216602484227481364e+04
-2.460035699975207535e+04
-3.394201419687563612e+04
3.752312969275160140e+04
3.881211141738159495e+04
1.934145363578924298e+04
-1.262193201266455071e+04
-1.886137551760864881e+04
-3.037269787289831129e+03
-3.028932628276181276e+03
-4.314425223396764522e+03
4.516475010186622967e+04
-5.455103261687431950e+04
-1.702389271251589525e+04
-2.040058566434101886e+04
-4.828369647289032582e+04
-6.152814511073981703e+04
3.346960369768332021e+04
-6.577142079639252916e+04
2.762808318945612336e+04
9.910751317628943070e+03
