2.027427966954224394e+04
-3.516500113171638804e+04
-1.722382728802698693e+04
-8.305479658027659752e+03
-1.342613024249463706e+04
7.581440200081829971e+03
-3.558646542537905771e+04
4.348592380443523143e+04
2.068626281788352935e+04
6.281558087946887099e+04
2.193452446273105670e+04
-4.293233045014023082e+04
-1.604670841018238389e+04
3.405220453879941942e+03
3.639175124518550729e+04
-1.898405934856469685e+04
3.068319240134410211e+04
-1.558688670644218837e+04
7.693810075641229560e+03
1.147803881496321264e+04
5.589664377650509778e+03
-4.064372199992765673e+04
1.632701674083057696e+04
2.397564474527180937e+04
4.765646300847913517e+04
-1.432496480895725654e+04
-4.479954274710784375e+04
-3.415998760110908188e+04
-9.767267072394091883e+03
5.269365982026987331e+04
-4.243935741678200429e+04
3.071257047700488329e+04
-5.145196692195502692e+04
3.200472311050218195e+04
5.090132626298642572e+04
-4.495477699011487857e+04
1.658795652914337552e+04
-5.048917937405053817e+04
1.787233989675269186e+04
-9.902728435742777947e+03
2.591521688942918263e+04
1.324738986286017462e+04
-2.528845774557134791e+04
-1.970992704034780400e+04
6.001709531944584342e+03
2.988647299270620351e+04
-3.424139373089015135e+04
8.746816620849449464e+03
4.985106707466447551e+04
5.305256306248192413e+04
-1.700459263065509367e+04
-4.243811697413947695e+04
-6.059026102616226854e+04
-8.304086845650832402e+03
2.207299939846443522e+04
3.724182132822283165e+04
-2.784873961747885187e+04
3.661689917598279862e+04
-3.007113936683064821e+04
-5.337938513417839204e+03
-5.157873074232027284e+04
1.257360909594409350e+04
-3.053328110658162041e+04
6.590139209111887612e+04
4.618382630182756111e+04
9.266999531055040279e+03
-8.869236449285983326e+03
5.230699565645983967e+04
1.858179526774735132e+04
2.069714692014385218e+04
2.892119762078938220e+04
3.291621421205075603e+04
-2.881732300648569071e+04
3.557478674040714850e+03
1.402088556602893550e+04
1.592672738448014388e+04
1.121433362272578961e+04
-3.931980363006014522e+04
-2.805220303077692733e+04
3.798986069741770189e+04
3.393238295831871255e+03
2.825701376182129752e+04
1.673588783581676762e+04
4.996471969513390650e+04
2.841556264335846208e+04
-4.704218334929089906e+03
-5.606649207817328715e+03
-3.136280315097067432e+04
1.589531550845927086e+04
8.166349220939700899e+03
-3.892562318462541589e+04
3.276244857830075716e+02
4.733620155632759634e+03
-2.388703048542792203e+03
-6.730167349345053935e+02
6.885027725523765548e+04
-1.223208215248875058e+04
-6.921706585690819338e+03
-4.048717275820891518e+04
1.448594793532745643e+04
-3.012693170871222537e+04
4.096789912888567778e+04
4.934130032141511765e+04
-2.530463413912402757e+04
-2.660454737177742209e+04
-2.726290509352058143e+04
5.563490385524406520e+03
-6.749102218611818898e+03
-4.636462528908045351e+04
8.728508671939087435e+03
-5.872760464157528986e+03
-1.123120774700756556e+04
3.034486363046415863e+04
-8.570686540667926238e+03
9.876833072265631927e+03
-4.604089630737654079e+04
7.782110018934828986e+03
-3.602632452672068757e+04
3.491497712319876155e+04
1.575422957933414364e+04
-2.699555854385788189e+04
-2.155066751293720881e+04
1.917523621434111192e+04
3.437689060428086668e+04
2.987682826006232790e+04
1.953016048413643148e+04
6.569379360777047987e+04
-2.190714313496686736e+04
1.445968446223460342e+04
-3.002565507133755091e+04
-3.270673074733368412e+04
-2.914583427210198715e+04
-5.804292499173957367e+03
-4.836564151457230037e+04
1.921756182131623518e+03
-4.408509426375970361e+04
-2.491912868640168017e+04
-3.538171660050919309e+04
-5.513538150845128985e+04
3.383101284062566265e+04
-1.922400729128288003e+04
3.946963151113896311e+04
7.509543428602743916e+03
1.683166530893032177e+04
-2.515919627587264040e+04
-5.512178802712941433e+03
3.564067160430931835e+04
2.548307971527588597e+04
-3.035159069116993487e+04
-2.363224989008960620e+04
1.424772105553238544e+04
5.328989902159569465e+04
-1.395263839469906088e+04
-1.012927347187228770e+04
5.322773907486134704e+04
3.536596290480903008e+03
9.588543823051597428e+03
3.939514665455255454e+04
-1.747860941995462053e+04
-5.912509890346495376e+04
-1.155521697576222869e+04
-2.414898227749651414e+04
2.936356035602333941e+04
-3.492221880826751294e+04
1.092824431310859654e+04
5.630864875083956576e+04
1.800853505548320391e+04
1.572169008106654110e+04
4.118499035796145472e+04
-2.146994482112169499e+04
8.025169464012352364e+03
-1.617707083953811707e+04
-3.384982289120236965e+04
-1.400307251477817590e+04
1.300398698809585585e+04
-6.169953856716606424e+03
3.596924279973054945e+04
-5.160894120481614664e+04
3.137339032371525172e+04
-2.077106904816448150e+04
-5.284777077828087204e+04
4.967769313947491173e+04
7.851811119833871999e+03
3.603981133434254298e+04
5.410764868611859129e+04
-5.070888971797454724e+04
4.108734790581690322e+04
3.411509711959216656e+04
-2.157713674139266732e+04
2.072444815325691889e+04
-4.880593962981131335e+04
-5.595003484726972965e+04
-1.701605125764018521e+04
3.047044250727359031e+04
-2.470424008299791652e+01
-4.090280556509760208e+04
1.734075314875547701e+04
2.141427153351285961e+04
-6.161750732033276108e+03
5.854482531196360469e+03
4.746409169145359783e+02
1.042510911422712297e+03
-1.976942601718276273e+04
-2.916881047521606160e+04
2.333176310641919554e+04
2.519212441616642172e+04
3.382182355049144917e+03
2.089569661981573881e+04
6.582431084039234520e+03
2.508029192620528920e+04
4.496695721479394706e+03
-2.810383753896252892e+04
-1.126982934168514657e+04
1.756709481816392508e+04
1.886245934509202561e+04
-2.617507191679437165e+04
-4.864331776323136000e+04
1.992091277277443078e+04
5.022842331497133273e+03
-3.201073556029831525e+04
1.235931686087688104e+04
3.049256265111284301e+04
5.080812557032398763e+04
-1.662689254871565936e+04
2.600572968689335175e+04
2.848021463365578165e+04
-4.043902581927094434e+04
5.263767998842174711e+04
5.495277509943342011e+04
-2.793087482141938744e+04
-7.729088965696567902e+04
4.052439922955471047e+03
-2.900815904338703604e+03
4.165499184119343408e+04
-1.533229598192083540e+04
-1.675105480043921125e+04
6.551794664941271913e+04
1.688943012201324018e+04
3.753313703954744415e+04
-5.214659234751185068e+03
-9.404824242303444407e+03
2.802731275583118259e+04
7.116059172485522868e+04
5.699653655052204704e+04
4.035519656377135107e+04
4.349844442340551905e+04
-2.563434188421825183e+03
-1.297147697024288391e+04
8.720959604651037807e+03
1.130251258391187321e+03
1.414373476081546505e+04
-3.663900118756756274e+04
-2.660609106852887271e+04
6.490067153704888187e+04
1.321418481484633958e+04
3.400238813435305201e+04
1.158765997826857529e+04
-3.356203204431806080e+04
1.046941888868778915e+04
2.618072421654759819e+04
-4.340888920190383942e+04
-6.139133740114533430e+04
2.069154689745868745e+04
-3.184775523260086266e+04
-7.424375529491628640e+02
