-8.027084797569291550e+04
-3.402596889573432418e+04
3.001558216437926239e+04
1.880821887678177518e+04
3.067513735083118809e+04
2.694889547447616860e+04
1.874767231092727889e+04
5.034004341214457963e+04
3.724379531592901913e+04
-2.012796081011307251e+04
-7.214970801832608913e+02
-5.626827528074515430e+04
-2.509407653584917352e+04
-4.439627272476616781e+04
4.259324858460240648e+04
1.789244310808421142e+04
8.047556084395007929e+04
8.532363463850562403e+04
5.177282563948770257e+04
2.511534337176061672e+04
8.124803929922244606e+03
4.788234243360147047e+03
2.857329751577407023e+03
4.933978065843998775e+04
3.068151163143234226e+04
-4.786374602100952325e+04
1.052750274454075770e+04
3.975614975057396077e+04
-1.772641094287286614e+04
-1.237378576170833367e+04
-1.673402692196371936e+04
-3.288671327417052817e+04
-4.127125395001971629e+04
4.733144495882732735e+04
-5.831030286158047238e+04
-2.196099792374676326e+04
-5.222578192849618790e+04
-4.562645779980922089e+04
-6.937451799142468371e+04
-5.131020863972936786e+04
1.882332473933508300e+04
-2.416534957866362311e+04
-4.290726638901681144e+04
5.370832639053949242e+04
7.195104901448443707e+04
6.809406242500976077e+04
-1.637590852565703790e+04
5.795609958930783614e+04
8.650968350185490272e+04
2.350679325654510103e+04
1.618108020075636887e+04
-5.803406691224012320e+04
5.018282427640053356e+04
-8.071368405435365275e+04
-9.815187935850356007e+04
-2.911171469970082035e+04
3.153128128824965097e+04
-5.319571536994622875e+04
6.918633574585663155e+04
9.697609227843133340e+03
-2.403156679699955203e+04
2.147471184941948013e+04
5.737203490161198715e+04
6.128709603472860908e+04
-6.022364595130676025e+04
2.339071566274502766e+04
6.553078579279613041e+04
7.449435809067501395e+04
-3.840404504454255948e+04
-6.062924369516740990e+04
-6.186382938085165370e+04
-3.230265942078963053e+04
3.090867047169838042e+04
-8.644633239134698670e+03
3.294986030018635211e+04
4.042142158044468670e+04
7.334548061245148710e+04
-3.775908993033441220e+04
-1.388996629256707092e+04
-8.051881450019180193e+04
3.667956756386036432e+04
-4.201488869150082610e+04
1.616240179188135880e+04
2.172647810484745060e+04
-3.469327176764424075e+04
-1.772109241990003284e+04
5.075840576569526092e+03
-4.561904825039239950e+04
5.109917340748857532e+04
-4.152863664422614238e+04
6.482007340995920094e+04
-3.131922606724206707e+04
-5.658852504579335073e+04
-3.821692785547591484e+04
-2.739119950169194635e+04
6.036431737332251942e+04
-2.399995248019353312e+04
-5.875302226399866777e+04
-3.393246309722179285e+04
3.552559615308737557e+04
5.447778206219759159e+04
9.500861169076518854e+04
3.928551444392163830e+04
5.576892219051677966e+04
-2.916507804362736351e+04
4.271778895775094861e+04
-5.213676510843678261e+04
7.125922724715854565e+04
4.132413420906597457e+04
-4.066271806841596845e+04
-3.037931346270188806e+04
-5.905248292444337858e+04
1.026280309506971207e+04
6.798788281313193147e+04
-3.242004476877614070e+04
6.626518304355083092e+04
-7.688713610360921302e+04
-3.940341999414085876e+04
-2.602330723669976942e+04
3.395698983697151562e+04
3.032045850658012569e+04
-5.534507099787321204e+04
-1.721218634585851396e+04
-4.122350716865889262e+04
-5.314973465111758560e+04
2.930979810519106468e+04
-5.096365587474194035e+04
2.705034664542715473e+04
-1.409934724831141102e+04
7.713278330363309942e+04
-6.250742480758744932e+04
-6.219345544422870444e+04
-4.142042328785295831e+04
4.778783292265862656e+03
-2.134311316791637728e+04
6.177400731477242516e+04
5.572807900592360966e+04
5.719276099408484151e+04
-6.771613920722865441e+04
-2.364524872211703405e+04
-7.749783553634979762e+04
-3.965153685640154436e+04
-4.270124027004997515e+03
2.163854117768695869e+04
-3.156268037205126893e+04
4.801811774500210595e+04
-3.366006530439924973e+04
7.414747650956994039e+04
2.661552798851536500e+04
3.104463562329610795e+04
-2.275290224935931110e+04
3.475870196973054408e+04
6.830740708322067803e+04
1.900078075867077132e+03
5.538812715049097278e+03
-1.610065187308886925e+04
-2.853029972800721953e+04
9.341273176365137260e+03
7.250802612843392126e+04
-4.143216738795266428e+04
3.124231248862038774e+04
-4.964059912238119068e+03
7.310914846783324901e+04
-3.569707631181259785e+04
3.907658336773341580e+04
2.652963677999412175e+04
3.596599246347291773e+04
-1.115258095940979365e+04
-7.568299829795357073e+04
-5.809066645801309642e+04
-5.344429342946273391e+04
-7.268910562661020958e+04
-5.208802760521839082e+04
-1.442381940901311282e+04
5.557534741697417485e+04
1.063016172483634182e+04
9.177195723181267385e+04
6.321851656002391974e+04
4.797728944979081280e+04
6.764055804702479509e+04
-6.278719553259202803e+04
-5.819679653232148848e+04
-4.324047256302123424e+04
5.206237510354799451e+04
-4.469137394533790211e+04
-3.708606516261896468e+04
-5.724683131902239256e+04
1.115510616233839755e+04
-1.194208930402422084e+04
3.492551345806865720e+04
6.881165516315041941e+02
1.097674935891423411e+04
-7.982759463235375006e+04
5.025174031103831658e+04
4.568996535925360513e+04
-4.723699209139146842e+04
-8.537008276324651888e+03
-9.663449405136932910e+03
-5.483930494923091464e+04
6.795943658451817100e+03
1.445283359374519932e+04
1.610689676257418796e+04
2.037958102444453471e+04
-2.439499837638588724e+04
6.013851469255525444e+04
3.202040598013692943e+04
7.510017146842398506e+04
-3.653484379389465903e+04
1.749050507090362953e+04
-2.952080979350785856e+04
-3.073988792792484674e+04
2.995434499015905021e+04
5.002244114163204358e+04
-2.796182515372815033e+04
-9.330002827176144638e+04
-8.895136433148069045e+03
-4.939957077305803978e+04
4.980251921892250539e+04
-7.445617832909977005e+04
-6.116034461874326371e+04
-5.540614639481253107e+04
3.337876882339560689e+04
3.724945854115791735e+04
-2.518285644640908868e+04
-2.401633062172932114e+03
1.855052889071853133e+04
6.605216660811853944e+04
-2.290693069892213680e+04
6.193220389684660040e+04
-7.890346254270079953e+04
-5.263679596205078997e+04
-6.151140674604880769e+04
1.129180380123744180e+04
-4.717690687232832715e+04
-5.008486887621574715e+04
-3.434749991153414157e+04
4.495068163477451890e+04
-1.936583935950493014e+03
5.376869751513392839e+04
3.045706837538077707e+03
-4.967135180815788772e+03
3.948183929099288071e+04
7.403237291572552931e+04
3.076500550395544633e+04
-4.418426186085545851e+03
-7.905470972909832199e+04
5.735888986755687074e+04
-6.798881672380000055e+03
1.092742763358600132e+04
1.585609807117569835e+04
5.608358120411550044e+04
-8.224140244090319902e+04
5.862126789206817921e+04
-4.238555556242734747e+04
5.474017388384770311e+04
-8.445280618858176240e+03
-7.203745701885638118e+04
-4.337617892650662543e+04
3.676583531136920647e+04
3.354791991408965259e+04
7.309096862370602321e+04
5.140057024321045901e+04
1.564785005847635830e+03
3.007089321321139141e+04
-8.085346589167091588e+04
