5.694798482732896446e+03
1.607667741528398619e+04
-1.732526360924711844e+04
-1.537491768820857487e+03
-6.350555011989603372e+04
-3.995284472791806184e+04
-3.240016117759759800e+04
6.264586652350581426e+04
-3.160148810344597587e+04
6.694069921125274959e+03
-7.997943721954403736e+04
-2.577657446552459442e+04
3.906991613047165447e+04
-2.059730064979173403e+04
6.143340931431057834e+04
-2.624795131609659802e+04
-1.979248129038702245e+03
-4.220484139713941113e+04
-2.885286402596771950e+04
1.982893397177389124e+04
5.385922858614073630e+04
6.694979031903592113e+04
-5.282686140212578175e+04
2.819021617507593692e+04
6.003265445648465538e+04
7.434415188050676988e+03
3.173414189074930619e+04
6.553135252218094683e+04
5.590766758210180706e+04
-2.216175080389419600e+04
-2.528948094997688167e+04
4.060179857561558310e+04
6.552912457546289806e+04
8.063513669319097062e+03
3.226128566418231276e+04
-5.215891051430654443e+03
5.620909787919967130e+03
4.453056083614798808e+03
-5.281556110162874393e+04
2.874839619518648760e+04
-5.511420238101235736e+04
2.586820189133628446e+04
-3.858665518317633087e+03
-2.008918508133553769e+04
5.963886927495794225e+04
3.612344398315208673e+04
-3.725922492559807142e+04
1.835931375291219229e+04
-1.862585278721222494e+04
1.073385122124836562e+04
2.748738299453970467e+04
-5.814279439267985435e+04
-2.060978026670550025e+04
1.298095168348750849e+04
-1.837557701887363874e+04
-2.638586343098063298e+04
-4.688245737040419044e+04
-8.990026331748531084e+04
4.328057516929038684e+04
-4.443811500475114372e+03
3.935024594980371330e+04
3.177013823672847502e+04
-7.566506687831778254e+04
-2.134957580779497221e+04
-1.928291905105270416e+04
-2.208286336411455704e+04
-1.223694727209796656e+04
2.806154878684255527e+04
3.017302492459686255e+04
3.299012440803486970e+04
1.543219604438997521e+03
8.164393027984716173e+04
6.780457742566385423e+04
-6.830558948411395249e+04
3.816475759547911366e+03
2.156684237241354640e+04
4.995574702660633193e+04
5.745797440417459438e+04
6.797954777904237562e+04
-1.029262267553189122e+04
3.535415743593617663e+04
6.747830170206401090e+04
-1.277870265168171500e+04
5.247201063830758358e+04
-9.948297627113610133e+02
-2.433789493144452354e+04
-7.528647386415316760e+03
4.209027271779330476e+04
-5.084933454413223808e+04
-7.978478590949584031e+04
4.821272194403833055e+03
-2.086092679256948395e+04
-8.992753884321662190e+04
3.368980008092890057e+04
-2.991475510143486827e+04
4.310754015231719677e+04
-7.278735701933395467e+04
7.069277704487803567e+04
4.157388893629809900e+04
1.040814034454071952e+04
3.951713941764188348e+04
3.297581623585023044e+04
6.171882572155936214e+04
5.944203731616403275e+03
6.624898584818739619e+04
2.545635040367953479e+04
3.652303792619314481e+04
-1.365083847445096399e+04
1.971797352535018945e+04
-3.163143274276457305e+04
3.736879804668342695e+04
-5.200238103465535823e+04
-3.834251312419840542e+04
5.650776612768026826e+04
-1.961005825368640581e+04
-2.771615094196083373e+04
3.607244573831299931e+04
4.618554408297216469e+03
7.139334492747009790e+04
3.102393423938903288e+04
2.057456044179526361e+04
5.919343134989678219e+04
-9.026627874177205740e+03
1.334179285599690047e+03
-4.010912660899574257e+04
-2.996120477299602135e+04
-3.342843209306610515e+04
-3.937501316496175423e+04
-1.568490740325893785e+04
-7.643164406387179042e+04
-4.801265418064227561e+04
-4.680875989420017868e+04
-5.407671574762201089e+03
3.555349265567118709e+04
-1.494800410711377299e+04
-5.120132052415044745e+04
-3.759303182078016107e+04
6.258269652830812265e+04
-8.618080528526959824e+03
4.994162175949630910e+04
-4.331281682490672392e+04
-1.747628991700667029e+04
-8.644118705752042297e+04
3.057016413840357563e+04
-1.445330754142870683e+04
-3.815137320544851536e+04
-2.020578269122432289e+02
2.218164510544565928e+04
2.111767989790892534e+04
-4.162945609634627908e+04
4.280430785822196412e+03
2.439290420753676517e+04
8.168209506393315678e+03
5.995012606134697126e+04
-7.778511908223289538e+03
1.575369856949127643e+04
-3.763325489627989009e+04
-6.301256165047964896e+04
-6.170382161251139769e+04
-1.090237736190398573e+04
2.819279686918692460e+04
-1.480193661698514188e+04
-3.614194736024703161e+04
-1.384485585810184421e+04
-2.501967604226769618e+04
1.675096382445896597e+04
-6.288043422075388662e+02
-1.006637681941414849e+04
1.057910958199235574e+04
-2.855830897351373278e+04
1.089735859875815549e+04
4.817009330272834632e+04
-9.785214013401320699e+03
-6.385305436866185573e+02
3.345793818761144939e+04
2.991192157698734809e+04
4.614479580140191683e+04
5.413095802818816446e+04
8.036356080179308265e+03
6.124223851640068460e+04
2.945477837441674274e+04
5.175235357213819952e+03
9.469390324620469983e+03
-3.677872574914245342e+04
-6.822862769350949384e+04
7.080291431436763378e+04
2.185557281783844155e+04
-1.717621742152082516e+04
6.874036641620946466e+04
-2.194863014554820256e+04
-3.429661219158533640e+03
-1.881303811849607519e+04
-7.375144211654803075e+04
6.468815370357592474e+04
-4.192350845067680893e+03
4.327293921717335616e+04
-4.979731052969994926e+04
-6.085119697144281236e+04
-3.772642131131067435e+04
-3.188847415624166024e+04
-5.501059084822198929e+04
4.256522863094381319e+04
-2.873694230746199537e+04
-3.304934761420704308e+04
3.945929969184938818e+04
-3.108422594038162060e+04
-5.403863104200884845e+04
2.593779023263372437e+04
4.313625131034427613e+04
7.852936933039056021e+04
9.342332440068637879e+03
6.242172983675895375e+04
4.138201535083438648e+04
4.375785406259968295e+04
1.390446678293405421e+04
1.500493883008217381e+04
2.066644010735067786e+04
-5.929307609925566794e+04
5.965950471411629405e+04
2.451666315567148558e+04
-2.690501316164006857e+04
-1.719651566329512571e+04
6.539684135783095553e+04
2.572656317775586285e+04
-4.456717363658650720e+04
-3.322734090130205732e+04
4.183197859365069598e+04
5.410887573691024591e+04
-7.473708700008130108e+04
-4.770046888289084745e+04
-2.430820693554129684e+04
5.979241433312919980e+03
-5.773487287248626671e+04
-4.127693847223713237e+04
-4.900862992427020072e+04
-5.637183569378825632e+04
-1.161580983303110042e+04
-2.486603165639041435e+03
6.834861600196345535e+04
4.365440110999735043e+04
-7.421814079976486391e+04
3.666889472642553301e+03
2.879531810916073300e+04
7.999546176519501387e+03
-6.538663520599550975e+04
2.624115304444624053e+04
-2.571157442350619749e+04
2.642730534581387838e+04
-7.796733459623737144e+04
5.843017212239439687e+03
-1.430180203176816940e+04
2.864976482693579965e+04
2.800684907570557698e+04
2.675117458875081866e+04
-2.553600990758876651e+04
6.013261711575269146e+04
-6.576537182728073094e+04
5.610039804643151729e+04
-6.447371949223647971e+04
9.799711779120598294e+03
-5.022931671306598582e+04
-6.082298638304520136e+04
2.417239940099618980e+04
-1.834402384273048665e+04
5.780945553384241066e+04
