-1.072278244395175170e+04
-1.633505966117609751e+04
1.409245807967030669e+04
-2.125026321538090633e+04
2.217489422597057273e+04
3.712979886247830291e+04
2.195656318599690712e+04
2.088252785011678498e+04
4.390259428770338673e+03
-4.545293713165653571e+03
-2.581146167561478251e+03
-5.044618201006916206e+04
2.688768015093495706e+04
2.716259414133130485e+04
-3.172332804743459565e+04
4.954258456142723298e+04
1.865225494992519452e+04
-1.596812102520842018e+04
-1.047046500371592083e+04
-1.242938381261854920e+04
5.812999154250612628e+04
-1.030715035882545999e+04
8.354587067452825067e+03
-8.412309679961310394e+03
2.682619516920863589e+03
-4.640326827312984096e+04
-3.426458429282448196e+04
-1.800587558428218836e+04
5.128206748039603553e+03
-9.569866116151250026e+03
-5.693567993463442690e+03
-7.601499478581397398e+02
-5.465488384005187072e+03
4.243660502997066146e+02
-2.226524858512515129e+04
-9.333453904919610068e+03
-3.085693761568560149e+04
3.499616780143479264e+04
1.356066035756815836e+04
-3.855874360600794898e+04
-1.773308864567148339e+04
-2.313471023781540134e+04
-2.977094058840299476e+04
-9.740826378608429877e+03
-3.184832998969991604e+04
-2.188912923434585900e+04
3.471456999987276049e+03
-6.731560813042408881e+03
-3.979081564298442390e+04
3.025712971969492628e+03
-7.906984977774222898e+03
-4.632287450351654843e+04
1.878170111549228386e+04
7.047380905281792366e+03
-2.580720844383074291e+04
-1.193123242650267093e+04
1.321876299722894601e+03
-2.237766613669162689e+04
-2.592910474722889194e+04
1.280417923269402854e+04
-3.817444030430597195e+04
4.739169190018260269e+04
2.842442949942661289e+04
-1.631046464844694128e+04
3.104247099533179153e+03
2.393022811054757767e+04
-4.198509435367613150e+03
-2.866913828869304416e+04
-2.131989126493694494e+04
3.667201119982319506e+04
-1.323267867474388368e+04
4.113155627854088380e+04
6.683322187657689028e+03
1.405147702742242700e+03
5.849455359092201434e+03
6.346533128830078567e+03
-1.721111223192831676e+04
2.916683815455985950e+03
1.626632935523995184e+04
-2.108958022300459561e+04
-4.744351264613776038e+03
3.887400283139490512e+03
1.409674145838110962e+04
-1.377061180257168780e+04
8.014153420331517736e+03
-7.932683879433843686e+03
-4.557718293508565694e+04
-2.448601343790013198e+04
1.009207926682371362e+04
-5.251639501386421034e+04
1.691014653925647735e+03
2.489772122643709736e+03
-1.551892132184342518e+04
2.271820150977758203e+03
-5.982587418754036480e+04
1.962782964751396503e+04
1.667278381660979721e+04
-1.119176266504892192e+04
-1.033071434068352391e+04
-1.905657920162527444e+04
-2.975020274088798396e+04
-2.048395027103694520e+04
1.540975457203627229e+04
1.295500293724726930e+02
1.498953470235773239e+04
2.359561368129302718e+04
8.862321290432477099e+02
-9.860297939279273123e+03
4.396321831050269247e+04
1.119366835305866880e+04
1.558833392837058636e+04
3.075821615324766026e+04
-9.779706194610405873e+03
-1.866201881537921508e+04
-2.518278672137082879e+02
4.265709921377829596e+04
-9.067296311903413880e+03
-1.964107610295436098e+04
-2.278173116540395495e+04
-1.265266228502870035e+04
1.682375552373240134e+04
3.425841243632962141e+04
1.754596376935189255e+04
-2.112617754934217373e+04
2.479672231413839108e+04
4.196028763174313644e+04
1.192019927440564425e+04
-2.525080458677268325e+04
-6.260116394491131359e+03
-3.580677876465158624e+04
1.159368946920828967e+04
-1.816279640873741300e+04
3.246971392551410463e+04
-2.995197953485451217e+04
-3.688606643102103408e+04
-1.421888962505198106e+04
4.451275994848949631e+04
-1.099772628186638030e+04
-1.169606877067414280e+04
3.840659906447516732e+03
-2.052919200735992854e+04
6.039100715410580960e+03
-4.188818228573071974e+04
1.027345597250821811e+04
4.806604018272181565e+04
-1.045250844229601171e+04
-3.926927592164119415e+04
-1.746396020359203931e+03
-4.188770291663979879e+04
-4.581285143060850532e+04
1.104877240257046469e+04
3.815977859163961966e+03
2.866276019845452993e+03
-1.653543991108543560e+04
-1.409034282741390598e+04
9.792496803285761416e+03
1.963942388851226269e+03
-2.620683123804005663e+04
1.497165414039147254e+04
2.884322268067506229e+03
4.416217185018894088e+04
-2.461939265376851381e+03
-2.863457822529791520e+04
1.755861278321911959e+04
-2.039509585909197995e+04
4.693190888041517610e+04
1.291039691045400468e+04
2.616329683586621286e+03
5.133824156967974886e+03
-4.129921552902420444e+03
4.619448887842265776e+02
-1.206345354490312639e+04
-1.183742439549318806e+04
3.267776439617784035e+03
-2.479952544106680944e+04
3.309106707027780067e+04
-8.353935768711187848e+03
-6.894040277359916217e+03
-1.292457925960366083e+04
1.365892663957383047e+04
-1.170747556484563319e+02
4.940043122330019105e+04
6.336539413288230571e+04
-7.032303083881705788e+03
2.855430492230429445e+04
-5.383844847296222724e+03
-1.786431239649663257e+04
7.066036809364405599e+03
4.225219589606380032e+04
8.936422582724160748e+03
1.004248188841802221e+04
4.255258589063019463e+04
4.274045142422418576e+04
-1.432193051127498256e+04
-1.167349089367564920e+04
-6.274852378309231426e+03
2.271836062148616475e+04
1.757911075210973286e+04
1.136839024918963332e+04
4.122330716463085264e+04
-1.567851278033431845e+04
3.088471554060701237e+04
2.415635482577382572e+04
-8.163416595481458899e+03
-1.178159007574023599e+04
1.491435322165065372e+04
-1.653018770967819728e+04
-3.163446152356618768e+04
-8.039108349012696635e+03
1.115020732625189521e+04
-1.767524637905031705e+04
-7.770285029959297390e+03
2.395267362289207449e+04
-2.513176023719924160e+03
-4.703453659358952791e+03
6.411105851417133636e+03
-1.561853875355486707e+04
1.949128773533059939e+04
5.517883314012012124e+04
2.898073552081432717e+04
-4.518276225141884788e+04
3.621504928534643113e+04
5.816034584365972842e+04
1.955232935514833798e+03
3.754813681892694149e+04
1.753614927531063222e+04
6.120467957882978226e+03
-6.885476038940330000e+03
3.465205277439068595e+04
1.398289393966447460e+04
1.985147289110884958e+04
-1.244247462933039606e+04
1.405087273914116849e+04
3.959183029487926888e+03
5.481128521880593325e+03
-2.138400167973016505e+04
1.022535495328023535e+04
-5.561000278800177512e+03
3.317890339967986802e+04
3.466478676389600878e+04
-1.387898934888546864e+04
2.479293246344943327e+04
2.665294726624864779e+04
6.359833765611162380e+04
-7.969525166394559164e+03
3.203014585984883161e+04
-1.213363568563853732e+04
1.355323242705002485e+04
1.490163772982108458e+04
-3.133006454261572458e+02
-3.792139016708797135e+04
-1.303486382593777853e+04
-5.489700350446730226e+03
-5.025273034176349029e+04
4.746387524084631877e+04
1.504546414850279871e+04
-4.198815192787382330e+03
5.463103017743995588e+04
1.291466936115853628e+02
7.197988792815239867e+04
-1.243222969858032775e+04
1.309590382287298416e+04
2.842747511754669176e+04
1.105875577523330685e+04
-1.672973144876948209e+04
