-7.614259597721999853e+03
3.651694871305401466e+04
-2.650002945334646211e+04
4.046955073670635466e+04
7.361896759076442686e+04
6.446536962267050694e+04
-6.969667510110184958e+04
6.025427199923418084e+04
4.144432580537346439e+03
4.905727495960488886e+04
-4.921224962425677222e+04
4.669395719572946109e+04
-3.725247813566640980e+04
-3.179373547692890133e+04
-2.320121151782272500e+04
-6.442890580695914832e+04
4.436768066075110983e+04
1.641951921560960182e+04
8.183750424752433901e+04
7.514977275526404264e+04
5.632317451128629909e+04
3.568617980730051204e+04
5.293249912518025667e+04
-1.822316728138452527e+04
2.877748298555911970e+04
-8.783743213338068745e+04
1.199980396982830825e+04
-1.449740991641628352e+04
2.127632092906008256e+04
3.278467698372388259e+04
-1.962168018926480363e+04
-2.385734179715008213e+04
5.698183455563033931e+04
-6.073133392519526387e+04
-5.006944201439418248e+04
-1.486556992232475204e+04
2.090350700326461083e+04
-2.680314157016560421e+04
9.296579453859429123e+03
6.349808768279998185e+04
-1.450669297435099361e+04
-2.975867923035730928e+04
-2.092276581781186906e+04
5.218924979589189024e+04
-4.111739534695391922e+04
3.712869726028851437e+04
5.848741056755281170e+04
1.145395079447684293e+04
1.237060888694166897e+04
5.185363965769601782e+04
1.095949323846371954e+03
-4.187859150250476887e+03
-2.578265644985505423e+04
-6.339965742393616529e+04
-7.798792068448565260e+03
4.262722726729569331e+03
2.774220268935336935e+04
3.761738095455527946e+04
2.807779689154589141e+04
6.997372613831571653e+04
-6.558836143055965658e+04
-2.870379095491497355e+04
5.669366379374853750e+03
-3.041663135336508731e+03
1.478757923107624265e+04
2.641717793624196929e+04
-2.153289557363953281e+04
-8.449100211191800190e+04
-2.438803480893358937e+03
5.311429242321910715e+04
4.109461229152380838e+04
4.399440789371993560e+03
4.888137672608425783e+04
1.626187580277488814e+04
-1.335733441654780654e+04
-1.303636005534191827e+04
3.488393458587367786e+04
4.810402938864257158e+04
5.879409961201235092e+03
-4.136636248826126393e+04
-3.181344962646821659e+04
-4.810041347616010171e+04
3.550042675448433874e+04
-4.790341672106977785e+04
3.812605542725142004e+04
-4.760014969842173741e+04
5.429915989384603745e+04
4.479827269588166382e+04
-5.356755097598499560e+04
4.609331894486227247e+04
-6.456361158731963769e+03
-3.003881812453002567e+04
-5.964647305266770127e+04
-3.509996035214555013e+04
2.461328695217465429e+04
7.154808306675003223e+03
-2.438714962063292114e+04
5.210282074381259736e+04
3.186763781918662062e+04
4.268252784579150102e+03
3.556281821942230181e+03
9.564631291609215623e+03
-4.495878213075112581e+04
3.752872373598976264e+04
3.371689204106968100e+04
-8.121504067399569612e+04
5.280574195012195560e+04
3.553442846184455993e+04
4.736086980658026005e+04
-6.569246119428353268e+04
1.997820826653020777e+04
-4.988279613076991518e+04
6.239305979895764176e+04
2.063386872324926571e+03
1.721314121816456293e+02
7.505190619816994877e+04
-2.951319716888753101e+04
-7.585720353276278729e+03
-5.627069170263207343e+04
-4.210413336539189186e+04
3.728928969823139778e+04
4.967604052506254084e+04
-4.796631247018502472e+04
3.368823901054372254e+04
-5.296724846852866176e+04
-2.668351951222429125e+04
4.055146652391158568e+04
-4.329736483033652621e+04
5.928416210019560822e+03
9.104793366549703933e+03
1.876792612811479194e+04
-2.499080038539553698e+03
1.824415281024507203e+04
1.388221538414188035e+04
1.435834742133441978e+04
-4.359360008649912925e+04
6.430709285757345788e+04
-1.870449404935568964e+04
4.917959576848128199e+04
-9.814801792781738186e+03
-6.755620668154627492e+04
5.786416431435188861e+04
3.280667526347772946e+04
2.343885414806969493e+04
-2.709160557874782535e+04
2.387616525143044782e+04
-1.372769974130435730e+04
-2.699348243912264661e+04
-3.723039320348602632e+04
-4.118129300321382470e+04
-1.197446002840034453e+04
9.528228928403628743e+03
-9.302585623123399273e+03
5.755700350154417538e+04
-2.353883932391110284e+04
-4.729628593094622920e+04
-3.625301111511596446e+02
4.291892040485741973e+02
-3.283175140140921576e+04
3.332582315329871199e+04
-1.537549362846722215e+04
-6.367131381949554452e+03
-5.127471278213924234e+04
-4.262254259017712320e+04
-2.198666636357778407e+04
-1.438558275558460809e+04
-4.000569212197904562e+04
-3.475984049811727891e+04
-2.468529330732383460e+04
-1.037921858646560213e+04
-2.377708987564122435e+04
-2.881042511330507841e+04
8.142251602354166971e+04
8.345150642849536962e+04
6.186521131242499223e+02
2.585061026191624842e+04
6.997693568912871706e+04
-2.319809668069503005e+03
5.010847855433836230e+04
1.892172581232192897e+04
9.600885538697248194e+03
-7.270948819308019665e+03
-6.239223488676829584e+04
-2.905246335806907518e+04
1.221625913959918580e+04
-9.339325987424674167e+03
6.320980677329735045e+04
2.284973494572555865e+04
-3.918949892273188016e+04
5.852651576991916954e+04
8.033662785745288602e+03
1.458632553357502547e+04
1.699000476570275714e+04
4.076316015484831587e+04
6.849924015115955626e+03
-7.171404174245674221e+04
-3.183419009535734585e+04
2.311780024516478807e+04
2.993454891217988188e+04
8.804536321028308885e+04
7.111661519336524361e+04
-5.486444086301985953e+04
-2.149175587199537040e+04
-1.302922276050467917e+04
-2.945638123192327112e+04
-1.187201511160960217e+04
5.649198178075850592e+03
3.870932181547078653e+04
-4.801788467775276331e+03
4.115353925200836966e+04
7.125202330785553204e+04
1.118109591256168824e+04
-3.395453945781764196e+04
3.960407993414188240e+04
-1.934409581695607585e+03
-3.287967630415017629e+04
-5.675684438461995342e+03
-6.384179044144725049e+04
5.507433908192586387e+04
1.272089142617656034e+04
-2.280025115798079787e+04
-5.727239714295410522e+04
4.241523941337828728e+04
3.809414083909481997e+04
6.571807305865502713e+03
6.585208471828457732e+03
8.738135775526643556e+03
1.042999241308681849e+04
-2.239154342261150305e+04
4.473875533166826062e+04
-4.253813062801433989e+04
-7.165736226812499581e+02
4.619994430668015411e+04
-5.885442636683358614e+03
4.654209480493122101e+03
2.795017670521827677e+04
-4.523630520175047423e+04
-2.122245781113689009e+04
-7.576730741830992338e+04
5.147264857828780805e+04
-2.867682756948692258e+04
3.140904432702823397e+04
-3.161775540765067490e+04
6.541222886531473705e+03
-3.679490312398330570e+04
3.047148201587990843e+04
4.236811494197029242e+04
2.533033751593923807e+04
2.548833591302707646e+04
5.312924938180666504e+04
-6.036807642820129331e+03
5.895459056640409108e+04
-5.754308888469942030e+04
-3.976637262705120520e+04
4.110262025810341584e+04
-4.292958746049243928e+04
-4.570669974813512817e+04
7.781647044261332485e+04
4.719540088570098305e+04
2.110525147377683243e+04
-5.419200964939451660e+04
-5.733965535817347700e+03
-4.742867835458199988e+04
-1.303676170657026523e+04
6.360934475723385731e+03
