-6.712158811883399903e+04
-8.457329970266256714e+04
-4.350313983804408053e+04
-7.367974756717243872e+04
2.708786108430370223e+04
-1.843134403303470754e+04
-1.508625469491897093e+04
9.192040549915493466e+04
-1.530759507364768069e+03
9.284506139929892379e+04
-5.466475502287235577e+04
-1.154031100047305517e+04
7.860169986404606607e+04
-4.924136086325498763e+04
2.202696051066119981e+04
-5.154637119432179315e+04
2.389974183865389205e+04
-1.356073093367280671e+04
6.474137437900700024e+04
6.862741737009564531e+04
3.455814468716550618e+04
-5.600102340211872070e+04
4.742259106837876607e+04
1.622085292630441836e+04
7.089576428501075134e+04
5.309868634647480212e+04
1.392223570626198489e+04
-1.236008866065267648e+04
-1.468925920289763599e+04
4.178324275919733918e+04
3.157751546999590937e+04
-8.540964648923836648e+02
8.706635070887170150e+04
8.206334350048910710e+04
4.128671859701143694e+04
-4.751259741186723841e+04
8.351024873515451327e+04
9.524214733318181243e+04
-5.596151537528908375e+04
-8.531382175635782187e+04
-7.970352043554608827e+04
2.342516200047009625e+04
7.871123367448532372e+04
-5.733618336906858167e+04
-6.172303530361118464e+04
6.305529852868142189e+04
5.287890561700559920e+04
9.789072805180065916e+04
-7.944241668463067617e+04
-4.870202369695397647e+04
-5.332820724622022681e+04
6.215191349554251065e+04
-6.508092422782405629e+04
-9.456568401607409760e+04
8.976207295918258023e+04
-1.458851759879624296e+04
-7.895135758146467560e+04
9.081881260912312428e+04
8.299285792473790934e+03
8.019607833640577155e+04
8.343590388017287478e+04
-7.912065340214010212e+04
5.240877727210219018e+04
-8.359035395592308487e+04
-9.830019093406714092e+04
-5.780134992583168059e+04
6.194587701774886227e+04
5.879550638598782825e+04
3.992064017427337239e+04
8.830361793847332592e+03
4.098850998179445742e+04
-7.088239530805930553e+04
9.156994435243718908e+04
-1.992320194414933212e+02
8.111397156091264333e+04
-7.194459566109831212e+04
4.608482980242429767e+04
4.611540885089756921e+04
4.536155744164646603e+04
4.804356535869601066e+04
9.248596763592504431e+02
-7.106618502185211401e+04
2.699522957369216601e+04
-1.703122376639628783e+03
8.268200368224998238e+04
4.521861349765819614e+04
9.982915104431513464e+04
-6.457646927245413099e+04
4.465341254294340615e+03
-4.595876594224624569e+03
7.646447593949799193e+04
1.338206021765159676e+03
-2.598438829718621855e+04
-6.016382095423729334e+04
5.248447756715372088e+04
9.058559536646935157e+03
9.819769120117466082e+04
-8.976747553484560922e+04
7.970085832611922524e+04
-9.580279287472365831e+04
5.773211453463896760e+04
-6.374559662163992471e+04
-2.215476530901847582e+04
-9.537308954532589996e+04
4.838110533465875778e+04
2.844465676291976706e+04
-1.303563225005837739e+04
-5.920977786729422223e+04
1.317188394836038060e+04
6.350651795192554710e+04
-4.195331143143761437e+03
-2.878340186116972473e+04
-9.320411473658804607e+04
-2.545204305807279889e+04
7.663886788903319393e+04
9.587104849614872364e+04
4.272519086666725343e+03
-6.243713890879123937e+03
-2.624796778356286814e+04
1.932954774191022443e+04
-6.289953635235433467e+02
-1.509177966203479446e+04
-6.925905590431933524e+04
3.736181680098667857e+04
-1.741980546938053158e+04
-8.209585660210376955e+04
9.564494488132823608e+04
7.401434320869430667e+04
-3.117883938498368661e+04
6.551868078075596713e+04
3.432283644078698126e+04
-6.303823915901722648e+04
5.816129303999865078e+04
-3.887358740815678175e+04
6.530000533777417149e+04
-4.340748894902122265e+04
-1.395525189581356244e+04
-9.440368840025406098e+04
4.261530563321642694e+04
-5.135007795767461357e+04
-2.944480297852789226e+04
-4.833157341812435334e+04
3.218434794881896232e+04
-7.252418737587884243e+04
-8.848120505500929721e+04
3.325454981252641301e+04
6.255946766502613900e+04
6.946398349325972958e+03
2.458674756698186684e+04
-1.671981700039346470e+04
-8.529813194742822088e+04
-5.706326178796283784e+04
-2.722077774422719085e+04
-5.756966854107150721e+04
4.242256009939091746e+04
1.425926029647229007e+04
-1.362715579082825570e+04
-2.265082084608478181e+04
-1.907902604366358719e+04
4.764375192071122001e+04
6.046905328719163663e+03
4.356433416765820584e+04
-1.303815319449000526e+04
4.267321976104186615e+04
-4.254671242055276525e+04
6.015207844023822690e+04
9.001946771662755054e+03
-1.823335808609507512e+04
-1.389956375156348804e+04
-9.710534282254544087e+04
6.658303626074141357e+04
-1.315458622656547232e+04
7.170077794169544359e+04
-9.429926202295609983e+02
-4.447758821542167425e+04
7.305192143633653177e+04
-3.110970960410399130e+04
-8.615421469180932036e+04
1.937469116604629380e+04
3.264866680913168238e+03
5.252542600097172544e+04
6.050302385204198072e+04
-9.933270079376953072e+04
8.523510848540056031e+03
1.357953504211548716e+04
3.226832149952559848e+04
4.686183173859334784e+04
-8.863772762061610410e+04
-2.330458397528254136e+04
-5.128203940285604767e+04
-8.264561457233314286e+04
-7.289370634783263085e+04
5.389850102591220639e+04
-7.774063882818493585e+04
-4.373582295451536629e+04
8.409674220339258318e+04
1.260964645344912424e+04
-2.450519043148180936e+04
2.655026489456568379e+04
-9.651328632734873099e+04
4.149136939951262320e+04
-3.736850043911381363e+04
9.982188232110641547e+04
2.388528110364345775e+04
-1.458801961203133396e+04
-7.997178900038741995e+04
8.872245309418940451e+02
-8.030503825678356225e+04
-1.871687371962697944e+04
1.523943141373802791e+04
9.240559323805646272e+04
-8.306975928060914157e+03
-7.173537278609858186e+04
-8.982843652344716247e+04
1.126818843811497209e+04
-9.258117641312417982e+04
3.582198957136677927e+04
-4.608756681012095942e+04
-1.847710114741743018e+04
9.710473102432285668e+04
-6.246499970148797729e+04
2.318825234403213835e+04
4.836584041326065199e+04
-1.994643158714722085e+04
-6.685095052213201416e+04
-6.802110123601922533e+04
-7.788743588060942420e+04
4.473086342101712944e+03
6.618361655220802641e+04
7.861438939898929675e+04
-6.847351296393373923e+04
-6.971034848064868129e+03
3.184133017506959732e+04
-4.138439471781710017e+04
-9.612445506856036081e+04
4.121761659817348118e+03
6.332521799687837483e+04
6.935540250535719679e+04
9.451644781689377851e+04
5.824898137857997790e+04
-7.142967295186502452e+04
7.360015648720000172e+04
3.191434932321775705e+04
-6.523333000724849262e+04
1.175340771312151628e+04
5.353657561494037509e+02
-9.838528183333708148e+04
3.086609580592882412e+04
1.453516003526377608e+04
-6.747619815870477760e+04
6.062252485589179560e+04
-4.142584520857084135e+04
5.840261478151506162e+04
7.297103862409948488e+04
1.329039799050873262e+04
1.362859829986855038e+04
4.889540572201169562e+04
5.061364985473375418e+04
4.322505470551262260e+04
-5.213640460239064123e+04
9.260100141923266347e+04
-6.386729231058216828e+04
8.682368454732335522e+04
3.891806348073837580e+04
-3.791644997319846880e+03
