-1.024422233120476449e+04
-5.478141385557878493e+03
6.366951956909651199e+04
7.518456795242328371e+04
1.265493475101658441e+04
9.987488061738049146e+04
1.866351972227470469e+04
6.206716452546473738e+04
-9.920350405972388398e+04
-9.761571281573667875e+03
3.667299605752180651e+04
6.238386732190434850e+04
4.889946976475296833e+04
7.265260642458743860e+03
9.228131784534134204e+04
-7.898046456347622734e+04
3.316358324238772911e+04
3.451031823817817894e+03
3.683456858792075946e+04
-3.902455475060293247e+04
-7.938864397854814888e+04
-5.931783773701465543e+04
-6.645380901742028072e+04
-6.833039571648334095e+04
-7.715848197334013093e+03
-1.910991686139775629e+04
-6.961708044717332814e+04
8.686916171386145288e+04
3.632679869605484419e+04
4.991398013397303293e+04
-8.486458510798460338e+04
-4.307990892514368170e+04
-1.406840433634934743e+04
-3.750801595960425766e+04
5.494916886637985590e+04
-5.490937830618005682e+04
1.157217755978015339e+04
6.621203250343793479e+04
-7.183165565291790699e+04
1.023700757024014456e+04
3.167015256680440871e+04
-3.234100771491549676e+04
3.524810345471803157e+04
8.549732249474941636e+04
5.432086481826420641e+04
6.963669387696402555e+04
-7.567866281731682830e+04
-2.357173098617315918e+04
-2.624850399791932796e+04
-3.942509947427223960e+04
-7.803112961967878800e+04
2.299882929680038797e+04
1.545443329807738337e+03
-1.072976871566017689e+04
7.716032738152636739e+04
-1.231298232243076382e+04
8.848606287458125735e+04
8.836801487112517862e+03
-2.737363315723810956e+03
9.067012491212159512e+04
8.961373894479287264e+04
-3.701481278253635537e+04
7.050887420257538906e+04
8.593968622531098663e+04
5.779381610993975482e+04
6.221032384619869117e+04
2.197038473300079568e+04
1.770276440241195451e+04
5.499352652188114007e+03
-7.837123976373535697e+04
4.841570864606478426e+04
-9.217941570495955602e+03
8.780001525587639480e+04
2.926969828810211038e+04
3.541091553275992919e+04
-6.978277981115167495e+04
4.955474544035260806e+03
-1.035958964686046056e+04
-9.017607126713823527e+04
-5.837976778609549365e+04
9.413105549374445400e+04
6.820884006219715229e+04
-6.420568067841533775e+04
-2.746316632075101097e+03
-4.856103888920853205e+04
5.774602473395615380e+04
-3.929471799217259831e+04
-1.094077520207822818e+04
5.443702274953943561e+04
-4.158596333830367075e+04
5.231061805598993669e+04
-1.543942149194802369e+04
-3.909386410874232388e+04
5.265697941613696457e+04
-4.966954887787910411e+04
-4.503630706560712861e+04
3.059004004601132328e+04
1.115804618444370135e+04
-5.928301028150542697e+04
-5.760479287883337383e+04
5.000916437642601522e+04
7.025653437378826493e+04
-2.522265523920979103e+04
6.136827527862511488e+04
9.805584837672776484e+04
-7.199814596748026815e+03
3.376099743450975075e+04
-6.273956523416272830e+04
-1.716084485388933535e+04
1.484806344239263126e+04
9.779277632525183435e+04
8.174245301747499070e+03
-9.685686017829693446e+04
4.915376262170576229e+04
-2.876061194092798542e+04
6.208858645512229850e+04
6.657212771690740192e+04
4.677874681049371429e+04
7.217322580435592681e+04
-8.041218920854308817e+04
-4.925133798428908631e+04
-4.745109295932042005e+04
3.764857353900645103e+04
9.176570712105752318e+04
-8.262277345211988722e+04
6.083916049444476812e+04
-9.236555532317003235e+04
5.565672556550284207e+04
2.474843335801584908e+04
-4.493778620270243118e+04
-5.390110180814954219e+04
-3.484158248161677329e+04
1.707827199794722401e+04
9.381505411640020611e+04
3.552008895660768758e+03
8.211452360618046077e+04
-4.882861245610057085e+04
-6.141900382313220325e+04
-6.743315402697719401e+04
-3.081832646128377019e+04
-2.687673025022294269e+02
-8.323903771929809591e+04
3.460994543727999553e+04
1.855070581458684273e+03
4.027873674562163160e+03
-8.433300042240034600e+03
-8.012829833572509233e+04
-6.100319095833335268e+03
8.987828248525931849e+04
7.099445972799615993e+04
7.059380888786955620e+04
1.178795744665826169e+04
-6.025870211849796033e+04
-6.591474718982462946e+04
7.106508762041915907e+04
-4.961441657151378422e+03
3.186466130831326882e+04
3.685702575692988466e+04
6.030326890740144154e+04
-9.407836091309705807e+04
6.747167735576469568e+04
9.248013647199375555e+04
6.097451910566205333e+04
-9.640051053474798391e+04
-5.840216833355572453e+04
1.269271602109463129e+04
3.046083688126939887e+04
-4.965320281290567800e+04
5.865214619214283448e+04
-8.227503656984269037e+04
-2.531763336842799981e+04
5.532844289614855370e+04
-8.578618278579931939e+04
-5.221636310367436090e+04
-4.639241464748630824e+04
-8.136589739216514863e+04
-8.783014418895616836e+04
-1.707544176332054849e+04
1.024982317049245103e+04
-8.490654714315412275e+04
8.160765201107342727e+04
5.475025880043188226e+04
-8.420527230404422153e+04
5.385893390461117087e+04
2.201704145093331681e+04
2.360044610109705536e+04
-2.888146577036229428e+04
3.088857229445044868e+04
3.977468262111820877e+03
-4.145578789044335281e+04
3.123544106061531056e+04
-1.344381870179326324e+04
9.582382469128549565e+04
-1.576197586159983257e+04
-7.951100255563203245e+04
3.004940388769802667e+04
9.567448350621642021e+04
2.579782206248778948e+03
9.131176604222340393e+04
-4.463491795853612712e+04
-2.958026227037463514e+02
1.823070124141762790e+03
-1.801794822990692046e+04
-6.765239118806386250e+04
-4.520488767553724756e+03
-5.543271128159276122e+04
3.746921817194677715e+04
-5.759986070394700801e+04
9.543561836100200890e+04
3.807607044155170297e+04
-9.746700166498434555e+04
5.848764020374093525e+04
-3.885417150901909190e+04
-1.751592565789104628e+04
8.137822111602941732e+03
-7.438108942379245491e+03
6.166063691010474577e+04
7.482668268545671890e+04
1.912360401359121533e+04
-2.877875544865561096e+04
-9.918237654175705393e+04
5.513595123913118732e+04
-1.679307192296714493e+04
7.807110423269322200e+04
-7.644745729296370700e+04
-6.191623691077499097e+04
-5.316757069586005673e+04
-8.018990311169272172e+04
-4.145020610029830277e+04
-2.747350148274718958e+04
-5.574469180737584247e+04
-6.849216191743440868e+04
-5.330277141886913887e+04
8.433019642313990335e+04
3.199159880918183262e+04
-8.298852289091654529e+04
3.229468025382217820e+04
7.495935945689283835e+04
6.763180880420772883e+04
9.982863504720767378e+04
9.078556379663500411e+04
-7.366985541338301846e+04
2.050038512602568881e+04
-2.455888639758231147e+04
4.512004766707560520e+03
-8.181087638946560037e+04
4.442961621880291932e+04
-5.861513786991380039e+04
8.384788534372698632e+04
9.151609134255182289e+04
9.068894614803587319e+04
-9.080031368620131980e+04
3.361898495809759333e+04
-8.279872692543952144e+04
2.949786810584704290e+04
1.095212007211945638e+04
8.318294618226004241e+04
7.929374717349064304e+04
9.050054119260002335e+04
8.275624211805811501e+04
-7.229722817586173187e+04
-6.402865983094507828e+04
5.190882404790297733e+04
4.985440521322349377e+04
-4.979146079219445528e+04
