-6.127406708781366615e+04
-8.481159780462097842e+04
7.000321726057329215e+04
4.614145241258048918e+04
-3.537398223150492413e+03
2.984733097993623232e+03
-3.806063605717591417e+04
-9.932612199392421462e+04
-5.683060855251272005e+04
4.630561757634754758e+04
4.428060356453468557e+04
-8.346710775327048032e+04
8.390140378882503137e+04
-8.492629571465155459e+04
-7.776971288246897166e+04
4.694089566080283839e+04
9.136708555080869701e+03
-7.128173377457249444e+04
6.402736114291084232e+04
9.397061295779075590e+04
9.324239365599825396e+04
-7.017430223556034616e+04
8.682491858394001611e+04
-2.426070237327439827e+03
1.405738800924891257e+04
8.096768260791615467e+04
6.818813871877433849e+04
8.817528605087415781e+04
9.905558422752056504e+04
-6.998706783875488327e+04
6.117206185157911386e+04
-9.181707694762380561e+04
4.961920144064287888e+04
-7.572797036472895707e+04
-7.254040938349095813e+04
1.013907872935771593e+04
7.365971167009352939e+04
8.539320321968599455e+04
-2.432225249277621333e+04
-3.932273239992274466e+04
6.493314675384978182e+04
7.355978588068968384e+04
3.463397780426419922e+04
5.017058639313559979e+03
6.216009654934721766e+04
1.684186424054112285e+04
-8.174903120223533188e+04
8.954809954404245946e+04
2.564605362547564437e+04
6.680861799311015056e+04
-5.060729282372639864e+04
-4.401174629547473160e+04
-1.248082830135445693e+04
-3.181495976173847157e+04
-3.752030079855513031e+04
5.887436985251080478e+04
-7.921860966897515755e+04
-9.033932687348309264e+04
-2.807468796429748181e+04
1.906840070391009795e+04
1.426753980386460898e+04
-8.807416573599490221e+03
4.246038785136162187e+04
-7.644561948772394680e+04
8.236522917120475904e+04
-1.746616237240818737e+04
-3.423733706794418686e+04
-1.204353535917335830e+04
-5.798228708867958630e+04
3.451662785049690865e+04
-5.087494757612369722e+04
4.656310001956453198e+04
6.470791434107092209e+04
-7.291901564483753464e+04
7.416544381453222013e+04
8.076073611959305708e+03
-5.031818358199731301e+04
6.259680737464793492e+04
2.273605657739847084e+04
-5.078330540466966340e+04
9.433549015514343046e+04
1.180274233658009325e+04
7.380101326118165161e+03
4.705741200329858111e+04
-8.432781750131392619e+04
7.334437964592874050e+04
6.250268226450032671e+04
9.075798051656843745e+04
-6.350644457244085788e+04
5.581826425178154022e+04
7.668717501087440178e+04
9.465607240548336995e+04
2.026456865193904378e+01
5.364260660722025204e+04
-2.434997559179824020e+04
-3.249048027844412718e+04
-8.230996045686134312e+04
-7.988427880513650598e+04
-4.062962136877481680e+04
-5.288899473258741637e+04
-9.316082903796920436e+04
5.443282738857300137e+04
-1.658556891878129682e+04
8.543681438573900959e+04
2.901769457733027230e+04
-3.459116239808443788e+04
9.055832588817208307e+04
-1.878669847839254362e+04
-4.269016981620976730e+04
5.278991107454133453e+04
9.103277512317337096e+04
-9.073757408642530208e+03
1.457757860079560487e+04
-4.951225142809731915e+04
-5.936706468047210365e+03
-3.246258214177702030e+04
-2.887846531797436182e+04
5.330445222264432232e+04
1.154483868609163619e+04
-5.918835145938646747e+03
8.911069400533623411e+04
-9.573200122230649868e+04
-8.604959417751900037e+04
-3.869293200905215053e+04
7.871605176357360324e+04
-5.479263322130312008e+04
7.770659775071631884e+03
-7.310470910881704185e+02
2.792103611221114988e+04
-1.521257357600452087e+04
-5.130557928676393931e+04
-5.084389015003367967e+04
4.395737637721718056e+04
-1.771716396523470758e+04
6.468365795566982706e+04
7.856072551349236164e+04
5.432012500897515565e+03
-2.404886623782246897e+04
-2.341958455888030585e+03
2.785246362079971004e+04
3.089783050948577875e+04
8.726575787634929293e+04
5.515999533854221227e+04
8.621360260089000803e+04
-4.179971687833359465e+04
-8.239993813785261591e+04
-5.985067115009325789e+03
-5.314019250853756239e+04
1.661409615370142274e+04
-8.336249586007877951e+04
9.034174789556540782e+04
7.870359865859471029e+04
6.139044440659656539e+04
2.642638636892478098e+04
7.343677618775996962e+04
-4.049296497599546274e+04
-9.441274682107301487e+04
8.367021156201942358e+04
-5.350061047169656376e+03
9.238884217572261696e+04
3.748203150535203167e+04
-6.019701669457741809e+04
-9.239804874300830124e+04
2.791478957148679183e+04
-1.117545917429088149e+04
8.809110915089232731e+04
6.207900753487017937e+04
-5.054966625810896949e+04
6.959349684349825839e+04
-9.323750614122863044e+04
-2.025087747189929360e+04
-4.341102589483780321e+02
-6.929817050279512478e+04
7.258597284254003898e+04
5.566882762733480195e+04
2.979655729118413001e+04
8.654049617532687262e+04
3.097312291915557580e+04
-6.773246657356104697e+04
-8.125596441790457175e+04
6.465499950217700098e+04
7.817543889052863233e+04
-7.095721586768850102e+04
4.069577491796982940e+04
9.777078484388333163e+04
4.154697473887039814e+04
-9.888597727483208291e+04
-5.009365118965793954e+04
-5.349141935983967414e+04
1.757661408075960935e+03
-7.392980623901780928e+04
1.734543421354060411e+04
5.025924810442706803e+04
5.190277454736235086e+04
2.674780124623718439e+04
1.627078804362742812e+04
3.646272510200637043e+04
3.089375508570681268e+04
4.771260119390778709e+04
-8.255977820619044360e+04
-8.593452956613661081e+04
-8.941775341163149278e+04
4.687734594665994518e+04
4.458368699923474924e+04
2.282449811259792477e+04
8.615025930424846592e+04
5.200525955297506880e+04
6.957301798299129587e+04
-1.160446615294014919e+03
1.497552521457994590e+04
9.453387979998782976e+04
7.734294446213098126e+03
7.953486053381877718e+04
8.539416418225844973e+04
-5.604722337914078526e+04
-2.133745487742808473e+04
7.508010356814230909e+04
1.712719528009850183e+04
4.198032193893493968e+04
-3.716938585823780159e+03
-1.148834810516331345e+03
9.619379443231114419e+04
2.948890062670652696e+04
-8.189307745736105426e+04
-7.544587976557828370e+04
8.623027067874383647e+04
-3.150320342494195211e+04
-7.772136805453541456e+04
9.361406593401447753e+04
6.034167116130344220e+04
-8.325996330717006640e+04
-5.144625555055426230e+04
4.668420147310791072e+04
-5.900019277674448676e+04
6.654021809115237556e+04
-9.664440346563383355e+04
-4.487924349823391094e+04
-2.078080605387483956e+03
8.242786962441497599e+04
8.703060569028311875e+02
3.650748920232290402e+03
3.492255619639990618e+04
8.425245965358795365e+04
9.007714560924234684e+04
-9.122295113563374616e+04
2.787245139621998533e+04
-6.478862569032222382e+04
6.084167939206139999e+04
8.677029554686014308e+04
2.219928566466104530e+04
-9.457140900855089421e+04
-2.409198928759471164e+04
7.079314137313247193e+04
8.901535452105736476e+04
-5.449183198901837022e+04
-4.396122127233674837e+04
9.357938714675520896e+04
3.476321885619251407e+04
2.436143716436353861e+04
-4.198402137369889533e+04
7.279734815486954176e+04
4.685902944822929567e+04
3.859651580717985053e+04
-8.296421233471597952e+04
5.155044093573538703e+04
