8.475028356030656141e+04
-7.330500670524660381e+04
-4.853611239309141092e+04
9.273619076036597835e+04
-5.495553820522276510e+04
9.011797959330209414e+04
-3.762933413204883254e+04
4.608760083951437264e+04
8.529920765757007757e+04
-5.996899770951820392e+04
8.746004339566754061e+04
5.982477177494738135e+04
2.073164671030451427e+04
-3.187740719897489180e+04
-2.172500719727898831e+04
1.687154986101191025e+04
-5.104565652458061959e+04
-4.182226773090344795e+04
9.428623811248614220e+04
5.165840581728733378e+04
-5.473307691015840828e+04
5.690631216129907989e+04
4.264474169818713563e+04
-6.481772424146124104e+04
5.487412105121015338e+04
-2.499675097051978810e+03
-6.556866682820016285e+04
2.796432937999787100e+04
-7.159570419468723412e+04
6.463505731496101362e+04
-4.572285739060182095e+04
5.525153811954686535e+04
-9.086823010467371205e+03
6.261180826799725764e+04
4.872888722697447520e+04
6.331607720526275807e+04
-8.545004786397036514e+04
6.654123588062016643e+04
-9.212755909582680033e+04
8.991379666934011038e+04
-4.194507107762896339e+03
6.102887476960473577e+04
-2.660513617866144341e+04
7.802508476101551787e+04
-9.674471674507380521e+04
8.482972028486154159e+03
-3.873450745963939698e+04
-9.604221106359167607e+04
9.240664195013101562e+04
-6.536273452980250295e+04
1.620730015339754755e+04
4.715734808130151941e+04
8.386824801983559155e+04
2.331361923307682446e+04
-1.386426455524722405e+04
-2.666390583411666739e+04
-9.540524314923594648e+04
-9.607010699569522694e+04
-5.145743837691607769e+04
5.256432584056979977e+04
4.606419276948875631e+04
2.934122350871255912e+04
-1.624793173457539524e+04
-6.853368628157346393e+04
-1.498066247806698084e+04
8.057241876181194675e+04
5.165333837257692358e+04
-1.213521914847311564e+03
-5.179045593200144503e+04
-2.334189875517813198e+04
7.253984991647061543e+04
8.583357409158881637e+04
-5.100041677039153001e+04
6.604847069821500918e+04
-7.194510413515970868e+04
-4.007762097725235799e+04
6.075144770863102167e+04
-7.532964173153101001e+04
-6.098923232925435150e+04
-7.644055659176412155e+04
6.721476141857757466e+04
-5.905030165387337183e+04
6.820306889945021248e+04
5.765289468483140809e+03
-7.450522526786413800e+04
-7.747199456313240808e+04
9.051950512896315195e+04
-3.208453301639220444e+04
-7.489160188130414463e+04
-9.043516299756895751e+04
-2.642469934535637731e+04
3.940872479553968878e+04
8.016264109243746498e+04
-9.798627597969726776e+04
-9.635875433133491606e+04
5.249497599420449114e+04
-1.354721078609924007e+04
3.876136162833831622e+04
2.005205938206602877e+04
5.758293678240416921e+04
-6.134256851599704532e+04
-8.810391691914224066e+04
2.706013182856132335e+04
1.700791469214610697e+04
1.603069789422140457e+04
-4.983472570951887610e+04
4.570725724206247833e+04
1.682983388509957877e+04
6.431671602348086890e+04
4.158199510116947931e+04
-7.055213582655708888e+04
-1.342505803742411081e+04
1.511693446736971964e+04
6.799932754799770191e+04
-5.953947717822678533e+04
-2.552343903763397248e+04
6.811597274236104568e+03
1.288081109434292011e+04
5.816325938492224668e+04
-7.603509850112241111e+03
8.064585406633952516e+04
-9.327130005517092650e+04
1.086294827307376545e+04
-2.522089664783535409e+04
2.820099777646399161e+04
7.816341862949167262e+04
9.410831441717824782e+04
-2.870863123387278756e+04
-2.413756130399658286e+04
-4.283528302963597525e+04
1.095382695959990087e+04
-7.952709635446674656e+04
-3.899053186873225059e+04
-4.795413374412470148e+03
-1.061283288141696539e+04
-5.271467869733785483e+04
4.546064755925879581e+04
-8.754957230501463346e+04
7.842977425575890811e+04
-5.704057260009782476e+04
-9.842520546040256158e+04
3.930668174134494620e+04
-3.293012357410207915e+04
-6.434876774538660538e+04
5.090061475767943193e+04
-2.395424434902986104e+04
-8.581476860876704450e+04
7.485747611541795777e+04
-4.342319725279519480e+04
7.807827960902347695e+04
5.431570310254258220e+04
-3.208677513880979677e+04
2.476594433838353143e+04
9.798982396125086234e+04
5.951703501680248883e+04
5.602091926449720631e+03
-4.591718187558551290e+04
4.751922271452509449e+03
5.441121871660498437e+04
-6.331607776547050162e+04
8.153536367630379391e+04
-4.544218229562986380e+04
7.110012376661115559e+04
1.551901062435936183e+04
2.566639487642281165e+04
-3.005511157951563655e+04
-3.675332912191830837e+04
-6.695884364912929595e+04
-4.697763508490184904e+04
-7.647216905496898107e+02
5.603375056170334574e+02
-8.653555644293167279e+04
-4.284998195012885844e+03
-5.058695977700651565e+04
-3.805324612427641114e+04
8.725755026964235003e+04
1.025962051273623365e+04
1.522941147498773353e+04
8.922546406879674760e+04
1.128036266260252160e+04
-3.796798251296114177e+04
-6.876747194058055175e+04
3.290516939948813524e+04
-3.519954315425255481e+04
-1.315067785051313695e+04
-9.442112818161019823e+04
-8.995641836500527279e+04
9.435626316403711098e+04
-8.436781966240621114e+04
9.590892168616663548e+04
-9.658846410114143509e+04
-5.886614810299703822e+04
9.172687738725679810e+04
-6.010924474160375394e+04
-2.301992272660655726e+04
9.292369568420041469e+04
3.570066749628545949e+03
1.265000154354347615e+04
3.015698125822443399e+04
2.201749334798066411e+04
-9.895086891621467657e+02
-5.101935510628141492e+04
-8.159574924631156318e+04
1.153733538054506062e+04
5.050799440988356946e+04
-7.010363048153597629e+04
3.744376544187570107e+04
3.210507999996666331e+04
-8.494742088659219735e+04
-6.352754770760966494e+04
-3.925442896462627687e+02
5.418470523935684469e+04
1.360101538355597586e+04
9.605461581148608821e+04
1.973988992195644823e+04
1.975265694534848444e+04
7.988345391536856187e+04
-7.204084119158300746e+04
-1.590265050544297264e+04
-4.270850492639077856e+04
-7.237377922314558236e+04
7.752364630472226418e+04
-4.587726887047429773e+04
-6.095792942691773351e+04
2.197723984981510148e+04
-5.514400439010463015e+04
-4.202097907609339018e+04
-1.105288226613534789e+04
-9.620369346742678317e+04
-9.852578562530697673e+04
8.967091060702595860e+04
5.547451704596952186e+04
4.412324208404141245e+03
5.418710011704487260e+04
-1.885968164366815472e+04
-3.145892938046588097e+04
2.361943695592155564e+03
5.643412128246692009e+04
5.706225494046715903e+04
-7.581622003293776652e+04
-1.506146935368386039e+04
-5.805356070873909630e+03
2.256769305971101858e+01
-8.962637480635031534e+04
-8.381314456070396409e+04
-5.090706555566486350e+04
6.120416289242109633e+04
1.560432105139568739e+04
-3.695895104092170368e+04
4.851974026177157066e+04
-3.525948034742554592e+04
-8.559625338895595632e+04
-2.260248226582971984e+04
3.884735880168832955e+04
-8.522773275340997498e+04
-4.211898053755918227e+04
-4.482678543791364064e+03
-5.833049803042209533e+04
-8.266628136761322094e+04
-6.279772792860678601e+04
-1.800971008595000603e+04
3.520787449374588323e+04
-6.215884217192439974e+04
-7.643052594737910840e+04
4.001970576195529429e+04
