2.692960613169437056e+04
-5.787160596669127699e+04
3.821283645379852533e+04
-6.871795806024080957e+04
-3.397147909245549818e+04
6.350519946415648883e+04
-3.981164857864863734e+04
-3.045216826728260457e+03
-7.553876735000191547e+04
-1.425534302106163523e+04
-5.130931274051838409e+04
-2.535423300636772183e+04
-2.672173876596083574e+04
6.216005190883706382e+04
5.421726057706415304e+04
3.085024999652712722e+04
4.902774951955056895e+04
-6.828236799216251529e+04
8.029752035950697609e+04
-8.602960520993125101e+04
2.284058787076725275e+04
-1.746443007253044198e+04
-5.744013026570941292e+04
3.864526392617409147e+04
5.887085482220204722e+04
4.987341891695887170e+04
-4.969363015257156076e+04
5.978794661500312213e+04
7.134483278701613017e+04
-5.197057179253600771e+04
-4.480553787908903905e+04
-4.446819717649689665e+03
-5.401970847383006912e+04
6.621044764075758576e+04
-1.068893780384146794e+03
5.378882153453891078e+04
-6.317893478164639237e+04
4.350641832636536856e+04
-7.345503711750842922e+04
5.271190862732492678e+04
2.206150553358242541e+04
2.478259899254277479e+04
4.942672145364704193e+04
-6.745219208122398413e+04
-6.404130758584550495e+04
-4.729153854274400510e+04
9.304462974665477304e+03
-4.467773021460136988e+03
5.353549725683801807e+04
-4.329101284366630716e+04
-5.200010943565166235e+04
1.914759380858419900e+04
-2.028711213334347849e+04
-5.955513451961620012e+04
-3.606019188488826330e+04
-3.699358089173655753e+04
8.668217711578852322e+04
-7.578987452161674446e+04
2.387963882343049772e+04
6.839400383853394305e+04
8.406361406631714999e+03
7.027100508519871801e+04
1.198067231774784705e+04
3.534207700359095179e+04
4.588530910247657448e+04
-6.717269545578175166e+04
-2.450677403983451950e+04
-6.094367606389180582e+04
-3.993011242651983048e+04
1.869239310687705483e+03
3.143211359533766881e+04
-1.284028301975002796e+04
4.208552318209058285e+04
-2.271376309008927274e+04
6.950537654735121760e+04
-1.748776237019755717e+04
6.543745318887192116e+04
6.762076745697720617e+04
-7.451041484149449388e+04
3.764304664454542944e+04
1.528019861702541857e+04
-1.681240273855047781e+04
7.062754643773977295e+04
5.630596623325689143e+04
2.748635680543905255e+04
7.720945827789547911e+04
-3.881468169728825160e+04
5.325371852323163330e+04
-2.432307137445210901e+04
5.882109648355371610e+04
-3.070596749880832067e+04
-3.385018450884477352e+04
5.949727264156058664e+04
2.154202603040177928e+04
7.900738681808613183e+04
-3.138812616075791811e+04
-3.548040883564184332e+04
-5.714680958715005545e+04
7.110925494474137668e+04
2.956669101824032259e+04
-5.521192882265566004e+04
-5.659454246134338609e+04
-2.931800812959778705e+04
-5.690748956237383936e+03
-3.874316748592641670e+04
-6.267391387500680139e+04
-2.180632511623904065e+04
6.544046229876151483e+04
-5.254128603983645007e+04
-1.476809872792318129e+04
-1.383256055392931194e+04
1.217638791831042909e+04
8.451393494669164647e+04
-6.247820402011714759e+04
-1.819863434504941688e+04
-4.410979021064562403e+04
9.594036613355916415e+03
-4.350053615772575722e+04
-1.749280821660822403e+04
-7.580306780889323272e+04
9.495329078807084443e+03
-8.431527007491802578e+03
7.865144863855317817e+04
6.467503090163263550e+04
5.894491979800643458e+04
-2.692233441505965675e+04
5.198305542514823173e+03
-5.286904418031249952e+04
2.748061031475243362e+04
1.250848104706481354e+04
9.256913134977420850e+04
-6.881370325565944950e+04
-2.459063147558329365e+04
-2.268502390510808618e+04
-7.721455002189948573e+04
3.492097377457782568e+04
-2.496592396771431959e+04
-4.406946471481506887e+04
5.312946747993885947e+04
6.849466346000781050e+04
4.968738358929035167e+04
5.828403672156134417e+04
1.693994186029055345e+04
-6.789843823969610094e+04
5.252005264211346912e+03
8.049912956823598506e+03
-8.127007022481823515e+04
8.520102840446805931e+04
8.069368574259447632e+04
-2.145283574381320432e+04
5.068871835037715937e+04
-5.346753117351803667e+04
-6.401292800943992188e+04
-5.146010499181022897e+04
3.467812937205440539e+04
6.168610351434546465e+04
-4.732797826374173019e+04
-3.184599221360557567e+04
7.812599238413767307e+04
7.109278094028998748e+04
7.371231813916105602e+04
4.012442546906736243e+04
-3.312850515297694074e+04
-6.605023628140847723e+04
-5.040072903354249138e+04
7.033065059568537981e+04
-4.244537131440433586e+04
1.780053595881787624e+04
-7.986601951200295298e+04
6.160201931357118883e+04
-3.507420799130145315e+04
5.380953667438127741e+04
5.032031555898374791e+04
1.577696313624429604e+04
-5.780698810412445891e+04
4.892687375671313930e+04
4.186151440085719514e+04
-6.648256336505751824e+04
4.325941940284529846e+04
3.400883906477502592e+02
-2.300726910857484108e+04
3.633100119558141159e+04
-5.346378422091320681e+04
-5.351290106346893299e+04
4.898207187241904467e+04
-9.499626087088936401e+03
1.902374471877278120e+04
-7.154395527157200377e+03
-5.530078607867734536e+04
5.970084797416955553e+04
-5.710485448323705350e+04
-5.834402425644287723e+04
-6.135355449334986770e+04
3.377762879596397397e+04
-7.054676114159885401e+03
-5.260859486229399772e+04
-3.705554188146912929e+04
-8.141296747438900638e+04
-3.208722332813266621e+04
3.877075181012601388e+04
-4.154623046343946044e+04
-6.695280624138761777e+04
3.680340592449857650e+04
5.250939527433166950e+04
-8.962084516087099473e+03
-5.212555807746052596e+04
-2.459047141363053743e+04
3.092604114795046189e+04
8.592655496491301164e+04
6.767692431328346720e+04
2.411968488925433485e+04
1.218042875104405539e+04
-7.934240025293573854e+04
5.205182783688537893e+04
6.079950785124062531e+04
-8.205238392612311873e+04
-4.046718161647240777e+04
5.777347791789169605e+03
-1.152153575658021873e+04
2.409749525582393289e+03
-3.906525294234719331e+04
4.825003645530869835e+04
-4.098525847244597389e+04
7.197039885143401625e+04
2.710335108847302763e+03
5.053552026612799091e+04
7.289777419811541040e+04
4.363149059636170568e+04
-1.737688389427937727e+04
-6.084677321005926933e+04
4.643156988429006014e+04
4.425706990994641819e+04
-7.051495017058441590e+04
4.288983670347208681e+04
-7.679066386287755449e+04
-2.548694681464581663e+04
-6.417252473742696748e+04
-6.452296153562783002e+04
-3.558326273517683876e+04
-5.812559190411839518e+04
4.590284539848946588e+04
3.986494208042677201e+04
-7.768795447194170265e+04
-6.319430475816447870e+04
-4.837449768081046204e+04
3.137009675483894534e+04
1.665020699409963345e+04
-3.490739825147865486e+04
5.861103298722460022e+04
-6.021270355648297118e+04
-5.807245575413725601e+04
2.877410303903787644e+04
2.246851276397875336e+04
-8.124922587262457819e+04
-6.722249417049474687e+03
-7.753381962421171193e+04
-1.771222893158892839e+04
6.589387187079017167e+04
5.732277428450567095e+04
4.761654545809872798e+04
6.125318427113778625e+02
6.152319016376999207e+04
-6.539489953481218981e+04
2.968394443568861607e+04
-2.782377165404483094e+04
