8.498836794547730824e+04
-5.728655928498358116e+04
9.259170151590014575e+04
7.869471181168971270e+03
-5.681551590692117315e+04
2.038970061298067594e+04
5.762409894223836454e+04
1.356885732430719327e+04
-2.257713999263572987e+04
-4.310009588596686081e+04
5.668487131816614419e+04
1.855421332549543877e+04
9.468995929462619824e+04
-4.343737897205537593e+04
-2.827776315586901910e+04
4.670005156344462739e+04
3.023514442328919176e+04
-6.623759727155715518e+04
-9.651544329508194642e+04
-2.539837706558771242e+04
-8.714859641347824072e+04
-2.250173576115051037e+04
-7.203259356585252681e+04
-7.971212836482850253e+04
-7.505172008805171936e+04
4.304155164810974384e+04
-9.067609094969939906e+04
5.070386304553191439e+04
-3.384833452716198371e+04
-2.980045510407759866e+04
-8.201165843775223766e+04
8.284267118767364082e+03
1.988424927488124376e+04
-2.437408299207942764e+04
-6.162864073794861179e+04
5.505145478901500610e+04
-4.239402418991471495e+04
3.326028997717620223e+04
2.222113639755009353e+04
-4.998746265876870166e+04
-6.670058236116719490e+04
-1.318412691333618568e+04
6.008869461983333167e+03
1.746770847508760926e+04
8.772028644558105952e+03
7.120687080358782259e+04
6.540898948186061170e+04
-3.367817334507527994e+04
5.667342958632572117e+04
-5.928863952888760105e+04
-5.450155649700986396e+04
-8.626039789818488543e+02
-2.124829009454476545e+04
1.354178627735330701e+04
-3.233471876580194657e+04
-7.915123609657623456e+04
2.110504820727446349e+04
-2.440620049332761937e+03
5.036030318424490542e+04
-6.400097051303557237e+03
-4.825918304077188805e+04
-2.620418223989061062e+03
-2.014770932988452842e+04
3.974241797911709000e+03
8.744571545200613036e+04
6.498180346288605506e+04
-7.428418718808336962e+03
9.021159039456731989e+04
1.294040630468713789e+04
-6.733712720454679220e+04
-6.639309073114453349e+04
-7.249569167232063774e+04
-5.429973176989625790e+04
3.887487201541647664e+04
2.084404923603844509e+03
-6.311097132732036698e+04
-2.534783455302859875e+04
3.635775043248873408e+04
-2.852271865506884933e+04
-4.085014595774839836e+04
4.980804490327652456e+04
4.720131962677911361e+04
4.944629477120724914e+04
5.255021127632491698e+04
-4.931080218435748066e+03
-7.205174682775452675e+04
2.375414198000716351e+04
7.614035828669693728e+04
-7.036775984919813345e+04
3.420097864589261007e+04
-4.731802178370041656e+04
-8.448791208833463315e+04
8.564737190102129534e+04
-4.818167969242655818e+04
-5.737987221296967618e+04
4.491999705830809398e+04
8.271146972304362862e+03
4.485558404014095868e+04
5.616142240207482246e+04
-1.310129916498272723e+04
-2.370614531002207877e+04
2.545436300227043466e+04
-1.039148160491474528e+03
4.832412696452468026e+02
-1.579317749446055495e+04
7.383643981216155225e+04
6.971333364971644187e+04
7.266358922255909420e+04
-2.279092804430991237e+04
-3.817856971879505727e+04
2.886626275012491169e+04
3.473684134681073920e+04
-8.980871260687023459e+04
-5.790226658895963192e+04
-4.841618541904322228e+03
-4.263919942207860004e+04
-8.339475421128685412e+04
4.822670577178397798e+04
-8.444443573571549496e+04
4.806254376878654148e+04
4.857664267781836679e+04
6.820861061369831441e+04
8.607546524362604714e+02
-4.389767736183042871e+04
9.161718746095027018e+04
-1.345289564501167843e+04
6.397978510571335210e+04
-3.917321304545420571e+04
2.255321623423642086e+04
6.574911037825294443e+03
5.019826765853692450e+03
5.165112813512418506e+04
-4.054452703082207154e+04
2.136717324849762736e+04
-4.648344518709404656e+04
6.262909886976732378e+04
-5.599255493564689823e+04
-6.678886580436811755e+02
4.618069260416950419e+04
1.687227184359217426e+04
7.278881047174896230e+04
-3.343570272365131677e+04
-4.162194242911967308e+02
-4.497584626846562605e+04
2.139535607466124566e+04
5.617564027650985372e+04
-9.819504368722537038e+03
5.214965719623960467e+04
2.661058314718621477e+04
1.619195655732573141e+04
-7.562800823393758037e+04
3.146416874054471918e+04
8.025044898807872960e+04
1.004154067073238002e+04
-8.167588450784937595e+04
9.414931640431139385e+04
-8.335604487218246504e+04
-3.196613220582710710e+04
8.584386339398806740e+03
1.087580309676599654e+03
8.729162218050500087e+04
6.813125513230419892e+04
2.654936048033760380e+04
1.906047581473779792e+04
7.040350984928643447e+04
8.065413144735434616e+04
3.770218475625682913e+04
5.938555245303735865e+04
-7.796565278348852007e+04
-1.334816207391947728e+03
9.169712225164199481e+04
4.727387107443060813e+03
2.292314241055511047e+03
6.627630262580489216e+04
-4.159212795794478006e+04
-5.303625031307302379e+03
6.228756292750659486e+04
6.556305479263754387e+04
-6.035985810283698811e+04
7.011973798745423846e+04
-8.961029278985346900e+04
-3.366256474217427603e+04
-6.992409020201765816e+04
-4.079324191257996426e+04
1.977249861950315244e+04
6.730262042066855065e+04
1.276399934361701162e+04
-2.757795891952760576e+04
2.673124168493526668e+04
4.641815265572278440e+04
-8.689444289986691729e+04
4.738905163224683929e+04
-6.782378076001764566e+04
-7.376251081861539569e+04
-2.408736362851113518e+04
8.100285541458311491e+04
-5.163406843024618138e+04
-5.834136039920126495e+04
3.559948725939102019e+02
-1.078015723067501494e+04
3.472676764982700115e+04
-7.694052226442236861e+04
-2.594912841020457563e+04
7.147417309985142492e+04
-4.218252438691588759e+04
-5.358197035128640709e+04
-1.565236347671172007e+04
-7.055886882514861645e+04
2.616510159162131458e+03
-3.758031260569740698e+04
-7.386592553285681061e+04
6.265948080597208900e+03
-4.074046384156677959e+04
3.739788872406366136e+04
2.267861748952802373e+04
-8.548919640183972660e+04
-8.685942398190351378e+04
-4.895572847762541642e+04
4.626811425294564833e+04
-1.910920624408604999e+04
2.400851675861838885e+04
-5.977909136672138266e+04
-7.785380119945001206e+04
6.057811044723623490e+04
-5.769904604634902353e+04
-4.780189222209954460e+04
-4.678222685148929304e+04
6.936529346905161219e+03
-2.606142466894119570e+04
-8.670329062629268446e+04
7.389422717552048562e+04
4.850245035689832002e+04
-1.562811580893926111e+04
-2.568982774700183290e+04
5.266387853831997199e+04
-2.519871219974325868e+04
6.536837000654549047e+04
-3.559856173205302912e+04
2.086263690490736917e+04
-3.308276416854271520e+04
-4.958748763883769425e+04
-1.080728021934824756e+04
-1.909613563245010664e+04
-7.074713226685507107e+04
-4.786705085367377615e+04
-8.946117461283578450e+03
-7.391496030327385233e+04
-1.776568955785175422e+04
-4.354301558760816988e+04
7.767477643371740123e+04
3.998138149486546808e+03
1.861718466417153104e+04
7.680056756663444685e+04
4.737100376739113563e+04
-6.988644966227939585e+04
-3.752545696179448714e+04
-5.195096681349191931e+04
4.921263932538161316e+04
6.552303400834587592e+03
6.903557360676817189e+04
2.879865295301574224e+04
2.470790758721996826e+04
-5.109001089419535856e+04
4.352498719226059620e+04
-3.554745311318519089e+04
