-4.975428187167759461e+04
1.192732312143293711e+04
4.888904562565185188e+04
-8.169032858688010310e+04
-2.511398227607460649e+04
-4.945303239926910464e+04
7.377606555696637952e+04
-5.990482482701413392e+04
2.345741342290042303e+04
2.626011931435626593e+03
-2.409356608332952601e+04
4.257465249797468277e+04
5.794369053084974439e+04
3.865851088491209521e+04
-3.246651884446715485e+04
-7.294664544639956148e+04
-3.038375865754925326e+04
5.175354402952105011e+04
1.214094506989802358e+04
3.314188871163167641e+04
1.255868482900813979e+04
8.519368515652662609e+03
5.421464937163873401e+04
-4.265904031535476679e+04
-4.115319498004586421e+03
-6.538562043943212484e+04
1.668646706042875667e+04
2.023909718517460351e+04
5.011071656041919778e+04
6.331309391759898426e+04
1.662403640220411035e+04
3.080448017095595060e+04
2.863407712464981887e+04
1.862051983678840043e+04
-2.262058238070963853e+04
-9.828896702483385525e+03
-4.329716114375262987e+04
1.460975844057570976e+04
5.311367751122393383e+04
-4.308360159575882426e+04
1.812254993272560750e+04
-7.488998996277812694e+04
8.528491348753558123e+04
-1.848074968543814975e+04
8.170537778437405359e+04
-1.016604457394402561e+04
-7.983156811632784957e+04
6.579365387507069681e+04
4.941260301149089855e+02
1.636775599112521195e+04
5.953898958557933656e+04
4.046739637586185563e+04
-3.622152189048924629e+04
-5.125067626948457473e+04
8.424004595525431796e+03
5.777953143165057554e+04
-2.813706533564105848e+04
-6.363958278199527558e+04
3.435084889846494480e+04
-6.098359365544131833e+03
3.369419262477133998e+03
-1.877361317520249213e+04
7.590187779842558666e+04
-5.843236278721778217e+04
7.817882330203315360e+04
-8.680132166544781649e+04
3.674860357077218941e+04
-6.401597417763933481e+04
-8.084504581052665890e+04
-8.466179732692507969e+03
6.472432479687671730e+04
-1.472534149397272449e+04
6.105188439978424867e+04
5.571734736480576248e+04
1.591222057177397073e+04
-4.603341135696700803e+04
6.876253136509575415e+04
2.676664683461426830e+04
-4.167460400898206717e+04
-5.867562815751671587e+04
-3.856718470484175486e+04
-1.591042472634292790e+04
-2.930986918785097077e+04
-4.977140281700625928e+04
-7.739524809731167625e+04
3.434657825588706328e+04
6.616343663575075880e+03
-1.137836034030538758e+04
-1.036071938653063989e+04
7.815237787452968769e+04
-3.063512558287443244e+04
7.123192646771956061e+04
-1.891677393823082457e+04
6.017357319504809857e+04
-5.371478257628776919e+04
-6.618264139315382636e+04
6.476215565897129272e+04
4.603688031935907202e+04
-2.087136991741897145e+04
-1.803759170988950302e+02
7.327360402798783616e+04
-3.599067478888030018e+04
-1.368288760454809562e+04
-2.493164164408516081e+04
-4.893490248995555157e+04
-6.780976009615087241e+04
2.891733795420031311e+04
-6.053485163242665294e+04
-5.911381035745645931e+04
-2.792477699073290933e+04
-1.909044923319342706e+04
7.567600478063267656e+04
5.848314212714966561e+04
8.054489563756134885e+04
-4.275431721801937238e+04
-8.443661976315875654e+04
2.345305266690668577e+04
-7.861541060086924699e+04
1.939917425322105555e+04
-3.485978153801379813e+04
5.500700288471687600e+03
3.379180181837744749e+04
4.523852381198409421e+04
7.853083465937289293e+04
4.286169920807410381e+04
3.158975240443489747e+04
-2.730803409384833867e+04
1.695784770154332364e+04
-5.389703655101552431e+04
-7.489552562016338925e+04
7.283714502426132094e+04
-6.256666612285917654e+04
6.779007753509447502e+04
2.234810228439910134e+04
-4.611710679994589736e+04
-1.835340695456223693e+04
-2.430826225081990196e+04
3.698528669088683091e+04
-6.862417746150369931e+04
7.145503378929223982e+04
1.874745108002122652e+04
4.365065648281636095e+04
-7.035086995755705175e+03
-3.731173963244035258e+04
5.003351582730723749e+03
2.129471675816364223e+04
5.406745441074606788e+04
1.250155283802670237e+04
-7.458674585409981955e+04
3.659055877608960873e+04
-5.948544183639012044e+04
-3.426261066353090428e+04
6.623280424874713935e+04
-4.653162216970881127e+04
-2.729918573308516898e+03
2.404826947810186903e+04
-4.779015229711883148e+04
-6.148954187347527477e+04
-1.767954109123126182e+04
-4.742097084251538763e+04
6.204768025758951262e+04
6.306264558005068830e+04
-4.944942570789324964e+04
6.696448397087572084e+04
-5.415360010444660293e+04
4.408823071115557104e+04
-4.141789025723890518e+04
-5.512636371499533197e+03
-2.561558622861643744e+04
6.092374987855713698e+04
-6.780356082801842422e+04
-1.579193841041587984e+04
-1.485664704049583270e+04
4.065198659608793241e+04
-1.418388810979098889e+04
6.107327172863003943e+04
1.749844255872038048e+04
4.846221262214156013e+04
4.225971210495735431e+04
-4.930232492828195973e+04
6.530023448137232481e+04
-6.869075041990708996e+03
1.785465408096847023e+04
-1.486375005255760470e+03
1.255872729109498323e+04
3.786294557961985993e+04
-5.155174035201477818e+04
8.272145742207180592e+04
-3.896336797395032045e+04
-8.786086436091324140e+04
4.540654989142768318e+04
-4.020060304748497583e+04
4.710294814076696639e+04
-3.805129577288910514e+04
7.157075414587590785e+04
4.609965937544086046e+04
6.730641642368020257e+04
-2.324204463654870051e+04
-2.414406352474659070e+04
-6.590878185138701519e+04
-5.543472505545987224e+04
-4.413711927854806709e+04
5.265361670694038912e+04
7.193741605042479932e+04
2.279757721842724277e+04
-2.096443803865254813e+04
1.984105965618485425e+04
2.047312329718043475e+04
-2.400663154330788529e+04
-2.369072197318883264e+04
-4.592816468355888355e+04
-1.027374037258409226e+04
4.762255504854712490e+04
7.050961122003060882e+04
3.776762096501157794e+04
5.666491769088560250e+04
3.458690897562060400e+03
4.008350999784935880e+02
-2.380656306100066286e+04
-5.332360379614921840e+04
-6.018583544272067229e+04
4.203325345330582786e+04
5.000428673561329197e+04
2.583782249626380508e+04
-5.906693827965124365e+04
-7.202789360078117170e+04
1.302407822713256337e+03
-4.450770708678134542e+04
2.577584104516884963e+03
-4.480847007220925298e+04
6.979142459669269738e+04
-1.734787976561059986e+04
-3.604938214060758764e+04
-5.149583565091377386e+04
4.043327881614754006e+04
-1.270473708713746782e+04
1.604909992061993398e+04
-8.322346960511371435e+03
8.556090065998745558e+04
-7.827247770419191511e+04
8.446057599866209785e+03
-3.319898431738848012e+04
-8.032974456299659505e+04
7.537718093808114645e+03
-7.020063469444474322e+04
6.024501837002029060e+04
4.195859972517324786e+04
2.797656881482691824e+04
-4.238174057064567751e+04
3.504067028032457893e+04
-1.293734935845677683e+04
6.342992964780595503e+04
1.853284036604658831e+04
-7.706306235783125885e+03
-2.662505518048234080e+03
-3.442886304458244558e+04
-5.319380290703416904e+03
-2.475399680035224083e+04
-6.772023955583073257e+04
-4.015842951612375327e+04
3.370129880376787332e+04
-8.677483388885466411e+03
4.034526095564795833e+04
-9.422034964038666658e+03
-6.101986576297452120e+04
