-9.037324791755932893e+03
-4.053377600348647684e+04
3.207455886707810350e+04
7.296086431161008659e+04
-4.978649883046410832e+04
-8.367516037666430930e+04
-6.784976288632489741e+04
-5.855963816928838060e+04
-7.877759220294556872e+04
8.214084447616581747e+04
5.873191403105041536e+04
-5.785139093612536817e+04
-9.185729677605148754e+04
2.641709953968967511e+03
-7.933475096192654746e+04
6.165107384454066778e+04
4.270533254473479610e+04
-4.149087474228724750e+04
-4.025160312590457033e+04
2.335147609641850431e+04
-1.989840870991340489e+04
-7.707452102400369768e+04
-4.385667463674693863e+04
7.639642488266537839e+04
-5.712762309797030321e+04
2.346598142420572549e+04
-6.717119262560756761e+04
-9.874547007019849843e+03
-6.599211668031399313e+04
8.501008181866312952e+03
-6.753828052673841012e+04
8.666406285675241088e+04
-6.061910289517545607e+04
9.698269888400874333e+04
1.514982363668442849e+04
-8.234304266418472980e+04
3.383074532670428744e+04
-2.726656629443512793e+04
-2.932601419580574293e+04
-8.344720341685495805e+04
-1.307819208789198092e+04
-4.616412769408961321e+04
-7.851584793667586928e+04
6.549529083647445077e+04
-6.938808361494670680e+04
-5.066816775246299949e+04
5.311985951683492431e+02
-2.422906470044966409e+04
-9.482794663787630270e+03
-2.302050939960176402e+04
4.473630789745129732e+01
-4.700736701167051069e+04
-5.834991766604132135e+04
6.979821081260108622e+04
-6.203358226850992651e+04
1.166447894592305965e+04
-2.079580402532851804e+04
6.604599298581319454e+04
-4.949735609552085225e+04
1.941898006113223528e+04
-6.539400436710482609e+04
4.623578211116811872e+04
8.894342888250428950e+04
6.469155373775120825e+04
2.724402776337317482e+04
-4.194246545488328411e+04
-4.120694503737478226e+04
-7.047203491068791482e+04
-4.356755104450196086e+04
-4.886545014947324671e+04
-6.382078642589626543e+04
-6.959328157290752279e+04
-2.528080517353937103e+04
8.530346483157992770e+04
-2.298301404757396449e+04
-2.843304650395469071e+04
5.663815189973945962e+04
-1.827765860234724096e+04
8.115829046620344161e+04
-4.079501052328532387e+04
-1.769011738429621255e+04
4.708401434194975991e+03
3.054624316100143460e+03
-6.252620059170562854e+03
3.295813760197212832e+04
-7.748209147516250960e+04
-9.244170683615175949e+04
-2.439436829278019286e+04
1.007346225723834868e+04
6.182220948895954643e+04
1.678791971757454667e+04
6.747233378789872222e+04
3.344250544825143879e+04
6.686590605966308794e+04
-3.755413128041444725e+04
-5.075299494116671849e+04
1.090082211935767737e+04
2.674314459460768558e+04
-7.429522810704662697e+04
6.696673846372502157e+04
-5.134709847909792734e+04
6.108868211962807982e+04
2.552234970882812922e+04
8.792511696001543896e+03
7.746838256734202150e+04
1.063376529283823857e+03
-9.238519891106245632e+04
-3.773800613797704864e+04
4.253438513034722632e+02
-4.420436444532447786e+04
3.269925137188381632e+04
4.978444988033248956e+04
-2.216266640365089643e+03
3.633451027687146416e+04
-3.735282964661784354e+04
4.183173046335097752e+03
4.113137036386789987e+04
-6.353478399174248625e+04
4.002112623819759756e+04
-7.210902829670462233e+04
-4.592101941481235554e+04
1.561537121233535254e+04
-3.762338806002439378e+04
4.380829842879043281e+04
-4.990903667757750372e+04
3.812192924991051405e+04
4.136578191246690403e+04
5.510049493065546267e+04
8.380617712590715382e+04
7.564828371461875213e+04
3.822986072016666731e+04
5.283920353629595775e+04
5.622900823275759467e+04
6.286191109196599427e+04
2.760593251675293504e+04
-4.472754618708760972e+04
3.387147751639552007e+04
2.764459213117868785e+04
9.747754225941932873e+02
-4.277132992578814446e+04
-1.571022784830776982e+04
9.392377788424720347e+04
-6.296032803043060267e+04
-1.397826748707361185e+04
-4.428199730423139408e+04
4.033086797601275612e+04
4.623696875799151167e+04
-1.641228407918137964e+04
-5.838823341793454165e+04
-7.879767619836711674e+04
6.511451248339367885e+04
6.780980933857640775e+04
8.141121076393584372e+04
-1.055933704386910540e+04
2.224891142012626915e+03
3.142480456518475330e+04
-2.847344834490278663e+04
2.838257611652031846e+04
-7.483035375742180622e+04
5.052963347082551627e+04
-3.858345418256962876e+04
4.942409304107424396e+04
8.074880171979065926e+04
4.573338670423726398e+03
8.334010236369779159e+04
5.265117573577631265e+04
-1.334849385863801581e+04
5.628479972470799839e+04
-1.928160851735182587e+04
7.286273357400170062e+04
-4.608221377753848355e+04
-1.849808908714769495e+04
-7.133308627668602276e+04
-1.612009995667655858e+04
-9.690866978469446622e+03
-8.340511765462913900e+04
-1.968365285938007582e+04
5.494294230307020916e+04
1.053199902114308134e+04
-5.783019269034279569e+04
-2.776649331850816907e+03
-6.536912889115430880e+04
-6.059466765254219354e+04
-5.542399082456943142e+04
7.939298292675726407e+04
8.825002204917503832e+02
-1.832217109930956940e+04
6.771881285376517917e+04
-3.810845701600040775e+04
4.736559801109123509e+04
5.223050943281023137e+03
-7.809722993051953381e+04
-9.062509458039734454e+04
5.667139322545386676e+04
-6.545354021344303328e+04
-4.676677756747306557e+04
-1.011553893307239014e+04
-4.149289597793186840e+04
-4.308634135925237388e+03
3.879217232751330448e+04
2.082150906339292487e+04
-6.312285815447210916e+04
-2.806236310209962539e+04
6.642313662887384999e+04
-1.515409329275730124e+04
1.194568464869782474e+04
-5.619012212142404314e+04
-2.438138738252649637e+04
-5.890853040509209677e+04
5.792171109018529387e+04
-8.113378291303951119e+04
-7.885008471695397748e+04
5.463740445441944757e+04
-2.545654962048881134e+04
-4.224551482371290331e+04
-2.963363409371680973e+04
1.304617043194572398e+04
5.967976624836318661e+04
-1.953936790367078356e+04
-2.478602079597759075e+04
-3.145287760715901095e+04
-1.338477686959041239e+04
1.625363722022883121e+04
7.501611177015125577e+04
-5.609561993080273533e+04
7.729783548324939329e+04
-3.589210294900029839e+04
-2.527985392920985032e+04
7.238773175317083951e+04
3.273224389409796640e+04
4.803132129452983645e+04
6.554216877821584058e+04
7.081041473662888166e+04
2.822262011927226922e+03
1.210854127774935296e+04
-2.686188671686033103e+03
-8.937220466682889673e+04
-4.324215895299979456e+04
2.191258012290874467e+04
-1.067649048474544725e+04
3.780710710445961013e+04
-1.521115815861967349e+04
-3.548564663661932718e+04
7.183834871922641469e+04
8.375703760626634175e+04
-6.296448911531490012e+04
-7.971048765745230776e+04
-4.039582706320600118e+04
1.873447181375330911e+04
5.224036629950448696e+04
4.695302436574565218e+04
6.113939717956403183e+04
1.745577753302059136e+04
4.854032933312906971e+04
2.059656425487049637e+04
2.958868565849873630e+04
-7.240645287880994147e+04
6.507660839896722609e+04
5.137964021216378751e+04
4.850576006537464127e+04
4.725396343080448423e+04
5.510804243892749946e+04
2.654320618690116476e+02
1.955413567178164840e+02
6.562894614709746384e+04
