-7.005626254093971511e+04
-4.844699993809797888e+04
4.222273528485842689e+04
-5.887930529812855821e+04
-3.792660389024257165e+04
7.700278081200481392e+04
-8.502489946777446312e+04
-7.238479504856935819e+04
-8.618130082840171235e+04
5.637748391545877530e+04
-7.846784703216084745e+04
1.236683246325148502e+04
-5.744026272590802546e+04
5.988652657871278279e+03
4.873040324951878574e+04
-6.712056133885466261e+04
-9.878132669674516364e+03
-6.504757679495090997e+04
3.384672205163629405e+04
9.082228691243231879e+03
-7.306424709223584796e+04
-1.294720525021640424e+04
7.043742422616123804e+04
3.477826101047662814e+04
5.829191573923428223e+04
-3.756519576399866492e+04
7.223749613708736433e+04
6.532286353010843595e+04
-6.370651624930856997e+03
-2.792582514053108025e+04
-5.696799633775476832e+04
2.988994437122807358e+04
5.791479246916595002e+04
2.230292873640387188e+04
-7.070824219619896030e+04
-3.568042136370318622e+04
3.367858644611681666e+04
7.166556891568982974e+04
3.350720782787685494e+03
-5.765439100452690582e+03
-1.338803691299588172e+04
5.708120001516635966e+04
-5.196497736778701801e+04
-8.194951085381979283e+03
-5.843802115784646594e+04
-1.081134945378511838e+04
-2.600038085612175200e+04
-2.130941976379167215e+02
-7.123557789313211288e+03
-3.228801622754544587e+04
-7.329368443092214875e+04
1.942664921766199404e+04
2.098171911729334170e+04
2.116616473827981827e+04
2.347674978980820379e+04
-6.481950305177210248e+04
-5.213736970455500705e+04
3.812688608386440319e+04
4.668993986575532472e+04
-1.853565593680225356e+04
-2.225695138671992390e+04
1.788353934199921696e+03
4.145038034245475137e+04
-3.106656464095312549e+04
-6.713274519821727881e+04
-3.293049494724583201e+04
-4.738359027475669427e+04
8.094069796453861636e+04
-9.547929249417190078e+01
2.650560167925399583e+04
6.474714108351229515e+04
4.962123285924366064e+04
-2.387463587915478638e+04
6.358366739951052296e+03
4.242180279189120483e+04
-3.928518624138850282e+04
4.258804173395472753e+04
2.415988578667763431e+04
-4.432806638737189496e+04
-2.596712230824627477e+04
-5.335622156900275877e+04
7.766511553618822654e+04
-6.165240739743102313e+04
6.960699983214179520e+04
-4.181539930657656078e+04
3.115392566038784025e+03
-3.937927458899392514e+04
-3.474273030713777553e+04
1.337601915710111280e+04
6.229976161115111609e+03
1.185738474801459597e+04
4.177012314765763222e+03
6.040522836677169835e+03
-2.936479315268277787e+04
-6.000152459806160914e+04
4.118455232593303663e+04
-5.966145149138509441e+04
4.003926189935900038e+04
-1.981319050769134992e+04
-1.827332518539314333e+04
9.547348455561549054e+04
4.954258838650957478e+04
1.239835861112487873e+04
-5.178161116524890531e+04
-3.040514006348553812e+04
-3.398365657931596070e+04
2.079430947909073075e+04
3.425286984130891506e+04
2.972837131895473067e+04
5.370397717925684992e+04
-7.388641104577854094e+03
4.546403661685985753e+03
3.586948218810973776e+04
-4.910605666009093693e+04
1.428289245144648521e+04
-5.442737953299158835e+04
4.138123749041825795e+04
-3.970139371810039302e+04
8.861022384497267979e+01
7.145949384757468943e+04
4.821886034060105885e+04
-5.596364849169176159e+04
1.795951570382432919e+03
2.220958895135346029e+04
5.258543073258337245e+04
-1.901333104337588156e+04
-2.094536979076511489e+04
-4.909558246219155262e+04
-1.493658632341551129e+04
3.298185119132536056e+04
8.883051626055190354e+03
-2.506136254242151699e+04
-1.275835846260010840e+04
6.152858990936200280e+04
-7.151112647164108057e+04
5.392906745903231058e+04
-4.093826446183468943e+04
5.384407347950713302e+04
-3.349810877580167289e+04
-4.362420134285796667e+04
-1.655978504664255161e+04
5.628793176529576158e+04
1.883186768710392425e+04
4.169619824431099005e+03
-6.272764255431554193e+04
-1.762557914585884282e+04
-4.786146963603162294e+04
-3.597987044403628533e+04
-7.425293892476498149e+04
-5.818032879718100594e+04
-2.642801732375273787e+04
-4.495616127304989641e+04
6.393520391358279085e+02
1.216449368135327495e+04
5.307212783609577309e+04
-1.855416534049668189e+04
-5.201976588844201615e+03
6.472364331393656585e+02
5.621592521174398826e+03
2.099102579058847368e+03
8.779515103489700778e+03
7.647891633553332940e+04
-3.809964863577920369e+03
6.031529142272624449e+04
1.768837842506774541e+04
-2.320067726468185720e+04
3.228140059278199624e+04
-3.346240385846832942e+04
5.267750876282660465e+04
4.368473335861070518e+04
5.326807455899222987e+04
8.887712822970071329e+02
-6.252636452935677517e+04
3.591796832487834763e+04
-2.652713184687395551e+04
-8.192747479535457387e+04
2.779963156987560433e+04
5.300388078261414194e+04
-2.335913756261278468e+04
5.833654799789285607e+04
-9.812102800520384335e+03
6.198127834564233126e+03
5.718087181311765016e+04
7.804176196355451248e+04
-3.133984598858546815e+04
2.651442973423972580e+04
6.989141082966796239e+04
-5.762047844355507777e+02
2.397030666451059733e+04
4.325538432312384430e+03
-6.170836313214931579e+03
1.502374552120878980e+04
2.812296110928428607e+04
1.371838928154932546e+04
-3.844402754852081853e+04
4.146862892698405631e+04
1.641986784717235787e+04
-2.864918932553199920e+04
1.087208596305604487e+03
3.027798533084325391e+04
1.835504238624300342e+04
7.210345448242417660e+03
1.835429597032125093e+04
3.338856649752531666e+04
-8.167644360538087494e+04
1.061208761325217529e+04
4.919548611008225998e+04
7.532402515019066050e+04
3.776624159413815505e+04
4.242328810294601863e+04
-1.496419879392141775e+04
-5.090340273150183930e+04
6.475441868117681588e+04
4.940167844970012811e+04
-1.999126876424621514e+04
-5.709811184404180676e+04
9.602891122066565003e+03
-1.547432744476719745e+04
4.494530750433892536e+04
2.050192975670551459e+04
7.755770700773109274e+04
-3.783536277148792578e+04
-8.434748317357058113e+04
-3.350638349714953802e+04
2.355513678114016511e+04
-2.112672318798390188e+04
-9.887080878499662504e+03
7.684249487058155864e+03
-1.424484268095160041e+04
4.900114043973780645e+04
-5.245208302532041853e+04
-3.172890800455062708e+04
6.598042454920914315e+04
-3.136752852680051365e+04
-3.615695630544211599e+04
-4.613914730362013506e+04
-1.724131047249826224e+04
7.064676069337039371e+04
-3.266578443361330574e+04
3.158714345088343543e+04
-2.974081043039151336e+04
3.020482055817054516e+03
-1.893379386783533619e+03
7.254566802552339141e+03
1.774434745611057588e+04
-4.177319249753154145e+04
7.412127225974531029e+04
1.141946317013390581e+04
-1.426583504571846061e+04
-6.163860674035884585e+04
-7.134573707178293262e+04
5.639817794016820699e+04
4.069799124808368651e+04
5.373242051045731205e+04
-2.234001107956246415e+04
4.013261125558589993e+04
-4.163801694463381864e+04
-5.503102096496812737e+04
-1.116868097975633827e+04
-6.969670314184405470e+03
5.771656746748893784e+04
5.120896825140958390e+04
-6.495569398958697275e+04
2.347203975319373058e+04
1.092953186429169000e+04
