-3.215742953932038654e+04
-3.065380020609669828e+03
1.018610101476712316e+03
1.597271617855268914e+03
-1.083046102490082194e+04
7.522075981025156216e+04
-4.856064166894948357e+03
6.141754441998462426e+04
7.798970112580110435e+04
-2.043883953489580017e+04
-2.115206500732343193e+04
-1.335735285102809030e+04
-6.721916474819614086e+04
6.241597774515810306e+04
-9.011041464559051383e+04
-5.803356784838898602e+04
5.734539010819300529e+03
-3.904581831001745013e+04
1.640790840837892574e+03
4.088304590428114898e+04
4.553133129769418156e+04
-4.865570395394514344e+04
6.145217413922871492e+04
-1.629710631627238763e+04
-8.282562661036610371e+04
7.644591879149325541e+04
-5.588846085966624378e+04
3.841833781770936184e+04
4.478369690561776952e+04
2.061218234409561410e+04
7.774103289539973775e+04
1.960513424684235724e+04
7.099726224914463819e+04
6.119201602723367978e+04
4.298372617377857387e+04
-2.786103704762501729e+04
-2.200201476786269268e+04
-2.641335270292831774e+04
3.255575145941553274e+04
-7.159930719917609531e+04
-6.387291156622468407e+04
3.856515277241659351e+04
8.777521912087597229e+03
5.551126807867850584e+04
7.262573086504641105e+04
-9.237137712975277100e+04
7.658108881410118192e+04
-5.271752339563911846e+03
-1.655598780068574706e+04
-4.531002023331715463e+04
-5.001466732615911314e+04
7.490348900922716712e+04
-8.440075589077203767e+04
-6.549613063006816083e+04
4.695448500295544363e+04
-3.022998065022164155e+04
-5.193092541863197403e+04
-7.855728343543517985e+04
-3.079713406544425743e+04
1.176289710463939809e+04
2.191960616546327583e+04
5.351614554731629141e+03
-3.828777074390002235e+04
7.846285040824113821e+04
7.817947357600240503e+04
6.326054210835415142e+04
-8.755012912421868532e+04
-4.303994337384958635e+04
8.145583642399356904e+03
-5.989902267797908280e+04
2.594468858133220419e+04
-6.737474099891625519e+04
5.437218715769521077e+04
6.830482795385704958e+04
6.677487976910494035e+04
-2.544604792165800245e+04
-5.876192052287625120e+04
-3.947606890326737630e+04
5.649973387007434212e+04
3.154105448596792121e+04
2.532122557542712457e+03
2.209646425508990069e+04
4.593623675470983289e+04
-6.689619989385719236e+04
4.473346871367369022e+04
-5.956432583552352298e+04
1.233987257715561282e+04
-3.723266288797394373e+04
-6.736368708484129456e+04
-3.929706480302591808e+04
1.435949824998460372e+03
8.098454552873970533e+04
-6.989758579139341600e+04
-4.625926191793276985e+02
-2.528732296432313888e+04
-2.734147325601860211e+04
2.799490729931713940e+04
1.761224735495325149e+04
-4.745115197509378049e+04
-8.345838910163432593e+04
5.531599330917183579e+03
4.482025469841515587e+04
3.050058591948344838e+04
-3.390517650256468187e+04
3.337733463890256826e+04
1.711032074363867287e+04
1.230189223841356215e+04
-2.492105285931452818e+04
-4.129052174242409092e+04
1.998316991792572298e+04
6.605834887920336041e+04
4.238162768669553043e+04
-2.566014980800426929e+04
-3.399243928749374754e+04
7.067094776926135819e+04
-3.216857138077144555e+04
6.875357325922723976e+04
-7.800992313325800933e+04
-5.521320511349786102e+04
-1.188632142079674486e+04
-5.328304803009892930e+04
-4.760701847689646092e+04
-3.654927531931528938e+04
-6.001125210453743784e+04
-1.823275576250066763e+02
7.202608585227032017e+04
-3.850601849347228381e+03
4.809001378276784089e+04
-4.075542324640760489e+04
4.993073254580083449e+04
2.702801000190468403e+04
-2.316317149850021815e+04
-3.201354216974850715e+04
-4.927414660524370993e+04
7.765152636766058276e+04
-1.792280293965036617e+04
-3.532942974913012222e+03
6.062400904597036424e+04
-5.859217966481515759e+04
4.215996542455466260e+04
1.615751133809225394e+04
7.386316300045481512e+03
-2.699944111575402712e+04
-6.600522316457609122e+04
-7.387897126022219891e+04
6.918027720329577278e+04
6.620874268132181896e+04
4.838008964392488269e+04
3.256963059520306342e+04
6.244277045725721837e+04
-3.680637424847235525e+04
3.438822604603577929e+04
-4.091367021171403030e+04
-5.292992634393552009e+01
2.797538276198163658e+04
1.048748587884951667e+04
3.062473225185710908e+04
1.446920507637086121e+04
-2.483498222577005436e+03
7.526514750351275143e+04
-5.022134005937813345e+04
-5.941492816732367646e+04
-7.018348114864283707e+04
4.357532537522388157e+04
-2.230293704362846620e+04
7.068115846095391316e+04
8.267598398008792719e+04
-6.581868097679168568e+04
-5.746403868022151437e+04
-3.365892965145400376e+04
-3.347239027973758493e+04
-2.246494886732436862e+04
2.331281264570520943e+04
-4.382854640038815705e+04
3.206216170939325821e+04
-3.548747716558148386e+04
-4.061190888359781820e+04
4.118212407188394718e+04
-3.311119220914200559e+04
5.870042219148812001e+04
-1.578155455196294861e+04
4.728971276651363587e+04
2.824187835670314962e+04
4.631909691633886541e+04
5.025332087499563204e+04
2.457098586973758938e+04
-4.454253728990291711e+04
-1.901383178563910042e+04
-4.590737337540320004e+04
1.630391507988947342e+04
-8.546853026802518798e+03
6.248183671945903188e+04
-5.839365190952578268e+04
-5.739620313763868035e+04
-5.918614499277299183e+04
6.559524526103952667e+04
2.190291674542941109e+04
-1.330941982635581371e+04
2.455180196783239080e+04
-6.658413821823954640e+04
3.413926128004530619e+04
-4.586018076182532241e+04
-5.444168439019047946e+04
4.129223287622034695e+04
5.472700133509829175e+04
5.927608499778511032e+04
7.284373060929052008e+04
2.727770954331095709e+04
-7.793731011580284394e+04
-6.614293879602490051e+04
4.655434737850503734e+04
6.115020166366299964e+04
5.666739802787086956e+04
6.959684060444915667e+04
8.341609992925749975e+04
7.818025845276749169e+04
-2.771446691959008604e+03
5.308120500490602717e+04
2.183101362653183969e+04
-4.590257330093991186e+04
-3.219516567677602507e+04
-8.483985282483139599e+04
8.767332692208288063e+04
8.626469904220764874e+04
3.528706621958315372e+04
-7.457750639139598206e+03
6.585327435041681747e+04
2.788678791378644382e+04
-1.716692673098998785e+04
5.406765133752873953e+04
-5.378444975729603175e+04
-4.113111079123568197e+04
-4.061749131682142433e+03
5.062648534495768399e+04
-5.850132136934336449e+04
-4.823839725511704455e+04
-5.486165105098405184e+04
-3.872114106425000500e+04
1.363341586409482261e+04
4.010606174707113678e+04
3.031797583901438702e+04
5.202224451969789516e+04
3.556005721455916500e+04
7.123903893405266899e+03
7.664534270864486462e+04
-6.906893034496254404e+04
-5.489300965618760529e+03
3.872911359942058334e+04
-4.563582130388219230e+04
4.812790779141747771e+04
-6.032988554132336139e+04
8.511355940152391850e+04
-4.571277122030839382e+04
2.471932791451295998e+04
1.626774610759455572e+04
8.283975526240334148e+04
2.751520249409612734e+04
1.256605413710691755e+04
7.472230742850720708e+04
2.373388980147804978e+04
-5.220094088281866789e+03
-4.377045678184628923e+04
3.632256716517626046e+04
3.061018852601742401e+04
-8.606457911696186784e+03
