2.936080492827109993e+04
6.755303900237371272e+04
-2.063860920390634419e+04
-7.931070294016085973e+04
-2.753158585757970286e+04
-5.406656400201289944e+04
8.314885186479185677e+02
2.349122723563264299e+04
-2.824235329105977507e+04
2.304475086927271150e+03
-5.024362860016684863e+04
1.322241984765104280e+04
-7.397660545389177969e+03
4.821839193540934502e+04
-6.283640052705080598e+04
-4.361130233045775822e+04
-5.448466186357988045e+04
-2.836334801191165752e+04
-2.860172682508350408e+04
-6.776305599825076933e+04
1.456578260170182512e+04
-3.962833038767870312e+04
2.468382927331767860e+04
-4.739828802860291034e+04
-1.537493385105425841e+04
5.789739377205062192e+04
-3.555264447142259451e+04
-4.162100328685858403e+04
5.980608395897319133e+04
6.881457551719255571e+04
4.822388122085289797e+04
-3.991380842340202798e+04
2.157824339098346172e+04
-5.711810350649482280e+04
1.401127535442163025e+04
-2.941215996743558935e+04
-3.520173278227818082e+04
7.875733216889727919e+04
-3.608179403878726589e+03
4.793401862228793470e+04
-6.336916925151314354e+04
-5.670719348568186251e+04
-4.676443882302774728e+04
-1.792531885381523171e+04
-6.715153454468004929e+04
5.328580875000313245e+04
1.376748932616080128e+04
-7.503853743188160297e+04
4.807884644981411839e+04
-3.242885293880462996e+04
-1.290090165506360790e+03
4.513385471441808477e+04
-1.073160073940102302e+04
5.207946991128686932e+04
-3.968677550779244484e+04
-3.812897475743736140e+04
5.227748078732019349e+04
5.835706583882890300e+03
-2.661448726674433055e+04
-4.669194817567039718e+04
-6.024500268606140889e+04
7.906492723004738218e+04
2.958328068661154975e+04
2.407747201341237087e+04
6.857184705801009841e+04
4.052847154504548598e+03
2.055218506760132004e+04
6.423113165801017021e+04
5.381470188695920660e+04
4.141478261659498094e+04
-3.201503882245600835e+04
3.565552806046949991e+04
4.365045458289312228e+04
-6.046169825378274982e+04
4.167981981647136126e+04
-6.650650126838774304e+04
5.692169046164088650e+04
-2.972573355541096589e+03
3.726677583468044031e+04
1.793394406581317890e+04
5.601935190080454777e+04
6.613039528382840217e+04
4.710317321350325074e+04
-4.743444898331043078e+04
2.269071954606126019e+04
2.817121048175942633e+04
-3.376597322099204757e+04
4.740438862396354671e+04
-1.949320404529567895e+04
1.146468980568146617e+04
8.631520625995759474e+03
7.874469669328695454e+04
-1.051999848209218362e+04
-2.355596140791624202e+04
8.072034194448422932e+04
-1.987916143306522281e+04
3.871189924290931231e+04
5.651138758697443700e+04
3.073208132494003803e+04
4.207062279286685953e+04
-6.594091485323754569e+03
5.953966232551332359e+04
-1.972299621592158655e+04
5.245422237502989447e+04
-7.305849201686773449e+04
1.748109806205637824e+03
-2.725122244698704162e+04
-3.492773791986568540e+04
-1.248266677029341054e+03
6.731418667850299971e+04
5.606925662412615566e+03
-4.736195595331491859e+03
6.527371622906919947e+04
1.330663659415153415e+04
-4.810737079610999353e+04
-6.060933901640463591e+04
-6.637880088059708942e+04
-4.447449150401906809e+04
8.006465485716291369e+03
-1.447251145918866314e+04
-1.481511226670052201e+04
-2.831484881723116996e+04
4.189531705630727083e+04
3.145513098259810431e+04
-6.166065573649048019e+04
-5.441137938379357365e+04
-7.339702131673123222e+04
-1.997085759606160764e+03
1.751295727928796259e+04
-6.796675746372228605e+04
8.104797614183352562e+04
1.927505390074878960e+04
8.327496678864343266e+03
1.108803371218764914e+04
4.547432925084917952e+04
6.392065575022519624e+04
2.253945799939769131e+04
6.589957339213445084e+04
4.127306532461087045e+03
5.857619136664448160e+04
-6.591129801433566900e+04
2.866702781928043260e+04
-1.447676374144292276e+04
-1.954852499705096488e+04
2.522334043885063147e+04
1.092540004243973817e+04
-4.589500372694319958e+04
2.922016969473880818e+04
-2.379426892689081069e+04
1.156323303337120342e+04
-2.995358409515252060e+04
5.719390844904497499e+04
-7.486353602305498498e+02
-2.872087010357741747e+04
7.095133991050804616e+04
4.589157247776850272e+04
1.504796227505780189e+04
8.518114981683692895e+04
-4.324305718202109711e+04
1.186614166688808109e+04
4.031130566796077619e+04
8.354300139001921707e+03
-6.486289333279691346e+04
4.282620651928276493e+04
3.018736236462457964e+04
-5.086298858450125408e+04
-7.414804839368014655e+04
-7.219410231918086356e+04
-5.662707802949899633e+04
4.642405930142947182e+04
-6.684494455519891926e+04
-3.292755939974063222e+04
6.247831530177569948e+04
-2.082347547616173870e+03
-3.142736072700761724e+04
6.017115842942291056e+04
4.297589971606474865e+04
-2.577930573782123702e+03
-9.069737252789225749e+03
-6.971794074997537246e+04
3.971591697453149391e+04
1.284766518776930980e+03
-6.057000623017556791e+04
-5.754199638523074827e+04
2.932665360049703395e+03
-4.119327905245518195e+04
-1.469496302917255889e+04
4.911478939657556475e+04
2.450999690048384218e+04
-7.905846286985040933e+04
4.275352879013135680e+04
6.283502021359041100e+04
3.942917943138147530e+04
-5.601734899702660914e+04
2.301698373146663653e+04
-6.948747318149371131e+04
-3.387243088053430984e+04
4.733380303936728524e+03
-3.969652060649758641e+04
1.976377397137578737e+04
7.719026702817117621e+04
-6.826065848044237646e+04
-9.747289352555550067e+03
6.564816539960315822e+03
-3.725309926885662571e+04
-5.843159952357180737e+04
5.584063181870807603e+04
-4.444801906136295656e+03
1.376680087021261443e+03
4.569159428664897860e+04
5.778508325225782028e+04
4.037533158421746339e+04
-5.350604804374251398e+04
3.781927932482985489e+04
4.374650848154362029e+04
-2.351670096822889172e+04
4.628235246960987570e+04
-5.898027995332427236e+04
2.338412375631563555e+04
-6.615536586872220141e+03
-3.297465706041233716e+03
-2.991453909006682443e+04
2.212285361056910187e+04
-1.379008035616131383e+04
2.431115802236442687e+04
-6.976906030255343649e+04
-5.392609361695687767e+03
4.469617380472891091e+04
-5.434740890658305580e+04
3.650474037015072827e+04
-4.507824731651644834e+04
-4.660706202284439496e+04
2.720502297498635380e+04
2.931182568178845759e+04
5.394980164624224562e+04
-5.083230702277162345e+04
2.107062942230342014e+04
-1.251391112305801471e+04
-3.850699007628732215e+04
-4.888274852252031997e+04
-3.713272404890193866e+04
3.204427406912324295e+04
4.614615436972591124e+04
6.043508970753021276e+04
6.601658410138968611e+04
4.247777768045049743e+04
2.141531309743437305e+04
-8.658026662153475627e+03
-5.779230776416823210e+04
-6.375644256923798093e+04
2.557490240504994654e+04
-4.826192924527657851e+03
-1.119337056828887944e+04
6.103458743196762225e+04
6.168237764895123837e+04
-1.254152052679984990e+04
-6.061460582832590444e+04
3.596705741217128434e+03
-2.195484315241127661e+03
-5.735625641209457535e+04
-3.381924610742779623e+04
4.628776543678696908e+04
3.063368132097584385e+04
8.807627999315616762e+03
-1.465355148138199911e+04
