-3.614042174123336008e+04
-7.717463791882953046e+03
5.880390304192985786e+04
7.217920335410519328e+04
-3.171992257520571457e+03
-8.220150129926974478e+04
-4.655440651539596729e+04
6.409939728838203155e+04
6.997202934528561309e+04
-7.755545288367508329e+04
-8.169684430045698537e+04
-3.914176845511001011e+04
-6.074292332399566658e+04
-5.727273939747877739e+04
-8.127709094766380986e+03
-4.554354151657526381e+04
-7.566074095411914459e+04
1.956090419991435556e+04
1.243084477552647513e+04
2.096617998422262099e+04
-6.029526544109698443e+04
6.803355290890570905e+04
-4.470150250971983041e+03
7.186795465254798182e+04
9.807896480118688487e+03
2.786820557885833477e+04
-7.914693687480228255e+04
3.773678505000512087e+04
4.300335171272078151e+04
7.219652137767001113e+04
-6.427023115674404835e+04
-6.495542959669279662e+04
-9.112652012526243925e+04
-1.210716128448942982e+04
7.545040441890647344e+04
8.856590550653234823e+04
-9.777203100991077372e+04
-9.620967370470460446e+04
3.035112703249616607e+04
3.594653876791735820e+04
2.644031874674209394e+04
9.616243038639222505e+04
-8.332773916598469441e+03
7.073824646677305282e+04
-8.202232691278329003e+04
7.654025411693203205e+04
8.797961787890398409e+04
-7.077636775984021369e+04
-3.308038508858795103e+04
-8.801167491934019199e+04
1.251893994918370481e+04
-7.897623565110203344e+04
5.421257069607963786e+04
-7.010701081829688337e+04
-5.597851877181975578e+04
-2.582123338131315904e+04
7.819605561866548669e+04
5.043940910629444261e+04
1.878080275022596834e+04
4.514054979267792078e+04
-8.020530330961095751e+04
-5.422108108031665324e+04
6.509484970443032216e+04
9.473000613492260163e+04
-6.315625419672174030e+04
5.212767140601984283e+04
6.595358794834844593e+04
-1.207848528891033129e+04
-8.950464982456665894e+04
-8.980023156130725692e+04
5.574471569273587374e+04
-4.640646358785744815e+04
2.728056398500125943e+04
2.469108423337101340e+04
-9.267958470207432401e+04
7.501332305682695005e+04
-5.666275448222556588e+04
7.078056286969684879e+04
7.706264025547407800e+04
8.381498673891878570e+04
9.142962517175856919e+04
-3.128923353749598391e+04
-7.201186161704937695e+04
-6.874136781965284899e+04
-1.122936863696272439e+03
-6.924766741442735656e+04
-5.808424187218973384e+04
-6.337855821762146661e+04
7.421074764195442185e+03
-1.580228457267647536e+04
7.780762123133520072e+04
7.254554937022439844e+04
-6.911929210155832698e+04
3.053237774645242462e+04
-7.059802872998928069e+04
-6.624456776485840965e+04
-6.074906096951998188e+04
-3.015220658130878655e+04
-9.215813239534219611e+04
8.542011276435188483e+04
-8.580075188076969062e+04
2.810753849843510034e+04
3.804970410872096545e+04
-8.980821245065092808e+04
3.061548043610870809e+04
-5.607137470255452354e+04
8.431940257310734887e+04
5.860304082217831456e+04
-1.074293416906825041e+04
7.091721415734881884e+04
1.357693009398208596e+04
-8.842209400699200341e+04
-3.064845158406722112e+04
-8.015962625009979820e+04
-7.192663661239264184e+04
2.432240063227618521e+04
7.576084280259415391e+04
-9.370759463426542061e+04
-1.195404474368551928e+04
-4.653428717225985019e+04
-4.700653360910507035e+04
8.466916745038177760e+04
4.275566540831056773e+04
-9.045367600088425388e+04
-9.425344773440263816e+04
-5.392067225306439650e+04
-8.183141898788820254e+04
-5.366194210962159559e+04
-7.579221576569436002e+04
6.205878375004952977e+04
7.235373629636300029e+04
5.652332554229912057e+04
-9.723608437403297285e+04
3.215090526670813415e+04
-3.947729814595216453e+02
4.190499936357987463e+04
8.429013352096641029e+04
-5.500759049483628041e+04
-3.862279069329008780e+04
3.266107053295151854e+04
1.481318731378240500e+03
7.940408157459049835e+04
-8.909232853575903573e+04
9.611032374978123698e+04
-5.199250302285167709e+04
-9.305143854526361974e+04
1.990836627979496916e+04
8.567306319827074185e+04
4.876850760229994194e+04
1.883565152390482035e+04
6.185727525357799095e+03
-6.682877979344427877e+04
3.285331552944111172e+04
3.185490804811439739e+04
9.494403736345638754e+04
-1.541866905678237117e+03
-4.072190843933454016e+04
-1.670757096849387381e+04
-7.032462388717501017e+04
9.604518258560962568e+04
-8.269429826064337976e+04
7.161319832482014317e+04
2.913697597585370386e+04
-4.636646477062485792e+04
-9.816023460738423455e+04
-8.295287273659706989e+04
9.420630576003502938e+04
2.107480666617835232e+04
8.809065521613693272e+04
-3.004533904648162570e+04
-8.092651648162363563e+04
-7.299240663072271855e+04
-4.858900029314364656e+04
-1.987175172133811066e+04
4.078237949257619766e+04
5.513564045016835735e+04
2.341227311351343451e+04
-7.103202370968152536e+04
-4.973931012531475426e+04
1.562736880349460807e+04
3.192755888593278723e+04
-1.020126444451053976e+04
-2.521774147758444087e+04
8.256022343362496758e+04
-7.740812787892996857e+04
3.468158343652137410e+04
-6.173513090599011048e+04
-2.373286112380764826e+04
4.341038217118401371e+04
8.430291725820723514e+04
-9.141214043371671869e+04
7.527207729526306503e+04
1.463295649938019551e+03
-6.524788837577146296e+03
8.968233262486798048e+04
5.247169696938439301e+04
-3.253902125080692258e+03
-8.600961010218510637e+04
-7.906247045255752164e+04
-6.172966343624099682e+04
-9.136758760696515674e+04
3.408009247378247528e+04
-5.354725843694410287e+04
-7.898466690275927249e+04
4.998734103370705270e+04
-1.845000563853771382e+04
-7.814751040021887457e+04
-4.322815829107243917e+04
6.839612777301961614e+04
4.312183059806592792e+04
-6.541922103350970428e+04
7.983004406735541124e+03
1.011487692379528380e+04
5.413876720657945407e+04
-7.472400536175329762e+04
2.435392169970140458e+03
-5.200400526067191095e+04
-7.440892379072342010e+04
3.546636817314996006e+04
-2.873710935486642484e+04
7.178838475282066793e+04
-9.532056365049605665e+04
-3.377740637233285815e+04
-8.732877556241548155e+04
4.706551292486558668e+04
1.688609583184436997e+04
5.092697556873660506e+04
4.914576180279241089e+04
8.242888415926754533e+04
7.640481833420555631e+04
1.374590197347294816e+04
-2.994847765153016371e+04
-4.249923580814892375e+03
6.622021532988829131e+04
-5.961708982963946619e+04
-4.282475883005487412e+04
8.587512722073134501e+04
-6.584494692585237499e+04
9.777633733082789695e+04
-6.102965429126538220e+04
-9.569513970592986152e+04
-9.047101881767499435e+04
4.875475312740545633e+04
-2.181709954921582539e+04
-3.180505893043764081e+04
-6.277013998333956988e+04
-2.513542819247107400e+04
9.152440167210706568e+04
9.112963252281527093e+04
-6.683429156287551450e+03
4.252682933106123528e+04
-7.472292911363358144e+04
-6.331623439979150135e+04
1.988884613868182350e+04
4.491835574369450478e+04
1.888980558578275304e+04
-1.292160845389016686e+04
9.762255340239373254e+03
-5.252617720980956074e+04
2.430656247707809598e+04
-3.332172438397172664e+04
9.378615007764039910e+04
3.289264817954687896e+04
-8.921671759722473507e+04
9.810889748329464055e+04
