3.042242711768065783e+04
9.977778010008376441e+03
6.538395867536262085e+04
-1.287683284013841148e+04
7.929465135659792577e+04
-9.436967420089016377e+04
-2.240837362878447675e+04
4.100812154570472194e+04
-2.167633424436759742e+04
8.285182881680608261e+04
3.066959120446719680e+04
7.206201889153356024e+04
-5.454080090566716535e+04
7.066460015497605491e+04
6.204546163386978151e+04
8.026717833533915109e+04
-5.160097080769664899e+04
9.925193988321381767e+03
9.484914413343749766e+04
2.962126116107267808e+04
-3.656883140396700765e+04
-9.527324862417510303e+04
-2.041637140178048139e+04
-4.043350306438922416e+04
6.348986320530391095e+04
7.653458426093372691e+04
-3.075777950780661558e+04
-7.688694189325133630e+04
2.960539219898930969e+04
-6.178630742551749427e+04
-9.077903277431317838e+04
5.109492029912269936e+04
4.623146320544440096e+04
-2.342260535629070546e+03
9.025259659234307765e+04
-9.978242209804597951e+04
-8.907127332801101147e+04
3.673571364525853278e+04
1.337552308811306284e+04
-4.382933370100461161e+02
9.010200414085001103e+04
5.450808220098578022e+04
1.759273609067926736e+04
-9.184368116559502960e+04
-8.328587011015434109e+04
-1.718636947683971084e+04
-7.899111608272690501e+04
-9.025325947632388852e+04
1.429737579801393986e+04
-6.995775606814830098e+04
-6.266594385601380782e+04
-3.658556633886844793e+04
4.957695040348573457e+03
-4.085998597204104590e+04
6.833743689821058069e+04
5.221589468684630265e+04
-2.353133335149590494e+03
-5.702185199401398131e+04
-7.240977896542930102e+04
9.371101653590329806e+04
-1.435321921256550741e+04
5.969252293276732416e+03
-3.529560749462476815e+04
9.304116015099715150e+04
3.827710916902279132e+04
-9.049874215600428579e+04
8.132239308979721682e+04
-1.433885258451770096e+04
5.557919628619762807e+04
4.864847408687086136e+04
-9.274212905778257118e+04
-7.894051154767901608e+03
8.500602704145495954e+04
-3.288617613845353480e+04
4.449243186537688598e+04
-5.499814341073848482e+04
2.672269197041310690e+04
7.470919712266897841e+04
-4.576574406530992565e+04
-7.665160532600560691e+04
-3.284329433573329879e+04
-5.989446223061962519e+04
-4.433716396743997029e+04
1.578943423530964537e+04
3.260624587703678480e+04
5.334066976115987200e+04
9.776604276697836758e+04
-4.010982733679538069e+04
-2.695365241946293463e+04
3.748315985600512067e+04
2.398986895648412610e+04
7.839256565759913065e+04
-7.561870979362112121e+04
9.790030321542688762e+04
6.326219827919948148e+04
-2.303456777700877501e+04
2.039785252475842935e+04
-3.693574568746510340e+04
-6.419050781998544153e+03
4.187983512691754186e+03
9.298329562871536473e+04
-5.399036504172309833e+03
-1.569848026833677432e+04
-4.626860172280167899e+04
4.747900066337322642e+04
-2.755494264742629821e+04
5.744540663284219772e+04
-4.435028461049187899e+04
5.817980898719881225e+03
-9.840922759466200660e+04
-6.321872109366985387e+04
-9.578465817895685905e+04
-4.430591149447518546e+04
-5.156523560385987366e+04
5.417724883640051848e+04
-4.090916325072587642e+04
-3.406489234168946859e+04
-6.995948258402111242e+04
6.377620276538662438e+04
-7.566601197153655812e+04
-3.072485283976091068e+02
8.111799809097882826e+04
-9.541094397973702871e+04
-2.652807103758010635e+04
-5.254554713959740911e+04
-1.131495701538966205e+04
-8.060278877142765850e+04
8.610750061544837081e+04
3.144457315633865073e+04
-9.271499303170498752e+04
5.042759130365769238e+02
-2.872181378332160239e+04
-7.471863649556560267e+04
4.304213064076244336e+03
4.200479776864158339e+04
-9.698180033010235638e+04
-8.278693486355350615e+03
-3.400634723769532229e+03
3.748382248480004932e+02
-8.674862194931232079e+04
2.162344694050950056e+04
5.356501273196146212e+04
-5.430107871348332992e+04
7.174973166144597053e+04
-4.477135896069844603e+04
-9.095409135421720566e+04
6.825334225982248608e+04
2.396668935112968393e+04
-7.273787511444887969e+03
-8.082028730323386844e+04
-8.359566469800793129e+03
7.357074832104207599e+04
2.262443745272763044e+04
-8.455126114787037295e+03
-3.278159334568461054e+04
3.851298734996958228e+04
-3.806575809200887306e+04
4.261816396683265339e+04
9.010388436020138033e+04
3.791835616948478128e+04
-6.450910751913185959e+04
9.508522507962925010e+04
7.204796370263961762e+03
-5.699127391387744865e+04
5.395007250230929640e+04
-5.128552403664586018e+04
-3.397851083013987227e+04
-4.698269003809861897e+04
1.616960555630264389e+04
-8.574359049885459535e+04
-3.065409823342034724e+04
4.360272010796239920e+04
6.937890653701119300e+04
7.150455599411452567e+03
-8.608948066563517204e+04
5.493534363334684895e+04
-2.155566301891241892e+04
-2.057742183256154385e+04
-3.989534738773519348e+04
9.847573595752926485e+04
-9.101000502481656440e+04
-7.576597233995595889e+04
6.032713507761965593e+04
-8.236069148922078602e+04
-8.033466610367842077e+04
4.879750787843442959e+04
-5.949503169587496086e+04
-3.455543726942549984e+04
-8.707506151050820336e+02
-3.103116685499540108e+04
-6.198189668773282756e+04
8.067533104511903366e+04
4.036273635181242571e+04
8.430993259556840349e+04
-8.204958795129726059e+04
-6.876490814921312267e+04
-4.859849247202550032e+04
-7.325327144398586825e+04
-2.899823880788288443e+04
-4.326585436896513420e+04
8.422921866189589491e+04
6.514440196313669730e+04
4.602910589027648712e+03
-2.699428328572651662e+04
-6.390980737960161787e+04
6.888125632334985130e+04
-9.979040479605388828e+04
-1.962549093051615637e+04
-8.461742390804301249e+04
-2.504199191335643627e+04
-8.933150038590806071e+04
-4.884370220210250409e+04
7.198084270554405521e+04
-7.019284906680471613e+04
-3.767851558277307049e+04
-7.323294331536621030e+04
-1.530230213386217474e+04
2.745045957968592484e+04
3.185519187807514390e+04
-3.486973093675848213e+04
2.359150812547397072e+04
-9.569904302452359116e+04
2.377888227458479741e+04
9.691379584003680793e+04
-4.463810517171842366e+04
-3.321657078006603115e+04
5.144671572573131562e+04
-7.973436756035764120e+04
2.454403700988250421e+03
1.928483160605185185e+04
-5.681777192997262318e+04
-6.380317806628133985e+04
7.280261049242228910e+04
-9.234162084497942124e+04
-8.848850474771110748e+04
5.532354776455763931e+04
6.346022413756162678e+03
9.530818063545526684e+02
3.858350558485020883e+04
7.136230793105282646e+04
8.856002412934706081e+04
6.117037518661516515e+04
-7.493269129625246569e+04
1.555374101775695090e+04
3.246688210646021616e+04
2.630963664017444535e+04
-8.612582090450513351e+04
-6.152034110678114666e+04
4.443364896182801749e+04
-1.945289867136467819e+03
7.441525094593819813e+04
5.070450805499780108e+04
-3.639785437574378739e+04
8.124726276917532959e+04
-8.044443454484971880e+04
-3.733234618572854379e+04
9.338896054185522371e+04
9.415485682046147122e+04
-6.345277259342154139e+04
-8.665646484205646266e+04
-7.568913439927122090e+04
-9.659076135423399683e+04
-3.616844349236267590e+03
-6.934479223922311212e+04
-4.619791627898324805e+04
