3.999561205327172502e+04
-8.081447001576793264e+04
-6.575700733366311761e+04
-1.063052042500300922e+04
6.441084923281222291e+04
-2.216348479080259494e+04
-3.382900375282574532e+04
-2.728072884500765576e+04
4.035644289492531243e+04
-6.989275759445290896e+04
-7.249014334351432626e+04
-8.600635889392072568e+04
-6.569407915585000592e+04
-7.832439934116919176e+04
-6.455216610119687539e+04
-9.906434256753523368e+04
2.386067856742047661e+04
-6.350770582620651112e+04
-5.391278062939273514e+04
3.673594062507703347e+04
6.779805545138799062e+04
-2.094548141757188205e+04
-7.985634651653580659e+04
1.812592960323230955e+03
1.266918966784277472e+04
-4.571623733304838242e+04
1.536751808200163214e+04
-4.451249162936316861e+04
7.655991166439186782e+04
3.454843563795038062e+04
9.859173650070177973e+04
-1.208755259911687608e+04
8.655187856620275124e+04
-2.462359191665253456e+04
-3.877183045361294353e+04
-2.146147488341491771e+04
-6.748092344263753330e+04
-3.631826914584269252e+04
5.031558423159959602e+03
-6.392068291212605254e+04
-1.489632756274894973e+03
4.168091255165568873e+04
9.127242337994482659e+04
-5.670832028816181992e+04
4.035093343220284441e+04
9.675010981041722698e+04
8.750098203303267655e+04
-8.036606782313219446e+04
1.097583132184315764e+04
2.101654791161571120e+04
-1.563869229065744548e+04
-8.133487522422082839e+04
2.104190355101704336e+04
4.887891210179953487e+04
-7.581056568649061774e+03
7.600180439857036981e+04
-7.437688252122126869e+04
-3.567224823761058360e+04
7.134972466901924054e+04
-3.213621014423528322e+04
6.113916684690596594e+04
6.961728291221807012e+04
3.257349513753427527e+04
-4.158996016409924778e+03
3.329166855022924574e+04
5.518852881464140228e+04
5.406240843722332647e+04
-8.405945041075350309e+04
9.527920660192370997e+04
9.650860874011984561e+04
4.574068272791229538e+04
-3.519106713963338552e+04
4.370556458066999767e+04
6.502161915132708236e+04
5.282429166415043437e+04
-2.032112656676103825e+03
-6.542876659598810511e+04
-2.149808891043490075e+04
-2.084291996374237351e+04
-8.639397225528757554e+04
4.903137508609298675e+04
5.836559184559459391e+04
-3.013408521333189492e+04
8.989495977072045207e+03
9.276455664743241869e+03
-7.594680177640257170e+04
-4.947355561596258485e+04
1.529832899381348579e+04
-5.613455466769730265e+04
-9.013921494655979041e+04
-6.309759341569290700e+04
-6.717178399492753670e+04
-2.899670192693216450e+04
-1.816501113215806618e+04
-6.709069817259344291e+02
-1.796524457169382731e+04
2.949228773059067680e+04
-9.080249125024478417e+03
9.884337279987952570e+03
-8.830860277709183720e+03
9.171958682297196356e+04
-5.184222724855248089e+04
-5.982927128401399386e+04
-8.725102033281262266e+03
2.364537553392160044e+04
-7.181889725320093567e+04
-7.941122837651228474e+04
-8.183674749678827357e+04
-3.903766753044778307e+04
-9.767858796477306169e+04
-9.773774147246901703e+04
5.825181248726555350e+04
8.812258642862044508e+04
-3.117208481119015687e+03
5.354564001302747056e+04
-1.135866777838935923e+04
3.667424896926956717e+04
2.506659379978270226e+04
-6.433799392087322485e+04
9.187029970176723145e+04
5.774254434803194454e+04
6.039749858318248880e+04
1.653594327924399840e+04
7.451620665063607157e+04
7.848717509947009967e+04
-6.638554138946303283e+04
-6.062717201737556024e+04
-6.967258608958040713e+04
-6.858971736330474960e+04
-7.901758279263477016e+04
5.210250371629901201e+04
-7.686688852922660590e+04
-4.214544893286056322e+04
-4.137312072138768599e+03
4.071204573859238008e+04
7.687504208562103486e+03
-3.912124754833657062e+04
-8.784665480385186675e+04
5.446873663491547632e+04
-4.447408469593789050e+04
2.168997709304878299e+04
9.455380004041938810e+04
-7.115512097850017017e+04
7.072232029379943560e+04
-3.694234031641627371e+04
-6.070597173224035214e+04
-6.634379690850128827e+04
-6.648079656152754615e+04
9.967530132311449620e+01
2.141661995870305327e+04
-5.176583993985217967e+04
-5.155880263138176088e+04
4.199807007996860193e+04
4.169270383188380220e+04
-8.790334200132772094e+04
-5.879259098275759607e+04
-9.045672110282909125e+04
-7.784758188230993983e+04
8.147689120106621704e+04
6.752143724646158807e+04
-6.156096409806831616e+03
6.640654886302565865e+04
-2.398482362891334196e+04
4.575546424247629329e+04
8.196968629676554701e+04
-9.261351455956866266e+04
7.737978707404343004e+04
-5.527762391308735096e+04
-1.119903246148050857e+04
2.678894013198922403e+04
-8.968469265791463840e+04
-7.483232878907979466e+04
9.374795320546075527e+04
-5.742692403865359665e+04
8.333491066275401681e+04
3.186249803850117678e+04
6.616710176893712196e+04
-8.848013967744684487e+04
-3.835999574331830809e+04
7.159249487984669395e+04
-2.450797152585245567e+04
-1.750045298035059022e+04
6.245226374676162959e+04
-4.957440532088126020e+02
-4.613247882796748308e+04
7.209245751851750538e+04
8.220797636725362099e+04
-6.733608654639319866e+04
-4.735247322905818874e+04
-7.818964981739188079e+04
3.526025352841410495e+03
-1.069026611499895807e+04
-5.722561309885571973e+04
-9.038663869048915512e+04
1.917176020423472073e+04
-4.912411944152091019e+04
-8.000094235769262013e+04
-9.287770636800493230e+04
-6.822672819644917035e+04
6.045806002855923725e+04
-1.977109069769569760e+04
6.050366075601799093e+04
-4.173123790498619928e+04
3.113429978373512131e+04
9.019400909874943318e+04
7.608409822706230625e+04
-1.153030423371237339e+04
-9.936740668692193867e+04
-7.591197696364617150e+04
-9.964036497199076985e+04
5.816014456831561984e+04
-7.701872323371365201e+04
-9.806295607313606888e+04
-1.948252509445061878e+04
9.605300667147035711e+04
-7.170872435799978848e+04
-2.798973561012699429e+04
9.543302671967609785e+04
9.308357307429742650e+04
-8.122906236477883067e+04
5.616484200150066317e+04
1.133626835511979334e+04
4.935191473504730675e+04
-9.797814463962057198e+04
2.833344405004532746e+04
-8.044877974318637280e+04
7.629780983789908350e+04
-5.911780216710155219e+04
-8.091342407117015682e+04
-3.198909927181033345e+04
3.975136072428775833e+02
6.919348181079076312e+04
1.750288275380695268e+04
-2.959690451675135773e+04
-9.521709225452555984e+04
-6.457076247332423918e+03
1.846714492183110269e+04
-3.280650367362638644e+04
5.818476704309532215e+04
-8.418329444841506483e+04
-4.956716289875339135e+04
-7.405731051906367065e+04
2.467109955145804634e+03
9.424181731421241420e+04
-7.891624707907426637e+04
-4.685754110927780857e+04
1.606268656577751790e+04
-9.860052946056838846e+04
4.134044681785554712e+04
1.981064024564717693e+04
4.699194980164995286e+03
-8.532142344708411838e+04
1.299764795367296574e+04
3.840146037150850316e+04
-5.155899950839945086e+04
8.897185999384084425e+04
-3.734944155173366653e+03
1.599348058040532669e+04
7.848341465584903199e+04
-6.953594494800454413e+04
6.041560949741340301e+04
6.329374257505746937e+04
-8.302396623560955049e+04
8.310001251285147737e+04
-9.839244740883895429e+04
