1.962191097659854131e+04
9.082456358245358570e+04
-4.906792515645224921e+04
-8.128670385167885979e+04
-3.555399908369647164e+04
-3.349450026678273571e+04
-2.424095267903591593e+04
-3.444895812124742952e+04
6.300276705198324635e+04
6.363910144854264945e+04
6.323981588827568885e+03
-6.907944810434708779e+04
-3.805313207721970684e+04
-3.883838515793505940e+04
6.611478187549505674e+04
5.259241014477027056e+04
4.592807174730694533e+04
-6.760638374569956795e+04
1.448412179118566746e+04
8.130201946148302522e+04
-6.019280764980623644e+04
8.272869034443466808e+04
2.539088879678966987e+04
6.715584573178588471e+03
7.540600312022336584e+04
-3.041069873556238963e+04
-3.649358046523344092e+04
-5.856453746714628505e+04
-1.172090904452452196e+04
6.128981542633888603e+04
9.751239768685057061e+04
-4.602467020969551231e+04
1.712372315908246037e+03
-2.110687716187657497e+04
8.171390390311193187e+04
-7.853106622737826547e+04
9.738381031098765379e+04
6.063832768270824454e+04
1.778063574086395965e+04
4.808792645067867852e+04
6.571184103793199756e+04
7.580214042704054737e+04
-2.726981231151446264e+04
3.330093494336867298e+04
-6.358630898587696720e+04
3.334729377003506670e+04
9.261384127960345722e+03
-1.476918680133326779e+04
3.449627596568371519e+04
-8.748347065651754383e+04
-4.835793763565803965e+04
3.202087953046564871e+04
2.085872876752993034e+04
2.144781901591057249e+04
1.380353181548763496e+04
-4.454485121790041012e+04
2.040783357910654013e+04
4.293051040301161993e+04
-7.895297779269724560e+04
6.898649653588281944e+04
-1.745848719256732011e+03
-6.638409565542956989e+04
2.565382967054546043e+03
1.337930426113676913e+04
2.442608184614981656e+04
9.703282072483841330e+04
9.880883134919642180e+04
-4.359952313258090726e+04
-5.425479344504493201e+04
1.396559075381433104e+04
-2.632327960889860697e+04
-9.733244205020002846e+04
6.802260774066645536e+04
-1.117142125054267308e+04
9.051534813220051001e+04
9.479887528744277370e+04
-5.723190755735144194e+03
-5.466452361808325077e+04
8.449484321289400395e+04
8.019223210855967773e+04
-4.483545783167401532e+04
-6.647651291079039220e+04
-8.826550766026385827e+04
7.354772307957554585e+04
-7.713911457872901519e+04
-5.377565360462547687e+04
-6.961839870453714684e+04
-6.206652698720641638e+04
8.538240715048555285e+04
1.098730766866145859e+04
1.596563870847006910e+04
-3.034696853058822671e+04
2.753469365436312000e+04
4.470591420031667803e+04
9.806388856644761108e+04
-1.016001960213429629e+04
2.403903116041892281e+04
4.487956682248361176e+04
-7.893863829244121735e+04
-4.963123856151448308e+03
8.065354928241559537e+04
-6.641985571446281392e+04
-8.367003820934354735e+04
-3.137703038643435866e+04
5.811654942686315189e+04
3.532645481164086959e+04
5.621919012162720901e+04
3.934095408571136068e+04
-6.122270731551513745e+04
-1.477902651456348940e+04
6.571147331912445952e+04
1.669425818448469727e+04
-5.892214899065065401e+04
1.506867490691685816e+03
5.973719398496572103e+04
-2.836225375840127981e+03
9.650230036967885098e+04
-5.269089145436431136e+04
6.349321074311327538e+04
2.847527929720328302e+03
8.589753965343506934e+03
8.235766501055836852e+04
2.010705313109248891e+04
-3.047323617213322723e+04
-3.414746080795290709e+03
-5.151700283446749381e+04
-3.490029491648350813e+04
3.751083389379511937e+04
3.526034458191527392e+03
6.452554373866409878e+04
-6.606074329724344716e+04
-2.126889917676476762e+04
-3.402750455026744476e+03
5.479211696297564049e+04
-5.145296510305436823e+04
-7.717731712343194522e+04
-8.067402314796112478e+04
-2.796406366505858750e+04
4.273306421426030283e+04
-6.182480684805649071e+04
2.057580762392724137e+04
5.751321396430425011e+03
-5.036435249427032431e+03
-2.710297654928820521e+03
-9.856129388578480575e+04
-7.673737813629550510e+04
7.861111271454600501e+04
9.520224190282107156e+04
2.229626262867659534e+04
9.296294247269348125e+04
2.768561105980748107e+04
-7.413221327416319400e+04
-8.192424844058508461e+04
-6.965498490668847808e+04
6.568080760491547699e+04
-3.768570658900337548e+03
6.405135661723044905e+04
1.465598664889990346e+02
-2.961451724134211690e+04
5.763971697072243114e+04
5.175609154716655758e+04
6.860395180419310054e+04
-2.968733059587273237e+04
8.565438186003100418e+04
3.613799829618531658e+04
-6.894088982974468672e+04
-7.909367253625021840e+04
2.475669994160845454e+04
5.187052727585523826e+04
5.147463941637644893e+04
-9.668922708467082703e+04
-1.657974809777480550e+04
-1.217961540578601125e+04
5.818543166653779917e+04
-4.240601805071499257e+04
7.237291387821617536e+04
-5.464506173517388561e+03
7.222771831654982816e+04
-8.147904596955399029e+04
3.168283030111802145e+04
7.374866640211196500e+04
-2.406857326283372822e+04
5.818272174549346528e+04
-6.416419555227543606e+04
4.627860089592798613e+04
7.134197571421283646e+04
-4.612292272624894395e+04
5.892251265241199144e+04
4.903744590614176559e+04
-3.382822794396276731e+04
3.581329098757360771e+04
1.414272463061875897e+04
-5.120423245823006437e+04
-3.760139471825362853e+04
-3.295972356910249073e+04
4.970604139445404144e+04
-9.819804230084642768e+04
9.290970446014245681e+04
-2.185017726436160228e+04
5.618113850642387115e+04
3.574225578831904568e+04
6.282772904720024235e+04
-5.491318746128855855e+04
1.198826339761403324e+04
-8.224734132977059926e+04
7.710574806073769287e+04
-6.420594355076124884e+03
4.122321687555656536e+04
4.036808967060097348e+04
4.813835591371423652e+04
-4.568937587273288227e+04
9.007115224257686350e+04
-1.596624194212822431e+03
-2.570758200522249899e+04
3.334642097272709975e+02
-2.698216725019345631e+03
-2.913831611441870336e+04
4.396180857297806142e+03
3.335565915546733595e+04
3.712814875356401899e+04
2.262548341350961709e+04
5.116983727405779064e+04
6.485095439741606242e+04
2.552835096783289919e+04
-4.817398103581010218e+04
5.358424363258644007e+04
3.743343152251141146e+04
4.283870937715072796e+04
-6.760422968763092285e+03
-8.536688725239217456e+04
-5.532055718091159360e+04
8.606877437287120847e+04
1.245714141070993537e+04
5.216136901632637455e+04
-5.082100350081975921e+04
3.801415170917147043e+04
5.954336107383655326e+04
-9.879041554771973460e+04
-2.693262530860142215e+04
-3.368386361205200046e+03
-7.322387817726787762e+04
-2.010205653828445793e+04
4.468062558514077682e+04
-2.949132222023805662e+04
-1.243084932585738352e+04
-6.663423171321133850e+03
-7.468616530599622638e+04
-4.405352174370149442e+04
-4.848518283348330442e+04
1.389764684477758783e+04
5.599590660490362097e+03
4.145740573659150687e+04
-2.464183030603198131e+04
-1.675199738202053049e+04
2.071924744508892763e+04
6.862674304891230349e+03
6.923803400032110221e+04
7.288484085879976919e+04
-2.870104957690447191e+04
4.810729078604914685e+04
5.103683475330472561e+02
6.849190861387173936e+04
3.239669238712625884e+04
4.430044977402345830e+04
-7.793676875294680940e+04
