-2.652802141773741096e+04
2.450301330120493367e+04
-3.506301983871203265e+04
1.304742999149191564e+04
-5.605634480555976916e+04
-8.240518329060093674e+04
-5.539841548564776895e+04
7.328718734255342861e+04
8.306348946028047067e+04
-1.925190978763999738e+04
-9.880453522568215703e+03
9.574079886116448324e+04
-1.974896906020903407e+04
6.507241075849559275e+04
7.374429002048408438e+04
-5.488215121012493182e+04
-5.721162073238891753e+04
-4.162881471990641330e+03
1.440062372576478083e+04
7.990442290364296059e+04
4.896343833452085528e+04
-5.783430466061651532e+04
-9.192526046960783424e+04
-7.345717710874234035e+04
2.879663524245799636e+03
-8.476910880144617113e+04
2.968836637114207042e+04
-8.648835396707529435e+04
-2.846085456023434745e+04
-7.392927718314487720e+04
-7.445482411474760738e+04
-2.634656638556167309e+03
2.205341546051767000e+04
-9.191671962983194680e+04
1.860824290347807619e+04
9.776113179955787200e+04
7.761992890955849725e+04
1.718575870261482487e+04
7.593852629612719284e+03
-9.961566231000884727e+04
6.754723235455935355e+04
-7.868400731518646353e+04
-8.961121223247908347e+04
-3.350610263646883686e+04
2.824227971967820486e+04
-3.310180202610473498e+04
9.333412636054588074e+04
-2.814732091674142066e+04
9.386009807640437793e+04
8.579603789623787452e+04
5.214237882181537861e+04
-5.978875368444034393e+04
8.802909732202315354e+03
7.488368981044749671e+04
-9.642922222373860131e+04
9.050770694413364981e+04
-6.284967972851580998e+04
-1.325556454832250893e+04
5.413931029443571606e+04
-5.165677983490132647e+03
1.785475898202952885e+04
4.664366308875357390e+03
8.754240764171202318e+04
-7.631011418510119256e+04
5.308392217393419560e+04
-3.325126511589565052e+04
4.525226136288249836e+04
6.699144570323170046e+04
-5.747332302240148420e+04
-5.802590144233766478e+04
3.632334035178976774e+04
-3.990196732975120995e+03
3.384800193996361486e+04
5.694884140401099103e+03
8.036640700971103797e+04
6.819871534834588238e+04
-3.019826444417754374e+03
6.333787322931126255e+04
1.533657754916086924e+04
-3.161301438223519199e+03
-9.871515229452747735e+04
5.646783088562048943e+04
5.910309065107427887e+04
9.484758833051437978e+04
-6.588478546180518606e+03
-6.106464368918738910e+04
1.688736905278636641e+03
-5.891046697695401235e+04
9.533107248370356683e+04
7.866332098523384775e+04
-3.214376308947105281e+04
-3.169034563152613919e+04
7.148846518406036193e+04
2.901003764582373697e+04
-4.998358341197522532e+04
8.355205216854113678e+04
2.587084855666829390e+04
2.190286085094128430e+04
-5.004245348767517862e+04
-8.217694991145923268e+04
-3.095679078211921296e+04
-2.733682428921623796e+03
-2.642767104494007071e+04
2.966181792719979057e+04
9.435232440563506680e+04
7.079126313915153150e+04
-6.883731126500629762e+04
7.571667369125942059e+04
8.027621599968423834e+04
2.249668759324106941e+04
-9.812108409196685534e+04
-2.885755674380108758e+03
1.968478285936836619e+04
2.585036044400221363e+04
9.774946575841863523e+04
-3.571053933528525249e+03
-8.787537067550035135e+04
-6.872987076572916703e+04
2.203198138200903850e+04
-8.457636957276095927e+04
-9.310709144249420206e+04
-9.821180192312513827e+04
-1.584129166350054038e+04
3.732653468896398408e+04
-1.177908334959834747e+03
-8.082683952471960220e+04
6.364132938863826712e+04
9.924292714661007631e+04
-6.448962948891699489e+04
-8.322972424287872855e+04
4.762462222726282926e+04
1.573664929754047444e+04
-9.465492562696014647e+04
-9.422427222419585451e+04
-9.518923847818264039e+04
5.019748654716731835e+04
8.808309247449357645e+04
-8.879461538795157685e+04
5.136883259227764938e+04
-9.883411664495557488e+03
9.463712185475685692e+04
-4.204068579198396765e+04
-2.331892284033397300e+04
-1.544152217049439059e+04
5.439712396297439409e+04
-2.971095068954270027e+04
8.214208993466914399e+04
-3.070290237288921344e+04
8.941772307083754640e+03
6.510992276772769401e+04
2.327554122605075099e+04
6.181431494053232746e+04
8.046689681904911413e+04
-8.276858281119819731e+04
-3.432356994536383718e+04
-3.915348558711542137e+04
-5.286350306161383924e+04
5.563625256262789480e+04
-5.936763635040994268e+04
6.810748016882201773e+04
2.457533511027090935e+04
-8.758635778814916557e+04
-6.685244550394201360e+04
-9.356608990603573329e+04
9.203944069619808579e+04
6.631764414567538188e+04
7.987664538449680549e+04
-6.105794959497089440e+04
7.785903100208981778e+04
-4.031041342799579434e+04
-3.115589745112183300e+04
-2.418455604286223024e+04
3.546783630603771599e+04
9.223248295652736488e+03
1.844851259425918033e+04
-3.869329786171991873e+04
3.899321799684740836e+04
2.853473250456658570e+04
6.655591412813233910e+04
-8.110324929047509795e+04
8.098870430393420975e+04
-7.582955800659008673e+04
1.698096768990427154e+04
8.105690929942266666e+04
6.489838889439485501e+04
2.907267487843849813e+04
2.795610002075314333e+04
-5.239769557534156775e+04
-4.694738606767977763e+04
-5.528094790383674990e+04
2.184516954881982201e+03
-8.402293370732084441e+04
-3.242993144040636707e+03
3.551342715954913729e+04
-8.393499532847624505e+04
-8.756486334387338138e+04
6.759251303733244640e+03
-8.933343372858139628e+04
6.329061984512102936e+04
7.001674544163158862e+04
1.082012710304053599e+03
5.436695005993567611e+04
8.877123058013012633e+04
1.920565971620988057e+04
9.835094751064632146e+04
1.380136398990300768e+04
-5.952053202529223199e+02
-6.418616403225495742e+04
5.378487197912918054e+04
-2.076199209087335112e+04
-3.888423565184437757e+04
4.384269735599168598e+03
6.601111806977188098e+04
1.482305611194580160e+04
9.465466766256418487e+04
5.142485023013439059e+04
-8.342642739128788526e+04
-2.298076357051128798e+04
7.321445031656598439e+04
1.462403959459363978e+04
8.763360716877579398e+04
-9.631957314014076837e+04
-6.118937246688374580e+04
-7.932742093972942712e+03
-9.351806580017443048e+04
7.657236759438499575e+03
-2.159619481877500220e+04
-5.381308209955690836e+04
7.118549259967941907e+04
4.988032234140090441e+04
8.569493339265909162e+04
5.927422507863458304e+04
-8.684703124478766404e+04
-9.093326478584746656e+04
4.843652212947808584e+04
1.974082899876044394e+04
4.064702152724190091e+04
5.856884986594138900e+04
7.663198837246943731e+04
-9.058232391542145342e+04
-6.673810827780110412e+04
-8.684599365654059511e+04
3.779768228955733503e+04
9.701492753640894080e+04
-1.675373862650043884e+04
-6.754992895331412728e+04
2.361699083792366218e+04
1.783340760574132582e+04
8.701458159933044226e+04
3.204347172406749814e+04
4.544642719045154081e+03
-9.219259908538809395e+04
9.968169055317094899e+04
7.980920987658693775e+03
7.888089254200532741e+04
-1.012378923766354205e+03
4.423131048940194887e+04
3.971351495484366751e+04
-4.705360472361562279e+04
8.994575861716519285e+04
-3.228806923876642031e+04
-1.672485966859255541e+03
-3.587085867344070721e+04
7.494574889425351284e+04
-4.319002999163569621e+04
