-2.058596356772514628e+04
1.783644684794230488e+04
5.670540262346419331e+04
9.537253444167051930e+04
-2.864138919201973113e+04
4.779913086291211948e+04
-9.990682689097317052e+04
-4.271020445213694217e+01
-7.835467053663007391e+04
7.564018966278576409e+04
2.944542924600133119e+04
3.836254447549805263e+03
-9.722416316898635705e+04
-4.261729547838988219e+04
1.358727189457994245e+04
-2.614401876493043892e+04
-8.807751080921024550e+04
7.087712572396069299e+04
1.745746083744971838e+04
5.432885335676638351e+04
-5.457092478853449575e+04
4.815188235794578941e+04
3.247979834665143426e+04
2.881703514283040568e+04
3.428243078660303581e+04
9.433653388502237794e+04
-2.320876134338533666e+04
-9.569478537871254957e+04
-2.674128345588777302e+04
4.431177688854200096e+04
-6.257395936044998962e+04
-7.491148640835280275e+03
-9.084665563607693184e+04
4.338659317105641094e+04
-5.313699582185666804e+04
-9.932933837916933408e+04
9.822052963866255595e+04
3.225259397745314345e+04
7.529107108926992805e+04
-9.115449352762250055e+04
-4.454276770062533615e+04
7.626253303055830474e+04
1.735670955840719398e+04
-6.665353219475102378e+04
-3.713197314265419845e+04
4.513837514654107508e+03
2.123287511069210723e+03
2.093939939982145370e+04
-1.498132081059488701e+04
8.880749299349078001e+02
4.216376515315806319e+04
-1.287524445192002986e+03
-4.334578958800432883e+04
-7.197297621362243081e+04
6.896111072418566619e+04
9.497858593327479321e+04
-6.041822655853912147e+04
3.588897081600101956e+04
4.130957632015237323e+04
-8.517063865297392476e+04
7.536815101061870519e+04
-2.864095694794132214e+04
-5.698301571587869694e+04
9.023229184283068753e+04
4.731147622757370846e+04
8.451515138748273603e+04
-7.955188795528501214e+04
-9.614458954225882189e+04
-8.355612139691131597e+04
-3.413940511799101841e+03
6.217282424846848153e+04
2.643429742825307767e+04
2.420318562366686092e+04
-4.753332010607297207e+02
9.433106007810730080e+04
-4.249464007627980027e+04
-1.432005579609231972e+04
-3.185755826066079317e+04
4.513226143966181553e+04
-3.743509756939079671e+04
-7.104610151948938437e+04
7.477116745919565437e+04
8.882650948991566838e+04
9.947386024568315770e+04
-1.245628139908820231e+04
-8.071403502431015659e+04
7.481061277245063684e+04
-4.873418233118081116e+04
-5.326076586277161550e+04
8.094729208619637939e+04
-7.527130767587883747e+04
6.317826232220778911e+04
9.193446713800571160e+04
-6.979610675923486997e+04
9.842591282096110808e+04
-6.994181962452273001e+04
-2.770105694757133097e+04
-3.045794850518908424e+04
-6.063808235525409691e+04
3.742560754266775621e+04
7.248103935612713394e+04
9.409917134101860574e+04
-4.174105518137247418e+04
-5.347183127318950574e+04
-2.509541044345517003e+04
-6.330913039898771240e+04
-6.140985247854982299e+04
8.858473408024595119e+04
-2.384758970868598408e+04
-4.883147581317467848e+04
3.863515615910929773e+04
-3.437110991526681028e+04
1.340220910320042822e+04
-7.040971640096468036e+04
2.832532852113787885e+04
-8.200978846338352014e+04
7.894469841595442267e+04
-4.080299516646223492e+04
-1.829211187708321449e+04
-2.502139699131276939e+04
7.529979470672557363e+04
9.415587979317423014e+04
-4.507915248073454131e+04
-3.280253259751044243e+04
4.309702514053224877e+04
3.151744292860124551e+04
5.032668661523742776e+04
-3.175266319495604694e+04
5.133454656540230644e+04
8.532263548870946397e+04
4.353549767241552763e+04
5.768948995771967748e+04
-5.455004529092046141e+04
4.623095353910185077e+04
8.871002069869826664e+04
7.997647476472190465e+04
3.719317873079991841e+04
7.630458982218433812e+04
-9.088582953857351094e+04
5.960033942354092142e+04
-7.021865103748490219e+04
-9.568583638802252244e+04
1.669219567531300345e+04
8.889461869758069224e+04
-5.431803438599543733e+04
6.949130735452358203e+04
3.542822136292984214e+04
-1.968385887388350602e+04
4.743393432333139936e+04
7.188424010521774471e+04
-1.944082643799115249e+04
6.837839867496637453e+04
-4.384600006568713070e+03
6.023291008525078360e+04
1.995449076046597111e+04
6.983425523313878512e+04
4.170828184235683875e+04
-9.824401950790554110e+04
2.557890677529056120e+03
6.544060365963335062e+04
-9.598550297773132115e+03
-4.926717496281483363e+03
3.643353885347177129e+04
9.600887414070336672e+04
8.654013465392947546e+04
1.705190179393292419e+04
8.754570826183141617e+04
6.352678231378397322e+04
8.560032089941237064e+04
4.911121999662699818e+04
-1.951007527051220313e+04
7.338994877466757316e+04
-6.162179269220192509e+04
-3.319482988165210554e+04
-7.677462649990661885e+04
-2.730597995377797270e+04
-8.699384804175524914e+04
-4.939554285014998459e+04
-5.717502786085708794e+04
5.852770477743541414e+04
-4.325964448559156153e+04
-1.705787227054949835e+04
-4.512656346050077263e+04
-1.399183395825439402e+04
-9.796291029158775927e+04
8.436971326388072339e+04
6.091458355137893523e+04
-5.945191998577245977e+04
-3.243551452815563243e+04
9.551114643087418517e+04
5.065529008628937299e+04
-1.904716114836267298e+04
-6.228487707757239696e+04
2.978019522159377084e+04
-7.408158691801578971e+04
9.092573003712566788e+03
9.925252319051632367e+04
2.429212685424135998e+04
5.911425236583242076e+04
-8.924568731146950449e+04
2.166196223522635773e+04
8.843139761134746368e+04
-9.737828886425586825e+04
5.521286313181189325e+04
-4.853577166627719271e+04
1.991209509797006103e+04
3.159350336074904772e+04
-3.577644125078481738e+04
-9.960267582343731192e+04
6.251704521729261614e+04
-6.510869040043369023e+04
1.876994768686001407e+04
-8.903375366108171875e+04
1.006825667272350984e+04
9.968516834017964720e+04
4.515260216589533957e+04
7.424997510580583184e+04
-7.182791489878062566e+04
3.516438328450697736e+04
-4.279409059319782682e+04
3.433415076803121337e+04
-9.147907178996957373e+04
4.980645069250761594e+02
9.958134043523264700e+04
-2.771032451440985369e+03
-4.503355044287042983e+04
2.504963770638653295e+04
-4.003616414457189967e+04
1.675147584283427204e+04
-1.746420147545821237e+04
5.490857403543006512e+04
7.710868042708259600e+04
9.380405419091151271e+04
6.415471347657075239e+04
6.669361509158924491e+03
-4.216322453208214574e+04
9.017145069772204442e+04
-5.431603907262068969e+04
-3.957690540486314421e+04
3.528817408492793038e+04
6.015038946988182579e+04
5.230758993651803758e+04
-1.178507167710600470e+03
8.410648002367051959e+04
6.107026591897141770e+04
-7.569424529508757405e+04
-7.267982221006878535e+04
9.996728301347066008e+04
9.838176406613644212e+04
-9.029308577135940141e+04
3.061235471615112692e+04
3.597460587413455505e+04
9.028851333843458269e+04
5.517358183496002312e+04
5.039235087741395546e+04
8.663910067262902157e+04
-5.519939796337567532e+04
3.802096537562474987e+04
7.743405181479701423e+04
4.567159769594822865e+04
-3.627671514072884747e+04
2.233931118341623733e+04
-1.378491504768355662e+04
9.188997035606188001e+04
-9.622213800725170586e+03
