-1.343745866768308588e+04
-5.412517553034498997e+04
9.297582440992890042e+04
1.917323946116885418e+04
3.894660274023442616e+04
-6.166624829231140757e+04
-1.207235786718030977e+04
5.491037838176821970e+04
7.974863920008706918e+04
-5.089067685625893500e+04
6.750837408810381021e+04
-6.116203269113579154e+04
-7.215927169666030386e+04
-5.777926854877045116e+04
3.317934159048977017e+04
-2.958201209116364771e+04
7.491939114368185983e+04
7.660805980838254618e+04
-4.177655713932825893e+04
-2.117613290277021952e+04
-8.693306251198165410e+04
2.614864115159828361e+04
-3.682093303268210002e+04
-2.906288788612124335e+04
9.500306146344143781e+04
-9.332767036703394842e+04
8.796548378291999688e+04
-6.853364358236308908e+04
3.511484224289208214e+04
8.730027653270895826e+04
9.152164406018567388e+04
9.650384342586503772e+04
9.651190887183320592e+04
1.077879702791044292e+04
2.190472225650005566e+04
2.769452036867109928e+04
-4.681519121369936329e+04
1.631870665180275137e+04
-4.869024305741934222e+04
-7.331001090252857830e+04
9.798269590290336055e+04
-1.289922629736197086e+04
-8.246361097377201077e+03
9.721267611764372850e+04
2.414929942653068065e+04
-8.738280777857979410e+04
-5.861209532291517098e+04
-2.303870419805384881e+04
-1.402871925422336426e+04
6.801426960776410124e+04
1.266391334850987914e+04
7.149237422361511562e+03
8.803427854529325850e+04
7.531885846029462118e+04
2.066535317074761042e+04
6.248684204691255582e+04
4.055117029562097014e+04
2.941444275152585760e+04
3.821950683758000378e+04
4.985438728533019457e+04
-1.473329509132946987e+04
-8.637384500347077847e+04
-3.395191989794490382e+03
-3.470275715736424900e+04
8.301043875023473811e+04
-8.564733537018264178e+04
-2.924106450908061743e+04
1.178422874322230018e+04
-8.812479016420152038e+04
-5.107602344321271084e+04
3.044301474906373187e+04
-4.682889368558504793e+04
-2.196236232894230852e+03
5.452886592795541947e+04
-9.063837713866621198e+04
-4.789274440259072435e+04
5.990734588037148205e+04
-9.809230039993120954e+03
5.218084584673531208e+04
-4.984907039054617780e+04
-8.827057265130009910e+04
-8.402841900783579331e+04
1.031635611934637382e+04
1.159909190701562511e+04
1.912585956577633988e+04
5.562543099773644826e+03
8.405182644691276073e+04
2.013974062448903715e+04
8.689675677580983029e+04
7.892195036213501589e+04
7.796375175810638757e+04
-8.349222179602670076e+04
-4.431326832239986834e+04
8.732922829699229624e+04
-5.731694677909726306e+04
3.514589345057099854e+04
5.453383138066216634e+04
4.931787998272091500e+04
-2.770267224809068284e+04
-2.963739883643292706e+04
5.217410008639986336e+04
-4.652865229506423202e+04
7.904122464934161690e+04
2.420421347172868627e+04
6.663484980334773718e+04
4.595274985401367303e+04
3.831451277637654857e+04
-7.948622907898254925e+04
-2.613025127506664649e+04
6.253963485023729299e+04
-8.645385145067214034e+04
7.961203847891981422e+04
1.316103821418097505e+04
-4.286609629743066762e+04
-5.910084414779349027e+04
-5.533377513242001442e+04
3.588603609109386889e+04
-2.354921927128133393e+04
-1.826755155920963807e+04
6.081987384486111841e+04
-1.609224130729902390e+04
8.902142978791340283e+03
6.182748129636562226e+03
5.883298515139819938e+04
-2.632276613194637685e+04
9.732825559952549520e+04
6.143457139502854989e+04
-3.625605301824003254e+04
-5.952761268937830755e+04
-4.306701985212044383e+04
-2.345325373546351693e+04
-4.364325164746278460e+03
-2.069354695222239025e+04
7.613888806978469074e+04
-1.962588586654897153e+04
3.103579408338468784e+04
-6.368289880789518065e+04
3.916117816757943365e+04
-6.040154518051164632e+04
7.313490353749488713e+04
2.359819067181321589e+04
-3.618332680248880206e+04
-5.778404349990563787e+04
7.606374217451030563e+04
-6.720321607442635286e+04
1.920909917519421288e+04
7.264774966056570702e+04
-6.579970286664538435e+04
-5.351922310037133866e+04
-6.788694178408371226e+04
-6.531053255230131072e+03
9.029784977417071059e+04
9.291254185362992575e+04
7.958988389154747711e+04
1.549809855651693169e+03
-8.204810828305067844e+04
8.055209682062653883e+04
-6.089732539864128921e+04
9.400459823493473232e+04
4.586163882256378201e+03
5.832274344585993094e+04
4.663322659998312156e+04
5.623868263844266039e+03
-3.891161092163249850e+04
-6.466537698084463045e+03
1.901292341340594430e+04
4.192496829246427296e+03
-2.044654394070697890e+04
-6.277819621105623082e+04
6.419371166971771891e+04
2.166098602925204978e+04
3.409011089914914191e+04
8.651381463373152656e+04
-6.364719639936868771e+04
7.281135619375962051e+03
9.129173646025500784e+04
-6.171149765843513887e+04
9.195127812161167094e+04
-5.090202993883573799e+04
6.195040065664571739e+04
-1.414707685404800941e+04
9.959116756786282349e+04
-5.687696302490662674e+03
-2.504662969022517791e+04
1.440045383609459350e+04
-9.305783777083361929e+04
-1.961997136635037896e+04
9.861628680165397236e+04
-3.441675449210722581e+04
-1.314078974221435419e+04
8.687266948374912317e+04
8.816436754193520756e+04
-8.621237462192517705e+04
5.618868366630349919e+04
-4.662971935147442127e+04
-3.713090616665733978e+04
8.131229839611194620e+04
-4.633146450284790626e+04
-5.330300043525324145e+04
-6.025421202431311394e+04
-5.491628731589218660e+04
1.648906246424949131e+04
6.322756386250915739e+02
5.251215637493093527e+04
3.151327269956052623e+04
1.984589394763592281e+04
7.436442935959104216e+04
1.704832619134938795e+04
6.475398250080295838e+04
4.699109652215734241e+04
-4.238748294463880302e+04
-4.557904142976447474e+04
-1.253351266780260448e+04
5.213416835613877993e+03
-9.320072734558927550e+03
-5.926531257815121353e+04
-8.307391926939901896e+04
-7.514708641419755622e+03
8.334864443196430511e+04
-8.411558868900455127e+04
-5.084445590767297108e+04
-7.650008473057106312e+04
-8.964521547212278529e+04
5.634705483423345868e+04
-8.883398618823905417e+04
-4.009584490746763913e+04
2.654311504587556192e+04
-9.927633998422064178e+04
-8.929671732502881787e+04
-9.802182206383786979e+04
-1.753882698762806103e+04
-6.277040208070463996e+04
5.708316599220562057e+04
3.243642898660933861e+04
-5.803332918217169208e+04
-7.577181475988749298e+04
-5.036696063163191866e+03
-1.046673111521558349e+04
4.294776954287577246e+04
1.831535419332799847e+03
-8.506473783042820287e+04
-2.069005609065666795e+04
6.554648271667801055e+03
-5.735997902701811108e+04
-6.894419947796799534e+04
3.943466580919374246e+04
-6.721576438231511565e+04
2.641254330427621881e+03
6.711370960737820133e+04
1.390395522314214759e+04
-3.398833543211260985e+04
6.483937307949185924e+04
6.309369088895772438e+04
3.004203950097458073e+04
3.016507898809063772e+04
8.373594056274961622e+04
7.806934425024391385e+04
8.757900979156422545e+04
4.805887704289292014e+04
-4.304744874645326490e+04
-5.196959596832314128e+04
-6.860282836043959833e+04
9.140259435180053697e+04
6.234688145514172356e+04
-4.478162846769017051e+04
