-6.429044291897333460e+04
-5.136201410995548940e+04
-4.019069931182041182e+04
-3.484643919647501025e+04
6.722393846482427034e+04
2.106169478775782773e+04
-7.646112287686190393e+04
3.897954033147164591e+04
6.223817945340827282e+04
-3.995674172199177701e+04
7.792856250716277282e+04
-3.174637242877135577e+03
-3.031172762131819036e+04
3.039075839135044589e+04
9.744150859861110803e+04
3.044375179396480962e+04
6.572145159430099011e+04
3.854176051507203374e+04
3.038701008642710076e+04
-2.559024424414452369e+04
9.117013789489847841e+04
-4.108155193036609126e+04
5.729840239044120244e+04
6.751771146187468548e+04
-1.515811617103529352e+04
-1.601236712085732506e+04
9.825674591335085279e+04
-6.076368496901650360e+04
8.395916174750732898e+04
4.328912992317321186e+04
3.556399034968534124e+03
-2.130073283104072470e+04
-9.680693265969702043e+04
4.527580235369120055e+04
8.437832829092886823e+04
5.833147128841961239e+04
3.446457429492276424e+04
-6.354541676807578187e+04
-4.032568703732757422e+04
-3.294751672965918988e+04
5.528135496919802245e+04
-3.426187051497866196e+04
-1.760464792600415240e+04
-7.393090049870930670e+04
7.459017496868636226e+04
-2.617568541079219722e+04
-8.698841728419096034e+04
6.997898438411217649e+04
-3.905435768802625535e+04
2.155292670776034356e+04
8.368914042277736007e+04
3.981986765659030061e+04
-9.800472180173211382e+04
2.777830672190351106e+04
-2.986007663804109325e+04
8.568261376082286006e+04
-9.241114240558727761e+04
5.760294839293481346e+04
-1.448389856942696861e+04
-9.473875448494583543e+04
4.528231478100615641e+04
5.776206253162641224e+04
5.386465100495023216e+04
-4.562843977110513515e+04
2.346685059613536214e+04
6.669935265354508010e+04
-9.732615325809753267e+04
-6.352092871674027265e+03
1.446362905775429863e+04
2.998901263021691193e+04
-5.098543108496806235e+04
9.396977463366283337e+04
-4.356125915812985477e+04
8.846250486710929545e+04
-8.680286223748064367e+04
9.353636761065902829e+04
1.964063149158365559e+04
6.239765989204248035e+04
1.660210618323725794e+04
-7.969761760216466791e+04
1.117475000559626460e+04
-4.797336555393667368e+04
9.869444425945189141e+04
-1.228768119041519094e+04
7.198859884239782696e+04
-4.234743886947623832e+04
6.357317753573165101e+04
-2.624351689365777929e+04
1.557091921594222367e+04
-8.247388978967766161e+04
-3.228860663394541189e+04
-6.463409570217640430e+04
-5.756281497907805715e+03
4.626430900641001790e+04
-6.261252712922573119e+04
-3.691128269846619332e+03
-9.926454091058978520e+04
-3.503223845178126794e+04
-5.173269076262104500e+04
2.778449681304665137e+04
-2.917172272233482363e+04
6.764364454408714664e+04
-2.176028618113883203e+04
6.799266719945461955e+04
5.005642627917256323e+04
-7.985880114058150502e+04
-3.618758188781369245e+04
-5.458669685471275443e+04
7.070195322289613250e+04
9.720103219572133094e+04
-1.394724579246898429e+04
-3.831983159748691833e+04
-2.822265200267333785e+04
8.158708543763602211e+04
6.077931234714598395e+04
-1.364558626572401954e+04
-3.555511099473703507e+04
-1.212187656138847888e+04
8.919747578931642056e+04
-5.334532721335636779e+03
-7.482700607798800047e+04
2.380085788370004957e+04
8.303689883533566899e+03
-1.295709177770898532e+04
6.078676759946939274e+04
-3.119941574790242157e+04
-3.056757226077720406e+04
7.734125816163951822e+04
-8.044269567717815517e+04
2.675556159650042173e+04
-4.611438432873963029e+04
3.354673646398780693e+04
-7.321095489829813596e+04
-5.902528312223256216e+04
1.406021876309339132e+04
3.707167115533155538e+03
-1.992166073472649032e+03
-8.313385127206781181e+04
-3.412559201359780127e+04
-3.310928257111623680e+04
-8.471404241914756130e+04
-6.377862824362963875e+04
7.178727090731669159e+04
-6.785747960089794105e+03
4.681041960904741427e+04
4.323947039340376796e+04
3.198960130581704288e+04
-8.833746176933027164e+04
-1.680326352549687726e+04
9.680194707317833672e+04
3.553520489158209966e+04
5.757834274468636067e+03
-5.800696801377987867e+04
4.019883157140107414e+03
-2.342618065877086701e+04
2.629027697940300277e+04
7.504730680508640944e+04
7.548091500145630562e+04
-8.506339073755104619e+04
-2.889306181603454661e+03
-4.597535849192970636e+04
6.645654824572762300e+04
-2.739973911960023179e+04
-5.287561825675670116e+04
1.757992386441376220e+04
7.981065572731768771e+04
9.378429074028076138e+04
7.039161940661046538e+04
2.423415564344329323e+04
1.494402795949342908e+04
4.229152021745599632e+04
-2.628455074234779386e+04
8.264176667841779999e+04
5.629260377188072744e+04
6.380124139579701296e+04
9.778767178897328267e+04
5.208847400772036053e+04
-4.744469568369245826e+04
-2.830408304708291689e+04
8.959224543356182403e+04
-8.450748694800799422e+04
6.012590011530272022e+04
-5.131565604810268269e+04
-3.729776726501980011e+04
-9.254814494704754907e+04
9.188027863126526063e+04
-1.350055456349717497e+04
-8.254031316799619526e+04
8.670889894184033619e+04
-7.904385206292549265e+04
9.699700474067103642e+04
1.104910750485600693e+04
-8.208512308391461556e+04
-8.699673589092615293e+04
5.342572126630304410e+04
3.685878874924101547e+04
3.366864329318311502e+04
3.895287745244451071e+04
1.327605164991988568e+04
9.603111784303682725e+03
3.870794314003975887e+04
3.829545936832912412e+04
-4.208603276208803436e+04
6.683103718572516300e+03
9.247257843896346458e+04
-6.400732361236263387e+04
6.475299587401214376e+04
6.135858926652871014e+04
-8.340819580264137767e+04
-9.523068013203493319e+04
-6.723604054574476322e+04
5.172919629735038325e+04
-4.585778942345801624e+03
-9.628568453462532489e+04
-5.966927326383559557e+04
-9.703722217064726283e+04
5.550669817780220001e+03
1.471093422139808354e+04
-2.964092354405273363e+04
-6.856320695002216962e+04
-8.112022390318506223e+04
-5.802804733158423915e+04
7.937234827033642796e+04
8.618387480434861209e+04
4.767317816171567392e+04
4.313191489720037498e+04
5.006061478300372255e+04
-7.377444661763437034e+04
3.063332697696138894e+03
1.161708125738182531e+02
-1.573027732530998037e+04
-4.001342751824017614e+04
5.978755428387147549e+04
6.499040533675001643e+04
8.289609090199501952e+04
-9.549284127354879456e+04
-9.584989514638125547e+04
-1.367871201191096043e+04
2.768587440261562006e+04
-5.791191431310730695e+04
1.897987991474711816e+04
-4.914030618840066381e+03
8.419843916182970861e+04
-2.113859624277973853e+04
-5.923562373159680283e+04
8.574741502654867872e+03
-2.411368374932705410e+04
8.222182400961579333e+03
8.472786254172810004e+04
5.498766371520006942e+04
-7.087182008913357276e+04
-9.925952255863972823e+04
6.511365145936280896e+04
-5.499743520916007583e+03
-3.614047424551899894e+04
-6.649017573284509126e+04
-6.708733339441847056e+04
3.615652576377076184e+04
9.398130416298963246e+04
1.191656816179128100e+03
7.698316866856157139e+04
4.534664530200004083e+04
2.374228660092320570e+04
9.815808495149211012e+03
6.181521864601366542e+04
