5.163379724931276542e+03
9.757398002177083981e+04
-2.223972069673285296e+04
8.198543894065287896e+04
3.637384989747050713e+04
-8.899305182850494748e+04
3.225684674402342353e+04
3.795047186040797533e+04
-5.007033841525091702e+03
-9.067392116479194374e+04
9.659177807594658225e+04
2.947993098913617723e+04
8.290526620716202160e+03
7.212835699604950787e+04
5.176589504871524696e+04
8.318159634269698290e+04
-1.784720907157683541e+04
1.308763295867086345e+04
-9.648063957788700645e+04
6.262961879044472880e+04
-7.031944068903672451e+04
-6.824923053478926886e+04
7.570564852270291885e+04
5.514047555644883687e+04
5.615472469962445757e+04
-2.035220599179834153e+03
1.260687362019595093e+04
-3.499299264572330139e+04
1.811042810493319450e+02
7.821359506318181229e+04
5.130446021545748408e+03
2.294694874030833671e+04
-5.721351813279892667e+04
7.466563993868570833e+04
-3.731657920981596544e+04
-3.476627631705716340e+04
6.316790023050480522e+04
-7.797976987644268957e+04
-7.391624907256642473e+04
2.599250284516502143e+04
-6.610359772281910409e+04
-6.203415312108953367e+04
1.595524062487139054e+04
-8.086370057464127603e+04
6.765423179064730357e+04
-9.022639899364572193e+04
7.517552166479846346e+04
-7.515472963754438388e+04
-4.423125238802058448e+04
-3.807085452538574464e+04
9.692258157951240719e+04
-4.383536341981625446e+04
-6.498011415615874284e+04
-2.511575480792237067e+04
-3.906844065906791457e+03
-6.318020132564620144e+04
-4.547191532056249707e+04
5.318968958449760976e+04
5.818554408824403799e+04
4.400510417120221064e+03
4.317984060517327453e+04
2.686333225220281747e+04
8.021519065716557088e+04
9.865093682502223601e+03
-3.138577249819027929e+04
1.432357501625001350e+04
9.214233493119817285e+04
-7.620531392979685916e+04
6.957450920481434150e+04
-5.381457220064917783e+04
5.359310558194923215e+04
-9.857105199411245121e+04
1.287837562506841277e+04
4.879242854432899549e+03
-6.866411417072876066e+04
2.921881645937452049e+04
6.871847221295128111e+04
5.394636736720345652e+04
9.065784016272096778e+04
-9.138680183220647450e+04
3.689695457827360315e+03
-7.877099497901674113e+03
-5.114383520489700459e+04
5.129386310312379646e+04
-4.944341073540630532e+03
1.988644129573977261e+04
-5.532654475962904689e+04
-6.464243474546790094e+04
2.469548018510222391e+04
6.488096807887677278e+04
7.872870812636292248e+04
-5.723981148639728053e+04
-6.938475779809390951e+04
2.086433923361006237e+04
-7.415987300890163169e+04
9.939250550705219212e+04
5.444964795575846802e+04
-5.625900189537957340e+04
-5.639941077466498973e+04
4.786362604116267903e+04
-3.476743588943980285e+04
8.726287547340277524e+04
7.183162385987617017e+04
-5.791522507255554228e+04
8.702526083940021635e+04
8.667655715583650453e+04
6.588087707820798096e+04
-5.551394460700694617e+04
4.883315284804630937e+04
-6.280098303780218885e+03
6.890510780794016318e+04
2.187896914568542343e+03
5.757318530048399225e+03
3.223428930806811877e+03
9.502597533528487838e+04
-6.044594410553958005e+04
-6.799464776483086462e+04
-3.458005460297586251e+04
-8.288061750304033922e+04
8.166233949022385059e+04
6.122971185300745856e+04
7.559836367641871038e+04
6.845404080836415233e+04
-4.170598827466058719e+04
-7.849900783782925282e+04
-7.609887355572193337e+04
5.165885672640426492e+03
5.990455473426030039e+03
4.640496637561357056e+04
-3.751631711192496732e+04
-8.012837993539149466e+04
-3.786806005793142685e+04
2.816083294410595772e+04
-3.623114403833545657e+04
-7.428554091635621444e+04
-1.647304472494916263e+04
-7.748088525783809018e+04
-1.480166270724148853e+04
4.315096321450655523e+04
-7.783915246374998242e+04
-4.171900072338722384e+04
-5.566181281884488271e+04
-7.043023119753308129e+04
3.320122292149274290e+04
-9.553286376371550432e+03
-5.802060110224138043e+04
9.270554068751026352e+04
-3.076526623629714959e+04
-1.736585123198190922e+04
-1.258520253107745702e+04
6.418899784990947956e+04
4.488912344968316756e+04
-1.644256588083854513e+04
-3.877889553880651511e+04
7.241043468682951061e+04
-9.639530003696821223e+04
6.001423609457173370e+03
-2.111236841168186947e+04
-1.290168783038779657e+04
-4.507174669047295174e+04
5.863397950455939281e+03
-3.278349859506462963e+04
-3.253947525177969874e+04
-4.048950516225828324e+04
-2.808263862805039753e+04
8.964839189497505140e+04
2.310816688215787144e+04
-6.020013024175944884e+04
-2.604074264424547073e+04
-6.840789407525973729e+03
-5.048541050356898631e+04
3.706341796677849197e+04
4.554938286839630746e+04
3.750282637575238186e+04
-8.526619398928269220e+04
-3.970155738759420638e+04
-2.209695127970257454e+04
-1.921220956769590339e+04
7.578759467295168724e+04
2.976660834845601130e+04
3.566211214743081655e+04
9.224922256367105001e+04
3.686296809754940477e+04
-8.390679430477290589e+04
1.593212328978690493e+04
-2.068740472301346381e+04
-9.338521076786553022e+04
-1.498173852959870965e+04
5.667047052463176442e+03
-4.604309748084517923e+04
-4.478663388719376962e+04
8.677422627353848657e+04
-1.883490218790306972e+04
7.446884177919152717e+04
9.938803184623416746e+04
6.543581711954994535e+04
-5.053657679415281746e+04
5.451874699033476645e+04
4.986386892668539076e+03
9.069354892515421670e+04
8.289487079890262976e+04
-8.084472720943485911e+04
-9.788317372243622958e+04
-4.265183634359591088e+04
5.859394157495211402e+03
3.463484408544499456e+04
1.392305295970939551e+04
-4.109632389301975491e+04
9.215679742305004038e+04
7.460464438073014026e+04
-5.648017436722147977e+04
-4.000082435350137985e+03
-4.596742535604826844e+04
-2.966905605008174098e+04
-8.472526406790041074e+04
-2.777539430874113896e+04
1.614392778037160861e+04
-6.056968424708869134e+04
2.427054962613540556e+04
-8.442015283593456843e+04
5.087332394141059922e+04
-4.426938305252463033e+04
-6.725607154539317708e+04
6.726592725399714254e+04
4.708386890198456967e+04
-7.496834866576141212e+04
-7.511450608654817916e+04
-8.739550749760321924e+04
-6.905235232423171692e+04
-9.180591108032083139e+04
1.978012831323958380e+04
-3.210975929696716321e+03
-9.193347863996974775e+04
4.103520442070093850e+04
-4.804126316711553227e+04
-3.593551812691632222e+04
6.920361035349906888e+04
3.510983409383810795e+04
-1.864908948178481296e+03
4.817503286912998192e+03
9.125644005082966760e+04
9.057237999808466702e+04
-4.489683757911487191e+04
5.739609989190375927e+04
-8.962576326176115253e+04
-1.043203956585621017e+04
-5.599774818084205617e+04
9.502521593731177563e+04
3.345952277311577200e+04
3.392038753049311345e+04
-7.045908528219879372e+04
-9.088595190474360425e+04
-6.132038117811083794e+04
3.158742931498013058e+04
7.528868892967999273e+04
5.866048372120739259e+03
-7.416712677283326047e+04
-1.256401486133124672e+04
8.915229497252214060e+04
1.423905851654519938e+04
3.989521185399625665e+03
2.684327374028453505e+03
8.936626190470530128e+04
-9.563534370449911512e+04
1.996810853932579994e+04
