-6.862285402279229857e+03
-8.747759832611038291e+04
-4.754586166219031293e+04
1.568990242939579366e+04
1.804984595369194358e+04
7.468663914057693910e+04
9.733519987540799775e+04
-5.018481132346003142e+04
-5.014495689044597384e+04
5.292505843700020341e+04
-8.951730375156228547e+04
-6.577536833250125346e+04
-6.062264290933209122e+04
6.159418098150700825e+04
3.117227326649184033e+04
-3.766724776787889277e+04
3.866350026117939251e+03
-1.951878618971526066e+03
6.902730517888843315e+04
-5.075108837687295454e+04
-6.032593508304411807e+04
4.997013251552340080e+04
3.727240409772592102e+03
-1.546618342969780861e+04
7.217898911292913544e+04
-7.514952820563448768e+04
6.344023197574738879e+04
7.558434800810704473e+04
-5.089688937881941820e+04
-3.332860679253137641e+04
-5.226933299956461997e+04
-5.304789145303717669e+04
-4.585340589135057962e+04
4.481432926752220374e+04
7.476218719744846749e+04
1.155200468919954255e+04
8.406666772551067697e+04
-8.766881669755312032e+04
3.424024215874498623e+04
9.357412866735873104e+04
6.543905570778752735e+04
4.336934726818847412e+04
1.574485883128822752e+04
-4.221199459631888749e+04
-4.488756199553023180e+04
-9.118928795331734000e+04
-5.409170209385051567e+04
-3.283054249172061191e+03
9.631192098270339557e+03
-8.800648667236640176e+04
-6.862859252753773762e+04
-1.646704852107964325e+04
9.490735047452559229e+04
-6.910129768237775716e+04
-2.105211560410797392e+04
1.746462783725384725e+04
5.708183506930285148e+03
9.653659575795548153e+04
5.024760513213309605e+04
5.688626066252728924e+04
-1.578135776178222841e+04
-2.547368139849337604e+04
6.103427754165772058e+04
9.993312971321161604e+04
1.660915443438312286e+04
-3.669180547325187945e+04
7.297771701205958379e+04
-2.232640296717988167e+04
5.235056948432199715e+04
-5.929691492153336185e+03
8.028220241231670661e+04
-1.797798772832622490e+04
5.070962632557288453e+04
5.292190914863411308e+04
6.301973046220216929e+04
-2.356186945748049766e+03
7.959825979282942717e+04
7.591785523273808940e+04
-5.819509621393045381e+04
2.740878304890668460e+03
6.613144633549101127e+04
-6.812240563396015204e+04
-5.859218522847216809e+04
8.139815949410597386e+04
-4.658408491493111796e+04
-1.706565144571217024e+04
-6.360226014584230143e+04
1.921427006019996406e+04
2.902148824575319850e+03
-8.109695538668001245e+04
-4.278560218793512468e+04
6.665300539597851457e+04
-2.734093057594780475e+04
2.334973420327288841e+04
-8.779456758703495143e+04
6.614327132737325155e+04
-8.119285079023495200e+04
-9.288162452990442398e+04
-8.468670878268535307e+04
7.849173743293495500e+04
-8.853039585085965518e+04
-9.265899756981080282e+04
5.106017226548292820e+04
-8.664140608070752933e+04
-6.882116000087041175e+04
-8.970403090675851854e+04
-9.426405296515401278e+04
2.005093043958651378e+03
-9.090518709684201167e+04
7.910279577682043600e+04
8.695703306145551323e+04
8.473467499866987055e+04
6.985901708187599434e+04
-7.976896277839117101e+04
-9.418692263783546878e+03
-9.783934568285245041e+04
6.407953053651467781e+04
-8.224722329847051878e+04
2.355801711025004624e+04
-8.824234596326094470e+04
-4.705253985273203398e+03
9.258518166964731063e+04
-9.963566867359183379e+04
4.353837856111555993e+03
4.638839260534865025e+04
-9.194730784065839543e+04
-2.181722516574641850e+04
-1.699435368302487768e+04
-1.280116851658085761e+04
6.437337396278804226e+04
-4.738822050594778557e+04
1.754203219472999990e+04
6.416049857359885937e+04
8.349469136979074392e+04
6.786914404685734189e+04
8.056010826304076181e+04
3.855590078704455664e+04
7.452243410788005349e+03
-7.842843433926602302e+04
5.388802588608139922e+04
2.876746418697569243e+04
7.355764463323907694e+04
-8.100037525397003628e+04
9.280917251168121584e+04
6.463386846475842322e+04
5.485112536094905954e+04
7.114288611275170115e+04
8.665337993468239438e+04
-4.164133453575005842e+04
-8.375017368120512401e+04
-1.514425819366605356e+04
9.405072408394365993e+03
6.776053462152977590e+04
5.451464677348210535e+04
-3.342522231312318763e+04
1.237759501206308960e+04
-6.123141062926812447e+04
6.475539856574474106e+04
2.244809088070527287e+04
9.927344550900406830e+03
-7.840851435850358394e+04
-3.711526909730568150e+03
6.629030241303649382e+04
9.922609444912953768e+04
-2.437008409701132769e+04
-2.340494120721534273e+04
-8.430770151908486150e+04
3.397989476398247916e+03
-1.966132166076670046e+03
5.759833980194130709e+04
-1.100498884494818230e+04
-1.779976290000592417e+04
3.526173846596632211e+04
9.184243362630430784e+04
7.896207315544543962e+04
-5.427609125658841367e+04
-4.185617000543701579e+03
-9.185965779759215366e+04
1.113646661089340705e+04
5.486190982191892545e+04
5.810385446154813690e+04
-5.635999379104044783e+04
3.812686279953782650e+04
-5.576239497626736556e+04
7.239851498840576096e+04
-4.008344628759229818e+04
-4.309281796397190919e+04
2.903353864214492205e+04
7.311599050166400957e+03
-5.717011399501636333e+04
5.413264764369035220e+03
2.826093729811354206e+04
-2.338239017690602850e+04
5.118609375087279659e+03
2.357285963793771225e+04
-8.962562002291843237e+04
-9.719577647227067791e+04
-3.898193109270428977e+04
-5.212204370601970004e+04
4.148903682400622347e+04
-7.405772203549456026e+04
-3.343362876721729117e+04
-3.137945525909294156e+04
-3.608279123074688073e+02
-9.392257419116784877e+04
-9.222771509732083359e+04
-3.874086090281869110e+04
4.679639908830297645e+04
9.589852988042743527e+04
6.216852603919998364e+04
-8.899460035087182769e+04
9.569930794739731937e+04
4.230506208439511101e+04
8.140774084381155262e+04
9.956723991368860879e+04
5.948557067449753958e+04
-5.255121712023464170e+03
3.465756495054296101e+04
-7.166423348091560183e+04
1.604414272836368400e+04
2.693558589069707523e+04
8.217661281446907378e+04
-6.159800705031438702e+04
-5.711003173878180860e+03
1.681452479939839759e+04
-6.112881750477293826e+04
-5.786016109161415079e+04
6.667786109915342240e+04
5.426906285698827560e+04
-2.258958319899690105e+04
-5.947285808333962632e+04
-2.494055309668372502e+04
8.769296640441851923e+04
-7.872677504721366859e+04
9.675198011340967787e+04
6.604199898133103488e+03
-6.256156624210593873e+04
-5.996208510744104569e+04
3.460965985304919741e+04
-5.094646104848985124e+04
5.981726947987164021e+04
-1.490196243269261140e+04
-4.672974112336160033e+04
-1.275619151229701856e+04
6.513893074975133641e+04
-8.143594924565196561e+04
8.254998777892383805e+04
6.708132927732824464e+04
3.438708247664246301e+04
5.758680293872454058e+03
3.996415235385831329e+04
7.056169278377907176e+04
-4.737352610589032702e+04
6.569192053139564814e+04
5.847510299730473344e+04
-1.546069800378945729e+04
9.965154524560205755e+04
-6.281296753042899945e+04
-1.704326309272725484e+04
2.682948351608879238e+04
-9.862960760499890603e+04
6.543128771021067951e+04
-5.710381860840129957e+04
-2.151907175106402428e+04
8.866533182302654313e+04
