7.639187854353606235e+04
8.884185910963620699e+04
-6.559541505082682124e+04
1.609898063570462909e+03
2.754656254941436782e+04
-6.505330173219546123e+04
-5.556099859273374022e+04
7.788461973429730278e+04
-2.576430754700314083e+03
-4.489229928551113699e+04
-7.990857855989686504e+04
-3.952011515433938621e+04
4.692560275592749531e+04
6.789552622277104820e+04
-3.691179792632703993e+03
9.421147704667958897e+04
1.228109079167258460e+04
3.655602404429920716e+04
-6.848022341951100680e+04
-4.147748285875739384e+04
-2.538683577033665279e+04
-3.628441665209510393e+04
-6.703778604473931773e+04
-4.191036749063123716e+04
-4.568215221667657715e+03
-9.943210687571711605e+04
-9.877631515209269128e+04
-8.309823900066723581e+04
9.083389503350296582e+04
8.395009027185886225e+04
2.853526473897458345e+04
-4.388958598524336412e+04
6.150031099311247817e+04
-4.514008818464908836e+04
-7.306839894760872994e+03
-4.405652644485631754e+03
3.175375851248718755e+04
-2.858804464009904041e+04
4.749706032808847522e+04
4.125332995190727524e+04
-6.955341909943975043e+04
4.218851749707715499e+04
-3.970690716971979418e+04
3.082938516888865706e+04
-5.563565911481311923e+04
3.049977460146566591e+04
-8.812598258350195465e+03
3.829588499098064494e+04
-1.432197655935552757e+04
9.601990344907162944e+04
-4.514070846009114757e+04
-6.344465993420436280e+04
-6.397956590133528516e+04
4.320909926562116743e+04
-7.529379883011394668e+03
5.755117994067610562e+04
4.097597582960022555e+04
-7.646032172276139318e+04
9.475182648156690993e+04
-8.369759189824145869e+04
7.035113125647023844e+04
5.702070307365689951e+04
5.603421551249819458e+04
3.949310617520008964e+04
5.911368732720627304e+04
8.752498544991271046e+04
2.614135867387341204e+04
7.535011815032150480e+04
5.950503536044164503e+04
2.643943994945634040e+04
3.691073650827049278e+04
4.654633666062853445e+04
4.718349406885711505e+04
-7.608732444612171093e+04
-4.474582609379769565e+04
-9.121041525381992687e+04
-6.903601594663495780e+04
5.729849706604675157e+04
4.844306312103733217e+04
-9.528824819062912138e+04
6.482474486691028142e+04
-6.693513760803663172e+04
6.481522776782367146e+03
8.011864454203104833e+04
3.571627053987049294e+04
-8.756825038761738688e+04
8.577441705094870122e+04
3.569484402259540366e+04
-6.233638566982461634e+04
-8.165483722759084776e+04
-6.430649287217319215e+04
-7.281848977654238115e+04
4.464424600539787934e+04
1.899274180313949182e+04
1.503045180849338794e+04
-2.211429582786716128e+04
9.264894528106560756e+04
2.752954162454609468e+04
-7.235956177372389357e+04
6.492767771137825184e+04
9.012256990950349427e+04
-9.927306204963299388e+04
-3.168850724872420324e+04
4.806311445734181325e+04
-2.079025088146203416e+04
4.551594004339788808e+04
-1.606715944143130037e+04
8.510784362101550505e+04
-3.425897819471918046e+04
-4.715237059261689865e+04
-8.775306489356017846e+04
1.189313409552207486e+04
-9.890159695502562681e+04
6.429586569478244928e+04
3.996026366551874526e+04
-5.120054484407593554e+04
1.152246940336968510e+04
6.113636551844928908e+04
-6.795852344706015720e+04
3.200479995389813121e+04
7.772184800012403866e+04
-5.387769407045453409e+04
5.664554455676327052e+04
1.071275924530083103e+04
-3.890501519426022423e+04
7.469170393655660155e+04
5.639720946597360307e+04
-9.158398836945461517e+04
-4.927949894062350359e+04
9.271673341728895321e+04
-5.330200639274779678e+04
-8.480940492228569929e+04
-7.017847199973172974e+04
-9.980360709587263045e+03
-8.787549752827106568e+04
-4.158315820504380827e+04
2.929358665511784420e+04
8.423380822458024340e+03
8.157797126610609121e+04
-2.665597914891695109e+04
-5.097802529324149509e+04
-5.499602942792382964e+04
4.797275436634137441e+04
-4.647781479350549489e+04
3.179686136015510419e+04
-1.321357689459323410e+04
-4.615549835721532145e+04
-1.347947251824471641e+04
-3.832235280788695673e+04
4.388692489490849403e+04
3.502463927858950046e+04
2.615367419553554646e+04
6.956859846944431774e+04
-1.231335571857640389e+04
5.365792917021020548e+04
1.130950154374533122e+04
3.226540407229831908e+04
1.512386903077282113e+04
-4.109919993239955511e+04
8.273460615298159246e+04
-4.189856803322014457e+04
-2.325402001664092677e+04
6.296845434253069834e+04
-7.741425340526021319e+04
4.931420173365080700e+04
5.856678813097031525e+04
-3.098851296552162603e+04
2.721194732971287158e+04
-1.821484873698826277e+03
-1.384255625745824773e+03
9.950054281457122124e+04
4.039819630095789034e+04
-7.800990255644755962e+04
3.499482312658056617e+04
8.517924711923034920e+04
1.132131096159471781e+04
6.026063204941518052e+04
2.620413469910946151e+04
5.986532636110355088e+04
-9.921942680936127726e+04
1.645640752779827744e+04
6.753927213943758397e+04
-5.478859488535454147e+04
9.405133128473346005e+04
-2.786923125694285409e+04
-8.306400202182608155e+02
9.917621809494672925e+04
-7.364439930413823458e+04
6.820642532875866164e+04
-1.834641277247133621e+04
-9.469843967878745752e+04
7.341141933681373484e+04
5.443715312201960478e+04
-3.611482897878617950e+04
8.971158408020970819e+04
3.529833995603812218e+04
9.652838778316610842e+04
-3.755010814189240045e+04
-3.766276117215428712e+03
6.875960314742909395e+04
-4.764764845138598321e+04
3.698057735341696389e+04
-7.760796803523132985e+04
8.390741814484029601e+04
9.170267287071874307e+03
2.484604497915304091e+04
-6.297026277507332998e+04
-6.262434917819988186e+04
6.415060602187484619e+04
1.335651805395098002e+01
-7.516800736625138961e+04
-2.225235395597657771e+04
4.963632744336057658e+04
6.435027531698690291e+04
-1.477002636832333337e+04
-4.574201295591334201e+04
-5.194959610130394867e+04
-2.850396746502259703e+04
-9.220674974467791617e+04
8.525911755340454692e+04
2.760555043064085476e+04
2.000926575670628154e+03
3.523390341420500044e+04
-2.899488682512707237e+04
-9.746745569206276559e+04
-3.524832000137466821e+04
7.064511985909638497e+03
-5.572477425347346434e+04
5.007619783324054879e+04
-2.801001036637607103e+04
-6.015345309511289088e+04
7.779340809632209130e+04
2.077429137369320597e+04
4.733787674062585575e+04
8.439881086823518854e+04
3.075340487675756231e+04
-8.816683810482629633e+04
3.803194861705390849e+03
6.001223984959067457e+04
-9.997489690049862475e+03
5.143312862432417751e+04
5.865838341065518762e+04
7.562710435215687903e+04
1.972373955336677000e+03
-3.055555137019477479e+04
2.380741011514503043e+04
-2.421203384484534763e+04
4.427516368076376966e+04
1.772084442384846989e+04
-5.381179242198389693e+04
9.830278585218775333e+03
-6.673923959167511202e+04
-6.506513885248943552e+03
7.535246784884302178e+04
8.649607181637139001e+04
-3.890387357179125684e+04
-9.373008239283142029e+04
4.885127216764212790e+04
-1.252163051858451399e+04
4.233837810067236569e+04
2.387578485083723717e+04
6.558327536980432342e+04
5.322521148646775146e+03
2.642377737152527334e+04
-7.410066347066569142e+04
