-2.706349108835300285e+04
5.840697163920695311e+04
5.799326059310487472e+04
4.854644097538224742e+04
8.527603033554107242e+04
1.796886880401824965e+04
8.927283563158285688e+04
-6.860429894445397076e+04
3.518833085695570480e+04
6.223127961932329345e+04
5.256296341799112270e+04
-7.152420098606314241e+03
8.905234733510395745e+04
-3.528897467519393831e+04
5.269997053992294968e+04
-1.360115209718385449e+04
-6.093053447663685074e+04
4.036243599451125920e+04
7.160050479980448017e+02
-5.973571937737405824e+04
-7.724941276326624211e+04
3.745930257819980034e+04
-7.541621435415424639e+04
-2.505694486583542675e+04
2.252426240235756632e+04
-3.041989347771948815e+04
4.991185511950856744e+04
-8.462116822792422681e+03
4.717509185905271443e+04
6.368860088023640128e+04
1.850562811293184723e+03
-7.700222066765069940e+03
-4.768307497895161214e+04
7.475728244698251365e+04
-3.868859308348562627e+04
-4.223645358247660624e+04
-4.911245390164680430e+04
4.626500872345721291e+04
4.633359054635516077e+04
-8.222733928443762125e+04
7.697236135031818412e+04
3.974949031119136635e+04
-2.115505813423424843e+04
1.926900158505897343e+04
-7.095176468752142682e+04
-1.238594097035330560e+04
-5.708432234086945391e+04
-8.990995617466872500e+04
-3.657343956817388971e+04
5.384160323076827626e+04
8.239131854569481220e+04
-9.406956909529631957e+04
-3.155405603380264438e+03
8.056266896988431108e+04
4.635541374125462607e+04
-5.579958428208948317e+04
-5.307655071490199771e+04
7.058091386735365086e+04
3.672656887995565921e+04
4.065946281342064322e+04
-9.702345228602795396e+04
6.771345066877418139e+04
3.641561770700486522e+04
7.909305508026332245e+04
-7.379899266440604697e+04
6.941555548621018534e+04
-7.712529393037005502e+04
4.755821129631041003e+03
-5.278587088669704099e+04
-1.373141890955822419e+04
-3.272470757901868637e+03
-4.484275561186845880e+04
-8.969487017616753292e+04
-3.906542607440576830e+04
3.314647957061806665e+04
2.430740429918265363e+04
-6.408545755205157911e+04
9.684381141638573899e+04
-1.065052890809162272e+04
-3.936505187608965934e+04
-1.254295813940380867e+04
6.433272945369361696e+04
6.643544464180423529e+04
4.787398822397131880e+04
1.583721553885492540e+04
-6.710953725199389737e+04
-2.277331240940569842e+04
4.471169436875320571e+03
5.113938504322677181e+04
8.228705432871507946e+04
-4.313247461671772953e+02
6.677153299123951001e+04
-8.274044981300743530e+04
6.939284471455367748e+04
-5.619467657242452697e+04
-1.957056475414866145e+04
5.098450870288672013e+04
-6.605230660958348017e+04
6.841156632301116770e+04
5.353096571619598399e+04
-9.660961836749114809e+03
-3.463597695513924555e+04
-7.424577191158074129e+04
-5.981496909081473132e+04
1.284113331418614905e+02
-1.160850699807641104e+04
2.326222645133668630e+04
7.310762317050972342e+03
2.489104838242350161e+04
-1.016491830021957321e+04
-2.932155705110368581e+04
9.402158651223391644e+04
5.633762755184565322e+04
-1.859439875551928708e+04
4.592777629878675361e+04
-5.173185192345050746e+04
6.493009613144218747e+03
-2.922743520660568265e+03
-8.078711969383202086e+04
7.774749534216962638e+04
5.910229054159900261e+04
-3.833241058280735160e+04
-2.122356761170924074e+04
-8.241396403763179842e+04
7.895963653223049187e+04
-3.811489918021934864e+04
-9.669579693040532220e+03
7.601265385345893446e+04
6.298411034915661730e+04
-7.929780493769950408e+04
-9.538554276917083189e+04
8.065440651754161809e+04
-6.378729621407495142e+04
-3.368869397944760567e+04
-7.772250479639995319e+03
7.319555486942926655e+04
3.723262706901880301e+04
3.183716613509426679e+04
-7.087486894161447708e+04
-6.210519738885910192e+04
2.410870920610062967e+04
-3.814411713798187975e+03
4.174606464592592238e+04
7.488718342111105449e+04
1.212432679931012171e+04
-9.892368086219346151e+04
2.101470601918270404e+04
-6.113028436358372710e+04
8.053207202937829425e+04
4.731572606153846573e+04
3.953303989939746680e+04
-6.635056795149898971e+04
3.218379109419166707e+04
2.643450677938849913e+04
8.131269097729476925e+04
-9.077710206960255164e+04
-4.516890342910803156e+04
9.538596420270031376e+04
7.155868720169179142e+04
4.907401655217848747e+04
-9.549829701923967514e+04
-3.152285176955637871e+04
-6.316907014261293079e+04
-5.634961413380749582e+04
9.141565511868857720e+04
-9.445903009332776128e+04
-5.270409006784974190e+04
-9.831126694955647690e+04
-7.497524476126764785e+04
-7.501092663730782806e+04
-9.699663408805350628e+03
-1.826403402767378066e+04
-2.433815461817154210e+04
-4.042031087459044647e+04
-1.468891869931126621e+03
-4.420980729271045129e+04
8.277479559358056576e+04
4.304115960734694818e+04
6.543912239112696989e+04
8.488445128673070576e+04
4.702010903590057569e+04
-1.720384207824015175e+04
5.529059208645991748e+04
2.342041737063879282e+03
4.779445241175717092e+04
-8.387958020010974724e+04
3.014578995289551676e+04
5.934863203946111753e+04
9.995893802425161994e+04
-9.333808737899528933e+04
8.389082315935314909e+03
-4.529158042184392980e+04
8.604893814307666617e+04
-7.839438076398064732e+04
8.258778739930716984e+04
6.638683167294495797e+04
4.801908471348368039e+03
8.819934699133739923e+04
6.548407395455334336e+04
-8.434649612896944745e+04
-6.306860034264362184e+04
7.397284482364910946e+04
7.990653601618419634e+04
2.029049927090121128e+04
1.668708584163354681e+04
-3.787486154235482536e+04
-3.964406329129286314e+04
-5.380998601530619635e+04
5.847290684987146960e+04
-6.424891578450582165e+04
-2.937741868483108192e+04
2.044626870244163001e+04
9.820298281984895584e+04
7.788180729791858175e+04
4.647885854592196847e+04
-6.203074610551876685e+04
-5.336432228135219339e+04
-4.412617975906776701e+04
3.102362118425899098e+04
-6.793085018701021909e+04
-1.103158404751956368e+04
-6.022859256892021949e+04
6.081242158400787594e+04
7.321848194762915955e+04
-2.605108879477638402e+04
-4.154912302038458438e+04
-3.118476592238878311e+03
9.706003719411397469e+04
6.996168187634421338e+04
9.043857799579440325e+04
-3.104756923709938201e+04
-2.266074521706186260e+03
7.534545124405049137e+04
7.838532226816378534e+04
2.014733239842759212e+04
-6.414628379085451888e+04
-1.010878346908832100e+04
-1.995358651393112814e+04
-4.036056081099951552e+04
1.524264531705971967e+04
-5.704949223569876631e+04
4.029264500007307106e+03
-1.917356039233757110e+04
-6.437720020649839716e+04
-7.297107969179397332e+04
2.668610861537800520e+04
4.730556036186156416e+04
-3.907103725392546767e+04
6.136670183344686666e+04
8.275039944766491317e+03
5.460379009949884494e+04
9.956434414352907334e+04
-1.969439490897673386e+04
-1.232105313841918905e+04
-7.120955252835282590e+04
6.321702847506727267e+04
5.823002789076594490e+04
9.812830124200147111e+03
5.302550727689262567e+04
8.987007538912583550e+04
-7.409580870626784417e+03
-3.588021731037821883e+04
2.848495658561567689e+04
1.277631402392476411e+04
-3.631729739878518740e+04
