-5.961221126929680759e+04
9.793098662902017531e+04
-8.010688547055528034e+04
-4.253848762644105591e+04
6.437452602271422074e+04
-5.143528196823618055e+04
4.983337438893389481e+04
-3.925385357817189652e+04
4.254198098293927615e+04
2.404591496041867867e+04
7.168701412607770180e+04
6.741770889589369472e+04
9.859385328678517544e+04
-4.848575153889050125e+04
6.605860561049979879e+04
8.547659445008667535e+04
-5.565277099772453221e+04
-5.117856615541728388e+04
6.900488017579785082e+04
1.794557839123460508e+04
3.065755165334460253e+04
-3.380048639651033591e+04
9.366109531344240531e+04
-8.294566485652756819e+04
9.974501580300362548e+04
4.989096570432062435e+04
4.157552141058472625e+04
2.381135484130704936e+04
-9.816851972113643569e+03
-5.054520221204070549e+04
9.462112103513072361e+04
-2.458590619671520471e+04
4.843357786896725884e+04
-5.799586250412653499e+03
7.691035426679432567e+04
-9.559100559035289916e+04
3.614720310049648833e+04
-6.856286008677355130e+04
-7.904927617081186327e+04
-6.238932641766992310e+04
-5.483613855647967284e+04
3.050553127446823783e+04
8.685971303366679058e+04
-4.039149934499023402e+03
-2.911287858984251670e+03
-6.234139316829189193e+04
-6.309962635274576314e+04
8.118884563902481750e+04
8.471143087074543291e+04
4.772567849210312852e+04
-7.671927200128466939e+04
-9.259812314685643651e+04
9.543889813538854651e+04
-5.243115984677476808e+04
-3.221430214257437910e+04
4.840043343146116968e+04
9.587292160475140918e+03
-6.427262638880462328e+04
1.955280345186355407e+04
9.988335203073444427e+04
-5.896184607175171550e+04
-7.108652931342601369e+04
-3.459884885839970957e+04
3.371602933939179638e+04
2.561049418482014153e+04
-2.673401973149776950e+03
7.716723058424604824e+04
6.079966479322086525e+04
-3.073255966016119783e+04
-4.712939082043452800e+04
5.535552409146499849e+04
4.468976947494936758e+04
9.321437430181195668e+04
-3.093234898144363251e+04
-4.335374281382382833e+03
3.545473982270898705e+04
9.568950058173714206e+04
3.705258040527509729e+04
-1.504051160968629119e+04
-1.472565924745382472e+04
-1.028032725131251573e+04
5.249181560070471460e+04
3.662073879724054132e+04
8.198665471145595075e+04
4.749705726415565005e+04
1.739760603933244056e+04
-5.154086740467060736e+04
1.694642639312630854e+04
-9.243946951984691623e+03
3.535083724419532518e+04
6.739160080775839742e+04
3.170580514205495274e+04
-8.086556783453820390e+04
1.213090840682406088e+04
6.668301269871713885e+04
4.577210987487085367e+04
-6.924797614828030055e+04
3.473470098895768024e+04
-5.910958167202548066e+04
-2.224882224324342678e+04
-1.493281555567154783e+03
8.309033346439660818e+04
-4.160983571209039837e+03
-5.919839463622439507e+04
-7.378760890453142929e+04
4.786078152986544592e+04
4.764281864642209257e+04
-9.426002512299502268e+04
5.853733013143653079e+04
9.918896617139366572e+04
5.123527626307567698e+04
-5.480691611983906478e+04
4.423774000860092201e+04
6.560848154685449845e+04
9.786794622807795531e+04
-9.342916248419581098e+04
4.686930476388066745e+04
-6.191657035389282100e+04
-7.565111218948324677e+04
-5.701944336929738347e+04
2.939808387123092689e+04
-9.596059498044227075e+04
-4.138368058603438726e+02
-7.287784141265494691e+04
-9.696092575985901931e+04
-8.968225219184654998e+04
3.762148901784315240e+04
-1.581041484195383646e+03
-1.855778796923439222e+04
3.465381165419005993e+04
3.471980414844195911e+04
5.302440331734725078e+03
5.635164023567936056e+02
3.224123332432003008e+04
9.249796418399830873e+04
2.224001992198601874e+04
3.999257590434494318e+02
-8.340492889214202296e+04
1.256918419942779838e+04
6.922551481004974630e+04
-9.450383866222661163e+04
6.789467675556037284e+04
-7.362002264679606924e+03
-4.882671138606783643e+04
-6.536371516279571370e+04
-9.931027003488120681e+04
7.195698186132314731e+04
9.774151178689156950e+04
-9.144213539720819972e+04
5.051577674839960673e+04
-2.359992930565756251e+04
-3.055117525847651632e+04
6.396885464441782096e+04
-7.649410544733460119e+04
-1.111951347019537025e+04
3.029571385313309293e+04
-2.882025001907730621e+04
-1.408135037173328419e+04
8.350750373250538541e+04
3.695304214016033075e+04
-9.251448181987853604e+04
-5.699502724223427504e+04
-5.848583493622060632e+04
-5.802097828859600850e+04
-1.008865262468630135e+04
-7.598371688200757490e+04
7.841591649845661595e+04
-4.760895010250149062e+04
6.042219060791901939e+03
-8.113145144201020594e+04
-4.132669493289082311e+04
-3.447583589263730391e+04
6.380293671298223489e+04
1.512483903196159190e+03
4.186005820555461105e+04
-7.264395352708746213e+04
-1.533350461671683297e+04
-3.728280018905617180e+04
-2.983149340831499649e+04
-6.489420436537414207e+04
-4.839656206978079717e+04
3.193354943712906606e+04
-6.160458420567105350e+04
9.160620051009264716e+04
-8.976012619299606013e+04
-1.562422300297817128e+04
8.890545256984108710e+04
2.637607177274096466e+04
3.907029023571819562e+04
4.258905929651380575e+04
5.369035578965671448e+04
-8.371558185718186724e+04
8.642919611198644270e+04
-4.834756242060094519e+04
9.510154446710410411e+04
-4.588461588441833010e+04
-6.662039358274504775e+04
-8.914978550827901927e+04
3.514084940349341196e+04
-1.694587427866581493e+04
1.369599004903527202e+04
-7.789735022200568346e+04
9.263355746831938450e+04
-5.967591844981141185e+04
6.197862584682719898e+04
-9.469721385724331776e+04
-5.271045148915334721e+04
-8.286142285823459679e+04
-8.450828368060114371e+03
-2.154062059399940699e+04
-1.878163698265826315e+04
7.578681221132067731e+04
9.331425471422172268e+04
8.663504576139234996e+04
5.001644593882676418e+04
1.069493430780706694e+04
4.166841973793011130e+04
-7.862139014888567908e+04
9.600534848990662431e+04
-8.616436383640271379e+04
-2.340799036509511643e+04
4.807366453222840209e+04
9.072750531290986692e+04
-2.424525044794004498e+04
3.331902089610119583e+04
-7.351602464690276247e+04
-2.502968116274191925e+04
4.496253115947081824e+03
6.513482651626993174e+04
-8.419282093325656024e+04
3.175989372871552769e+04
7.682264448445427115e+04
-6.024404413018096966e+04
9.483014660512740375e+04
-9.261512906919501256e+04
-9.227218355331466591e+04
5.257215650550927967e+04
-3.235639437594141782e+04
3.239094591215757828e+04
-6.124623374758483260e+04
6.995554823977165506e+04
5.467064195140215452e+04
9.724350443764757074e+04
8.509187594482855638e+04
-2.694056112537451099e+03
4.971105283844446603e+03
-5.914469240869974601e+04
-8.799567289573753078e+04
5.662661642154042784e+04
-3.262269348928569889e+04
-8.351362022397325200e+04
5.818353225351603760e+04
4.478974649092790787e+04
1.147457403379419338e+04
-1.006153525391103176e+04
4.286845584643813345e+04
6.272278178031643620e+04
-4.886918814672189183e+04
1.977922004926511192e+02
-9.573593543030448200e+04
-8.553210322649832233e+04
-2.065274711809648943e+04
-1.322633073676142521e+04
9.153014266149727337e+04
-4.057616052037643385e+04
