-3.983741610680401209e+04
5.233353499553800248e+03
-9.225039833650681248e+04
8.069196012452738069e+04
-4.982304653670531115e+04
-5.814915952280677448e+04
7.020809649383014766e+04
6.734884215323596436e+04
-6.192611459634774656e+04
-3.682658975567534071e+04
-9.282029999237958691e+04
-8.227923476356867468e+04
-1.652435917463483929e+04
5.955524342260332196e+04
-2.928858070683349069e+04
7.718907416524256405e+04
3.511301257729001372e+04
2.094780534763207106e+04
-4.812840843847852375e+04
5.215014614971167612e+04
-5.471486596836017270e+04
3.392194602327422763e+04
3.073373742090781161e+04
-4.115112195999595860e+04
3.752828641812319984e+04
4.504280871725847101e+04
2.217073547836448051e+04
4.200662723583302432e+04
3.630671936121166800e+04
-8.141395409788146208e+04
-5.725585848346315470e+04
4.658631906033998530e+04
-6.605907476490875524e+03
-5.752025585473034880e+04
-1.985318810804499435e+03
9.739659179637399211e+04
-5.615910364722824306e+04
8.885549741537304362e+04
-2.379698583057179349e+04
-5.342262846239931241e+04
-4.025245638925710409e+03
4.223169179981124034e+04
8.678959453617646068e+04
2.447621340208184120e+04
-8.136955449690636306e+04
-8.353356656761947670e+04
9.218944342972243612e+04
9.867417308312212117e+04
8.085855600847699679e+04
4.375880272253328440e+04
1.202215641116293591e+04
7.067707146891929733e+04
2.570690385304254505e+03
-9.444535319411441742e+04
3.020594849453975985e+04
-4.424230447016462858e+04
8.406546884051446978e+04
9.765670476141310064e+04
-4.174710839593738001e+02
6.679586061180305842e+04
1.782809942913797931e+04
-6.133420208504234324e+03
-9.626797880693746265e+04
-7.614892227485228796e+04
7.231290622333972715e+04
-3.968937890893682197e+04
-8.248572731707402272e+04
4.899100688779472694e+04
8.113328261235504760e+04
4.105944350391640910e+04
5.366329583743289732e+03
2.831090267448357918e+04
5.651450636444083648e+04
2.939996203396057172e+04
-5.607966522445486771e+04
-1.667015375954809497e+04
9.164974207720004779e+04
9.066197996295189660e+04
7.272663851529460226e+04
7.018339842079421214e+04
-6.685912538006734394e+04
4.573565511989509832e+04
7.000990889030891412e+04
1.011848537804047555e+04
-5.340637124686950119e+04
1.159181468955595665e+04
6.957121971173038764e+04
7.122318504802048847e+04
5.659712042826394463e+04
1.425692525830087288e+04
5.651345445270849450e+04
-5.456332933845664957e+04
9.830241012200167461e+04
-2.306314813364312067e+04
-4.736243996064652310e+04
-3.886105769412320660e+04
-5.401313040111892042e+04
3.598412598926567443e+04
9.911287811089985189e+04
6.665288129473113258e+03
-3.269254133584177907e+03
-9.745317171617218992e+04
1.305352546960467589e+04
2.666776421373218454e+03
-6.426138048763007828e+04
-9.016065351946196461e+04
-7.157514494976554124e+04
1.916586042649663796e+04
4.813868436806131649e+04
-7.448904571348713944e+04
4.838704266097406617e+03
4.846845944484855136e+04
-3.472013963479097583e+04
9.907669104426120612e+03
-8.927390529665147187e+04
-7.811094912036460300e+04
2.430108684871005607e+04
-7.679822656934948463e+04
5.833184697855405102e+04
2.319261460279583844e+04
3.104447263150003710e+04
5.467162652559496200e+04
3.891864628070211893e+03
3.931170004151393368e+04
-7.266460946584584599e+04
9.155626978013300686e+04
-2.528041071358029876e+04
-6.212672832807048690e+04
9.179465781367881573e+04
-8.758095937336230418e+04
9.013957339853665326e+04
-1.733696814066581737e+03
7.087008262478283723e+04
8.617224060961906798e+04
-3.111452327645438709e+04
8.402776390427003207e+04
-8.233970146131294314e+04
-3.047386856083541261e+03
-7.432688924059204874e+04
-9.989136728278006194e+04
7.408968437895488751e+04
8.916979298832605127e+04
-5.954208408209051413e+04
-1.226778207997836216e+04
-1.702864072941655104e+04
-9.700378768123124610e+04
6.613088985620303720e+04
-4.326755545314562369e+03
-2.186239070381852071e+04
5.738930060925717407e+04
-8.965168914337347815e+03
1.199149678379472971e+04
7.070400435615888455e+03
-7.609697749847243540e+04
3.260984380585834515e+03
6.629298698872137174e+04
-1.946712683531887160e+04
-3.524626057918435981e+04
9.565864213544444647e+04
2.084408643823245438e+04
8.964308231191968662e+04
6.112850656248495397e+03
-3.249206201832322768e+04
-2.583955801941144091e+04
-5.336163410611892687e+03
-7.008210389018010756e+04
8.325421766600195042e+03
2.598999331004608393e+04
4.577737695828134747e+04
-4.131650474068799667e+04
-1.606704659603049731e+04
-5.765894991817919072e+04
-5.216655271393030853e+04
-9.433781492429751961e+04
4.490656802532205620e+04
5.351652415001393092e+04
-4.962680373674604925e+04
6.462399091514149040e+04
6.103492899082718213e+04
-6.214718773569566838e+04
3.770168193596578931e+04
6.793895014672796242e+04
-4.943658146243076771e+04
-3.981426161032646633e+04
-5.832812688135172357e+04
8.031455437103843724e+04
2.086829691676751827e+04
-3.835627190589169913e+04
-6.744830909224014613e+04
6.562699006531662599e+04
-3.892353781333938241e+04
-8.837971146885686903e+04
-2.819557072251039790e+04
7.327406150533666369e+04
-4.290391492369175830e+04
9.068640805311563599e+04
5.794889100901196070e+04
-5.915096768190502917e+04
-2.967997755571713697e+03
-8.407109647480493004e+04
1.548346871466588891e+04
-9.193035840135865146e+04
-6.018646820267440489e+04
2.372962443058034478e+04
-6.416044676148510189e+04
-7.132344646501379611e+04
8.434740481706033461e+04
-1.189118240909530414e+03
-9.452952902445253130e+03
7.008252237411813985e+04
-7.900394142051888048e+04
-2.145507985940860817e+04
-4.152090737427055137e+04
5.066227020603106212e+04
7.252674571989207470e+04
2.604324520613466666e+04
-6.450751039793504606e+04
-8.215418622892169515e+04
-8.355933025256513793e+04
3.269759226731015224e+04
3.602173240348271293e+02
6.154347649651570828e+04
2.999678147093916414e+04
6.186753911650406371e+04
3.009483456042469334e+04
-3.346343540630175266e+04
7.966779108044052555e+04
7.483571564399034833e+04
1.664579836560210606e+04
-4.059743343364040629e+04
9.340445298186973378e+04
-3.095188125604609922e+03
-5.813026339787026518e+04
-9.806132840940577444e+04
8.155136839012028940e+04
-2.985275096305336410e+04
1.032825996554107405e+03
5.055056694368004537e+04
-9.008909107975447114e+03
8.187980856528569711e+04
-7.299387728229764616e+04
5.172874973192096513e+04
-8.496299270382723989e+03
7.399732368037305423e+04
-5.076904104389254644e+04
-4.841028678557603416e+04
-2.381821900970716524e+04
-3.142570741518680006e+04
7.269398549387235835e+04
2.642719839405484527e+04
-4.830155432755742368e+04
-9.964128770788466500e+04
4.864013180822737195e+04
7.993625648832117440e+04
9.207411815538714291e+04
-5.140662384998794005e+04
-5.890124097855981381e+04
9.512998089571479068e+04
-8.936084324278314307e+04
-5.592853360474165129e+03
-9.065501732002088102e+04
3.922323563250783627e+04
-4.577126592765776877e+04
-1.587470659398406315e+04
7.763130044933590398e+04
