9.690511621379415374e+03
3.366101120420586994e+03
8.556656397753704368e+03
5.833413037178541344e+03
1.243558923637223597e+04
5.444829356229286532e+03
2.421708037571392197e+03
1.567051838813180257e+04
-2.484974300088815289e+04
-1.476781926828094765e+04
2.562033321182767759e+04
-2.249293816839411738e+04
3.186775870362111164e+03
-2.579748357914978988e+04
-2.836424145743573263e+03
-3.254180942646903350e+04
2.327910007648829560e+04
2.550818992356335730e+04
-1.387033004912605065e+04
4.238613108199709131e+03
1.585380997059571928e+04
2.556369127925631983e+04
-2.238430429996399471e+04
-1.133121700831248017e+04
7.596069898268442557e+03
2.161842689330418580e+04
6.696722301662191057e+03
-2.127410463428343792e+04
-2.161597775966955305e+04
-1.547299120637582973e+03
8.450837465188160422e+02
3.218316710013948068e+03
1.069478080696518009e+04
-1.311665280249837997e+04
4.251622035178028455e+04
2.241119039982222148e+03
5.324124056106345961e+03
1.479787301065823885e+04
-1.733896278564827298e+03
5.300749292988784873e+02
3.310558354976632836e+04
2.246930493534107427e+03
-1.807992987143628488e+04
1.941708244345843468e+03
-1.890653829907158070e+03
-2.138643359023013545e+04
-7.923630811158047891e+02
-4.421555817296240275e+04
-2.199581263528065756e+04
3.893264618420261741e+03
-7.084054654902749462e+03
2.422230575675922864e+03
-2.689375115490058670e+04
-1.504289924565419278e+04
8.992534336308553975e+03
5.168438408008543774e+03
-7.578033088632553699e+03
9.532365288366805544e+03
-2.558508503123166520e+04
-1.386611607266545434e+04
-1.516826512963577443e+04
4.798735497443327404e+03
8.406076298200507154e+03
-1.488056432926693105e+03
-2.121929790225152828e+04
4.614860664028173233e+03
3.417987425473914482e+04
2.241619887651492900e+04
3.828678034235165251e+04
1.603770787498332538e+04
-1.458361889261488250e+04
-3.052755506847628931e+04
-3.239203495251592904e+04
-1.632801354375168194e+04
9.660081779812628156e+03
-3.630014118452680577e+03
-1.331185193226350020e+04
2.162234045764310940e+04
-2.743489853063884311e+03
3.684535366004766547e+04
3.770082891746168116e+03
-2.212029777533422020e+04
-1.531880492093256726e+04
6.917781609506843779e+03
-2.015426483033519253e+04
-4.593974646691572161e+03
1.545814354509824807e+04
2.823620279024330739e+04
2.718347393785071108e+04
1.079283189439401576e+04
-5.302835374381885231e+03
2.850103097963720575e+04
-2.746302358103423558e+03
7.653921003631937310e+03
9.806803359609821200e+03
3.188317313213854140e+04
1.035824104627095221e+04
-2.398017660625491771e+04
-2.236889623967675107e+03
3.651731692190963804e+04
-3.306877630344928093e+03
4.178263627529853693e+04
-1.151091224463345134e+04
-3.678209277067693165e+03
-1.813343744012499883e+04
-4.067528743001737166e+04
2.387268096313389105e+04
-1.894015634051111556e+04
2.605495061845130476e+04
-3.825778700289862172e+04
-4.378184105562933837e+04
3.990889289285041741e+04
-2.509968486881794888e+04
-7.113583753608979805e+02
-2.521122009091872314e+04
6.197340305374600575e+03
-1.257104938789841981e+04
2.387800789059487943e+04
6.536556675487522625e+03
-1.020757292213434448e+04
-6.192873249723102163e+03
-1.160910520772088239e+04
1.399337274399375019e+04
-8.880454356823756825e+03
1.941371134783712250e+03
7.606205504882796049e+03
-4.271025808866336592e+04
-3.281517355630348902e+04
-5.252206643612024891e+03
6.380892062305884792e+03
-7.173558611613554604e+03
-4.634319923232957080e+03
1.106695742965779391e+04
-2.403096764695923048e+04
1.924824532757058114e+04
-4.043957855042986193e+04
-2.971365971606101812e+04
1.515715197353195981e+04
2.443699017517879111e+04
-8.053160029912627579e+03
-3.029913637645201015e+04
2.303006048772361464e+04
1.419262343474563204e+04
-1.664240464110624816e+04
4.213533445115893846e+04
-2.359643508540069888e+03
1.353205454352108791e+04
1.563394268444903173e+04
-9.026652970476010523e+03
3.192163991079327025e+04
2.703358182364991990e+03
-2.571909165998153185e+04
-2.502005581555232311e+03
1.294588438832101383e+04
-1.318729045763493559e+04
-3.156809128486829650e+03
-1.724284679522816361e+02
-2.414120630938053728e+04
3.543266394600822969e+04
-3.287241067083727830e+04
2.961457853891207924e+04
8.285887023313389363e+03
7.592106236919482399e+03
-5.454459184204933081e+03
1.493020807406063977e+04
1.683061676564233130e+04
-5.538716072626230925e+03
-9.641164631025854760e+03
-1.370933166191097371e+03
-2.875903865101614065e+04
-3.591645778575200529e+04
-4.108552501872324683e+03
-2.587097228622027615e+03
-6.727315964262323178e+03
-1.715830003883565223e+04
-3.208141825097768015e+04
-2.208246828252263731e+04
-7.522661597987222194e+03
-1.862550481275027778e+04
-1.076582806624963450e+04
5.477515308482858018e+03
2.956152026078533527e+04
-1.529048935559549500e+04
2.255759227659572844e+03
-1.638118744065524879e+03
-2.743459475549722629e+04
-1.918563020818324003e+04
6.710718077334951204e+02
1.523204027541077267e+04
2.262310928503175819e+04
5.050939759537103237e+04
3.522104299766558142e+03
-1.945024123216230146e+04
-6.599349306776894991e+03
1.255506029632751051e+03
-1.322788938280103139e+04
-1.326153394126413150e+04
-1.977431488515995443e+04
-2.128594038019356231e+04
1.867979003758080580e+04
1.078083992895435767e+04
-3.895109453393354670e+03
6.734980362566097028e+03
1.308367494432665990e+04
2.215904369871475501e+04
1.526904340900556053e+04
3.849321998407507635e+03
1.869375623656422613e+04
9.240678424163717182e+02
-1.555837277483099751e+04
-1.764280484190492643e+04
1.136959973952643668e+04
-3.355425492798125924e+04
1.374287460339623794e+04
-1.771481774213743847e+04
-8.316126619024544198e+03
1.885454537126461946e+04
-3.450504123056285152e+03
1.917956536877247709e+04
-3.405396961197652854e+04
-7.942759035727938681e+03
2.869143843275804829e+04
8.559396537039299801e+03
1.073938052061618873e+04
-2.571544919399666469e+03
3.832319598401557869e+03
1.411817551108890257e+04
-3.720480339989520871e+04
3.367186299805955059e+04
-4.021195875611621886e+04
-3.756985429635719629e+04
1.847739956021329635e+04
-5.227143595346299844e+04
2.240442080658091584e+02
-1.593041994357373369e+03
2.096673817831488850e+04
1.028315200699297930e+04
-4.212608893600642477e+04
-4.672084521922957720e+03
1.140866179330547766e+03
2.623312335667952084e+03
2.642795005161178415e+04
5.722876820287306145e+03
4.096921187105251738e+04
-3.705637448107094679e+04
-1.427318681781121995e+04
5.209928663784898163e+03
-1.910069974073120102e+04
2.675388114260164002e+04
2.477745989360513340e+04
-2.580148680347734989e+04
1.701681895393521336e+04
7.858107388554246427e+03
6.212885173119432693e+03
2.421240638268866678e+04
-3.455890329378134629e+04
1.264012176374110459e+04
5.497675372369079696e+02
1.583858754925929316e+04
-7.573472554105585914e+03
-2.657356902546896163e+04
-6.857025838445390491e+02
1.405223453664149383e+04
3.953885743901729256e+03
-1.619780334712261720e+04
