-1.543884151184372058e+04
6.868614576690008107e+03
8.307191158767602246e+03
7.934657211058486610e+03
6.883482328446476458e+03
4.468536822960795689e+04
1.551799829047380626e+03
1.711374652781308760e+04
4.343112015924264597e+03
-2.411418203565034128e+04
-7.336522744861225874e+03
-2.183889228939761779e+03
-1.607098690148967398e+04
1.746368567512074878e+04
1.540327832641194072e+04
-7.821539826536529290e+03
-2.786488490906716834e+04
6.089950185483066889e+03
3.648243412869325402e+04
-1.783507035004592763e+04
-2.312039303195142202e+04
-1.876487388607393314e+03
2.560334863210051481e+04
-1.077879591700972742e+04
-1.213115751824716062e+04
-1.057575744840923107e+04
-4.703257079443922521e+03
1.879786008313267530e+03
-1.562919382062296063e+04
-1.766074147572111178e+04
-2.650119773438418270e+04
-6.686631417709892276e+02
-6.148753559258089808e+03
-1.337845055265761403e+04
1.673436490068281273e+04
1.171664205467454303e+04
9.463253012005719938e+03
3.269930573497735168e+04
-4.363159608924437634e+04
4.509250794639214291e+03
2.083852038655620709e+04
2.622309236196264101e+04
1.173625604651952744e+04
4.630775115240342529e+03
1.574368115673152533e+04
2.200678417888061085e+04
2.434551723170606783e+04
1.840737351140773899e+04
-3.704501148298619228e+04
1.416931827029087856e+02
3.691497965163932349e+03
-2.007186575132815847e+02
-4.471600794334750390e+04
2.662915746605242930e+03
-1.201933840247785520e+04
-1.902512478925121832e+04
1.688393667285186530e+04
6.017754030658028569e+03
2.453477872974762067e+04
6.458557996703450954e+03
-1.307608025022723632e+04
7.786208273435214323e+03
-2.280052906814208109e+04
-3.064228863614287548e+04
-1.770823204879059995e+04
-1.894555141461041421e+04
-1.743713127557035114e+04
2.582739751054607405e+04
2.296047648252078216e+04
-2.001312281645707480e+04
7.330711470387263944e+03
-2.205738613940208597e+04
6.060084879794395420e+03
2.219682803074967524e+03
1.823589757311753056e+04
4.258196167141924889e+03
-1.554782185413642401e+04
-2.475507373434442343e+03
1.281828897227934476e+03
1.803260898764677040e+04
-4.382668216900233529e+04
5.428362540546994751e+03
-1.804618001369011472e+04
-1.698871470307302661e+04
-1.938653550440184335e+04
1.587524511750626516e+04
2.778640059486253813e+04
-2.343302235309040771e+04
1.638856682279249799e+04
-2.776414837123723555e+04
7.827345258262503194e+03
7.781831847528759681e+03
-2.057834335283485780e+04
2.215245578829519582e+04
1.936118547848344679e+04
4.762085947798834127e+02
1.904280672074035465e+04
1.561262601609709418e+04
1.713330529147251218e+04
2.188033585261203916e+04
-1.383273233444118705e+04
1.324975136016642318e+04
3.226583213419720414e+04
-4.598724824854700273e+03
4.158269386918637792e+03
2.959008724897467255e+04
-1.661627147186985530e+04
2.865157595466137718e+04
1.139465304575937807e+04
2.157773885996251556e+04
-2.040101036497984296e+03
2.264819591057066282e+04
-1.530615180730915381e+04
-6.878675918310001180e+03
-1.284290550388554766e+04
1.941051866060836983e+04
2.300381653953038403e+04
-1.384445615512607401e+04
1.662344610781035590e+04
-2.577922179130011386e+02
-1.265970215433311932e+04
1.380542578347217022e+04
3.280450739715769942e+03
1.275077930189241670e+04
-3.320141721273233088e+03
7.493751289018472562e+03
7.040682618211000090e+02
-2.036507863699524023e+04
2.970488625075933214e+03
1.727453473843631218e+04
-1.511519554165562295e+04
4.599216303982322643e+03
-1.308204714739617521e+04
1.197706414504246459e+04
-1.437972869586267734e+04
-1.056316984073592903e+04
1.085905968223828131e+04
1.393470532532991820e+04
-1.343604661246605792e+04
-4.652059716953978750e+03
-3.835696841940750801e+02
2.120496232875649366e+04
2.676966292495840207e+03
-2.149011468636816790e+04
-3.190246598415151311e+04
-1.041524856216119770e+04
4.302734636926270468e+03
2.544249684859349873e+04
1.424899449740046839e+04
-1.874139054868506355e+04
-1.279906807127349748e+04
-1.509106118459136815e+04
-2.356907452215700687e+04
1.340134814855443437e+04
-1.781021842174337144e+04
-1.412338155976424241e+04
1.265059771032861681e+04
-1.064645618733308038e+04
-2.305377965859917094e+04
2.827122619511485391e+04
-6.177793310183666472e+04
1.556729899253087024e+04
2.475749869843870783e+03
2.862811289840759127e+04
-2.358506657570323659e+04
-2.456721251411254343e+04
1.944533086663872382e+04
2.268257365894611576e+04
2.310005555366751287e+04
1.560650772171370409e+04
-1.162197465342092073e+04
-3.194367302538556032e+03
3.204645557945027394e+04
-8.316074710446386234e+03
1.661333715189967188e+04
2.742697583741851849e+04
-1.655194703058473533e+04
1.853418243704087217e+04
1.396660549996090231e+04
1.413038208960620614e+04
-1.035539790541999173e+04
-3.352133151574447402e+04
1.451611681934313674e+04
1.736576842967576886e+04
-4.722053962419107120e+04
2.261830258931561548e+04
-1.567349505313259215e+04
-2.881257868503727877e+04
9.931766423743785708e+03
1.541808732035834510e+04
3.817475613018908189e+04
3.826778622147380247e+03
5.662543898190990149e+03
-1.129548958781897818e+04
6.585861653005219523e+03
-1.790114244250067713e+04
1.565174224626704381e+04
-7.304717685679613169e+03
-3.764606657014392113e+03
-3.153499020437974195e+03
8.023962516660349138e+03
1.515991248226610696e+04
-4.309030032744729397e+03
1.450608880238931670e+04
-2.541199833466291966e+04
-6.356722573611090411e+03
-3.967978214192306041e+04
-4.624431533180007136e+03
2.065241235176428745e+04
-5.210207913041797838e+03
-4.501102128833991446e+04
2.545451743135757351e+04
-9.163780153243364111e+03
7.142832625786820699e+02
1.826968451895375256e+04
-5.247293497706255039e+03
3.986476180079342271e+02
-1.041427832931181183e+04
-4.195250105427801827e+03
1.201044234255478295e+04
1.154578576023175810e+04
7.812765612392492585e+03
6.203157222288289631e+03
-1.309683579411725418e+02
1.512436951602716726e+04
-1.369620717260398669e+04
-6.151743270801732251e+03
9.476231692567978826e+03
3.376557617020409089e+04
-4.400452674096603914e+03
-8.997022386573489712e+03
4.153904002512858824e+02
2.326371311793524728e+04
1.711762345449832765e+03
-2.625045009757639127e+04
1.349848129101834502e+03
1.877942817757893408e+03
2.310800752004559763e+04
2.405032419503860183e+03
2.288857568639860619e+04
-2.253757656483470782e+03
1.214419366861511844e+04
1.581189076629918418e+04
1.868854184855902758e+03
2.870400175905943252e+04
-4.806389094177539664e+04
5.633502020533937866e+02
-9.394228343287833923e+03
-2.182140952802387619e+04
3.012060754123417428e+04
-1.537471932063848544e+04
3.692548141844232759e+03
1.263757943856741804e+04
3.182412136777213163e+04
8.473290406633554085e+03
-2.225148374523457460e+04
3.344101872194674070e+04
8.203132082085649017e+03
2.834521444856107337e+03
3.026368013514285849e+03
1.044490322129440392e+04
1.625845433688333105e+04
1.030119717216024219e+04
1.978364072421857782e+04
1.409484967102360679e+04
