1.843581883320838460e+04
1.840074145958528243e+04
1.186410662095055886e+04
2.093583303057667217e+04
1.884682633543330667e+04
-2.697227014799207609e+04
1.208692586407459930e+04
-3.682342276211581520e+03
3.461230418587491386e+03
-2.089980266215717347e+04
1.838820539549067325e+04
2.397749051602173154e+02
1.494211211837928022e+04
-2.981404812147306984e+03
2.066177520111763897e+03
-7.537901058013864713e+03
-9.969367366619946552e+03
-9.680639563299084330e+03
-1.551361168528880808e+04
1.828246046315458807e+04
-5.997475734638549511e+03
5.354147040569460842e+03
2.157538843384792563e+04
9.946278804209048758e+03
2.161931015334401309e+04
-5.313731266810860689e+03
-1.307056680411871639e+04
2.369530810702162489e+04
-1.486929556343292097e+04
-9.351945593861742964e+03
-5.747904200180988482e+03
-2.438524626147883100e+04
3.845860337421910663e+04
-4.256377035863744140e+02
3.103973627961796228e+04
-2.161275874787834618e+04
-2.441465030330917580e+04
2.091283930658207464e+04
-1.857984153437392888e+04
-2.028957488718961395e+04
1.349857505873115406e+04
-2.004250404678595487e+03
-1.972471209943905342e+04
-1.728313020007406885e+04
1.415324861074617183e+04
1.661949520337089325e+03
-2.673928355214936164e+04
4.525716030817950923e+03
-1.352567763157118679e+04
1.462079637795283088e+04
1.512499547637585783e+04
6.174264535083403644e+03
2.960242013785592644e+04
-1.232190088209108580e+04
-4.992515793028987900e+03
-2.505706061834084903e+04
-1.603926204195750506e+04
5.165699256653930206e+03
2.918662153522066001e+04
-1.880652368354645296e+04
5.363046096888015018e+04
1.220351414235627999e+04
3.054850939364293936e+02
-2.211669754700693738e+04
-1.340908223315976784e+03
2.346475054981347967e+03
1.194903335975362461e+04
2.015692199446566156e+04
-3.205268503247624903e+04
-2.302189524134792009e+03
2.615913595282024107e+04
5.528651053113484522e+03
8.690472037142708359e+03
6.559786610370779272e+03
1.323881190533207337e+04
4.022570233378341527e+03
-2.808136478056186752e+04
3.241650442171673149e+03
1.092242599287811345e+03
-2.529942123476000233e+03
-8.853419781166310713e+03
-1.442643703707089298e+04
-1.040995142594922982e+04
-2.668896420355765804e+04
1.748098243015013213e+04
-1.487162289857799442e+04
2.450429902008027966e+03
-9.012142235031942619e+03
-8.797597419328551041e+03
-1.088375293422286450e+04
1.165603547170318052e+04
-4.348899975733448082e+04
2.737089702662634227e+04
1.760381544505451893e+04
-1.402447838687386866e+04
-2.210180504546449083e+04
-1.007652292042919726e+04
-4.925840331300343678e+03
-3.149357295614738177e+03
1.117377982030521525e+04
-1.787294825100725939e+04
-1.734799944614886044e+04
-8.617371259567644302e+03
-1.388282258667342285e+04
4.319932505730936896e+02
-1.129483711899492664e+04
-1.073159549275544305e+04
7.193664242939015821e+03
1.421890376471471245e+04
2.891487729790784942e+04
-1.156597797351267900e+03
5.217668764118920421e+01
1.282904861728535980e+04
-3.573009410768955422e+04
9.958226688729911984e+03
1.557740812557906793e+04
1.754032659136449865e+03
2.552213567188708475e+04
3.388635830857775727e+04
-3.193268816689552114e+04
-2.536960931147250449e+04
-4.800448214951637965e+03
1.731383755064461002e+04
-1.083648155799880078e+04
-1.798206483177986229e+04
2.242614949939639700e+04
-2.475860821008800940e+03
2.202529664732299807e+03
2.170242731534842096e+04
1.698283166296948548e+04
1.585377799067253181e+04
-1.976002505736310559e+04
5.220351163776113935e+03
-9.957592858009542169e+01
1.026840862444901541e+04
-6.053408121938427030e+03
-2.156733052428495648e+04
-9.584422732245011503e+03
2.225775766042167379e+04
-1.219283933652044652e+04
1.424440032161639647e+04
1.553337699169611733e+04
-8.696047990989423852e+03
1.040179210279425024e+04
1.702890624575807578e+03
2.869954399928475596e+03
-9.141197690796196184e+03
1.690851820032759497e+04
-2.356302032528336349e+04
4.390124809938394719e+03
-1.332486770613795306e+04
-7.234608869306492124e+03
2.738295108820507448e+04
-7.224898411636665514e+03
-1.912392413356827092e+04
7.709733992646054503e+03
1.036032792849221005e+04
-9.741178266249462467e+03
2.134182876009139000e+04
1.420131001751923395e+04
2.337443100562864493e+04
3.004912568384132464e+04
-2.584883171507357474e+03
2.245157278045339626e+04
-1.753893721821814324e+04
1.560628238327386498e+04
-6.618438478112318080e+03
7.099255677459370418e+03
-1.979748313174839495e+04
-5.478945773418599856e+03
2.853254680466829086e+04
1.116390520379898953e+04
4.934243340961258582e+03
-1.148303319602241754e+04
1.946966007455711588e+04
2.677736952981158538e+04
7.391879091382849765e+03
-6.894132338219052144e+03
-6.506364865217156876e+03
9.146491663847384189e+03
-1.320198986032300490e+04
-2.223016785027526203e+04
2.552924720715422609e+03
-1.427153573015812799e+04
3.131088394768540638e+03
-4.862991261695286994e+03
2.317482558798291211e+04
-1.012236228363628834e+04
4.260056845456564770e+04
1.483137572724746678e+04
1.609687760686609909e+04
-1.576124237966883265e+04
-2.417772989648453949e+04
3.014111109841049256e+04
-3.298717806651648425e+04
3.238244757218190898e+03
9.620917813075919184e+03
-1.231732051947968466e+04
1.998221607574136942e+04
-6.051732001916788249e+03
-5.442734805827489254e+03
2.126588933955275934e+04
-6.975604566003869877e+03
2.691126582011309438e+03
-1.255187357693417107e+04
-6.562588351228031570e+03
-2.249221032200357968e+03
-4.326936579147920384e+03
-3.629341379802650408e+03
1.976261846555918237e+04
-3.959036603791560628e+04
8.695041865788303767e+03
-5.881208225019536258e+03
-1.243679911412243018e+04
4.950991490636407252e+04
-2.194476911483383810e+04
1.246216184646096553e+04
1.806639294262721523e+04
1.063205353497969736e+04
2.456930733248603065e+04
-2.915903986356456517e+04
3.216278563753261187e+04
4.288969255249033449e+04
5.246258671776509800e+03
3.103051033307299440e+04
4.441693713433226367e+04
-4.932900019920954037e+03
1.092457063752995907e+02
3.313370845871290658e+04
2.027822404142119558e+04
4.492903605232366317e+03
4.230098362819922841e+03
-2.595350874234147705e+04
1.502183480176797457e+04
1.550627767662337101e+04
-1.360603895876285605e+03
-3.187084092046903606e+03
-1.099092564114814741e+04
2.251331888150904706e+04
-8.020193579811215159e+02
1.954923058483532259e+03
2.281156995503562484e+03
-3.127019196440065571e+04
6.574899539836831536e+03
-2.946898271642858890e+04
-5.394465790270994148e+03
7.983136374827700820e+03
-1.865037044952099905e+03
-3.283249110957563244e+04
-3.011094464226493801e+04
-1.422715798263919896e+04
2.131306877250575053e+04
6.536667097214172827e+03
4.361040495047930017e+04
-2.136089344838967736e+04
-1.700024891868407576e+04
3.392775592264864099e+04
-1.229211646885587186e+02
4.051533763918636396e+03
2.006595998823110858e+04
-2.583822758565413460e+04
-2.181085764884801029e+04
-1.406370869423751719e+04
4.357226513115176931e+04
1.717008724809545583e+03
