-5.584635464866179973e+04
-4.812244207479098259e+04
-5.257693777100962325e+04
7.050820114826485224e+04
-8.809800941378436983e+04
-6.612533611148476484e+04
-9.873599521139852004e+04
-7.219617125888956070e+04
5.166927855099354201e+04
-1.776492312301260972e+04
-6.012458134579811303e+04
-2.706982160117071999e+03
-2.294751150606261217e+04
1.177499564868759808e+04
-4.777927353836753173e+04
-3.146717194568447667e+04
-1.495652140424354002e+04
-8.884806543805346882e+04
3.465250682989406414e+03
-4.495775468564746552e+04
-7.869359135193121801e+03
3.274883129309181459e+04
-2.668447258952044285e+04
8.855917693819066335e+04
8.168396586840148666e+04
-7.219130659400450531e+04
-9.365654545260606392e+04
3.681210794868625817e+04
-9.263800701685943932e+04
-6.180111561996640376e+04
6.579653709035956126e+04
-4.585196240565834159e+03
-9.317450225884966494e+04
4.451035785208831658e+04
1.271615636439680566e+04
8.711535045195127168e+03
3.578099180727807106e+04
4.076601908886211459e+04
-3.786223835518714168e+03
-8.262540782344299078e+04
-4.286356011796726671e+04
8.763148885634557519e+04
-9.447398525911508477e+04
-9.533176882778793515e+04
7.900572956765098206e+04
4.048546810751903104e+04
7.337396756934268342e+04
4.875213055630248709e+04
-4.173409166426990123e+04
1.157107239580936402e+04
-2.423785972719885831e+04
-5.900688272793198848e+04
-2.022782638252736069e+04
-2.850114433912226013e+04
-6.243690147944537603e+04
2.647854356771098537e+03
3.808112371425974561e+04
-2.320253973185034556e+04
-6.601317051655167597e+04
4.527007571966330579e+04
9.093194695769865348e+02
3.745943862838227687e+03
-7.008541372428514296e+04
-8.051905454178989748e+04
-6.263398065274513647e+04
-2.189123709783275990e+04
2.011259452071405394e+04
-7.824572363957558991e+04
6.053062549125891564e+03
4.888796438971874159e+04
1.458806655682965902e+04
-1.478690489755578346e+04
-3.647487895470970398e+04
-1.738515960675200404e+04
9.143194884768636257e+04
-5.855552456924389844e+04
-2.579692710209107827e+04
3.590092780309502996e+04
-4.662767052182280167e+04
-8.716383940334964791e+03
5.296985011168640631e+04
2.012830936133001887e+04
2.726487719295980423e+04
-4.481981375711583678e+04
1.919711642526365176e+04
6.850092298179400677e+04
8.386286483942590712e+04
-1.517299745859196082e+04
2.082947632241302563e+04
6.205419909816858126e+04
-5.115971303122775134e+04
-3.313472179335163673e+04
7.118220122643900686e+04
-2.259892546341984053e+04
6.238229867916960211e+04
1.406952845289205834e+04
-9.043719289891757944e+04
-2.958508251340503921e+04
-3.576980081648438500e+04
1.834548037112781822e+04
3.702398369584990178e+03
6.286357784819501830e+04
-6.221967308570032765e+04
-1.388443635485538107e+04
7.583581203958923288e+04
4.221070345265252399e+04
-6.272008833569624585e+03
-6.784895198597587296e+04
9.565391329945946927e+04
9.689937771892569435e+04
6.283683816520647088e+04
6.363488474195606250e+04
-6.576852318092614587e+04
2.481688946590224077e+04
-9.298046174828083895e+04
-3.968243326467264706e+04
9.684579594658242422e+04
6.866546244927297812e+04
-9.727660270384953765e+04
-3.068490660364101132e+04
6.155808787923283671e+04
1.322803888114961956e+04
-6.883003313675646496e+04
-7.268225573824984895e+04
3.358290971271807939e+04
-9.339057463782525156e+04
-7.623380186305470124e+04
5.071135442374749255e+04
-4.470691750092800066e+04
9.521552755319574499e+04
-5.893647576798196678e+04
1.975130499220627462e+04
-1.238074592223072386e+03
8.036610420127638463e+03
9.538920731430075830e+04
-8.028700639712718839e+04
-7.521795267479844915e+04
-1.566403599584478070e+04
-1.719975289393561616e+04
4.834475241701762570e+04
-5.995480132286097069e+04
3.070189521765452082e+04
-1.263247037175913829e+04
9.070988304639348644e+04
-2.488224034721859425e+04
7.520684601752691378e+04
-1.792811883162471713e+04
9.466084921776664851e+04
-5.631099411287868134e+04
-4.455745050632641505e+04
6.879825440644539776e+04
-6.590221999928556033e+04
3.081361934693925650e+04
-8.537888220891887613e+04
-6.635155034529810655e+04
-1.821517952716752188e+04
1.071437153392098844e+04
-9.299782647840437130e+04
4.087164568896988931e+04
-8.127979305840063898e+04
4.294709861498433020e+04
6.052451990742266935e+04
-2.135477276243805682e+04
-3.316546244057313015e+04
5.916450161679807934e+04
-4.091884016916420933e+03
9.886991234954343236e+04
-3.997259439068578649e+04
-4.380514710867199028e+04
-7.890081185676489258e+04
4.452369308977256878e+04
-2.000308876228098597e+04
-4.998355268272163812e+04
5.840966851659536769e+04
-2.207489234037042843e+04
2.378438454741999885e+04
-3.318010048504655424e+04
3.164801165299598506e+04
-8.824711829074655543e+04
5.569143733393760158e+03
3.700487832444493688e+04
-1.389560246425982405e+04
7.876384329157813045e+04
9.727937450137709675e+04
-3.436403363767577684e+04
7.672978743178851437e+04
1.904918251179931985e+03
6.256429171848380793e+04
6.333300965917070425e+04
-8.429819591050932650e+04
4.080227155295281409e+04
-8.942801253831223585e+04
9.683510661965647887e+04
-4.599778357077918190e+04
-9.783900042344479880e+04
2.819197258095799407e+04
-2.552260710654332433e+04
-5.515394822207891411e+04
1.433728012134099299e+04
-2.604179206300467195e+04
9.308086410741925647e+04
-9.403843704748255550e+04
3.871171515571312193e+04
9.530714419133374759e+04
7.815356250106701918e+04
-8.271743507540761493e+04
-7.208341804040483839e+04
-5.068245965531732509e+04
-4.574546539514487085e+04
4.603010671641540102e+04
9.610047426591743715e+04
9.323255777125351597e+04
-2.360614818607538837e+04
3.491726193153591157e+04
6.079110732595956506e+04
1.274336120317834138e+04
-1.806743432620909516e+04
1.846609059418789911e+04
9.927492863818802289e+04
-7.197730059524138051e+04
-9.915530870066884381e+04
-3.682548123827563813e+03
3.426927414359043905e+04
-1.626960246368184926e+04
-6.595347411477856804e+04
1.524490483751448301e+04
-5.628261418388144375e+04
5.200509094432983693e+04
-6.511087132764871058e+04
-6.477409078569195117e+04
-9.261455361056014954e+04
3.805439383423651452e+04
2.114690413232885112e+04
8.208937776392935120e+03
-5.229004095849832811e+04
-9.691093442033034808e+04
-4.498470469140282512e+04
3.571630783972640074e+03
6.743706226908435929e+04
9.820571092051076994e+04
-1.413080037657673529e+04
-5.491320490469122888e+03
-8.546492994296060351e+04
1.114188544384435227e+04
7.115498990049307758e+04
5.823879061397023906e+04
-9.678188728847600578e+04
9.922382907092674577e+04
-7.058341276389594714e+04
2.680538310782680855e+04
3.019472441561281084e+04
8.968387174608388159e+04
-6.702546768071371480e+04
3.480439823582216923e+04
-9.089700415196239192e+04
4.037363976000495313e+04
6.528752370397878258e+04
2.046887149723410403e+04
-3.830555679321403295e+04
9.908824400528024125e+04
-1.672852587858823608e+04
-5.086354706728410383e+04
4.714223787114230072e+04
-1.661308207568585203e+04
1.095742392893390388e+04
