-1.265748976281667638e+04
-3.606142345125475549e+04
1.922985957707302077e+04
8.550526591266507239e+03
-9.366297113390378945e+04
1.203237734849336084e+04
-9.591232018249201064e+04
4.029339502652264400e+03
-6.933661512926235446e+04
-2.132855956707531732e+03
2.383845997950379285e+02
-1.422284555188881859e+04
4.472779908623196388e+04
-9.296709148244730022e+04
-8.855958554987550087e+03
-7.498884208045674313e+04
-4.381405592353882821e+04
-8.309947877147723921e+04
-7.435844033491484879e+04
5.791189562928298983e+04
9.372632681736530503e+04
9.596592184198112227e+04
-5.918757784628535774e+03
4.065110489101942221e+04
5.193379400150721631e+04
-8.460405036380804086e+04
1.231296328519202871e+04
-8.266771630679933878e+04
2.898629964829616256e+03
6.122356484150682081e+04
4.459022668150049867e+04
2.082757033995302118e+04
7.143011794217319402e+04
3.523796100306476001e+04
-6.360889855754197924e+04
6.343697610440730932e+04
5.846910531013316358e+04
-9.277850469318122123e+03
2.208252185502712564e+03
2.791025600369962922e+04
-7.853383337800847949e+04
9.972731794902103138e+04
-3.933689027034034370e+04
4.199870597396013909e+04
-8.943541056910094630e+04
-3.984590007457137835e+04
6.468197917176289775e+04
-1.401737952546226370e+04
-6.684756899721497030e+04
9.935857759049003653e+04
-5.732958305330880103e+04
-9.543819217975073843e+04
8.872492898688037531e+04
-9.245463408018944028e+04
-6.924595784343512787e+04
3.234031968083945321e+04
-9.745521061151650429e+03
-6.541500603267861879e+04
-5.469342633472819580e+04
6.965166949727156316e+04
6.667677879957341065e+04
4.640848985616477876e+04
2.268367531249941749e+04
2.248502105074973224e+04
2.703967590244767416e+04
7.461920427955173363e+04
7.442693964976469579e+04
3.804976724191775429e+04
-4.645851096384400444e+04
-6.150570054219856684e+04
-2.233688827114226297e+04
2.835071188719745987e+04
-8.100159347975545097e+04
-4.964877361633571854e+04
-2.327821298757481418e+04
4.652985800320901035e+04
-6.970230414325428137e+04
-4.981670567738333921e+04
-3.951738691435394139e+04
2.533075419282984512e+04
-1.001404794561793824e+04
8.852699164441490211e+03
8.736504657497012886e+03
2.327510866981150684e+04
-4.052970479103299294e+04
-3.183066134133980813e+04
7.559684527672786498e+04
-4.571799388928792905e+04
5.578106671230856591e+04
7.953792710524256108e+04
5.676867071000353462e+04
6.402029797035618685e+04
-6.345286585900658974e+04
2.976184031909325768e+03
9.707916206626918574e+04
-6.264645652849213366e+04
-3.896509315507249994e+04
5.152666779109954223e+04
7.827627414291569039e+03
9.715605164463836991e+04
-8.433911892680102028e+04
7.568334598051790090e+04
-2.209189678241937509e+04
9.925747675979146152e+04
-4.477549878039551550e+04
9.275713795843823755e+04
-8.200619438565441897e+02
6.361554395077290974e+04
9.676313856842140376e+04
7.578007040912580851e+04
4.492035869440183160e+04
-1.408210101583297364e+04
6.736247367976639362e+04
-3.724075331332581845e+04
-3.827932138212763675e+04
-4.928221961079048015e+03
4.176359189442339266e+04
2.098673091004608068e+03
2.658747349020854017e+04
-7.099844886807037983e+04
-9.857221271436761890e+04
6.147743234251530339e+03
-6.783995398475440743e+04
5.549288458660527249e+04
3.843220972152877948e+04
6.892391148756796611e+04
-3.547951152315055515e+04
8.859863239542294468e+04
6.897514645872183610e+04
1.331468141959932655e+04
-3.723591319307919912e+04
8.359046015984842961e+04
-6.662388726851865613e+03
4.526106820956320735e+04
-4.203447148676367215e+04
-7.049611469354889414e+04
-4.589251221912507754e+04
8.740508395830148947e+04
9.162005407518976426e+04
8.053975553588308685e+04
-3.616162693538681197e+04
2.944189229243891896e+04
-6.975753759096464819e+03
-2.708040902017964254e+04
-1.384815935735919811e+04
-7.400252877962462662e+04
5.830349856059109152e+04
-8.325428528831835138e+04
-1.360792424751929684e+04
7.918297482553285954e+04
1.881793914753766148e+04
-9.879192310378227558e+04
4.912224546263141383e+04
-1.211944065377508082e+02
-2.569627762787704705e+04
-7.642209124380745925e+04
-7.703128391505021136e+04
3.736855879998578894e+04
3.704334662728750118e+04
6.544335034671864560e+04
-2.266044250505240052e+04
3.051999223855892342e+04
3.739078521306205948e+04
1.798205681512774390e+04
8.698796021466785169e+04
2.955336463161557913e+04
-6.148434605126544920e+04
-1.503098199734526861e+04
5.236989416494360194e+04
4.280365867011473892e+04
2.873624682665372347e+03
4.235034152605939744e+04
-3.292062729623016639e+04
4.840884633135893091e+04
8.444778064001315215e+04
1.177611940813678120e+04
-1.147330969842480226e+04
-5.073403771265435353e+04
-5.214734772363503726e+04
5.266593950636665249e+04
2.649845392143947538e+04
-3.780104870747154928e+04
-2.777574814811371471e+04
8.979516607534445939e+04
-1.661662570607861562e+04
1.173637406636867354e+03
8.384473376440207358e+04
2.940932888464031930e+04
-9.181379512873187196e+04
2.553608483176039954e+04
8.244855990115902387e+04
7.167174452007201035e+04
-6.155150136430659040e+04
-1.655452500619298371e+04
7.982044346798592596e+04
-8.083706764110933000e+04
-5.803284184041660774e+04
-3.399466854441171745e+04
-9.521196154461521655e+04
6.706126395987898286e+04
-7.477648095045913942e+04
4.119094888503014954e+04
-9.171446953112009214e+04
-9.603676856355827476e+04
-1.920013985297656109e+04
3.764659371327867848e+04
3.572879466046044399e+04
7.806446431655946071e+04
2.090222988502736357e+00
-1.052768432545645192e+04
-5.739677318245576316e+03
4.321842057479988580e+04
-1.342668684101448525e+04
6.458757802923648705e+04
3.087850760224152327e+04
-3.264220019531962680e+04
2.367043434237964902e+04
-9.073794890761839633e+04
1.395433182321884669e+04
3.617111085840499436e+04
-8.900825127214552776e+04
6.383391668197751278e+04
1.938480164901801982e+04
-4.513086742980078270e+04
6.774466005056165159e+04
8.323925196047166537e+04
-1.229747891332835206e+04
-7.606474700684168783e+04
6.299728148965161381e+04
-7.606874109742982546e+04
-6.892199108967487700e+04
6.890988710167240060e+04
-8.275324545579243568e+04
3.429730307198993250e+04
7.993712938703205145e+04
-5.983770685827078523e+03
-8.218672887641102716e+04
-2.760372136442800911e+04
-3.332163180127256783e+04
-9.510048312521119078e+04
-3.683078844399493391e+04
-6.433838017572752869e+04
8.961014870021214301e+04
-2.491288672540761399e+04
-2.962309172646303341e+04
6.898780854295355675e+04
-6.996585946040399722e+04
-7.584815162992286787e+04
8.067688298457572819e+04
-2.288295409678939905e+04
8.866265908402859350e+04
-8.761774210548339761e+04
4.518575051040801918e+04
-8.433817198284341430e+04
-1.117089131144035719e+03
-2.490228763462202915e+04
-9.441638008486585750e+04
9.379070870376947369e+02
-5.266980646114613592e+03
-2.946491750178486109e+04
3.477972142532302678e+04
4.334056939452044753e+04
-5.388465639059821115e+04
8.817132360976831478e+03
2.356403547745474498e+03
