-3.499698472043324728e+04
-7.475914064433360181e+04
-2.781524029589048587e+04
-9.494199794167091022e+04
-1.860269712988703031e+04
9.437101935017101641e+04
-6.043535753176283470e+04
-5.538687821867188904e+04
-7.089376007658225717e+04
5.423551739013595216e+04
3.498515542904708582e+03
8.253802404609030054e+04
5.439048906770982285e+04
-1.430764135627358519e+04
-2.645158516517501266e+04
-4.499540229343704414e+04
-4.819454186063057568e+04
3.697236720976315701e+04
-5.223597770016089635e+04
9.852923152235243469e+04
7.974457079204900947e+04
-9.668365513994505454e+04
-1.330531607737054765e+04
-7.936145634788440475e+03
1.147162045708289952e+03
7.698881308304599952e+04
-4.478991397873120150e+04
1.911342194712453420e+04
5.687938527048589458e+04
-3.309583597816975816e+04
4.701014559801998985e+04
5.489849026111071726e+04
-1.489921582934963226e+04
5.154919476027257770e+04
7.156286798352943151e+04
8.308867467323175515e+04
-7.483665206086004036e+04
-6.010336454618440257e+03
6.448534633762849262e+04
-2.406872893968245262e+04
1.210271843790444836e+04
6.362826053983539168e+04
-9.291155294067450450e+04
2.496340534865317022e+04
-7.309814442040544236e+04
-9.805368768069901853e+04
9.615120385781738150e+04
7.990133268369168218e+04
3.209517235488689039e+04
9.431075882792301127e+04
-4.811629005292738293e+04
-4.427163149957636051e+03
2.801753361835176838e+04
8.091147138093628746e+04
7.773585705672820040e+04
-2.288718182674594937e+04
6.705716974418780592e+04
8.423022182334304671e+04
-4.602846610697179858e+04
5.461260497330546787e+04
-1.735607844452270001e+04
1.973417772315669208e+04
7.912278498931709328e+04
-8.350552200098398316e+04
-5.509448050144771696e+04
6.097026329126470955e+04
7.726870842469446870e+03
3.023406070528118289e+04
2.974579029557165995e+04
6.067480844807525136e+04
-6.958020814003201667e+04
-7.578659942843146564e+04
8.718019329668978753e+04
-1.104894506269832891e+04
7.233360579531351686e+04
-1.241385191720094372e+04
3.190232956649270477e+02
-1.027836582576030924e+04
-7.357570986349708983e+04
-4.096255155732299318e+04
-9.063688847063029243e+04
-9.606542987899945001e+04
1.911287928690318950e+04
-8.386971985329923336e+04
-3.018939130415931504e+04
-8.974152291643232456e+04
8.519921765862358370e+03
-5.130017587835371523e+04
5.835095469060114556e+04
-1.350568925936607775e+04
-1.262556177800373007e+04
9.404251447457846371e+04
-5.617597233384882566e+04
-3.890309396976589778e+04
-7.483863251233506890e+04
5.523076672826101458e+03
5.658056543376536865e+04
-9.817789557923497341e+04
6.670817993432392541e+04
3.694146502165383572e+04
-1.539504628205600238e+04
-2.447175619892516988e+04
-5.890196176414420188e+04
2.244391134032865739e+04
8.817439948083940544e+04
-4.336918599270693085e+04
6.213986497234636045e+04
5.690896923609182704e+04
3.708748134059547010e+04
-9.794533549745807250e+04
-5.980658404804098609e+03
-4.586932106801499322e+04
-8.779627963099884801e+04
8.056966764010446786e+04
6.572776681881989134e+03
-6.027954614811760257e+04
-8.311510924166366749e+04
-4.074950341992941685e+04
-5.901158456963693607e+04
-9.926571687619164004e+04
5.094663562524208101e+04
2.172483541145543859e+04
3.357099604797086795e+04
5.508397307198168710e+04
8.901088412276093732e+04
3.721947104123980534e+04
-3.185899446337718109e+04
6.616208026525302557e+04
1.569659435694693093e+04
-3.847075647295446106e+04
-6.286837189913532347e+04
2.895350447110918321e+04
6.457482652948176838e+04
3.314013093028186267e+04
3.819139772429450386e+04
-2.276019829447288794e+04
2.505526261320533013e+04
7.327964977139199618e+04
9.822360841142569552e+04
-2.082128581570660026e+04
9.468262657232429774e+04
-3.148541645536394572e+04
-6.313080283988751762e+04
-5.975871034712906112e+04
1.845765329295666015e+04
-9.548012910046039906e+04
1.450370556773567114e+04
-2.710503972657106715e+04
-8.950337799915432697e+04
6.880408599277806934e+04
8.037486469852691516e+04
8.625434070165551384e+04
1.493240167904573173e+04
8.482638841461211996e+03
-8.894627373704849742e+04
-7.426099409058544552e+04
-3.475940839295452315e+04
-9.432829795011488386e+03
5.614545515440571035e+04
-3.853894066127398401e+04
8.769124616020157191e+03
-8.532447346941647993e+04
-4.368380632281880935e+03
7.742902398966290639e+04
2.310539945432614331e+04
4.700630995556741254e+04
4.185821003870649292e+04
-7.073516286965065228e+04
-2.940917469291550879e+04
3.326007996302492393e+04
-7.256120225558735547e+04
7.286619371010799659e+04
8.807666319277291768e+04
-1.265936578688607005e+04
6.842638618761231191e+04
4.005616684505848389e+04
-7.629893404511823610e+04
9.099321601072432532e+04
2.115945581540374042e+04
-8.182847527271459694e+04
3.176093044713295967e+04
-2.510522390911287948e+04
-8.347605114856096043e+04
-6.941672101391965953e+03
-7.306549095712110284e+04
2.339229324619308682e+04
-4.746678164349619328e+04
-9.968916489917490981e+04
-9.377527404078975451e+03
-7.733946121341733669e+04
9.987329937773077108e+04
-1.242577140041140228e+04
1.157016425524640181e+04
1.532093573655971886e+04
-5.014238554377330729e+04
6.102721320717942581e+04
-6.786996404422614432e+04
-7.774316417147101311e+04
8.332197529554070206e+04
2.581077529673593290e+03
-5.569470618875920991e+03
-4.827098422814424703e+04
5.997157744969881605e+04
8.740155603620175680e+04
-9.769615689197138408e+02
9.026349039200686093e+04
-1.056893042047463859e+04
-6.493220761714263062e+04
-8.524121195017721038e+04
-2.716535115087463419e+04
-6.324170874899514274e+03
-5.125433520441504515e+04
9.425410150430972863e+04
-8.380285177028903854e+04
-7.068810745312491781e+04
3.619618201733493333e+04
8.272650144909672963e+04
9.292477876119012944e+04
5.374327459663109767e+04
7.713558044855113258e+04
7.611574291056832590e+04
2.363132362923525943e+04
9.180941164679593930e+04
3.895344365234778525e+04
-1.407658827030054272e+04
3.151436107756060665e+04
8.006475809026467323e+04
9.992288516287675884e+04
9.411226013269359782e+02
6.827714041529125825e+04
-9.896466786874756508e+04
-8.913000400482967962e+04
-6.358612060795319121e+04
2.566898147803062238e+04
5.053555949201749900e+04
-4.299332435915156384e+04
-8.039126029442140134e+04
-8.957996196229450288e+04
4.327911719344498124e+03
-4.640141394835236861e+04
2.275778833081487028e+04
-1.918286517457038644e+04
-9.930294890684544225e+04
4.997997498154290952e+04
4.662049178608757211e+04
-9.036420087343925843e+04
-2.919995612063931549e+04
-2.991361397746970033e+04
-4.520515484059249138e+04
5.256939093302336005e+03
-2.736501379652540709e+04
-2.600090566466817108e+04
6.478022220677289624e+03
7.191314783370606892e+04
5.421485723352120112e+04
-9.378480300841975259e+04
7.843530610629240982e+04
-6.308389654123844957e+04
-5.311396791572237998e+04
-7.418578051011516072e+04
7.085168427667889046e+04
-6.224398394748425198e+04
-3.571179017113282316e+04
1.907548803359410886e+04
-5.067374312245170586e+03
