9.781716096194805868e+04
6.947097330223501194e+04
-9.599835623663639126e+04
-7.984352284453190805e+04
2.487469929587403385e+04
1.646323251042444463e+04
-1.484659605303009084e+04
2.519935768501864732e+04
7.709458747491425311e+04
9.700640422209636017e+04
3.546982138698155723e+03
-5.923150373680242774e+04
9.439637347498121380e+04
-4.623278478949762211e+04
1.141906763507859250e+04
9.887284963774091739e+04
-4.194935633544108714e+04
-4.717092852616425807e+04
-9.931148097334839986e+04
6.746526226444116037e+04
7.010192760686462861e+04
7.680154058789445844e+04
4.540290099652636127e+04
-7.970787344376751571e+04
-7.800106000298258732e+04
2.282071246869695824e+04
3.375170204799713974e+04
-6.019829622718939208e+04
-3.614609332419534621e+04
8.454536551785634947e+04
1.501348323307979626e+04
8.832387252281278779e+04
6.845834935606844374e+04
9.193619312793052814e+03
9.021282359256410564e+04
8.481847956426342716e+04
-5.097001298814822803e+04
3.671590423585733788e+03
-1.292248704356450435e+04
-5.236299064331575937e+04
2.153798627522910465e+04
2.620501967760649495e+04
7.341739292005164316e+04
-6.092175279908485390e+04
2.046242672556268008e+04
-6.469886171800679585e+04
-2.477751495577233436e+04
5.586578911362580402e+04
-1.506215957751246242e+04
2.042301191995273985e+04
1.199743913090382375e+04
4.247325527894234256e+04
-9.460132418377680006e+04
2.764047302280488657e+04
1.634938477912378585e+04
-8.633037618865654804e+04
-2.147810580127193680e+04
8.142490923953875608e+04
-1.411437495001100979e+04
-5.901388702658057446e+04
9.354212799486506265e+04
5.118036039306635939e+04
1.589446130440687011e+04
1.735611459295458872e+03
1.445958587459033151e+04
-1.761829158038297464e+04
1.515131868868818674e+04
3.822258750482167670e+04
8.598842084906993841e+04
1.394223475736302498e+04
-7.980123462594950979e+04
1.011878983563110887e+04
3.569246400425056345e+04
-7.369891925016754249e+04
3.623555443795037718e+04
-5.193295602016203338e+04
8.103877045574830845e+04
5.286760794783014717e+04
-4.001544524171737430e+04
1.597059957871960250e+04
6.869210784458937997e+04
4.636230166056392773e+04
-7.084534620515216375e+04
-7.131782303904573200e+04
-5.138206797836792248e+03
-6.131536880143907911e+04
1.725164130310525434e+04
-6.888993977528506366e+04
1.024088168288405905e+04
2.682175435218885104e+04
-9.039941907627577166e+03
3.566872412449918920e+04
9.883016439677563903e+04
-8.709285956188089040e+04
-2.611443229801869529e+04
4.382588058201169770e+04
6.199026117441734095e+04
5.846938363925430167e+04
5.355952823570650799e+04
2.629714683741444787e+03
-9.117261618124596134e+04
3.956005565886821569e+04
-5.653946824331994139e+04
2.043884475212338293e+04
-6.240930466545394665e+03
-3.679129912096002954e+04
2.399668950603248595e+04
2.102190718977991764e+03
-3.213198900038462671e+04
9.628026589804416290e+04
-6.482305252116566407e+04
-5.998386763864579552e+04
2.877847510993016476e+04
-1.197753196268566899e+04
8.023927768377133179e+04
1.326265154600478490e+04
-1.471334975430045233e+04
-4.182868934774882655e+04
-5.961543780205576331e+04
4.066237023604139540e+04
-8.510282749639256508e+04
-6.328436906661995636e+03
7.011285398268906283e+04
9.781663154619390843e+04
-2.502344319971504592e+04
3.903236851028172532e+04
-7.003976316654788388e+04
5.540310508073546953e+04
8.398416478947014548e+04
3.763280009628288553e+03
9.539773858808378282e+04
-2.811746687436906086e+03
1.258659560753948244e+04
5.820740152825655969e+04
2.004583470467967345e+04
-8.326274509754616884e+04
-8.811885785667171876e+04
-6.860453176080186677e+04
-1.392377436573483465e+04
-3.367118311797353090e+04
-9.701970211124618072e+04
-1.868407886553230855e+04
3.098166108294220248e+04
4.266225160222859267e+04
-9.037808074569754535e+04
2.349214869986262420e+04
-1.158825889278484465e+04
5.403751444732319214e+04
7.567811622499777513e+03
-9.906089034323202213e+04
-3.044572396845363619e+04
9.467291551527331467e+04
-7.563162388306066077e+02
3.174049939652207831e+04
7.103512844677239627e+03
-4.769981707944707159e+04
2.731035011441510142e+04
9.992705242324253777e+04
-9.185839042004809016e+04
6.524684990263050713e+04
-9.813527945253365033e+04
-2.079918211707714363e+04
9.477464561156734999e+04
3.258351695602778273e+04
-8.496779028029984329e+04
8.957342277128258502e+03
-9.032672696770180482e+04
-4.557537717364203854e+04
-8.970944713945801777e+04
7.716590281356290689e+03
5.699928244745621487e+04
6.668232924898123019e+04
-7.385885322604930843e+04
2.719473053044067274e+04
-8.933169328403983673e+04
-9.089607620270333427e+04
7.248738372564448218e+04
7.185593500854348531e+04
-7.289590274100872921e+04
3.525334874804560968e+04
9.491018701760700787e+04
4.236584566042959341e+04
-6.517331218628417992e+04
7.617073394313827157e+04
1.619571546339783526e+04
-6.401366312204646965e+04
4.330737556698648405e+04
7.328468611204231274e+04
-6.000086328555076761e+04
-6.089404709950488905e+04
5.537978073209839204e+04
-6.108551579126005527e+04
-9.603417200760201376e+04
-5.252798988134422689e+04
6.389201134982252370e+03
3.084557073652639883e+04
-1.736876828570668658e+04
3.568489618319502915e+04
9.680720295929281565e+04
8.813809435883093101e+04
8.734211706287195557e+04
3.873221089269150252e+04
6.517175492644584301e+04
-7.679839586893869273e+04
1.530650720722122605e+04
6.550092857462551183e+04
-3.490526914782984386e+04
4.592323789495011442e+04
4.104344397529228445e+04
7.431392508186868508e+04
-9.163059212003977154e+04
4.775728179848317814e+04
4.690121731869380164e+04
4.516508729344258609e+04
-1.304391925707511837e+04
7.338893994224110793e+04
-7.451978277712737327e+04
7.565015049333919887e+04
2.443005816686009712e+04
9.351626711383021029e+04
3.306987142313068762e+04
-7.452450674939533201e+03
-8.667813022813585121e+04
-7.785826148069437295e+03
3.824093559977756377e+04
-6.643603794693603413e+04
4.241067950434991508e+04
7.903283932886453113e+04
5.585273061943799257e+04
-3.320063502232523751e+04
5.051400880764961039e+04
-7.526313927173033881e+04
-9.653166644798657217e+03
8.016361047739953210e+04
9.488426605980932072e+04
-6.511169880621866469e+04
-7.810555598578492936e+04
-1.900080473609755427e+04
4.666993274242961343e+04
-6.879365363527688896e+04
4.067611344491798081e+04
5.424868717168940930e+04
3.448005425137868588e+04
8.899233077095090994e+04
-8.706210355210423586e+04
8.947438916008974775e+04
-8.331484287105895055e+04
2.792682349219157913e+04
-5.626207646964661399e+04
-2.122286841964110863e+04
-5.922865579030160734e+04
-4.766579557717982243e+04
-3.199341205682924920e+04
-3.481624076907894050e+04
-5.069036792595482984e+04
3.851342137122584973e+04
1.315540757061199884e+03
-9.686206050493963994e+04
5.871924594303265621e+04
4.348424092989548080e+04
4.035151620952732628e+04
1.574490442616445216e+04
3.691768895677370892e+04
5.755313640176104673e+04
6.559679664044862147e+04
