-2.733322493858164307e+03
-9.663557804091011349e+04
3.462100819056906039e+04
6.128628425513743423e+04
-4.636555756714664312e+04
5.570532960665736937e+03
-1.445399397136950211e+04
9.784514462502069364e+04
-2.379141914367372374e+04
-9.026582935370366613e+04
-1.188221921324335926e+04
8.893268052111545694e+04
-3.676518129430794215e+04
6.317302720153921109e+04
8.316444204587821150e+04
-8.046731449419209093e+04
5.014556612378066347e+04
-7.392914318054413889e+04
-9.805374438622487651e+04
7.490784774007428496e+04
-1.896502804429990647e+04
-6.020110100222464825e+04
-3.200302454667205529e+04
-9.938402836122020381e+04
1.928847330471332316e+04
-6.039675067976437276e+04
-4.789456787780288869e+04
-6.368975810177981475e+04
-1.113938108229396494e+04
-7.308918905925951549e+04
-8.809064867827272974e+04
-5.589806980103339447e+04
6.961475918922414712e+04
2.063571399260413455e+04
-8.872436826187164115e+04
1.732005193182795847e+04
1.425317724322445656e+03
-4.175994425830311229e+04
7.100483047955312941e+04
-1.629664218253834952e+04
3.083808548655273626e+04
3.171561382649651568e+04
4.189445760056845029e+04
-1.866294485000854547e+04
7.487197576798066621e+03
-7.848235819096803607e+04
4.495946670539635193e+02
-4.252180756530792860e+04
5.844868142257220825e+03
-1.197544607566742707e+04
5.841005220063449087e+04
9.034161707025724172e+04
4.683343498977358104e+04
-3.287355812079354655e+04
8.226098407139172195e+04
-2.066489875416992800e+04
-5.131880816291532392e+04
-3.327174286119957105e+04
2.033528394522850795e+04
-1.282250565935201303e+04
4.381574719063150405e+04
2.406736461311193852e+04
4.706685551738970389e+04
8.429860514201315527e+04
6.811600239611668803e+04
-6.101280122502533777e+04
-2.114357836257852614e+04
-3.081707408025897166e+04
-4.275270664735205355e+04
-5.660467384755577950e+04
-3.975975838813636074e+04
-6.509673931949784310e+04
-9.791713466610855221e+01
-8.202221453486617247e+04
-5.419326033154076140e+04
-3.280509928425167163e+04
-7.788739166029306944e+04
-9.197787399131144048e+04
-2.670812593647075118e+04
-4.100826980161222309e+03
1.917572791663364842e+04
-1.781684251846640109e+04
3.014632258289491347e+03
-5.098630757692455518e+03
3.689146104506468691e+04
1.904679873008913319e+03
-2.557107197409611035e+04
8.434240844202472363e+04
8.695774927649274105e+03
-9.000400852016211138e+04
-3.636651320451071661e+04
2.598042275020563829e+04
-7.404563610039335799e+03
-2.158654983314504716e+04
-3.801688213528665801e+04
-8.245811843368467817e+04
-2.269672461979935906e+04
-4.929155332336789434e+04
6.508628449698767508e+04
8.909745654281316092e+04
-4.139875102197655360e+04
5.034143466832797276e+04
2.712058604958152500e+04
-6.270187987485955091e+04
9.994103882187559793e+04
-6.657591690932278289e+04
-6.778560757018743607e+04
-5.057866016784239764e+04
-5.750146109266031272e+04
9.730630367556119745e+04
-9.302006081440072739e+04
-7.260899410299315605e+03
-6.935879855563107412e+04
3.428721760600119160e+04
-1.268384588709143463e+04
-4.386385609335082700e+04
-8.196436084123584442e+04
-4.284598510456713120e+04
-9.669503697413892951e+04
-7.830238455340910878e+04
2.345635652785357161e+04
3.433759104707679217e+04
-7.196577149359513714e+04
-8.098370805883592402e+04
-2.020235336690950862e+04
6.932491766684524191e+04
4.969489628530687332e+04
3.321935782501448557e+04
2.943760571572226399e+04
-8.593483831237869163e+04
-9.031947660912550054e+04
5.936146566167764831e+04
-9.882233390721965407e+04
-1.865227074180525597e+04
4.889904371179067675e+04
-7.710100382399187765e+03
4.623621923695373698e+04
-8.731354817267086764e+04
7.178095602981670527e+04
7.911947948445723159e+04
7.595746105247732885e+03
5.185409663563426875e+04
5.430849825848780893e+04
7.378902452393664862e+04
-7.950775099403144850e+04
4.952119542205731705e+04
-6.774234869606232678e+04
-6.882443042068147042e+04
-3.904246439835812907e+03
9.595099546496340190e+04
-5.480589668147127668e+04
-6.192179469693594001e+04
-9.652674648039838939e+04
-1.777536683361132236e+04
4.523587711537622818e+04
8.353894243826949969e+04
3.605768889399049658e+04
-7.916086481664027815e+03
9.237919896715275536e+04
9.017123414658036199e+04
3.151702658322976640e+04
-2.728040951105130262e+03
5.702243239627781804e+03
-2.528720203292265796e+04
4.005318511834712262e+04
4.434475198237239238e+04
1.251028553792549610e+04
3.732741138192081416e+04
-5.080866323235140590e+04
3.088544015848284107e+04
7.666969601443251304e+04
3.848052125216713648e+03
9.943543724797728646e+04
6.814011137852103275e+04
-9.448225790467033221e+04
-2.702571243301158756e+04
3.988452534541467571e+02
2.724517555744900528e+04
6.243307569533916831e+04
9.388714658904790122e+04
9.205676271023841764e+03
-4.111495502987963846e+04
4.936597476758941775e+04
-2.261527325948344151e+04
1.034146184594206352e+04
-7.341507875753688859e+04
-5.884682129709633045e+03
-9.302499907176911074e+04
-3.495283474832153297e+04
6.082291981327281246e+04
-6.342500963579075687e+03
9.831395968350161274e+04
-4.638965750255415333e+04
-1.383730600572688127e+04
8.232615352609581896e+04
6.466262935300548997e+04
8.672287089774947162e+03
3.279318718015282684e+03
7.466272114343216526e+04
8.828094725671247579e+04
2.649319387545885183e+04
7.665536948715591279e+04
-1.928378222815530899e+04
-9.184992160980585322e+04
-5.981360496461436560e+04
-4.135376214225329022e+04
-6.906097324124642182e+04
8.478080311542892014e+04
8.536576683039650379e+04
4.692508514080848545e+04
-1.730928168949348765e+04
-6.036722224084129266e+04
-7.141617148511465348e+04
2.032149677292107754e+03
2.734650981322874213e+04
-3.597425491315045656e+04
-1.569615644686677297e+04
-9.106172696389292832e+04
5.635630950143196969e+04
1.192820597459082455e+04
3.768940841773746070e+04
3.528120081023194507e+04
-8.788164717370270228e+04
4.886176619998572278e+04
-5.840220338434495352e+04
-8.766779127103983774e+04
-4.617243582945453818e+04
-9.578047775670164265e+04
6.589602213406380906e+04
-7.694994258593823179e+04
9.280201153913786402e+04
1.354582191106278879e+04
9.792605788865245995e+04
-5.571216159443181095e+04
3.242250896917797218e+04
-1.614682870690525851e+04
-6.820306089238401910e+04
-5.295435714629919858e+03
1.430012228195015086e+04
7.182305011808853305e+04
-2.127501086442829092e+03
3.277275527493156551e+04
-5.351781831890482863e+04
3.004583235005819006e+04
7.839918017647886882e+04
-7.630975330132654926e+04
5.324813116655265185e+04
-5.422580301952664013e+04
-8.475820538460314856e+04
-5.636722254939949926e+04
8.153284316850885807e+04
-6.955234965805335378e+04
6.258301238550857670e+04
-1.251468681163930887e+04
9.585034127672904287e+04
-4.482486966791615123e+04
7.978644311791672953e+04
5.383297100872046576e+04
-9.688498451539674716e+04
9.408663208161493822e+04
-2.700349199555279120e+04
-2.810169322717312753e+04
1.556747005424440977e+04
3.204304325147602503e+04
8.618120376377321372e+04
