2.300906618491817790e+04
-7.456807734355871798e+04
7.977381822583303438e+04
5.765769964873039862e+04
4.285091399851729511e+04
6.485561839359992882e+04
-8.434615047183104616e+04
9.853103634786137263e+04
-7.214129196496905934e+04
-4.600776836592439213e+04
-1.569161043785682705e+04
3.855545219262602041e+04
-8.277319889339749352e+03
-2.406594069774479431e+04
-5.934293055964157247e+04
-4.829640936216143746e+04
3.669442111987434328e+04
-4.853260073680891946e+04
-1.347819249836572271e+04
-4.819870718649257469e+04
3.437530649957095739e+04
3.015784982923039934e+04
2.844336630682136456e+04
-7.284289906414580764e+04
-2.761315187292490737e+04
-2.388230740370509739e+04
1.238250245745244320e+04
8.607134694540454075e+04
2.323727102478203597e+04
8.247909310563563486e+04
3.624848905713440035e+04
3.730391044636053266e+04
-1.721094170057424344e+04
-8.946869911987522210e+04
2.433995226740241924e+04
-8.127441324024247297e+04
8.903257313787867315e+04
3.882171384381552343e+04
6.852985360432736343e+04
-2.834881794321577763e+04
2.603974885577420355e+04
5.710852857520242105e+04
5.445368492805835558e+03
-1.939429976807112689e+04
2.016332515848222829e+04
8.985124732206968474e+03
-9.286386711415099853e+04
1.739323295842585503e+04
-9.002395031886671495e+04
-1.673789838018392038e+04
-9.878724973710904305e+04
-6.359245748410161468e+03
-2.298658212074529729e+03
-4.634503961363865528e+03
-2.143258303626341512e+04
-1.668255768660077592e+03
-4.434367428675438714e+04
6.652417195822592475e+04
2.298112031184618536e+04
-9.357865512144034437e+04
6.707249399619564065e+04
-7.050512474823837692e+04
6.011695303948732908e+04
-7.002028223481262103e+04
4.066060492670460371e+04
-3.103769194157817401e+04
7.341155961978307460e+03
5.933730781063396716e+04
6.058141907475379412e+04
-2.364042489749452216e+04
-3.909044157749008446e+04
-5.984356099589751830e+04
5.310647472533784457e+04
-1.701564125495597546e+04
-9.448163892276682600e+04
6.109696491995351971e+04
1.911944669950102980e+04
6.768443458754257881e+04
-1.753102014442742802e+04
8.683667006021097768e+04
5.628316144770666142e+04
-4.066044389598828275e+03
-1.364324868667963892e+04
-8.831425551174390421e+04
-7.430996005480237363e+04
-7.386063367175091116e+04
-5.611286153098309296e+04
-5.460249903907661064e+04
2.386486983267831965e+04
7.932087881896510953e+04
-7.954461848303055740e+04
6.173711680655687815e+04
-1.088700078833481530e+04
-7.195294560133770574e+03
-3.276807070646646025e+04
-7.342039916398350033e+04
-3.998583006994327297e+04
-5.347073281090342061e+04
-5.234103554074314161e+04
3.606567819325719029e+03
-1.007068045658075425e+04
-9.162021238590255962e+04
-5.036292497112608544e+04
1.326885035706734925e+04
5.881892961621467839e+04
-2.651990459247506806e+03
3.721068334233827773e+04
7.986870009346355801e+04
2.642494931247895875e+04
-8.700673160515597556e+04
-1.325118649778136751e+04
-8.447147601141444466e+04
4.610146295531661599e+04
-6.218189243387361785e+04
8.715042637269973056e+04
-8.231019010294330656e+03
8.377768013095913921e+04
-9.860133724004802934e+04
-3.066969422162964474e+04
-4.879338588089694531e+04
-8.148917701758329349e+04
-9.309069120178360026e+04
6.002610303815282532e+04
-1.118848018275784852e+04
3.681712229228272918e+04
4.769317078946947004e+04
-7.732336899899998389e+04
3.560353259675067966e+04
6.509304542261714232e+04
-4.895031953104327113e+04
-3.691876560209472518e+04
1.273913511473627295e+04
-9.675260042765381513e+04
-4.458639856117923046e+04
-1.097712626548847766e+03
5.568717670418391936e+04
-1.805185284012918419e+04
-4.739172881994378258e+04
-5.365912531688949821e+04
4.945198902965406887e+03
-8.332599302321398864e+04
1.211586238626860722e+04
-9.747596544825356978e+04
-9.827638667475277907e+04
6.031093998398567783e+04
2.141385616797943658e+04
-5.556488649541611085e+04
-1.513160651883699757e+04
-9.361415457600541413e+04
1.630538849076806218e+04
-8.433837123203207739e+03
9.588039654032961698e+04
1.040890572972690279e+04
-4.282769899891136447e+02
4.997512080338015221e+04
-7.024710253159103740e+04
-4.044190846830473311e+04
-7.800165831318849814e+04
-4.744001336796885880e+04
1.317739741922540998e+04
-9.872019957152637653e+04
-1.207089153721208277e+04
6.105392289532639552e+04
1.840305161315109581e+04
3.737696663525476470e+04
5.361069127302226843e+04
-3.658996952483721543e+04
8.773851892032209435e+03
-8.645215647631208412e+04
-6.346401448404775147e+04
9.932412138951182715e+04
-9.495195218794443645e+04
-6.590246263343968894e+04
3.834093810624795151e+04
-7.105191081023814331e+04
-5.455769909548285068e+04
-8.682951269935086020e+04
5.873437697016814491e+04
-5.818709701946272253e+04
9.009897214582926244e+04
6.603974511984028504e+04
-9.015933691797284700e+04
-9.739233444769492780e+04
-9.166170986023551086e+04
-9.780995813953483594e+04
-4.596011196540836681e+04
6.450605197381152539e+04
1.231634156404543319e+03
8.936437293324802886e+04
-5.002005117433463602e+04
3.728937967557049706e+04
-9.241509972500860749e+04
-7.822619750727040810e+04
-9.625785249322565505e+04
4.262237039510020986e+04
1.670477817487088032e+03
-9.475272508925263537e+04
-2.896819390129570093e+04
2.544962029644359427e+04
9.892369373435017769e+04
2.376628045019184356e+03
-6.145872539346497797e+04
5.244681069625332020e+04
2.174301773397870420e+04
-3.511912758416216093e+04
5.506045793217423488e+04
-3.531850903065060265e+02
-6.816582859909744002e+04
7.757587971693804138e+04
-2.730003932817142049e+04
3.320871310820730287e+03
8.269212492370291147e+04
-8.331876333626604173e+04
-5.868826341373389732e+04
-5.571255001686457399e+04
9.072732678182030213e+04
-2.809516854157081980e+04
-7.474325594260435901e+04
9.439692178497006535e+04
8.320568600232742028e+04
-7.816970897587398940e+04
9.822571784210173064e+04
9.701035583137301728e+03
-2.425614629832646460e+04
-9.034078654870037280e+04
-7.762643322217591049e+04
8.129273220760285039e+04
-9.198977973933317116e+04
-9.317269953241171606e+04
-2.075225897473504301e+04
8.463214527183774044e+04
-9.771048158422883716e+04
2.688229855358864006e+04
-1.779837534608716669e+04
4.725617542492898065e+04
-4.284863690244802274e+04
3.275773159500811016e+04
4.908587529077249928e+04
3.148039236175181577e+04
-3.183204155524128873e+04
1.027916105807904387e+04
8.629337046756449854e+04
2.919514662199956365e+04
8.627191514725837624e+04
-4.446490914448635158e+04
1.918160982695476559e+04
2.605618120825511869e+04
-3.948797956535576668e+04
3.782578472505172249e+04
-6.082032608631051698e+04
1.505660609482617292e+04
-4.948591959920891532e+04
3.427081282751917024e+04
-2.459819477971331798e+04
-5.322536055141245015e+01
-7.760004962014433113e+04
3.796800847755174618e+04
7.347872160786043969e+04
-1.606144399098549911e+04
1.729581684707410750e+04
3.000127627279600711e+04
-6.097183277116593672e+03
-9.369507759170026111e+04
-5.513087102240790409e+04
9.819736061566779972e+04
