-1.550470428796467058e+04
2.265357105272846457e+04
-3.231717231288610128e+04
6.859077711842594908e+03
-2.532469157900371283e+04
1.068859262789778586e+04
8.523739225069464737e+03
9.914743919558453854e+03
-1.204955683489670446e+04
-3.909991559327501363e+03
6.744545996332099094e+02
1.777143406694869918e+04
6.161378214019997358e+03
1.180252615123226860e+04
-1.370486200928070866e+04
2.023614315491564776e+04
-8.323638763026012384e+03
-5.299086774933919514e+03
-1.956666663911399519e+04
-1.617062828201888260e+04
3.489723735721114735e+03
1.265313598552780786e+04
1.154873252188463994e+04
-5.174442952348173094e+03
9.495932344798389977e+02
4.319816803139397962e+03
1.294771977070944376e+04
1.668463923739567008e+03
8.968975260788800369e+03
1.524854315474665964e+04
-2.125660323806796805e+04
-1.257368284447012775e+04
-1.628000792325657312e+04
1.158952380534364721e+02
-1.096998075396444983e+04
2.080141311134263742e+04
-1.582544572470566527e+04
-1.514128603626705262e+04
-1.038873955515420676e+04
-3.043050603943958322e+03
-1.757099131370932810e+04
6.248270253772776414e+03
7.824859680507025587e+03
1.540787771510168568e+04
-2.587710354666470494e+02
2.476582064460756010e+04
3.810971338259352342e+04
9.395443271914355137e+03
3.667120388313526291e+03
-9.255048347568912504e+03
2.725411530867992042e+04
8.833361320550146047e+03
2.890093534125444057e+04
1.937205832497551091e+04
2.060699458371792934e+04
-3.450964335472777020e+04
1.106999900959439219e+04
-7.899170175927155469e+03
-2.660363184055447346e+04
-4.436774269858552543e+03
1.263201994174999345e+04
1.774077502156319679e+04
-2.220480195076261953e+04
1.905251108763271623e+04
3.016817212182225921e+04
1.692427889376316671e+04
7.914744556353346525e+03
-8.415827324514140855e+03
1.563095293571198999e+04
3.040259826803378382e+04
-1.142278317971797878e+04
8.325632108664185580e+03
2.432879728071615659e+02
1.430183030127922393e+04
-1.018664863410573525e+04
3.650740590885871825e+03
1.094818812059023730e+04
-1.122306876999112865e+04
2.778757329750144891e+03
-3.349098873391644247e+03
-2.745695312670787644e+03
1.276811274912546105e+04
1.501400758060434782e+04
2.064370257107261750e+03
3.063847794706222339e+04
-9.913995217660880371e+03
-1.734586969868993401e+04
-7.827301459429801071e+03
-4.198730332237043513e+03
-1.045740200518537313e+04
1.250590823634209846e+04
1.590290256218639479e+04
3.100874851778096399e+03
-1.530426715852080815e+04
3.917761603707608447e+04
2.696194190272477863e+04
-4.088969306264528768e+03
-8.463918164048949393e+02
1.045048059444951468e+04
-7.458786570033849785e+03
-5.053504775843518473e+03
2.173964494897702389e+04
1.334791015905407585e+04
-5.986647329259069011e+03
-6.589956045736641499e+03
6.202722975902172038e+03
-2.020218224857381301e+03
-5.485580722724400857e+02
2.806397814060464952e+04
1.252189648843351642e+04
4.358658523181406963e+03
-1.854242524865147789e+04
2.177944158347040138e+04
-7.788550426560796950e+03
1.194911069802137172e+04
2.835065360282392794e+04
1.774692035318856142e+03
1.303036751879903022e+04
-5.454277116373424178e+03
-1.771677208426166180e+04
-1.142404968840500806e+04
1.959959297144085895e+03
-3.383679913601658336e+04
-6.543038064878035584e+03
2.036102306810832943e+03
5.237475760128460024e+03
1.939202948827327418e+04
-3.200696713440379608e+04
1.408106983641454826e+04
3.689007420867846122e+03
-1.187479353947916206e+04
7.242294349803768455e+03
-1.304483915074203651e+04
1.106961663346088790e+04
1.193844143723380694e+04
8.786183111174199439e+03
-2.191370605882531891e+04
2.653697111057260554e+04
-1.531859676359068726e+04
4.874798380131392150e+03
4.965208115350171283e+03
9.169950644776965873e+02
-8.734578802804089719e+03
2.617790861841623337e+04
2.540841456108734747e+03
8.349719016287468548e+03
4.849197478363241316e+03
6.569266135266435413e+03
-1.178615202226199654e+04
3.139469717131986181e+04
7.667832281864663855e+03
1.558161445048806308e+04
1.918587616567428267e+04
-3.681685953755687478e+03
2.160932370960481057e+04
3.983274223769015407e+03
2.505877769693401206e+03
2.702061782850455074e+03
-9.403216850768023505e+03
5.322540633715031618e+03
-4.133342811263783915e+03
2.800208229943948390e+04
3.989918444652101698e+03
4.362571755867458705e+03
-2.154192602508182063e+03
-2.917135271608495168e+04
3.078397379232068852e+04
2.316237235554837753e+04
-1.964616992432580082e+04
-1.554409077021796475e+04
-8.085168278158179191e+02
8.742650027247489561e+03
-1.090157002877611149e+03
-7.000850586003154604e+03
1.005531777803421210e+04
-1.022627622413957397e+04
5.966574300279562522e+02
8.367470904599448431e+02
-3.453616412913307272e+02
2.949814567350913876e+03
1.807991331392335269e+04
-2.783686309597852232e+04
-1.090743648201205133e+03
-3.393535670206337727e+03
-5.103671991836440611e+03
1.492749701116150209e+04
-9.028027032817126383e+03
5.629807735896184568e+03
1.575850299641085257e+04
-1.672757499520804231e+03
1.947131214072098010e+04
-2.970205228079148583e+03
1.958290089609497954e+04
-1.665754415177915143e+04
-6.788639398527513549e+03
6.250453562714859800e+03
2.069648766561722368e+04
5.921350703293377592e+03
2.516683331339600772e+04
1.456860955318672313e+04
-7.935046309904045074e+02
-1.242781106910786093e+03
3.375356404064467642e+04
-3.426644251404145325e+04
1.143234644421963276e+04
9.250664968051038159e+03
-5.113901927458949103e+03
1.968775458858794445e+04
-1.302457087937551296e+04
-1.044288611757200488e+04
-6.043486571980608460e+03
2.731403564866116358e+04
-1.702098881425320360e+04
-6.213616052871608190e+03
-8.134657897701732509e+03
-1.474217192100340617e+04
5.825713787666926692e+03
-1.425905948101095055e+04
1.021693608343802225e+04
9.851337963660762398e+03
-2.939418035043021519e+04
3.865217473250293551e+04
-2.016296989067356844e+04
1.313567312499651052e+04
5.244750703543818418e+03
-2.956378773962416744e+04
1.486951602483041279e+04
-1.014944080156286327e+04
1.952357941129333085e+03
8.876524176075508876e+03
-2.335761688250998122e+04
1.388034318833060206e+04
-3.173672007226610731e+04
-6.914151255246552864e+03
-2.113533906844923331e+04
-2.393047654441655686e+04
8.732547717870809720e+03
-2.344969177792052869e+04
2.792450240455309904e+04
5.554623810445516028e+03
7.139605188290910519e+03
9.146442312284614673e+03
2.339449978964547336e+04
1.382544181470832154e+04
2.711415242563807260e+04
-4.178295482149034115e+02
-3.504379526039188931e+03
1.864545644133866881e+04
1.690309858995344484e+03
-3.044938325375692511e+04
-1.338386454464032067e+04
2.824187101334304089e+02
-2.460305784069631045e+04
2.080538937601031284e+04
-1.784817683695137021e+03
-7.637298352911492657e+03
5.150095244765992902e+03
-2.514050075857924094e+04
6.541565043833147683e+03
2.208258936072218057e+04
-3.301699945510949328e+04
-1.867568045469193748e+03
-8.712829381660345689e+02
5.217991417494547022e+03
5.525263232132416533e+02
