1.241265156581892597e+03
1.040615137194718955e+04
6.498975454105876452e+03
2.477972911174524779e+04
-2.130926994002366337e+04
1.880505656526166422e+04
-8.220209860633311109e+03
2.778868756275189753e+02
7.415917092233172298e+03
1.334194738651348780e+04
3.643778903259786148e+03
-6.378790575042909040e+03
5.029506959125066714e+03
9.633785603376489235e+03
3.344719695885445617e+03
-4.083725599037501070e+03
1.185676362032540055e+04
7.865182594319375312e+03
5.068237017116203447e+02
-2.750582576308238458e+03
-1.805897159057059253e+04
-1.274675382887814158e+04
-7.963638804439916385e+03
-1.235502115326413514e+04
2.369122864146597294e+03
2.962646579938118975e+03
1.065501995387392890e+04
1.520374915341297856e+04
-1.056575573625529614e+04
1.744482043357927250e+04
1.825986200295725212e+04
-7.075460203471772729e+03
2.469707885102472574e+03
-1.562896340156597034e+04
-5.747023633930433789e+03
-2.029394660272778128e+04
-1.120235307339275278e+04
5.991993895601472104e+03
-8.113798577913064037e+03
-1.430531579772502653e+02
1.177575309093379474e+04
9.500439630216627847e+03
-2.449758159590800642e+04
-9.088496171648152085e+03
5.523009495029656136e+03
-2.482271011298141093e+04
-2.721709897517727950e+04
-1.879252933834288706e+04
-2.312466924603913503e+04
-9.117000170382812939e+03
1.248004751217361445e+03
2.452851129105048676e+04
7.588319704438235021e+03
-6.457527943199764195e+03
-4.520989484473541779e+03
1.726657470077464723e+03
9.308951183570488865e+03
-6.972713751069558157e+02
-2.572124651739027468e+04
1.219568524065076053e+04
4.636308568268952399e+02
8.421113243925054121e+03
9.104985357289679087e+03
1.482909964690311426e+04
5.771708710621340288e+03
-1.851506023931817253e+04
-1.435918172918169330e+04
-5.278373763632584996e+02
2.712887416803756878e+03
3.566532596860819922e+03
-3.383371406062523420e+03
8.175669967410533900e+03
3.131116249309562045e+04
-1.066402122118655461e+04
9.125698522249771486e+03
-1.319021358989864530e+04
7.347855292215342160e+03
-1.023145607024801393e+04
-1.218829313675210415e+03
-1.248873320497378336e+04
9.883449751771580850e+03
1.920212983592408636e+04
-2.956190849432889991e+03
2.230867084892472485e+04
2.754925284720236050e+03
-3.552730339780720897e+03
-2.388230002275559673e+04
-2.216420647418509179e+04
1.540731911132297319e+04
3.334097577250546465e+02
-6.681533015394932590e+03
-1.291762689200067143e+04
-3.033017088789182526e+04
1.383059227720272975e+04
-1.188714266099345514e+04
-7.045357374508412249e+03
1.153797958845467474e+04
-6.087408556525148015e+03
-7.013292976439915037e+03
-1.946421884703871183e+04
-1.460697632464524577e+04
3.994986444749029033e+03
2.440041135619314971e+01
-1.190090220677660454e+03
-1.347020184227769641e+04
8.542810587048568777e+03
-1.285841281504895414e+04
2.756520218993382514e+04
9.398259126737066254e+03
-5.761082133740653262e+03
-1.543373604598978091e+04
-1.524672253093644576e+04
7.412924331545828863e+03
3.820461449349074314e+02
-2.087989470230455117e+04
-1.873680753302817538e+04
1.630100174704036181e+04
1.574347107439365209e+04
3.890099911079544654e+03
2.572102796068839962e+04
-1.389718892232876715e+04
4.046325494553807403e+02
3.084246141136471851e+04
-5.210308247788172594e+03
-1.701639404993860126e+03
1.025021225295727527e+04
-1.945394685840529746e+03
1.021233185897815383e+04
-3.726321696975946543e+04
1.702352779069161988e+04
-6.776059351695028454e+03
-1.498507102295729965e+04
-3.492729293291487920e+03
7.971090608374781368e+03
5.172974095911823497e+03
-1.782157024948265462e+04
-9.925053184350463198e+03
3.416793242141548399e+04
4.554857808442513942e+02
5.388560525670180141e+03
4.100757792799740855e+03
-1.860969070524416748e+04
-1.193887643004087113e+04
1.265218571976144631e+03
-1.440929215591658249e+04
2.069706983014613797e+04
-1.724856595526821820e+03
-7.982002996813222126e+03
1.930624716490215360e+04
7.044124051887599308e+03
-2.460689796309612575e+04
-5.293478498763938660e+03
-5.997782024320285927e+03
-1.636210005359354545e+04
-1.331225038930735718e+04
1.802281562154930953e+03
-1.980426015798404114e+04
1.630265283449401250e+04
-9.312909076791367625e+03
1.693484499340738330e+04
-3.012850815615151987e+02
1.898063146745308768e+04
1.253875809534216751e+04
2.134685510592052378e+04
-4.819767115718665991e+03
-4.161204247400887652e+03
-2.764592939378868323e+04
5.762251478829969074e+02
-3.302573235446913458e+01
1.281286242891819711e+04
-3.660539455757040741e+03
3.136858976095187973e+04
-2.158628361186971233e+04
-8.514882453486747181e+03
-6.635667581909693581e+03
1.638493333699987852e+04
-3.295918504779335763e+03
-1.495024531225805549e+04
-2.199708492552318057e+04
1.870378086106357296e+04
2.100336676172820080e+04
3.468743853303495416e+04
1.193249073015544127e+04
-9.942652248333586613e+03
1.912519905201548318e+04
-1.680974364092672886e+03
-8.665979072408790671e+03
1.125622036880873020e+04
-3.956959986321293854e+03
-1.039300463427393333e+04
3.789830044865886975e+03
-1.546737006849883073e+03
2.727151533642041159e+03
7.958635201304117800e+03
-2.169371405528515970e+04
-1.095532265392643967e+04
1.263698235642015243e+04
2.866108603986266098e+04
-3.052445467697456115e+04
-3.056610265532994163e+04
-5.233038375843417271e+03
-1.103290351098888459e+04
5.727537444982051966e+03
-2.833765612837371009e+03
-1.353505555188543076e+04
-6.791782316705958692e+03
2.719102545195409766e+04
1.123077716753163986e+04
1.388397604905008302e+04
-1.958967262218320320e+04
-2.151038560837109617e+04
2.513400484695823252e+03
9.831598144940264319e+03
2.301625918717426248e+04
2.387653141370704907e+04
-2.294855939544068679e+04
8.641193883302303220e+03
1.301554155907877066e+04
1.253161016324923366e+04
2.884319164396235647e+04
-7.881953360671641349e+03
8.001369379796878093e+03
1.662877680051146308e+04
4.805786672060041383e+03
8.735749976130182404e+03
6.476830762280885210e+03
3.456202991753177685e+03
5.344286963555558941e+03
4.878783269169836785e+03
1.608650683857943295e+04
-6.188433218346902322e+03
1.548563705443350045e+04
1.361294495285865742e+04
-9.741133516633864929e+03
2.136096367434490730e+03
-4.087233121502106314e+01
-1.016872359774263350e+04
-1.640622872842154902e+04
-2.276677510692410215e+04
-7.760740741932030460e+02
-1.153394443024291286e+04
-5.054175415121223523e+03
-9.202547045532248376e+03
2.832302331392611813e+04
-5.987544966650290917e+03
-3.230649368863443669e+03
-1.819725541826134986e+03
4.269229622976301471e+03
1.331032980680742548e+04
1.717803214493658515e+03
-3.447278079128585523e+04
8.408706793070321510e+03
8.991434828047107658e+03
1.208896490538976832e+04
-3.925273331377356953e+03
-1.357576409609587245e+04
-1.849663087984620142e+04
1.303142652148022535e+04
-6.786432486644851451e+03
1.503257012286960708e+04
1.314968327114631757e+04
2.824525204028965391e+02
-1.087432994512769437e+04
1.466014941668444953e+04
-4.604406848302749495e+03
