-1.663436934149163062e+04
1.977206990375713076e+03
-7.146667298627311204e+00
-3.939916203472459893e+04
-8.308463353377912426e+03
3.667092789084417745e+04
-2.821963193606395635e+03
-3.760509855023688488e+03
-2.549258492995957931e+04
-1.061632282305222503e+02
3.600769712937106669e+04
-7.082853428750127932e+03
3.009323174026761535e+03
1.828821212055626165e+04
1.437645108861421613e+04
4.938775025950377312e+03
1.573481955925556576e+04
4.511910220470538479e+04
2.759543895738108404e+03
-1.849105041449245255e+04
3.153555711103599606e+04
-2.409601166756327439e+04
3.590614520046622783e+04
-8.931719892428249295e+03
2.226081930277203355e+03
3.281984377475062502e+04
2.217626510300912923e+04
-3.004460913259574227e+03
9.393320132308299435e+03
3.521573309730949859e+03
-3.529276816232075362e+04
-5.539744264353449807e+02
-3.007906376386593911e+04
6.395727085829389580e+03
1.674867569586915124e+04
7.089301660716781953e+03
1.908301897357095731e+04
8.555738043322202429e+03
8.405510527566762903e+03
-9.794877123461266820e+03
-2.231348524534661192e+04
-5.269888193806829804e+03
-1.364201988128405901e+04
-1.151937206532179516e+04
6.233773626064927157e+03
4.244614658936659907e+03
1.163393344452330530e+04
-6.953946861428836428e+02
-1.208871340821122067e+04
8.665731318778298373e+03
-6.252281407284881425e+03
-2.143569503846627413e+03
-1.143337066627228523e+04
1.624081624685703173e+04
-1.323954886631812042e+04
-2.570485170693667897e+04
2.052001336347617689e+04
-1.373870604384823127e+04
-1.263158585910805414e+04
-4.191135997820043485e+03
8.155274174004656743e+03
-4.521320069622829578e+03
-2.835651945198950125e+04
-2.515250768880041142e+04
3.418311579783501202e+03
2.420762035683978684e+04
-3.145443495532105771e+03
-2.595040972043039073e+04
9.720419455969480623e+03
-3.239195260955362755e+04
-3.633518802101517940e+04
6.370094847587058212e+03
-2.371182558083982804e+04
-3.888535119480262892e+03
7.254955568495664011e+03
1.984825471433662460e+04
-1.276868899548030640e+03
1.730109626075812048e+04
3.620468421100418254e+03
-8.721109786740040590e+02
8.418029946309230809e+02
-2.359607190793878908e+04
-4.970130938028969467e+03
1.869778838727995753e+04
1.058115244640170386e+04
-1.240054754839355383e+03
5.226411453539932154e+03
-1.039231262992862321e+04
1.583333797219705230e+04
1.241848758033408194e+04
2.468472992985285237e+04
-5.709519468342567052e+03
2.234963560624715228e+03
-7.347376550988527924e+03
8.928288415454206188e+03
5.526526522129462137e+03
-8.935951494084745718e+03
8.431414780882245395e+03
6.237294165253873643e+02
1.578154950985203686e+04
-1.591492442326822311e+04
1.243066515331206028e+04
6.652972550323454925e+03
-2.412755683957527799e+04
3.133521882734885367e+04
2.090974558064743906e+04
-3.167562176832972182e+04
-9.084871515113820351e+03
1.300125648716258183e+03
-8.808063132105326076e+03
3.821158222721726816e+03
1.227273493137203150e+04
1.426869829875463620e+04
1.258129530529650037e+04
3.310612078628424206e+04
-2.270957068027916466e+04
7.714953959071201552e+02
-1.017461813810420790e+04
-2.775896451470520788e+03
1.568171591825774340e+04
-5.579020880005644358e+03
1.164992706442141025e+04
-5.300728684355551195e+03
1.437130403350692541e+04
-1.290490721043117446e+04
1.760674674254336423e+04
-4.205945455002506787e+04
-7.465005203007221098e+03
1.297974313853912645e+04
5.432705588295729285e+03
-4.103525902722512001e+03
1.505321722524006873e+04
1.299048475652087291e+04
-2.192834154153237614e+04
1.119367355435259742e+04
9.413451179003863217e+03
2.064855806572752772e+04
8.541188718518122187e+03
1.754463819969643009e+04
-1.058772311641491433e+04
3.491623082933899423e+04
-2.427120322776308240e+04
1.569458120104938462e+04
5.975836766556969337e+01
-6.802471094442995309e+03
-8.821686935738864577e+02
1.208456493067579504e+04
-1.218694375430308719e+04
-1.816016715497320183e+04
-2.995922644997549924e+03
5.567870525968057336e+03
-1.068656514383363537e+04
-1.588615874303029159e+04
-1.470816686812895750e+04
-6.284981998493987703e+03
-3.424129292883024846e+03
6.329295600365996506e+03
2.872728867721487040e+04
-6.734488268320398674e+03
4.504670124477247555e+03
2.053357680942959632e+03
-1.743470371355945474e+02
2.803682201523516414e+04
-3.263548191085692451e+03
-2.824310735979115179e+03
7.980126714229312483e+02
-3.158691619475483458e+04
-6.849996432205379278e+03
9.031865958879474420e+03
-1.975508744675695561e+04
-3.706906766075340784e+03
-4.105314971477057043e+03
3.779083038224477150e+03
-1.651964799772054539e+04
1.823058132541713712e+04
3.662692172221721557e+04
-8.726367315307297758e+03
3.666383776427875546e+03
-2.865405560736776897e+04
1.919843369052292110e+04
4.074407929760763363e+04
1.286645045182393369e+04
2.811168232708647338e+03
7.188565904393624805e+03
-1.266313618547202714e+04
3.987387417060056123e+03
-6.674860715564471320e+03
8.590363176267250310e+03
3.855229895491864227e+03
2.067847772798202277e+04
1.452917597066052804e+04
-4.055290085151549647e+03
-6.647330168979604423e+03
5.927935594622261306e+03
-1.468911393991716920e+02
2.855102323997274289e+04
-4.249556394039766019e+03
1.638274129898675528e+04
1.880779264871759369e+04
1.459054476922819958e+03
4.502754251033015862e+03
-4.178841461354785679e+03
1.322645627503217838e+03
-2.298837711952318568e+04
-1.762378012541275166e+04
5.746904920858843298e+02
8.508113990022866346e+03
1.089181076385763299e+04
-2.136691234162978435e+04
-2.647198446684945156e+04
-1.715390270735205195e+04
2.430571182685777239e+04
1.214702787787603484e+04
1.028632374229114794e+04
2.448630481623173182e+04
-3.102423033050265985e+03
-2.966564252844426301e+04
1.591748692026824574e+04
2.850774385426391382e+04
1.625398597052087280e+04
5.338543581579876445e+03
1.588725493393486067e+04
-2.207657739135677548e+04
2.109128834209901834e+04
9.677859329696299028e+03
-5.516918469343541801e+03
-7.270468576690540431e+03
1.799008512046934993e+04
5.429433212667892803e+03
-1.036338958644653530e+03
2.428575673040144102e+04
1.687026296679825828e+04
5.133079383759315533e+03
-1.687582684313930440e+04
4.209005241647700132e+03
-6.426606837959928953e+02
-2.080444999019658644e+04
-2.288521595870508918e+03
-1.677451618755211530e+04
-9.405628182134332747e+03
-2.363792843434489259e+04
4.535302171089589137e+03
1.910914039873776346e+04
2.390578850617687567e+04
3.906163611523455620e+04
-8.610006601634137041e+03
2.882802664025715785e+03
2.320791685600128403e+04
2.130350169612514219e+04
4.339374172513300437e+03
-2.478792599455526215e+04
-1.130408900883245224e+04
1.379294691928009524e+04
5.731000038112913899e+03
2.440685580948002826e+04
-2.831613362780526222e+04
-4.726004925552225177e+04
1.175378052799171564e+04
-1.227773490473484890e+04
1.701240420678066948e+04
-1.517728049022365485e+04
-2.850509013751993552e+04
-2.766549622643596194e+03
1.524700591977842123e+04
6.604517836119623098e+03
