1.115789641946946358e+04
-4.097019502406541505e+03
-2.916010619750934711e+04
3.114037615653491594e+04
-9.562741365339570621e+03
-1.269019762363989685e+04
1.738128095321117507e+04
3.131292217801699735e+03
7.954559003631590713e+03
1.553409976092050101e+03
1.178805805654623146e+04
-9.611989078355354650e+03
6.146565188916864599e+02
-3.887171627839079156e+04
-1.326120037023221084e+04
-1.077515960098302094e+04
3.734360202105882763e+03
6.667795512575371504e+03
-7.407204450597409959e+03
-6.666264894666294822e+03
6.711450281309140337e+03
-1.938177320524008246e+04
-4.050154898761134973e+04
-1.563114312408967453e+04
-1.518480281653966085e+04
1.933811063706971254e+04
1.221711485705049017e+04
1.052811478405422531e+04
-6.990047184956530145e+03
-1.877236560789974101e+04
2.033629919428439052e+03
-2.715824398643327731e+04
1.065210616480219505e+04
-1.846631119857695739e+04
-9.245121130915405956e+03
1.493305555711379566e+04
-1.008095459544929872e+04
-1.643821610289846285e+04
-1.283406589948567671e+04
1.424096034704659178e+04
1.860092425165080158e+03
2.231745813869172252e+03
2.038960718997650474e+04
-5.021293733192246691e+03
1.211826043626629507e+04
2.746073209250918444e+04
8.927170064679336065e+03
-1.393891547089223059e+04
-7.459730250565055940e+03
-2.440507443662219885e+04
-1.165468532837523708e+04
5.002633305613887387e+03
3.587979224299324414e+03
-9.249601397442384041e+03
1.426502833093249319e+04
-9.741041642467665952e+03
-1.077619120503157501e+04
9.249715723829154967e+02
-1.181150685018099648e+04
2.784761451277877859e+04
2.940254350642953068e+04
1.415752602398380441e+04
3.152988135799485462e+03
3.011767790157225591e+03
4.313905243205975239e+03
1.012148970769374614e+03
-1.754520066719129318e+04
-9.895371149981767303e+03
-2.309023838516385149e+04
1.058033462054411530e+03
-9.557000803598037237e+03
1.812108831548715898e+04
1.277666896955018638e+04
-1.754478789860993857e+03
1.439001871607373141e+04
-1.086768437717163579e+04
1.313042273030260731e+04
4.244397309865128591e+03
-1.542088958722968783e+01
-2.332388900333004131e+04
3.047278611204967456e+04
-3.634151011785307674e+03
-1.429411886498525746e+04
4.708540257980880597e+03
2.071203709417722621e+03
-2.069155270343011944e+04
-3.718672914562250753e+03
-3.832148691098905601e+03
-2.376215950102884017e+04
1.380555462730319232e+04
1.453184557452101217e+04
2.413314710860083142e+04
1.070012315538220901e+04
4.638648856984766098e+03
2.897167566539802124e+02
-1.459104267828823140e+04
-5.582647518669724377e+03
5.432180799051423492e+03
8.879211361030314947e+03
-5.666094524279372308e+03
3.781574661249998462e+04
-1.534932827515588724e+04
9.095991895380830101e+03
-6.386943991407983049e+03
-1.131587320560162152e+04
-3.358793199581887166e+02
4.335454201432086120e+04
-5.413886811597241831e+03
2.567677350494791244e+04
3.650745936268664082e+03
1.808363340801907543e+04
3.185841586560738142e+04
2.528123054728294665e+04
-5.697782398187352555e+03
6.023049497200152473e+03
-9.539281222299950969e+03
1.208986791975720189e+04
1.775512786947589484e+04
-3.006835935874831557e+04
6.795525869821026390e+03
-2.162749198968162091e+04
1.543817040419282785e+04
3.869796946674262017e+02
-1.936540577326049242e+04
-9.205464696885884450e+02
1.472729457312696286e+04
3.967169632581458427e+04
-3.050962306438676933e+03
-1.519696543982982439e+04
6.686415478328224708e+03
9.753587639721026790e+03
-1.331006609722074973e+04
-7.301918297313489347e+03
-5.075804011340767829e+03
-1.225619168211769284e+04
-2.047636843291320474e+03
5.537879690459320955e+03
-2.076061377642917068e+04
5.579053838121812987e+02
-1.350957000284535206e+04
7.971995380705466232e+03
-1.857564267472930806e+04
-1.426386340554491653e+03
1.771453658549954707e+04
7.041102525580345173e+03
4.300179005521059139e+02
-2.110437497698028528e+04
-1.720306550252953093e+04
-9.381422972990163544e+03
4.106256167309714328e+03
-1.293546766331602703e+04
-1.373549825198699364e+04
-5.493830975767180462e+03
4.077812067484333056e+03
2.768811469375269007e+04
9.633825842222480787e+03
2.222822091956533041e+04
-2.345820359158305291e+04
1.374761989617190738e+04
-1.773778812916607785e+04
2.005185984116897544e+03
3.398262268659973984e+02
-5.827718378612674314e+03
8.154923323758564493e+02
3.720950080812998931e+04
-2.956589838162224623e+04
1.031196911053325312e+04
8.783564243217206240e+03
-9.097806231336217024e+03
-2.539970552931298880e+04
2.958789875901569394e+04
2.417428094624075129e+03
7.101088037112865095e+03
-2.246215898641364220e+03
1.557940010353060279e+04
-3.289013691200546418e+03
2.015103361479250452e+04
1.823449842473776471e+03
4.710848209826339371e+03
7.928858792374166114e+03
2.737480583564434710e+04
3.773646373942228365e+03
-1.595864472174996536e+03
8.725842407953870861e+03
-2.572523076105039945e+04
-3.046005831563066977e+02
-5.907001901000252474e+03
1.678381358845400200e+03
3.046009099494107431e+03
-3.830719191866126494e+03
-9.174588951622608874e+03
3.011452799566694375e+04
1.279733857916050147e+04
-1.631238754156132200e+04
-8.713976335060713609e+03
-9.723863045579266327e+03
-7.731345989444116640e+03
3.705338483331892348e+03
4.451812000478359550e+03
-2.619149584759113350e+04
-2.198246870214748924e+04
2.225555801211776270e+03
1.951965303342548577e+04
-2.572867709499824923e+04
2.363727305978799996e+04
-5.368341459130595467e+03
1.236313878376162756e+04
-2.787681053391515889e+04
2.897214629351024632e+04
-1.815356442730685785e+03
-4.266355447523872135e+04
4.220745513414261040e+03
-4.176385326230179089e+03
2.010492451077135047e+04
-1.668326453990422351e+02
3.098100120126160618e+03
-3.114172431757793220e+03
-6.535574459069069235e+03
3.603864157929438079e+03
2.044106157122494551e+04
-1.292962574521867282e+04
-8.447159177005773017e+03
-1.005753848254924196e+04
2.928246756880226530e+04
6.903585045251705196e+03
-1.006739991750858280e+04
1.703603004757333838e+04
3.487837611055793786e+03
2.617445158302315031e+04
-1.116601830938631065e+04
-3.045389953021497422e+04
4.127616543561089202e+03
-6.991870739029513970e+03
2.193784455026237993e+04
1.868202726838161107e+04
-1.358710129966939348e+04
1.138165067993948287e+04
-1.200690948492785719e+04
2.438241046282731622e+04
5.816345623083510873e+03
8.534213052723007422e+02
1.647480705484728242e+04
1.786339744292289424e+03
4.389503375465465979e+03
1.601367100478228713e+04
-1.957673460468173289e+04
9.472046699956932571e+03
-3.159184529566230776e+04
3.959317850792542595e+04
2.827386173226739629e+04
-1.282413963184445129e+04
7.096998283186948356e+03
5.433391021825682401e+03
-2.619986358781750459e+04
3.216843604220609268e+04
-1.838983202633143446e+04
2.401690047208330361e+04
2.462409166617783285e+03
-1.284400098786341186e+04
1.008276515494788873e+04
-1.677545049069805827e+04
2.248781391304263889e+04
-5.157615585274120349e+03
1.048398798599599468e+04
-1.222594278801253131e+04
