7.011656709555944644e+02
-1.706668490115454188e+04
1.436581829787301672e+02
2.580001868031568665e+04
-1.447671512707327111e+03
-5.085310840781133265e+03
-1.141018921076230981e+03
-8.040045322281818699e+03
-1.676974683476805512e+04
-6.237789023056393489e+03
-1.223613638206778433e+03
3.246384085315358334e+03
-2.052473801112801448e+04
-1.054674553129149444e+03
-7.123404530925860854e+03
7.313684488263872481e+03
-6.328094989683294443e+03
-6.075762557206938254e+03
-1.219915716923583386e+04
-3.495597411118705350e+04
-4.447582034504559488e+03
1.623187278030336347e+04
1.701327602955064867e+04
8.244464576186554041e+03
1.003685632073709166e+04
-1.716272146233017702e+04
-2.749061128156220661e+02
-1.522541257312440848e+03
1.399954697823151946e+04
-1.010507985562820977e+04
-2.002955861756628337e+03
1.406859838129310629e+04
1.026250543022804413e+04
3.809229945186702480e+03
1.515336821473421651e+03
1.260041366473152812e+04
2.243290442510548746e+04
-1.964721832508339867e+04
-6.460780491845848701e+03
4.513902182280749003e+03
-2.536120601205014464e+04
9.871978722936486520e+03
-8.010724974164151718e+03
2.211264875892653436e+03
-6.749879728634933599e+03
3.105511133114323457e+04
6.438582234655211323e+03
7.432970252858561253e+03
-8.845697495504662584e+03
2.077343605057692912e+04
-2.901521327831525468e+03
1.138591208339467994e+04
1.158099600788441239e+04
2.610460706670084619e+03
1.481890570656878117e+04
8.465126098607828453e+02
-2.485268290013055321e+03
-1.137911956363665195e+04
-1.804944435912576228e+04
2.461074626439331951e+03
-2.146994919484436195e+03
-3.142474079010574428e+02
-1.599785040007724092e+04
1.009510122477930054e+03
3.192354123690720007e+04
-3.335279661725485312e+03
2.683074984394067542e+03
-1.992676959320455353e+04
-4.031852579105471705e+03
5.121362059860081899e+03
-2.228400457745906169e+04
4.270344027714363619e+03
-6.100203644759009876e+03
1.666587077076285368e+03
9.407737699899349536e+03
-2.806556809675829209e+04
-1.984555228109345262e+04
1.161670440496474657e+04
-1.493257539827353503e+04
3.738981296950743399e+03
-1.987533697830833626e+04
1.290078558548852379e+04
1.398582592721841138e+04
4.168742575943097108e+03
-9.785049664391175611e+03
-1.047664831651908207e+04
1.633560003850409521e+04
1.255434499381360729e+04
-8.754312132393746651e+03
8.566357169317982425e+02
7.169113214314674224e+03
7.083986115655108051e+02
-6.118556092037058988e+03
-5.001810809220463852e+03
-1.480276123887404356e+04
1.467009295453741470e+04
1.564703894115479670e+04
3.956286127853844846e+03
-4.607874976482802936e+02
-2.315902281441557352e+04
1.783445349092552351e+04
8.978471112119837926e+03
-7.707684218278388926e+02
-2.701801072194356038e+03
-4.101295089127849678e+03
-6.032086804434398800e+03
1.062776243463756509e+04
1.597152896726653307e+04
-8.030227396694191157e+03
2.058810628366720994e+04
-6.734893638864263039e+02
-2.795088671291540550e+02
4.328454561557372671e+01
-3.295514212973148096e+04
-3.365223485327858725e+03
-4.565020314851799412e+02
-9.190908171922003021e+03
-4.299080135355032326e+03
6.579211093601926223e+03
7.508668945098965196e+03
-5.929336217362986190e+02
-1.491470584029086422e+04
-1.631204577211021569e+04
3.054575174509527187e+03
2.250499769179775831e+04
-2.251455897253958028e+03
-4.360849840495751550e+02
-5.175098210698170988e+03
1.590182287643304448e+02
-4.872700427826000123e+03
9.955307331139039889e+03
-1.530642715894530920e+04
6.456063582413503354e+03
-9.988042743938185595e+03
5.649345112521445117e+03
-1.146413204620210672e+04
7.248921218401864280e+03
-1.186730084721571438e+04
1.117662271602731198e+04
-2.354859865089857067e+03
-1.079774331053189781e+04
-3.096851688730290789e+03
1.248579582345055860e+04
3.940152356601618521e+03
7.467266303271030665e+03
-3.060954024457294054e+03
-2.808891483979113400e+04
-2.009441458259445426e+04
1.445041545679455885e+04
1.086422911543276132e+04
-4.173938989507617407e+03
-1.159653299397694582e+03
1.588848803133202819e+04
-1.076632743790293353e+04
-4.326951183983387637e+03
1.834907963577923147e+04
-1.431232783384110007e+04
4.395815848469183038e+02
-1.048305527486851497e+04
-1.524692414609953630e+03
-9.195466542093943644e+03
-3.007539699908480543e+04
6.892785414180072621e+03
2.477455422203782746e+03
-4.244696276670694033e+02
1.135384577145125877e+04
1.200481957449713627e+04
-2.792263272004983719e+03
1.079296937801064814e+04
-1.662710012232070312e+03
2.145474789802779014e+03
2.255226300725347392e+04
3.544205128347697155e+03
-1.732929735392523799e+04
6.404617927434682088e+02
-8.116926258966612977e+02
-9.857375392471665691e+03
-1.004680916391540961e+02
-8.984676647297321324e+03
8.935582893826256623e+03
1.045389804127159732e+04
5.927792434225081024e+02
-8.147070420044913590e+03
1.133893475250639540e+03
2.245766491113415395e+04
-1.455595016654335632e+04
1.288654751872652196e+04
1.751045343580011468e+04
1.585951436579738947e+04
-8.707155179319508534e+03
9.511358833414487890e+03
1.544746474685664180e+04
-8.394137957714834556e+03
1.205963020038823743e+04
-3.458404097988228841e+03
7.365072844154933591e+03
-2.677482923943605783e+03
-3.173615514836645616e+03
1.139835421352896992e+04
2.142017717606561200e+04
2.380972300203460236e+03
-9.698440975804924165e+03
3.702458039557713164e+03
-9.646101953116643926e+03
-2.165393447506675329e+03
-1.046968943912189752e+04
-1.932771429290239394e+04
-1.827317945817277723e+04
5.270266785225376225e+03
6.307516758427363129e+03
-3.136100433980409798e+04
2.171492874602572192e+04
-1.839167532091142903e+03
1.423504774034999718e+04
-1.564891586869916682e+04
-1.149098136055085524e+04
-2.711044722095952579e+02
-8.773857402081235705e+03
-2.455693510477894233e+04
-2.787662682808993395e+03
-2.559012802366448886e+04
5.952968130724223101e+02
2.087867392491275780e+02
-2.045744428645563630e+03
2.649100195224011259e+03
-7.388109426493894716e+03
-1.648513005964801050e+04
-1.189615330715963501e+04
3.693163830207271531e+04
9.811640565764608255e+03
4.645914065381964974e+03
-6.696551948022914985e+03
1.885634242120493218e+04
-1.406533023019374241e+03
-1.084671334932520404e+04
-1.745918842753537319e+04
-7.911663291285219202e+03
-1.113013354823471491e+04
2.334745087271219381e+04
1.779338304856177638e+04
-2.040368328406384171e+04
-2.834671819940051500e+04
8.368413204655320442e+03
4.247849248081871337e+03
-1.997270185853032308e+04
-6.073461834081158486e+03
9.779337574096560274e+03
-6.457427432104987020e+03
1.349074394135405782e+04
-1.624439897908370222e+04
1.295223513265728980e+04
-1.106732062222727791e+03
-2.859603465480505292e+03
8.971147351000261551e+03
9.452883830476010871e+02
5.961998987096418432e+02
1.421916217067678735e+04
9.413049968862274909e+03
6.690684017006582508e+03
2.446526303860242024e+03
-2.160823675835787435e+04
6.549532357753578253e+03
-2.366184683286433938e+04
6.736267373255616803e+03
-8.675419594466085982e+03
