-3.325141911548211647e+04
8.921369027985589128e+03
9.165518902733632785e+03
3.925015147283343595e+03
-3.487467456073916310e+03
1.311360370353755025e+04
1.868271946540956924e+04
-4.269220919397007492e+03
-8.594881433190383177e+03
1.522493342276097246e+04
2.445146384226518876e+03
6.898249341241679531e+02
-9.010574218629886673e+03
-1.985299444685850540e+04
-1.253963974392727505e+04
-2.609037277988136339e+04
9.127225903748580095e+03
-5.337258004467784303e+03
4.176877705790013351e+03
-8.668157843009674252e+03
-8.065754132664399549e+03
-8.541974661846263189e+03
1.401030977985580103e+04
4.296925390504657844e+04
2.083080381031348952e+04
-2.579858808933327236e+04
4.692165503641682335e+03
1.117553556631718857e+04
-1.854614575890104334e+03
-1.600308868115951555e+04
1.043028500948561486e+04
1.670325739514438101e+04
1.191782043102843090e+04
-1.008430775760905090e+04
2.271402109610082334e+04
-2.636727740996051944e+04
-1.009130117821830208e+04
2.754623426473987638e+04
2.585357915830124966e+03
9.931602071334433276e+03
3.691794339033148844e+03
1.099917584059008914e+04
1.661790318107424127e+03
1.395832987889667675e+04
-8.523656521026508926e+03
-1.849960239905729031e+04
-5.668572233692932059e+03
1.845352893498915728e+04
2.899797828953708631e+03
-2.229501156901543800e+04
3.768689792653955919e+03
-1.429011101268255698e+04
1.583413144706837375e+04
1.230126452608628097e+04
2.321160069684966913e+02
-2.122412976338264798e+03
1.079148753203535671e+04
7.931661159488611702e+03
-7.438299291303869722e+03
7.029106484469404677e+03
2.648127633812190470e+04
-2.157599256139894806e+03
3.772556269137636991e+04
-8.454690720001393856e+03
6.690700024442585345e+03
-4.412491979689194181e+02
1.980971470396941072e+02
1.400423877808340148e+04
4.948155836952058962e+03
-1.305360818498335902e+04
-2.583319179361374154e+02
1.200899751596461465e+04
5.308248865381487121e+03
-2.497967499612042957e+03
1.323775378480245854e+04
6.722516073295806564e+03
2.573788722204605801e+04
-2.728930840929584974e+03
-6.129641768875427260e+03
-1.145259009835777942e+04
4.157358575695919853e+02
-8.066953409327675217e+03
1.524321064065182327e+03
-2.180185435915293783e+04
2.427824907235016144e+04
2.074327171587664452e+03
-5.589774968958155114e+03
-1.571776906718541341e+03
1.437538725951854394e+04
3.843317923309739854e+03
1.971588103155929275e+04
-1.121521016710539698e+04
1.409308804873059898e+03
1.463379361520817156e+03
-2.131500486834483308e+04
1.010678781586055084e+04
9.433117342726589413e+03
-3.857016260435696495e+03
-4.978074707717567549e+01
1.568823590462944367e+03
8.885150210852700638e+02
1.630414109676453336e+04
1.453398134243381537e+04
1.507103791645463207e+04
-1.645115418372621934e+04
-2.741098462055522032e+04
1.446090885441815226e+04
-2.596418614240496026e+04
-1.648878726925074079e+04
-6.681710641782251514e+03
-2.965103705726717453e+04
-9.299579661137821631e+02
-1.401604329510192429e+03
-2.561816276878028020e+03
1.215553980130859782e+04
1.347168435460661021e+04
-2.508223105577757087e+04
1.628120501102165144e+04
-1.073190889407804207e+04
1.541268964592351404e+04
-1.817962004851405027e+03
1.452353730167422691e+04
2.301044990549684007e+04
-1.995673823389624158e+04
1.430575151861978156e+04
1.770843030872528743e+03
1.423836463657018157e+03
8.082426548040262787e+03
1.738610652819602910e+04
1.537468488430594152e+04
1.209199463781356826e+04
-1.071276329689239674e+03
3.167814415734541399e+04
-7.705895824584935326e+03
-2.037660521096378216e+04
5.987945345647017348e+03
2.521402464479946866e+04
-5.897288179027337719e+03
-2.807904079948420531e+03
-2.392145458567665264e+04
6.587618294219976633e+03
2.251663439632449808e+03
4.733718265194092965e+03
-9.488808955074908226e+03
-2.103738890574788911e+03
2.116315887194523384e+04
1.228241073067469733e+04
7.372605163231627557e+03
-5.540879224520014759e+03
1.221245963669100456e+04
-5.331847199321833841e+02
6.950157973753141050e+03
2.278087447078920377e+03
-2.022706473640710101e+04
-7.637913622409701020e+03
6.272154580562960291e+03
-2.811555593720393517e+04
-9.953512068479127265e+03
1.132209071438802312e+04
-4.100867079659646697e+04
1.765556292323411981e+04
-3.118190034399809520e+04
1.668476365754676954e+04
1.815783681295907809e+04
-1.857962357005679223e+04
-2.861262131140219935e+03
2.511685890717379880e+04
-1.248516119117280709e+02
-1.095194250353222196e+04
1.286451296713826378e+04
-1.187631380724774863e+04
1.849250236935915837e+03
1.346065032521639114e+04
-6.603660568181909412e+02
5.850070774525347588e+03
3.941332698056048685e+04
3.597249398366216155e+03
-7.237470290009518067e+03
-1.394767272619912546e+04
1.792731188408482922e+04
6.175704218790756386e+03
1.976107344572335569e+04
-1.821136004329032585e+04
7.780974373380509860e+03
-7.324082719392888066e+03
-2.201619478348517077e+04
-5.728183763134042238e+03
1.634595975683158940e+04
-3.004285235086869307e+03
-1.160113106624240754e+04
-1.118323248850284472e+04
-4.452004803375633855e+03
-2.543663620506027030e+02
-6.766614996187659017e+03
1.006981285748174378e+04
1.275419383044133974e+04
-2.459282752640372564e+04
-1.254436424028582587e+04
-3.882014135354046175e+03
1.505703876588561070e+04
8.518443525070255419e+03
5.593562434255926746e+03
4.313704367769813871e+03
1.223959734988063792e+04
1.750786452022302547e+04
1.665404771666296483e+03
1.221987081249612675e+04
4.746445247149846978e+02
3.807030990505622412e+03
-9.308138562031608672e+03
-1.816599440828384104e+04
-3.600980530746226577e+03
1.540091099436273180e+04
2.635645831636620642e+04
1.286286807245374621e+04
7.207945776950698018e+03
1.966237490527390401e+04
1.525728187652310044e+04
1.701356243153880132e+04
-2.553904428863157955e+04
-2.045518148709143497e+04
-9.022731909779564376e+03
-4.664777437782095149e+03
2.725331538753740460e+04
-1.887477715960540536e+03
-7.799759893445108901e+03
2.831088219456308252e+03
-1.560974271368553309e+04
4.002614242887600267e+04
-1.425003758843421383e+04
-6.773934289788772730e+03
-1.877529007419371555e+04
1.658620295694459128e+04
2.746672673274457338e+04
3.867104332702349438e+03
-6.238701531490486559e+03
1.717081340186892703e+04
9.096528668913722868e+03
-2.535996895289467284e+04
-1.293675246221096677e+04
-1.963906932223607146e+04
-9.417984059808861275e+03
2.237063252510363600e+04
1.353459479453017047e+04
-1.786596378291241854e+04
-1.301696763260375337e+04
4.195814128265526233e+04
1.487149753375850196e+04
-1.122107085003918110e+04
-4.827872743585591707e+03
-6.501098291309323031e+03
5.252986549885930799e+03
8.747553836939449639e+02
8.368986747455834120e+03
1.386469942991228527e+04
-2.308456119019161270e+04
5.117338698048144579e+03
1.455558379859041270e+04
1.809810205234195382e+04
1.578450597140641366e+04
-6.472669191864240929e+03
-3.111241033840780347e+03
2.272029523795416389e+04
-8.524501006953438264e+03
-6.300114030094148802e+03
