3.382551099956510006e+04
-5.689657648783630430e+04
-5.025973919732758077e+04
2.964745277368056122e+02
-2.603271912185373367e+03
7.347749966943208710e+04
-2.391737868803025049e+04
5.860712493753395393e+03
-7.777726922905912215e+04
-1.318981776244976209e+04
-8.430155924826976843e+04
2.729838323708977259e+04
2.601943101674580248e+03
1.833287929311313201e+04
2.673024823128689604e+04
-6.156256568126330239e+04
-6.555368087809707504e+04
4.819454913095399388e+04
1.315622819345982862e+04
7.908422216157842195e+04
-1.766160777873839834e+03
-6.027401651059662981e+04
-7.618294749753276119e+04
-6.315791938421387022e+04
6.698503031822136836e+04
7.765684822507444187e+04
-7.002038370524879429e+04
-9.895339305719448021e+03
9.117920527951684198e+04
-4.925099378655015607e+04
-4.644846168115845649e+04
8.432594026680654497e+04
-1.431729695930081652e+04
-7.261852965357096400e+04
-3.003887682965972635e+04
2.037039677275900613e+04
4.836153698040463496e+03
3.945598951859108638e+03
6.267474740799271967e+04
-7.824327580880283494e+04
-8.143724764278253133e+04
-5.900820963106818817e+04
-4.730083457822915807e+04
7.440833303060053731e+04
8.259293205075862352e+04
-1.512750071091833524e+04
-2.352764742958966235e+04
-5.380540977159082831e+04
2.268612932504579658e+04
-6.541829023393381794e+04
-9.230812774515511410e+04
5.789026621935798903e+04
-4.741912794843810843e+02
-9.582192642985722341e+04
7.557127205678267637e+04
-5.784609357798993005e+04
-9.625815514109512151e+04
5.044375641603264376e+04
8.014667990656255279e+04
-6.025886982233283925e+04
6.487504907673969865e+04
4.346728643995820312e+04
-3.991417781664189533e+03
2.001073793566969107e+04
-8.377150869360734941e+04
2.400075036070113129e+04
-4.912518437740545050e+04
8.431958189056013362e+04
5.317376109264738625e+04
8.343956144003398367e+04
1.865379271749427426e+04
-4.733088899097070680e+04
-6.607630065832164837e+04
-4.428020232028770988e+04
8.847978278026793851e+04
-7.720951022713337443e+04
-6.573290987244584539e+04
-2.168317614418486482e+04
4.962356163141186698e+04
1.938312474229364307e+04
8.437105802182803745e+04
-7.004857362411101349e+03
6.837880454111957806e+04
3.282930343914518016e+04
7.185972268974283361e+04
-7.959626674586193985e+04
4.969160089972327114e+03
6.019085000291216420e+04
2.246903327544932836e+03
-3.297608264858815528e+04
-7.631033786761334341e+04
-9.511471807115123374e+04
-8.662654020040624891e+04
1.470251308206749673e+04
3.408370339490196784e+04
-5.391562541485386464e+04
3.625254236592908273e+04
-7.254388487446590443e+04
6.909318059503874974e+04
4.154249340344604570e+04
8.200423956096186885e+04
6.006569035356800305e+04
8.577875630657238071e+04
-9.495381635959482810e+04
-7.815589266037088237e+04
-8.007876265080855228e+04
7.243585171350886230e+04
-3.195094888514596096e+04
-4.020622079338047479e+04
-9.597002112262950686e+04
-7.854321433592736139e+04
3.848000308805145323e+03
-5.165904264163474727e+04
1.144922493694680452e+04
9.830361069987269002e+04
7.526297638933476992e+04
5.661305862581171095e+04
-5.602510449310551485e+04
-2.537187819303834112e+04
9.788855335215688683e+03
-1.560573572778316156e+04
-1.811659127678697405e+04
2.892572133701323764e+04
4.772365587703889469e+04
2.098575487169341068e+04
9.279431096338032512e+04
-2.720988881076335383e+04
-1.094414123024864239e+03
-8.230171074238581059e+04
-8.922799840372492326e+03
7.694622808490364696e+04
2.463591676791508507e+04
8.188916174631009926e+04
-1.366141053982645099e+04
-3.847738368324951443e+04
-2.630468413529059035e+04
-9.976849683704822382e+04
6.168897678680325043e+03
-4.352780805899354164e+04
-2.878495562420229544e+04
8.962946641112424550e+04
-7.104534978640219197e+04
8.897770844646709156e+04
-3.842057641290226456e+04
2.357138399273999676e+04
8.295047618958284147e+04
7.104112420619683689e+04
-7.745857463948105578e+04
-5.484788911446960265e+04
-8.040846070694524678e+04
4.809509540480349096e+04
-7.272259813772632333e+04
8.481977355720679043e+04
-6.093751558571289934e+04
7.026440314853005111e+04
6.642378602187681827e+04
7.035598669083029381e+04
-7.147828634407932987e+04
-1.307620302909986640e+04
-6.757776686407843954e+03
5.960813441057520686e+04
-2.332769201774403336e+04
4.254645558387463097e+04
4.369370365471503465e+04
-2.412769442072256061e+04
9.499097714059849386e+04
-7.348475140038233076e+04
8.301463451917064958e+04
8.919011067192640621e+04
-8.506223564555143821e+04
6.244199141894452623e+03
-6.244398019693775132e+04
-8.643677065777522512e+04
-7.345943683536315802e+03
-7.207896642858849373e+04
-9.939806461816991214e+04
-8.214546667336244718e+04
7.848675801635597600e+04
-5.468489490299450699e+04
8.609707041086672689e+04
-7.774492342011394794e+04
2.087474646429145650e+04
-7.221939428982835670e+04
7.283744012320178444e+04
9.138833995971613331e+04
-4.310291902168880915e+04
3.904094068069272907e+04
-4.553736424388694286e+04
9.693080400857512723e+04
-7.564549307135675917e+03
6.646591068562804139e+04
5.530660940215626033e+04
-7.714625426355365198e+04
-8.202401479549994110e+04
4.907815747156587895e+04
1.529570509806950577e+04
-3.514287494131713174e+03
-6.806227221459333668e+04
-1.349037596109177684e+04
1.863665258476950112e+04
-8.774530856090612360e+03
-8.251688476768483815e+04
-3.969039804006664781e+03
2.255819198372452229e+04
-4.708262883973508724e+04
-6.978266817060156609e+04
-3.122070867580684717e+04
5.278167262346108328e+04
-2.153295186424753047e+04
-4.897819692327025405e+04
-3.758737803447314218e+04
6.412793752617755672e+03
-2.508852148244158889e+04
2.917958989106863737e+04
-8.391936884053279937e+04
4.212020678115214105e+04
8.853586545406875666e+04
1.876169360234998749e+03
-9.980709990556839330e+04
3.582146671971961041e+04
-4.706428072579487343e+04
-4.315430454255145014e+04
4.774320929529645946e+04
5.404189703359143459e+04
3.134612483072429313e+03
-3.440546645648049889e+04
-7.049746130373532651e+04
-1.248626761561882449e+04
-9.031297054700841545e+04
6.085219010955927661e+04
7.735144198453857098e+04
-7.112661979683183017e+04
-7.586174526877653261e+04
-4.955796662751666008e+04
-4.332104825297165371e+04
-2.872536605532123940e+04
-8.372592301972591667e+04
-7.072315974235083559e+04
-8.233594121701341646e+04
3.107315582422894659e+04
-4.278848616943728848e+04
5.135002603667540825e+04
7.073443255185894668e+04
7.487496281359362183e+04
7.757057282225243398e+04
-2.858527421533517190e+04
-3.382712012621625036e+04
-4.648123635929770535e+04
7.652182656092860270e+04
7.002329588361829519e+04
-6.870377456659488962e+04
-8.932798532346710272e+04
-1.244043980615721375e+04
5.637152049803698901e+04
-3.472548990739472356e+04
-6.058761031155310775e+04
-2.983323747413299861e+04
4.000525011041184189e+04
4.597533305410956382e+04
-4.599890731934687938e+04
3.432204810018924763e+04
-2.797577340678543260e+04
6.372040337853092933e+04
3.263414540718737408e+04
-5.478157452992620529e+04
