5.427612459384512476e+04
6.693767611547331398e+03
-2.495758498797949142e+04
7.189840624810059671e+04
1.735769678437291077e+04
-1.060449233897733575e+04
4.026470686909041979e+04
3.507410542135895957e+04
3.678999890650781890e+04
-2.395322349169068912e+04
3.856004898516732646e+04
-1.018385368651906174e+04
3.103258531225994375e+04
5.271116329742575908e+04
6.428927309017230436e+04
-6.105125363268637011e+04
-7.571278230926742253e+03
1.755278446731319491e+04
-9.617234761175939639e+03
-4.031658567429446703e+04
1.769966948889983541e+04
6.900866105956483807e+04
-5.070210967974371306e+04
9.382471140950612607e+03
2.304162710604452968e+03
2.953023200814316078e+04
5.839288035699489228e+03
-3.689741014282692959e+03
-2.685593641240167199e+04
2.275754195586096830e+04
5.499551306976839987e+04
-7.397531144446697726e+04
-5.338215045385942358e+04
-3.470280939577661775e+04
4.738411240940525022e+04
-1.557524559801457144e+04
-3.244474257722740003e+04
6.890323593084076128e+04
1.090465530318193305e+04
2.661562539798777652e+04
3.295278269623523374e+04
-8.823963170165361589e+02
3.963567964321566978e+04
4.424675516796206648e+04
3.377066682026904164e+04
2.486930371412650402e+03
2.689561830277390254e+04
-5.013337662966686185e+04
3.923546785902190459e+04
4.300273125997083844e+04
4.422804233875683713e+04
-4.791000672509480501e+04
-1.655040312334760165e+04
4.499632138136786671e+04
4.211747786497997731e+04
1.194000678816771824e+03
-3.258437906138641119e+04
1.763760124477022691e+04
4.556154805413225404e+04
-2.367812712524314338e+04
-1.802081628360509421e+04
-2.409797331820760883e+04
5.253835677623313677e+04
-4.624877510187096777e+04
4.554034671494428949e+03
-5.905315765154535620e+04
1.600802829409224978e+04
-3.849857598641580262e+04
4.032909324891904544e+04
7.799278362716807351e+03
-1.548590553520329922e+04
-3.333902497042370669e+04
-1.678907529228729982e+04
-5.634192192487775174e+04
-1.934955784468676939e+04
5.102475497632323822e+04
3.854723689628022385e+03
-7.748299645232052717e+04
8.409975176168019243e+04
1.750998500643052830e+04
-4.557439004945607849e+03
3.101077710310302427e+04
5.462861834506358718e+04
-5.081916496000664483e+04
6.284523667675835895e+03
-5.939561013957358955e+04
-4.549035594367622252e+03
4.153771276482904796e+04
6.010871130393846397e+04
-6.228606418059398129e+04
-4.803474257321737241e+04
4.030581299123601639e+04
5.787040737340804299e+03
-9.353108715802109145e+03
-6.694757339636016695e+04
4.024217418361867021e+04
3.423570483159038122e+04
-1.345978416109799946e+04
-5.133354694871953689e+04
-2.637688994230569369e+04
4.234364667492557055e+04
1.362909514098698855e+04
-3.506512715962016955e+04
5.925699541104458331e+04
-5.173610477769836143e+04
-7.383901674841030035e+04
3.977853788027739211e+04
3.142992479039714453e+04
-2.477083149724507621e+03
-3.390553424778529734e+04
-5.131824008477239840e+04
5.463876110742829951e+03
3.369624387261627999e+04
-6.309205735349556198e+04
4.794640465749310533e+04
7.317700383704064006e+04
-3.390737436067096132e+04
8.329401811057991290e+04
4.662384217103145056e+04
9.366601335873077915e+03
3.186324024152601487e+04
-4.337609518409183511e+04
-5.910012567936426422e+03
2.789751612292033315e+04
-4.091747401591444941e+04
2.341321194029257822e+04
2.237852231690147528e+04
3.132234982142127046e+04
-2.104114876871107845e+04
6.008733638843520748e+04
7.014102708699094364e+04
5.201737232501991821e+04
-8.120771730404147820e+04
-4.045288045509903168e+04
-5.028565197837282903e+04
2.252831900018866145e+04
-4.208420520397865766e+04
2.355672451374049342e+04
-1.267712629173215464e+04
-3.663356127395165095e+04
2.477914401252720927e+04
8.830229202549662659e+03
7.371929443770220678e+04
1.048456393663488598e+03
-3.184133637383332825e+04
-6.367649965155162499e+04
5.347424505017208139e+04
2.227700002966539614e+04
-2.913786560260093756e+04
4.502820361547265202e+04
-3.488538316474727617e+04
5.976942634554336109e+04
-6.637447807112173177e+04
-2.160117433173995596e+04
2.382320076256136599e+04
-7.368769284647919994e+04
-6.321869987761101947e+04
4.835966424089726934e+04
2.502582719211661970e+04
2.807268597068727468e+04
1.978557623493975916e+04
-4.548936537514110387e+04
-1.159187573341841926e+04
1.791686633487220752e+04
7.304601443851160002e+04
-2.801538122419023784e+04
2.185356165859357134e+04
-1.773969931545597501e+04
8.888405911141585966e+04
-6.765930057292713400e+02
-1.989963729555847749e+04
2.302555282033608091e+04
-1.289355740537426027e+04
2.290480081126009100e+04
4.682606232840507437e+04
-7.450162472021303256e+04
4.493169619329569832e+04
-4.517509221984078613e+04
-6.389857697796863067e+04
4.147262702551180701e+04
-5.293453895029646083e+04
-3.324157289140234207e+04
1.387660233512524610e+04
-4.442936040574673825e+04
-6.023627175256846385e+03
-6.026975379290286219e+04
4.946898590572417743e+04
7.553284770680601650e+04
-5.998098570203220152e+04
-6.181357506237453345e+04
2.927814096417009205e+04
-1.815514384428498573e+01
1.646743962140900476e+04
5.334049935579168960e+04
-5.993393973501669825e+04
3.188490599149366244e+04
-2.982467613889995482e+04
2.291352547556300851e+04
-4.211043953499184136e+04
3.528267667231652740e+04
1.442876774289943751e+04
-1.170875124542749836e+04
-1.949967024409347687e+03
3.988644932723943839e+03
-1.804756468022434638e+04
1.987909488132741535e+04
2.062568993137818325e+04
-1.704619904584213145e+04
-4.946048217099328031e+04
-3.999905139296910056e+04
5.236358378992916550e+04
-3.266661776186458519e+04
4.479621056868436426e+04
7.117081401659853873e+04
-1.492278242076036258e+04
-1.244709553817828419e+04
2.057532620483896972e+04
-1.929605326915092519e+04
7.379792582975238702e+02
-1.984605543267019675e+04
-2.818381748270768730e+04
7.508053200622925942e+04
4.168097425443526299e+04
1.894268872042112707e+04
2.528285614115007775e+04
4.145822201492486784e+04
-3.231736399868360877e+03
-7.798606660842934798e+04
3.213664488045487815e+04
-4.724323427188295454e+02
2.015339487649217699e+04
-4.113294089347847330e+04
2.030866847676168982e+04
-2.136487243099186162e+04
8.252829201064766676e+04
3.025350871506006297e+04
-3.904596969960573006e+03
3.305356839980229415e+04
2.909874480328333811e+04
2.158684485890910219e+04
-6.066521833179415262e+04
-2.808521249992471712e+04
-3.690247066670926142e+04
3.486252243019473553e+03
4.968253888906929205e+04
-2.984221991400796469e+04
-1.023910824506275094e+04
1.356733357181598694e+04
-7.703502297361197634e+03
1.235297487905434173e+04
-5.622363919300599810e+04
-4.091312603127188777e+04
-4.522949336918412882e+04
-4.019296595488581806e+04
2.994573319808581437e+04
-4.421690506426047068e+04
-2.309401286348463600e+03
2.480415655260409403e+04
2.891283886266384070e+04
-1.045564422696019028e+04
2.739662712724811354e+04
8.397109066955924209e+04
2.427601526461129470e+04
1.494073709541984135e+04
2.601197145666681172e+04
