3.116080531854095898e+04
4.361965263114062691e+04
-7.933989387869798520e+04
2.072205010049891280e+04
-3.377947182961105136e+04
1.955009617448566132e+04
2.925764839525833668e+04
-1.311959197020198735e+04
-7.032065865361355827e+04
-4.158559466469936160e+04
3.854293185228922084e+04
1.574060308243854524e+04
-6.065443818760793511e+04
3.968017056259597211e+03
1.001869340265440405e+04
-6.765618586612683430e+04
7.993059819012877415e+04
2.512131960710388012e+04
-5.419292638860355510e+04
-8.930004915618615632e+04
7.805832988565915730e+04
-2.451053303076935117e+04
-6.650623298456134216e+04
-3.881480257115499990e+04
9.735869666516728103e+03
-3.997001714478829672e+04
-7.946307079829408394e+03
1.556054099056206906e+04
-4.978054482915245171e+04
-3.299639020473700657e+04
1.194428188731219780e+04
-2.076933190248184837e+04
-4.775349418593564042e+04
8.828117313745358842e+04
-6.988171068715427828e+04
4.343618437043282756e+04
1.231015396634435456e+04
-2.655245006014296450e+04
-5.393077749974448670e+04
-2.565795522468369381e+04
-2.296371153110666637e+04
5.323144797695807210e+04
-4.858447797951693792e+04
8.876090261716389796e+04
-6.418714307270171412e+04
3.315929742806409195e+04
-6.016571463789268455e+04
1.953200778364031794e+04
-4.005350760183069269e+03
-6.452851735137505602e+04
5.331676464234898958e+03
-3.131931254485335103e+03
-6.210907183670888480e+04
5.437627428491296450e+04
-2.189523753199901694e+04
-6.571565805493092921e+04
6.285791004945865279e+04
-8.490583929241930309e+04
-3.900701695076438045e+04
-3.852112975382806326e+04
-5.696130447446058679e+04
-7.078899919504667923e+04
6.960217052445375884e+04
-3.463534667235713727e+01
2.136357415520124414e+04
5.504991702092757805e+03
-1.491308834918040475e+03
-1.265655020953867097e+04
3.777090896358658938e+04
-4.871742085538176980e+03
-1.610280429661571134e+03
1.730504612840568007e+04
3.356500014754315634e+04
-1.199589287990274352e+04
1.299966334683237255e+04
-4.734868236030850676e+04
-6.436010761106891732e+04
1.269046012943444839e+04
-4.355533127450077154e+04
1.251035569994425350e+04
1.870727185681852643e+04
3.477686753763117304e+04
6.148004702587949578e+04
-4.525486659283321387e+03
-1.155352652720442893e+04
-6.739987717067083577e+04
5.786710523967367772e+04
-7.081384569244818704e+04
-1.200949140201888804e+04
-2.148003509321551610e+04
8.693998055401677266e+04
5.737151215084092109e+04
-1.195560799063752893e+04
2.165906795393995708e+04
-3.008147905712537613e+04
2.781729098639409494e+04
-5.352505495032757608e+04
-7.773037670486561547e+04
5.286311962532903999e+04
-2.887246612640677995e+04
-4.435268261608968896e+04
-4.133883218185541773e+04
9.007343031918075212e+03
-9.228784846948260383e+04
7.029431982491076633e+04
-2.602589883828781603e+04
8.006967859179625520e+04
3.161641215407997879e+04
-8.794034028593081166e+04
4.491048358328920585e+04
-2.091166338923139483e+04
-1.455982494692915861e+04
5.859588943682853278e+04
-6.232997322275257466e+04
1.591428865393138767e+04
2.608299593516975074e+04
-7.384188127450433967e+04
-3.837405729536619674e+03
7.351567708701192169e+04
5.991255631844958407e+04
5.410962552808703185e+04
-5.097975239700323436e+04
7.299784489582573588e+04
-1.619195682020734966e+04
1.607047263641275640e+04
-2.136786857225617666e+02
3.158935527431579612e+04
-3.202096160054621942e+04
9.877925006756448056e+03
5.974962001190241426e+04
2.462571919398478349e+04
-1.615908618536024551e+04
-9.629764775545393150e+02
1.886698661161593191e+04
1.533553052629353988e+04
2.126375930516650988e+04
-6.418588188665716189e+03
2.683064434273535517e+04
1.838701495741785038e+04
4.550912614072364522e+04
1.856994851846249730e+04
4.524999228092495468e+04
-1.854555444576231093e+04
2.345027293778531202e+03
-4.368151552566193277e+04
-2.182685841162045472e+04
4.672771512606131000e+04
-7.763999153644093894e+04
2.068661173772410257e+04
3.277332260125324683e+04
-4.759129859708422009e+04
-3.779634801359015455e+03
1.165219757916543858e+04
-4.836302909310089308e+04
6.143282496796352643e+04
-7.766126326200313633e+04
-2.403071389838126197e+04
2.638859943642953658e+04
-5.512017459851664171e+04
-7.116139357283352001e+04
-6.425488713561678014e+04
4.868342621855924517e+04
-5.926087574793812382e+04
6.216908492700249917e+04
2.734573298678304127e+04
6.639700905432317813e+04
2.258436749134177262e+03
-2.293122079806447073e+04
-4.476013239313977829e+04
-7.102211935515477671e+04
4.500013446554134134e+04
-2.907537149412024155e+04
-1.544130382224969071e+04
3.232731132662232267e+04
6.679968452354666078e+04
2.065433117253927776e+04
-4.274659277800549899e+04
-2.528695213040731323e+04
3.897884131096491910e+04
-6.864531986506081012e+04
-4.226208716595388069e+03
3.857070823770756306e+03
-3.975730325075522614e+03
5.183216072525391792e+04
-8.599868235233918313e+03
5.252278654902912240e+04
5.562507881907635237e+03
-3.574684940906669908e+03
-7.722957774740042805e+04
5.505862093666804140e+04
6.242577606680332246e+04
-1.007772316607944958e+03
2.578823953554276522e+04
-4.343288971183366084e+04
7.138376317903072959e+03
6.462718422817744431e+04
-3.919499641715693087e+03
5.254895848222432687e+04
-1.959314606412496505e+04
9.725155399675779336e+03
3.783127390921671031e+04
-6.835776866818098824e+03
-7.330236884485855990e+04
-2.434769702070457697e+03
-2.670319807427499472e+04
-1.380698906516391253e+04
-7.808616574239147303e+04
-1.627662277423560226e+04
-5.639321765892544499e+04
-3.253958314310807327e+04
7.309848048341927642e+04
3.558869454879354180e+03
-4.341918967834042269e+04
5.312033563954243618e+03
5.495971941026897548e+04
-8.840737376580418641e+03
2.430100381256296896e+04
-1.736141182864074653e+04
3.087093981157361850e+04
-3.550851944925644784e+04
-7.590973502333300712e+04
-5.532470108782477473e+04
1.668438964957488861e+04
3.561475030386255094e+04
3.779503302427470771e+04
-3.802013425500940502e+04
2.616991201843343879e+04
-6.954968256105453474e+04
-3.248292606504325522e+04
8.393547803185407247e+04
-1.553596150856972781e+04
-1.509794925616982073e+04
4.979349604279094638e+04
1.948629404387333125e+04
-6.844188243683504697e+04
2.173257614194777489e+04
-7.085483218574874627e+04
2.238976433274490773e+04
1.560261485322606495e+04
-5.799930821328238380e+04
-3.909711742827606213e+04
9.003749439564083877e+04
-2.115873069898903850e+03
6.921908990114284097e+04
2.860950001450698983e+04
4.524739169924250018e+04
1.643284882363588986e+04
5.359437581786149531e+04
-1.532837549250378106e+04
7.717258648403611733e+04
1.044692574049082032e+04
-6.416336784435063237e+03
-5.088789384180608067e+03
-6.448786573958388908e+04
3.506198497139165556e+04
3.061452740127363359e+04
-2.811237643442683839e+04
5.263860484085587814e+04
3.055059317146997637e+04
2.500603644014839665e+04
-8.688560323320480529e+04
-3.400636791644160257e+04
5.647483279975173900e+03
5.816042638967221865e+04
8.853929283572992426e+04
