-9.983218548336207459e+04
9.873342833852366311e+03
-1.994838023867123411e+03
6.559321709540399024e+04
1.976772960131209402e+04
-3.976130766381358262e+04
-9.640311214604393172e+04
-4.638048245429410599e+03
-5.065569355912708852e+04
-9.885651826247430290e+04
-5.642968205188396678e+04
-6.301753056289267988e+04
-6.295860756086464244e+04
8.903869685981402290e+04
1.178470760582482035e+04
-2.612029202001770318e+04
6.213040604166494450e+04
-6.927828493279157556e+04
-4.709696157675602444e+04
-8.685674153834690514e+04
-4.566606843656586716e+04
-7.814633129757737333e+04
-6.329594595391768962e+03
4.708250533321555122e+04
7.676859153879486257e+04
-7.787300920588363078e+04
5.982133393762473133e+04
2.618947582511474320e+04
-5.578484815006896679e+04
-3.535261060974837164e+04
8.730915837716561509e+04
3.566959357239239034e+04
1.488929607473597571e+04
5.893307845759965130e+04
4.013827231903752545e+04
7.071237376462272368e+04
-4.524717014405354712e+04
4.769134004257843480e+04
4.261789215461321874e+03
-4.848605682479345705e+04
9.567600389438369893e+04
-6.761091984655267152e+04
-7.497463880793507269e+04
-4.608246784239941917e+04
2.108439137511061563e+04
8.727888304449719726e+04
9.120654803433618508e+04
2.566111320930699003e+04
-7.351147210726496996e+04
9.831639488330966560e+04
9.185723876848397776e+04
1.168765429094379942e+04
-3.521198254811525840e+04
8.794317725744331256e+04
1.979511478146785521e+04
1.202326666334006586e+04
-4.305945710167513607e+04
1.214686506711928814e+04
6.894912301969365217e+04
-8.167104012319192407e+03
-7.918878820124690537e+04
-9.004873529987545044e+04
-8.737892826794798020e+04
4.485849176958479802e+04
9.727347236907298793e+04
-5.546208473287703964e+04
7.511364980091303005e+04
-5.906120536819399422e+04
-7.147552242817025399e+04
5.653683741282543633e+04
2.473510472909154487e+03
-4.341662659185281518e+04
2.831694832215365022e+04
-1.738907690815611568e+04
-6.464865596419884241e+03
3.577554232749578659e+04
-2.104301855944003910e+04
3.311935689030899084e+03
9.824441728944107308e+04
-5.151734028748020501e+04
-9.264056647422621609e+03
7.345782293443684466e+04
4.344597782370026107e+04
-1.826257624051037419e+04
-3.232893999377690488e+04
-7.583883105273738329e+04
-7.317763784931783448e+04
-7.859941711473219038e+04
2.210186390806402778e+04
-9.811945853291086678e+04
-5.033431210491343518e+04
3.422005621282799984e+04
5.107217058217071462e+04
-1.899005566354101757e+04
-2.483927465776036843e+04
-4.446062578844438394e+04
-4.360633358670231974e+04
-2.454133084244409110e+04
9.926701404433354037e+04
7.968657852274205652e+04
-9.932969510917237494e+04
-6.645061278082487115e+04
-9.171788849587117147e+04
-8.697345951030278229e+04
-4.202790440928612952e+03
-5.775532474995125085e+02
-6.264098920323415223e+04
-2.683172461345570628e+04
1.339097170763164468e+04
9.277515220536064589e+04
-1.585387521727006242e+04
8.221153809575727792e+03
-3.371082295905739011e+04
-6.757057102996490721e+04
5.178961646683214349e+04
-4.808049386575203971e+04
-6.227715416936088150e+04
-8.979044329698383808e+04
-8.977833273410986294e+04
-3.519052999325736891e+03
1.465066553206424578e+04
1.294604443444167555e+04
2.301263032851765456e+04
6.365721034127852181e+04
-1.083762394292047247e+04
3.229601422773013473e+04
2.222753531003021635e+04
-7.805989313612025580e+04
-4.441992705932274112e+04
-2.310467959174311545e+04
-5.643099202742480702e+04
-3.534726292586929048e+03
7.522201292309409473e+04
-2.122693239833973348e+04
-1.152229915558811626e+04
9.084169562644825783e+04
-8.829810457957627659e+04
-1.718986789747967850e+04
3.393356257318711141e+04
2.091835587483047857e+04
-1.023488412063094438e+04
1.532038813440328522e+04
4.382836880500183906e+04
2.978115704988861398e+04
1.566875875912765332e+04
-2.367342922247626120e+04
8.949769484682445182e+03
7.020184954469278455e+04
9.186283830551197752e+04
-8.925828256398256053e+04
9.880813482295806170e+04
-5.563429685368721402e+04
5.352361782913925708e+04
-6.734951125362249149e+04
4.387505168207013048e+04
-7.292860958215329447e+03
-3.128494240896643896e+04
-1.979106780000115396e+04
2.821230961928678153e+04
9.426358934267383302e+04
8.460984045503666857e+04
5.186707255092175910e+04
-9.126109247493394651e+04
-8.449000549941227655e+04
-4.434350746378629992e+04
-7.271796023810277984e+04
-6.537684375543842179e+04
-2.910142412247722677e+04
-1.406031569946822128e+04
-4.793436034461815143e+04
8.628103594931701082e+04
3.952361985509734950e+04
-7.833930766698389198e+04
-9.561337224205215171e+04
-7.547088497155405639e+04
5.025748486998226144e+04
-3.969377593102860556e+04
9.997209984417827218e+04
-1.043713241541992465e+04
4.553994309258530848e+04
-4.497746371950399771e+04
9.818451831378240604e+04
-1.154504349188868946e+04
3.729904545060332748e+04
8.044064766852604225e+04
5.913642375649214955e+02
2.431858921167031804e+04
-4.567791313369933050e+03
8.690775409586398746e+04
2.651107351424069202e+04
6.942053267262195004e+04
3.722918216031728662e+04
2.367675215764249151e+04
-7.342195502857997781e+04
-7.677421319216369011e+04
5.177636989528496633e+04
7.443994891501203529e+04
-4.207772680452175700e+04
1.492641549601060979e+04
5.366508404530317057e+04
-8.478583115948685736e+04
1.111034980676831037e+04
-7.473645892120557255e+04
-1.788452751200721832e+04
-7.564868476559667033e+04
-1.601296408866325510e+04
-7.982531502681071288e+04
-8.315839203001416172e+04
4.380890656574702007e+04
-7.865002747601459851e+04
5.778250354755259468e+04
-1.464264323925459757e+04
9.861113365650991909e+04
-8.608839139298387454e+04
7.794927773500967305e+01
8.667388271186241764e+04
-8.284387202199139574e+04
2.147099267488617625e+04
1.247822899187347502e+03
-4.304953541089524515e+04
-9.711631802815743140e+04
4.471546861344203353e+04
8.340846542606747244e+04
-8.137721188137540594e+03
-1.396580081762303598e+04
6.197359327776922146e+04
1.446392514677741565e+04
-8.814226488280785270e+04
-3.047298465082401526e+04
-4.872847041636556241e+04
8.784893310291922535e+04
5.608082433635173948e+04
8.207933135310362559e+04
5.697463258112006588e+04
-4.668687248080920835e+04
6.287328437711446895e+03
1.636306803517552908e+04
-8.343669246434092929e+04
5.735149413807163364e+04
-9.274439959156786790e+04
-5.280127750307053066e+04
9.451739068719078205e+03
-9.479442415092767624e+04
6.964415766993668512e+04
9.491945982702306355e+04
-6.322255611567486631e+04
8.030798749844645499e+03
7.137361370487924432e+04
5.041646402129193302e+04
6.845365598247334128e+04
-2.914544276337471092e+04
-2.660017101903221919e+04
6.673492516449387767e+04
-7.657813114517822396e+04
8.204518705235997913e+03
-1.432530514992240933e+04
3.027112365927742212e+04
6.211090984715759987e+04
-4.214254547151779116e+04
-4.496460388800187502e+03
9.940715346713867621e+04
-5.450602496977575356e+03
1.256834195932513103e+04
8.681391154699627077e+04
-8.820315647759384592e+04
