-1.044901741126214802e+04
1.090022523409293171e+04
2.876596520511905055e+03
3.866035144393267547e+04
-5.653456905960255972e+04
8.192484437176659412e+04
2.352081467695012543e+04
-3.462709765507987322e+04
-2.611100203230735133e+04
-2.210594441491608450e+04
5.963931163526446471e+04
-4.649360684452877467e+04
2.412657920946247395e+04
1.349005976323880896e+04
9.054546897553330928e+04
7.447094130991490965e+04
1.847059452254677308e+04
-1.031985967364259704e+04
-1.402478763165917371e+04
-6.592160658648950630e+04
3.435078975397518661e+04
-2.065575865454961968e+04
5.598890879971306276e+04
-6.871464141795544128e+04
1.462008783319074064e+04
2.068190785977217820e+04
7.669210977288277354e+04
2.297874924967515108e+04
3.666211045491870755e+04
6.921516728949063690e+04
1.569589455502922101e+04
6.299976970027852076e+04
2.219720860524995078e+04
2.135037602946383049e+04
-1.728413849818824019e+04
-3.065991963547204068e+04
6.093141484734426922e+04
4.635436964060902392e+04
-6.091910214887833718e+04
3.792908636592044058e+04
8.909215511638096359e+03
-5.890723331791964301e+04
-4.264989893075377768e+04
-5.156928150545846438e+04
-4.803545923517568008e+04
-5.008906134605391708e+04
4.808377081473365979e+04
-2.981729930541918657e+04
2.812502801144379555e+04
3.074598857900665462e+04
-4.203159813298969675e+04
-1.132591519650526425e+04
5.089437494479051384e+04
-1.000440050282255106e+04
-3.023330980011339852e+04
9.323775703294390041e+03
-3.946888532617605961e+04
-2.708331910719481311e+04
8.095743784951863927e+04
-3.533726972059703257e+04
4.698831636699396768e+04
-1.904833414973887102e+03
6.603765449037528015e+04
2.527570524436596679e+04
-3.382510780723149219e+04
-4.146392825690378959e+04
-2.075799644021728091e+04
-1.804909364023884280e+02
5.195929462408702238e+04
-7.215045247947565804e+04
1.340609038920977400e+04
-2.120426976158050820e+03
-7.722797209563621436e+04
2.408715213270574895e+04
-1.486818038161676122e+04
2.475757173181649341e+04
-4.419383290783059783e+04
3.024025620509276996e+04
-5.759741991267933190e+04
8.444078150907717645e+04
1.349133228767212131e+04
-1.846151326481956858e+04
-2.620243332496051880e+04
-5.197528714705608581e+04
7.676469773863242881e+04
2.437132557893557896e+04
3.099114182186824564e+03
-6.444932557526922756e+04
-2.438354900140126483e+04
-1.300567856181422030e+04
-2.582673201120154772e+04
-1.156311050097590851e+04
-6.844049726270103747e+03
2.152312915049514413e+04
2.082131199782036856e+04
4.732801361423704293e+03
-1.260524800712347133e+04
-7.771607627463809331e+04
-1.278160928471532316e+04
-2.319426381229146864e+04
6.181548649967728852e+04
-5.199347131327488751e+04
4.414579470414140815e+04
5.473200685610255459e+04
8.497609020587625855e+04
9.082942887899596826e+03
-4.053725063450222660e+04
-1.935956113539355647e+04
2.729933313281120718e+03
8.682221985840346315e+04
-4.671487472889931814e+04
-5.302016984597284318e+04
1.579681658617084759e+04
-9.913228526472761587e+03
-7.484604268879143638e+04
-3.452855596845922264e+04
-3.900348611205973430e+04
-7.251855094152953825e+04
3.228801692410710530e+04
-1.072883819631494953e+04
-6.428175947949569672e+04
-5.593376190158992540e+04
2.873846869613697345e+04
1.968429012323714414e+04
2.927986234583261466e+04
5.079308134734864871e+04
-5.343947289111392820e+03
5.869949407892901945e+03
-1.226730307965459178e+04
2.004677343439182732e+04
-2.017369504801998119e+04
-3.513463810630755324e+04
9.892422375249181641e+03
-1.032453134810410302e+04
2.361167039556275995e+04
1.118485258694391632e+04
-3.528891029543057084e+04
8.579803481690426997e+04
1.222311156464758460e+04
-2.341012365848329500e+04
1.408075305653550276e+04
2.040805474155837146e+04
-3.938473359359942151e+03
-2.321869761357776952e+04
-7.333220178769431186e+03
-2.795163055684891788e+03
7.983024120753489842e+04
-1.303736752738810173e+04
2.595768881854579013e+04
6.279552274254569784e+04
3.117764239156814801e+04
7.292143516848517174e+04
7.246279031271486019e+04
-5.167330972073579005e+02
-7.270930208810596378e+04
6.837102170701419527e+04
-8.772011680426771636e+04
9.899702519919133920e+03
7.856428907461772724e+02
-2.129923307002017464e+04
4.625752597562182200e+04
-1.039488406772756889e+03
5.210828962449629034e+04
-6.818269568025367334e+04
3.992349476735415465e+03
-5.719203882991638238e+04
5.530601083355271840e+04
-1.488429463992130513e+04
7.731449466787824349e+04
-4.914886989143840765e+04
-7.590439576806431432e+03
5.639584736721534864e+04
-3.297764999125180475e+04
8.819761811097916507e+04
4.625549365776168270e+04
7.417417973622028512e+03
2.601850862973670155e+04
7.996756146839160647e+04
4.045135874369892554e+04
8.760908661022245360e+04
6.014485869555483805e+04
-1.138294839311294891e+04
-1.766565657677678610e+04
-2.055883685686836088e+03
-5.572847549544336653e+04
-1.542224261928280794e+04
6.489736536315114063e+04
-7.406856602954991104e+04
1.561882978708932387e+04
-1.958312975393367014e+04
2.093408237047415969e+04
4.667292190915612446e+04
1.365067536472074971e+04
-1.268786812979938077e+03
2.223502695265755756e+04
1.919567005462510451e+03
7.326121838262425445e+04
-8.620522332475971780e+03
-7.974582215923283366e+04
7.644397944997104059e+04
2.466295671926759314e+04
4.566319938151226961e+04
-5.398959848507628340e+04
2.774095284890377661e+04
1.135371118163298434e+03
4.239503648200549651e+04
-1.666935576099909667e+04
4.586773541202269553e+04
-1.582618065874219383e+03
-6.689802818219242909e+04
1.726282290583225404e+04
-5.942737913672435388e+04
2.306694757628765365e+04
-1.950724990047663960e+04
-1.550444070411515531e+04
-8.971677129695216718e+04
-3.253985374969573604e+04
-4.447168975984537974e+04
5.174094288735088048e+04
-2.564834114551555558e+03
1.799809426357388293e+04
-2.132836868102286098e+04
-1.535506048221795754e+04
8.667058721872667957e+04
-2.463366678354664691e+04
6.734592132148117344e+03
-4.396667181937527494e+04
-5.719857899509370327e+04
3.415273416091089166e+04
1.272953894568866235e+04
-5.710350685316666932e+04
-4.664742352209024830e+04
-1.657230522532594114e+04
-4.576210173915377527e+04
3.945868659550542361e+04
-8.921762269668675799e+03
-6.072967208579074213e+04
2.710282073879029122e+04
-4.592135836317185749e+04
-5.634160091509115773e+03
4.341400002061588452e+02
3.679425540539737995e+04
-3.885154176597567857e+04
-8.110453062577438686e+03
3.310480654219653661e+04
2.785109347333995174e+04
-1.549636501509881555e+03
-3.875296380443411908e+04
4.616550225658414092e+03
-2.476480991457479831e+04
1.272208624067878009e+04
-5.950406270848237182e+04
-2.140577467781483210e+04
-1.342594952855684096e+04
-1.219308444837602110e+04
-4.350235970582829759e+04
-4.366946819962542213e+04
9.361593832376405771e+03
1.189802188318459230e+03
-2.358463043027646927e+04
-1.593037906465801143e+03
1.690611758870874610e+03
1.259967461129878393e+04
1.197899938824366654e+04
1.444419036895614909e+03
