-1.449929566504128161e+04
-4.256703054376983346e+04
-5.971179808743144349e+03
5.359696554911506610e+03
-7.729705691235614358e+04
2.792768105946774085e+04
3.297271934841451730e+04
3.247440425831950051e+04
-2.338509840621234616e+04
-5.281896800495978823e+03
-2.467541031331842078e+03
-8.097901551310251307e+03
3.261183293529719231e+04
-1.123068244780405257e+04
-2.779193449503978263e+04
-2.019741433535332544e+04
-2.599471185671510284e+03
-2.737285159783428026e+04
-2.905902122139695348e+04
5.654084424173788284e+04
4.513724530386190054e+03
-3.055065666711668018e+04
-1.241818358042822365e+04
1.839721168963542368e+04
-1.098985684357950231e+04
-2.085879755512901829e+04
-7.651840119161295661e+03
4.644622358287342649e+04
3.518965279294684296e+04
-4.131125687989177823e+04
-6.661127637137917191e+03
-4.418407374964990595e+04
1.462750610206068814e+04
-2.567063919044393697e+04
-3.248405358133867412e+04
-6.567205991905027076e+03
2.599827581898476183e+03
-1.691674514565800200e+04
-3.270545301544442918e+04
1.561681075465370304e+04
7.398829666590303532e+04
1.006059442040104113e+04
1.062965402608699333e+04
4.887322936896287865e+04
4.469223071809909925e+03
-1.019176264072211234e+04
4.167845171969954390e+04
-2.135140365782119625e+04
-3.089756880425829513e+04
-2.565223594815555771e+04
-1.802594234153352591e+04
-4.360015966218616086e+03
-3.502482212640526268e+04
8.233088255117791050e+02
6.252638047275074496e+04
1.725791442497285607e+04
-6.465695583914557574e+03
-5.060031617752768216e+04
-1.464274232255399738e+03
-1.111641981610372568e+03
-2.993241612557448389e+04
-2.256616735344600602e+04
8.731998493162987870e+03
-5.046610345418674115e+03
2.604506234777309146e+04
-4.943265769582917710e+04
-9.968524515051072740e+03
-2.403623361401912189e+04
1.990273869686157559e+04
-3.566974784932503826e+04
-6.595158233641954212e+03
4.378908652036658168e+04
-5.061767082837031921e+04
3.610523637032955594e+04
5.596457679518770601e+04
5.697064186127381981e+04
1.846485210032940086e+04
6.361093450762482098e+04
1.640055836087164789e+04
-4.303710512045844371e+04
4.120984740216134378e+04
-1.031160695373280731e+02
-3.380980130809379625e+04
-1.292629005864082728e+03
1.476478776888411448e+04
1.890552362742108016e+04
6.428037492693638342e+04
-1.766832629225157507e+04
3.939149503121717862e+04
7.319549695237675223e+03
-2.250326173130970710e+04
3.650603596379104420e+04
2.252574749253092523e+04
2.157624654978527178e+04
-2.089451617938938944e+04
-3.398442298032035615e+04
-2.436937172888740679e+04
3.733152718503775395e+04
-2.499145721151392354e+04
-1.852571270011805609e+04
-2.351554759445547825e+04
-4.182493868355577433e+04
-2.362871429924646873e+04
4.052789221839421953e+04
-3.733788455359561340e+04
-1.361055079678127549e+04
-1.888204635144108033e+04
-1.544473136985416750e+04
-1.820331481814558356e+04
-4.257335899527787842e+04
-4.239088030036391137e+04
-1.660237429767704452e+04
2.101807201969122616e+04
-3.259216378827191147e+04
1.386676782042281411e+04
-3.384983892007594841e+04
4.434791113108759600e+04
-2.318528993782765247e+04
4.200708509672850596e+03
-3.036188384264511842e+04
6.042125829420622904e+04
4.185635673614000552e+04
-5.122677133467094973e+04
8.283537279849775587e+03
-6.151987848684420896e+04
-3.954445628027668135e+04
5.857243579396241694e+04
1.852448501808355650e+04
2.405197252272396508e+04
-3.991205248412434230e+03
1.502941142325480723e+04
-4.492196318866811635e+04
2.008507320948068082e+04
3.308188081111443171e+04
4.744157599769746594e+04
8.186953829993192812e+03
-2.565464482292312096e+04
-3.046388015376170370e+04
-7.943515232891360029e+03
6.233587860561183334e+04
-2.088924634720206450e+04
3.297712751767691225e+04
-1.096553251694186838e+04
2.766326355470213821e+04
-2.961594298575299763e+04
2.707522569151905918e+04
2.536751969565717809e+04
4.425975980923752650e+04
4.413738285247545718e+04
5.640229830605773896e+04
-6.801901666565886444e+03
2.839899488282825041e+04
1.521475875111979076e+04
2.474451114454415438e+04
-1.025156729366822401e+04
3.324377146965881548e+04
-3.711828421470969624e+04
2.866966464054694370e+04
-4.031684389890453167e+04
-1.039145671045466997e+03
-3.132229440141182567e+04
3.597841923303202202e+04
1.492150407455405548e+04
-1.540996165755390030e+04
5.617554172966077022e+04
-7.338915601330104437e+03
-1.118594249631832781e+03
5.219755397015652125e+04
3.872943693108230946e+04
-5.764118346604577528e+04
8.887344025300891371e+04
-7.342478803945657273e+04
-6.211345306197232276e+04
-9.861348228992637814e+03
-2.865896307512746716e+04
3.126398621553817793e+04
-4.955345283787530207e+04
-6.515332363940311916e+04
-5.951369979257257000e+03
2.376425293302513455e+04
-4.273648440801246034e+04
1.673290857782836611e+04
-6.590576692606398137e+04
5.108929835835342965e+04
-1.248410079967688944e+04
3.373926386601188278e+04
-2.374550322242363472e+04
-5.234135471328422136e+04
5.451793049989398423e+04
7.692877718920187908e+04
-3.957229241959503270e+04
4.981187459758407203e+04
1.128943829776631173e+04
-3.168746170213823643e+04
-1.249433235904159665e+04
2.001188699370455652e+04
-2.753588193619118829e+04
-6.211265190211647132e+04
-7.305519653597663819e+03
2.110237947785038705e+04
1.440043751454804988e+04
-5.701382418513762786e+03
1.075510830617236252e+03
2.984851928063073137e+04
7.617608086901366732e+03
-8.487523431876808900e+03
-5.749200250240888272e+04
-2.611828349072412948e+03
4.722425801590656192e+04
-4.015286006163994170e+04
-1.680288879479506431e+04
-2.055066178238909561e+04
5.722058734673677463e+03
7.802766876318911272e+03
2.932117129373971329e+04
-2.229374341267305135e+04
4.468435970187103521e+04
-4.680542511223770816e+03
1.680175904192535381e+04
2.621071415540033922e+04
2.686825813245584868e+04
4.525542567796203366e+04
-4.925305639574620000e+04
-2.211655028417847279e+04
1.331067219310045402e+03
-3.574070433859618788e+04
-1.908382072557280117e+04
-6.129609138906440785e+04
2.385873938252204607e+04
3.653066447392317059e+04
2.491815100029172390e+04
-7.798339224417312835e+03
-4.204134261307584529e+04
3.040268239504874509e+04
1.407658156756873905e+04
-1.858951459678138053e+04
-4.908963456104782381e+04
-2.723861084867277532e+04
5.740992766761381972e+03
-3.664547476447540976e+04
-2.736962416128440964e+04
-2.020189526277529512e+04
-6.561466087439585863e+03
-2.317668857177892642e+04
2.090821158173360163e+04
2.301757334335158521e+04
4.932741138652273366e+04
1.917960553395758689e+04
-3.794490267222765397e+04
3.838071202760955202e+04
5.041703256038016661e+03
-1.666495486830986920e+04
-3.415910731076089724e+04
4.178419219171071018e+04
-2.974656406082390458e+04
-3.628209465683637973e+04
-1.709327837338321478e+04
7.044486433985877375e+04
4.462222811607715266e+04
5.739090181360866154e+03
4.702826061075906182e+04
-9.387172908103910231e+03
6.166413782747818186e+04
-3.130440200938251655e+04
1.536605369559233623e+03
