7.410163590423385904e+04
7.443612043467377953e+04
-1.355714585839233587e+04
1.642553470946479865e+04
-5.143596227177990659e+04
2.455139042205224177e+04
-1.893798180194491943e+04
9.422107790163572645e+03
7.373943287304089608e+03
-3.692260308727202209e+04
-2.581333162949940743e+04
1.154477150396656498e+03
3.247389884882188562e+04
5.607053489489702042e+04
4.664023944508254499e+04
5.424370407894415257e+04
4.518204412279378630e+03
3.811127091301984183e+04
1.953218590138010040e+04
2.805858658948979428e+04
4.146275292740321311e+04
7.492179888830316486e+04
3.781739067102794797e+04
5.728436460743399221e+04
4.019169032575247547e+04
-1.091718320371826121e+04
-2.888017323318341732e+04
-3.388283313446342072e+04
-2.682867685694475949e+04
5.039732404960165150e+04
1.991405641646967342e+04
-4.906073370927766518e+04
2.303149616333209997e+04
-2.086873318508910597e+04
4.930179564600308368e+04
6.958787333807862524e+03
5.027448207550569350e+04
-9.067486168352111520e+01
-5.786989078207340935e+04
-3.156561935447040014e+04
1.392529852966188082e+04
4.159189265388767672e+04
6.154357567548679799e+04
-3.559448123581078835e+04
1.814484812647216313e+04
9.031363409508545010e+04
2.250679186274007952e+04
3.925114462319052109e+04
1.612617005646399093e+03
-2.366534838630439117e+04
4.432433939652689878e+04
-4.022602432960071019e+04
8.817446648432194706e+03
-1.128883282770979577e+03
-6.149002507025842351e+04
1.759354698910781008e+04
-2.737902644080821847e+04
-2.144445633991827890e+03
-3.566437515798865934e+04
2.077623310038595719e+03
4.324848626813120791e+04
3.224705512026610086e+04
-1.202623738467836847e+04
-4.293500679449954077e+03
-3.530180367356031638e+04
-9.750353115903451908e+03
7.766330016982559755e+04
-1.837711319424818066e+04
1.186945179174826080e+04
6.252369228651876620e+04
-3.854019002916027966e+04
1.277994382960640178e+04
-1.408970897738307031e+04
-3.449663892121666140e+04
3.336688638742991316e+04
1.187118551447710888e+04
-1.477136342571093155e+04
-1.776685184477500661e+04
-2.200337941515428975e+04
2.975050536603496221e+04
-2.680784447757237649e+04
4.255567308524112741e+04
-6.448966446488164365e+04
-2.142787129765795544e+04
-4.578504819122287154e+04
5.475256672909959889e+04
3.108367718839715963e+04
5.809725877964058600e+04
1.481869097303914714e+04
-1.053147910683652117e+04
1.617851961145716450e+04
-2.775564196543532944e+03
1.344939626911436062e+04
8.532754979943167200e+03
-9.731256703107492285e+03
5.522183664753636549e+04
1.473911466149003718e+04
7.398861318697812385e+04
7.405296231525776420e+03
1.350854458138234440e+04
-4.316880874309276987e+04
-1.738901798551281536e+04
-5.580219566346921783e+04
-1.076790965027871971e+04
-4.584618462417921546e+04
-4.850702898726170133e+03
-2.809455977105397687e+04
8.345571061791821194e+03
3.073462038740905336e+04
-1.901357559111906812e+04
-1.317990095234923319e+04
-5.350001438749105728e+04
-9.068310998051268689e+04
-7.338869798371229263e+04
-8.251037711861177741e+03
-2.907415083178026180e+04
3.025517511807504343e+04
3.127818610881021232e+04
3.483666732904810488e+04
1.746907421958253326e+04
-1.170829219721558366e+04
-6.460496001260500634e+04
6.864930470567524026e+04
-2.637804092878733354e+04
1.640464339781360104e+04
4.697682416375425964e+04
1.430652571921515482e+04
-1.781662075485353853e+03
-1.227857979400428485e+04
-1.644469774712794606e+04
1.625952939476726442e+03
2.695217663958414050e+04
-1.878200339153211826e+04
2.068175852355499592e+04
-2.478139431259082994e+04
3.823882654721766448e+04
-2.932714034981825898e+04
-1.285179189611264064e+03
2.486875061480670774e+04
3.086452602402032790e+04
-2.242118679041053110e+04
-3.241412966552733269e+04
-3.318119365021854173e+04
-2.657003075748203992e+04
-4.623693338968663011e+04
-3.529549243500944431e+04
-2.698287079250176612e+04
-2.495855354140361305e+04
-3.744830340674665058e+04
-1.629670962098224845e+04
-5.962276356904989370e+04
2.509519526378680530e+04
-5.051912659482237359e+04
-1.949816952448945085e+04
-5.176213863783216220e+04
-3.147201321990323777e+04
1.042322618011240775e+04
-6.183564234795128141e+04
-1.070636208481450558e+04
1.386912664619499992e+04
-5.915025180870405165e+03
7.415536501257301097e+03
2.303865217017376199e+04
-4.675255870458277059e+04
2.991369551952133406e+04
-8.937957057732824978e+03
1.440499617151557686e+04
-1.621413651850665156e+04
5.189768916161380730e+03
-5.061108733303980989e+04
2.427530871076421590e+03
1.234412407016609723e+04
6.958785176423692974e+03
-1.581025902012255210e+04
4.850280676282530476e+04
5.578678648731914291e+04
-6.025532169231022999e+04
1.285459939010190283e+04
3.938495384184634167e+04
-2.846872547303259125e+04
7.051698532652256836e+04
-4.038928054430154589e+04
1.019572026702719995e+04
4.875064986316081195e+04
-1.811887618762398051e+04
-8.310348443024147855e+03
4.688338912200717459e+04
3.966898327985806100e+04
-2.088961743420755738e+03
4.745557662875331516e+03
-2.850802200264896237e+04
-2.409660493529689120e+04
1.508518674572791497e+04
3.259081558782780121e+04
-1.530763476498899581e+04
3.244116627047081056e+04
3.172669177108380609e+04
-3.826643612582186506e+03
-2.809158499971989045e+02
3.874023664745580027e+04
-3.536778947571088065e+04
-7.930517044097871985e+04
2.288348481076058670e+04
1.652073566311973991e+04
-2.038227373733275090e+04
5.074566830521746306e+04
-1.113390258531778454e+04
1.569912303722717479e+04
5.213322440016025212e+04
2.793855851443087522e+04
-1.797968826065955363e+04
1.665295666212975220e+03
3.742424364113040792e+04
5.696843014921531903e+03
1.829730179932468309e+04
-7.111543922470467805e+03
-1.552852178260806795e+04
5.330679112251778861e+04
4.559766554563447426e+04
-3.912884436349719181e+04
2.278273557272492690e+04
2.508159590626804129e+04
-2.348730483413219918e+04
9.965751372038819227e+02
5.687476039663253323e+04
1.387369164416519561e+04
-2.661230455979807448e+04
4.053090460388676547e+03
-3.721112306743872296e+02
-2.261820979822732625e+04
-4.438656848660795367e+04
2.209247008408285183e+04
-1.086039313275636960e+04
5.619814113754835125e+04
-1.758840365248611488e+04
-6.135316001829550805e+04
1.635824390436181602e+04
-6.803381050057431275e+04
4.599473999905304663e+04
9.780489428074048192e+03
3.221454004250417347e+04
4.601915100352340232e+04
-1.848413354781714224e+04
5.637732216352577962e+04
5.615983212921311497e+04
-3.939278758888517041e+04
1.415726990661593300e+04
-8.825645613468338979e+02
1.097501615702117670e+04
-1.840082062431034865e+04
-2.563896925357434156e+04
-6.489628909635708987e+04
-3.628159872741066647e+04
3.326551836192096380e+04
7.478774031517708499e+04
6.990440193137063034e+03
1.146770568954039481e+04
5.542461035695073224e+04
6.185006965884690544e+03
5.971618124063651339e+04
1.253799802438087499e+04
-1.468663631953798722e+04
4.252528712680303215e+03
2.480809267099913995e+03
-3.587704991714840435e+04
