2.400966658097489199e+04
1.811372138180458933e+04
8.453822949197514390e+03
-4.187360252303754532e+04
1.840565570888692491e+03
-9.675172560673330736e+03
3.067864095318343243e+04
-3.623288523876416002e+04
2.203245241819595321e+03
2.189164047009509522e+04
-2.650396393217981313e+03
1.470444276617401374e+04
5.973521215248662884e+03
4.108074881918824394e+04
3.016391974911576472e+04
-4.751042501991130848e+03
-5.266444155262915592e+04
2.498331045168457786e+04
5.493595751050180843e+04
2.277985317764922365e+04
2.672079268334753579e+03
-2.453569643122656998e+04
5.315688533141696826e+04
-5.252190676027714653e+04
-8.506410780144917226e+03
5.342419187497186067e+04
-7.972271132317441698e+03
1.642390635005695731e+04
8.386795550255583294e+03
-4.954493432661177394e+03
2.347667310742398331e+04
2.601830990534264856e+04
1.947676072864710295e+04
-4.341775362871067773e+04
-1.531445984439108543e+03
3.117533139735318764e+04
-2.311415728535370818e+03
-7.352979167873628512e+02
1.588767954841249230e+04
2.648235545437021574e+04
4.542650733438212774e+04
2.491608780803851187e+04
3.261204824116081363e+04
1.514011741318663780e+03
-3.509940633917010564e+04
4.193471820745477999e+03
-2.807277653099589224e+04
-1.609039902116497251e+04
-2.024059823349483122e+04
-3.756505617378403713e+03
3.295962585463034338e+04
3.948360865622687561e+04
-3.755748160368734534e+04
-5.011175854300478386e+04
3.511736478205881576e+04
-3.907416378020158299e+04
-3.472511665943890694e+04
-1.968677889678816064e+04
3.350349766960076522e+04
1.740325943680556975e+03
4.466091063601883798e+04
-5.338683998247887212e+04
4.038978590289860585e+04
2.797828002492750602e+04
-4.545972853068332188e+04
1.558071822441941731e+04
4.441631230086375581e+03
-4.599590880592716076e+02
-2.334532731804409195e+04
-1.949375692296974739e+04
2.317901246979246207e+04
3.823865357303268866e+03
3.042697685253377858e+04
1.688057329255582999e+03
2.268268430039721352e+04
3.403946406280556403e+04
3.952270649886149477e+04
-1.983981132625630926e+04
1.098770116068628522e+04
4.327516807343259279e+04
9.799665077088475300e+03
-1.239149477789789671e+04
-5.868584579489358475e+03
8.956406238810724972e+03
-2.558027252232574756e+04
5.981370140715748857e+04
3.746738312283013784e+03
-4.921027394866878603e+04
-1.771392092156004583e+04
-9.552565865111349922e+03
3.167217674253389487e+04
-3.127452040917428167e+04
-1.104706927948036355e+04
1.653662777620360066e+04
-3.734966477881884202e+03
-3.354584297368318948e+04
-5.244994482729204174e+04
1.882980023273689221e+04
-5.343778649573511211e+04
-4.062315697847905540e+03
-4.508341867216819082e+04
-3.527967731501341041e+04
-6.840142355016717374e+03
2.422689391842716941e+04
5.368426041766771050e+03
1.199945356011465446e+04
-5.328353069096186664e+04
1.501487330849187401e+03
-2.432610988348339379e+04
-8.257279587409129817e+03
-5.877786515832679288e+04
2.517368556154928228e+04
-5.742227371713684988e+04
3.866790539547929075e+04
1.645644709374373633e+04
1.089257856444287427e+04
8.781995133075053673e+03
-4.334959704397893802e+04
-1.457895845045422175e+04
-5.392988812905666418e+04
3.485440185215928796e+04
-1.236286480175784709e+04
-1.002008690365363509e+04
5.944721638490947043e+03
3.971133757645163769e+03
-3.802875584671380784e+04
-2.953514392140758719e+04
-4.559139234465554182e+03
-5.556579167570012214e+04
3.968513525882854992e+03
4.870037837779030383e+02
-2.673696754029624208e+04
-1.649277028439932474e+04
-1.216455297930718007e+04
2.147135907122619028e+04
-2.804263005134811465e+03
1.547703203913640209e+04
4.109506452121990151e+04
1.498128753472529388e+04
3.362891398808301165e+04
6.988939325429157179e+04
4.119960793439180270e+04
-4.627469119784498616e+04
-2.934019771621789550e+04
-6.009959106445512589e+03
3.559571972379090585e+04
-8.391529042370442767e+03
-2.366269669115022771e+04
-4.284400637661740620e+04
-1.546798755953820546e+04
9.152551436146140986e+03
4.050422325388109311e+04
1.430060216493090047e+04
2.913667309718680190e+04
1.892180667531686049e+04
4.844270371005144989e+04
-4.966974442905044270e+04
3.934216702353543224e+04
4.136555378197798564e+04
4.076173514762559989e+03
1.923987472565204007e+04
-1.253909584793767499e+04
-5.610013715752508142e+04
3.961994013466481556e+04
-1.242436012435096728e+02
1.748388174483460170e+04
-1.690216320889405688e+04
-4.838043171738687670e+04
-1.440349891957162799e+04
-1.714696664947594400e+04
-3.109615504480121672e+04
1.966553478698131948e+04
-4.204243235314657795e+04
-4.490279513578773185e+04
6.313225428037834354e+04
2.477141547996306326e+04
-2.592856602147080048e+04
2.195802578103984706e+04
-4.389397604084202612e+04
1.413490049102435023e+03
-1.595851767199685673e+04
-6.118030710159824957e+04
1.206688858584972195e+03
1.496698878039944429e+04
1.252627278679950541e+04
-2.397723357640180257e+04
-7.541671155094328242e+03
-1.885269069547724939e+04
4.079355458456467750e+04
1.548204192445053195e+04
4.998922231437012670e+04
-2.875740084283080796e+04
-2.428878199089413101e+04
-2.184739135129172428e+04
-1.715993891108034950e+04
2.709826778900837598e+04
1.317090661932134935e+04
-6.094447256542524701e+04
-2.104703335647223503e+04
4.940198162102860078e+04
-7.043977383755438495e+03
2.400485608989555476e+04
1.716059099390459232e+04
1.709094309648717172e+04
1.177244804594240668e+04
3.421032772943715827e+04
3.196789049412536406e+04
-1.575685692793367889e+04
5.009979966306083043e+03
1.608757604447906670e+04
9.553310189858320882e+03
2.406260316996420079e+04
-2.676099373290336734e+04
5.836744367863329899e+03
-2.585110065083647351e+04
-6.192337214810147998e+04
-7.062974057494703857e+02
-2.280186622382638961e+04
4.001783829676148162e+04
3.764129877937082347e+04
-1.395683905573533411e+04
-3.470352606496738008e+04
1.420397728295586239e+04
3.622934506876490923e+04
-3.572932065067769872e+04
-3.293915273646299465e+04
-3.856515151042361686e+04
1.484039396411832422e+04
2.363869561283946155e+02
-5.724990419642743291e+03
-3.727083388653040311e+04
-3.371842198857435142e+04
-1.338056251285932922e+04
-1.293802288727671112e+04
2.468092615551514609e+04
9.708977499427041039e+03
-2.312052025267261342e+03
2.369698215220648490e+04
3.723501413616812351e+04
-1.144082277357076600e+04
-1.372341547643079139e+04
-2.126244655516497005e+03
2.118772639414280275e+04
-2.939981713132968798e+04
3.157657990589134351e+04
-5.277765394374762400e+04
3.251992863508953815e+04
-3.877392850375345915e+03
-7.001472930918956081e+03
-2.963741517424509948e+04
-5.176035671313144121e+04
4.932499508996701479e+04
1.619047232994596470e+02
-4.907448793067777297e+04
2.522779154506349369e+04
-3.921714738662043965e+04
-1.203497493544735880e+04
6.843880778860565624e+04
-9.363293692037217625e+03
-2.160731367929078624e+04
-1.964043074444063905e+03
-6.340119754572091324e+02
-4.148950534899256309e+04
2.554798970029242264e+04
4.398130300595976223e+03
