-5.860110730637325469e+04
-2.202045949408108572e+04
3.237408283445041161e+04
-1.527200843193458240e+03
-1.705793647206023888e+04
-1.414070555260029550e+03
-4.258715701449764310e+03
3.555505778978367016e+04
-2.720545030410997424e+04
-7.677962165476361633e+02
4.561558501514919044e+04
-5.177113349372691300e+04
2.751019207657621155e+04
2.533416871505427844e+04
-1.060955550199841491e+04
1.473208392716550588e+04
5.219268629222399613e+04
-8.749881402875416825e+03
7.701888695486733013e+03
2.848396524781340304e+03
1.735937803437850789e+03
1.856953691231157427e+04
-2.186963143465837129e+04
3.341577420138839898e+03
-1.980726314783296766e+04
2.267841153979763112e+04
6.630420684675631492e+03
-4.103499135675315483e+04
3.314002971663623612e+04
-2.245356640466267345e+04
2.635885347628402087e+04
-1.141138353025767316e+01
-6.647736500748977051e+03
-1.369106174601746534e+04
-2.035219884460881076e+04
-3.391023272954496497e+04
7.514735749169210067e+03
1.313677530059963647e+04
2.219844405913700939e+03
-4.152300813367846422e+04
-3.144402151479230724e+03
4.040799027304929041e+04
3.383860604182015959e+04
4.886518505956234003e+04
5.477414308856719435e+04
1.540687706496325154e+04
-1.098309565842414304e+04
-1.608653934505345205e+04
5.000244247984719550e+03
-2.210436458685941761e+04
-6.124356298761208745e+04
-6.088403885263044504e+04
-2.200984446254287832e+04
1.453001574909351984e+04
1.154810581923341306e+04
5.121808757977524510e+04
3.822820796185088693e+04
-4.218867739274559426e+03
6.289594280485161107e+03
2.012896088122863512e+04
-7.491294991321711677e+03
-4.807009620608293335e+04
-6.161244735966514418e+04
2.023530083645112609e+04
5.427588274985095040e+01
-1.543407359387822544e+04
-4.127491420943226694e+04
-2.173595260749505542e+04
-7.845049857336485729e+03
4.761715199523557385e+04
-5.761286092962639668e+04
4.181865868310998485e+04
1.781078070245668641e+04
1.883461635034328356e+04
-2.364166746126408543e+04
4.142495030355709787e+03
3.132276607606014295e+04
-3.142788295821520933e+03
-1.416570544135285127e+04
-4.065285980828504398e+04
2.788922277171753012e+04
-1.373139695875375219e+04
5.453309941552435339e+04
-2.345419910203073596e+04
-5.239835969872857822e+04
3.364043311408163572e+04
-6.418212870262981596e+04
-1.308242859145748480e+04
1.365010675043357332e+04
6.161921942051206315e+03
6.233803290878989174e+03
-2.609271481543693881e+04
2.199624623054661060e+04
-1.594756960981282828e+04
5.244942515876805555e+04
2.760539283021619121e+04
1.701303348401389667e+04
5.288117226843204844e+04
-5.976374868917595450e+04
1.074728048809373649e+04
6.353254711473099451e+04
1.324749352303943306e+04
4.583466153139596827e+03
3.720333905756531749e+04
5.706888414950855122e+02
-1.866691682174106973e+04
-1.803733212569788157e+04
-1.594317547729171383e+04
-4.841629246084381884e+04
-2.138263991959526538e+04
-1.495302080538417067e+04
-6.028407151507178241e+03
-1.785039278807418668e+04
-2.583397860447981657e+04
5.545675049881166342e+04
-3.331070101450860238e+04
3.572327253211552306e+04
-3.715891650657552964e+04
-2.414146694274858601e+04
-2.279321512451661692e+04
-2.707547473353416717e+04
-5.851170862540408052e+03
1.745083101666291441e+03
-1.428629517283317227e+03
2.106807786508613935e+04
2.752392110795566623e+04
-5.033617618097337981e+04
2.573437509883520761e+04
6.672559240981459880e+03
6.633865917721620463e+03
-4.166095020629224564e+03
-3.871416165703930164e+04
2.151839533289028736e+02
7.124981488998935674e+03
2.592907857166898975e+04
3.632192021595749793e+03
-1.909585944615382687e+04
-1.261397716929646231e+04
-6.099896641169015493e+04
-9.995375514105642651e+03
1.091887308461728753e+04
1.198062820539225868e+04
1.869498695645894622e+04
6.161304388506271061e+04
-3.929291171754039169e+01
-1.366420214386820930e+02
-3.873575798875565397e+02
2.715092393946515585e+04
-7.266086762742698738e+03
2.799156740162122878e+04
-1.200975524954202047e+04
-2.345650815933625495e+02
5.295237829857597535e+04
2.642536590470809097e+04
2.121923505821827712e+04
-1.423024809318688312e+04
3.284101714814422303e+04
-2.493477157385044120e+04
-6.647840596763762733e+03
-9.699115751735636877e+03
4.903834578768604842e+03
3.947097405422115116e+04
-2.774361642635362296e+04
1.742102386799781380e+04
-1.221002549926994470e+04
1.868759623017875856e+04
-2.167142416292984126e+04
2.065298865208634015e+04
1.518059310107371493e+04
-3.573924474375530554e+04
3.129217843653913224e+04
-1.509863503817115316e+03
2.150536573868082633e+04
-1.571439861881895195e+04
-2.610815514298052585e+04
4.626476939164371288e+04
-2.003756511342378144e+04
-3.246485163052562712e+04
-9.606708891551599663e+03
-5.329923121444606295e+03
-5.751919322093064693e+03
-3.046259119786788142e+04
-3.252110246661916608e+04
3.889802686498596449e+04
-7.688321766677520827e+03
6.469766542993803159e+04
1.015844262737569079e+04
5.667489693009255461e+03
-3.161615090305847116e+04
3.088812118386733709e+04
-1.278722315264248937e+04
-7.269906096662147320e+03
-4.365680364952426316e+03
5.770345646633586512e+03
3.853155960227276955e+04
2.061308844472160126e+04
2.671290445039602128e+04
2.513815868467433756e+04
-6.019057173298148700e+04
3.396435656642510730e+04
-3.169141254480176212e+04
-1.866830349096607733e+03
-2.883983426672557016e+03
2.002009699147518768e+04
-1.047465506983473824e+04
2.162134331844783446e+04
5.486193349480660800e+03
-9.830164684446320962e+02
6.123640502917872800e+04
1.239402974311806815e+02
-1.227785671600824935e+04
2.880547633116485486e+03
-1.224953252520701244e+04
-4.091336172879391597e+03
6.656433961812620691e+04
2.926150811316316322e+04
-9.653625613130860074e+03
9.018658623376190008e+03
3.576088810495578946e+04
-3.759687661388152628e+04
-9.491553078846041899e+03
-1.017240892909333706e+04
2.730153131416092583e+04
8.676476201372111973e+03
-4.917926591704368184e+04
-5.395651691534835118e+04
-9.574858851518523807e+03
-7.980533877253872561e+03
5.494410331701623363e+03
-8.980418130259018028e+01
-1.978042058522801017e+04
1.636676736644644916e+04
-3.229564789554846720e+04
2.473339646765961515e+04
-3.682955885743792169e+04
-4.333510947977467004e+04
4.382198022789480456e+04
4.802480739329164498e+04
9.000575019544659881e+03
4.223998229876693222e+04
2.548440715088415345e+03
-4.029914242819398351e+04
-7.586367854856383019e+03
1.962928652002374292e+04
-1.534755149183057256e+04
-1.753259736240809434e+04
-6.680983496926610314e+03
-1.309008006444594866e+04
-2.183483547694281515e+04
-2.414770639252764340e+03
-3.694888496566210233e+04
-7.539690156662875779e+03
-1.107699247845506943e+04
4.234418591489471146e+04
1.328863123030029385e+02
2.594633992675875106e+03
-3.513799383556351131e+03
2.333787138031448558e+04
-3.713328500194433582e+04
-1.343117664488125774e+04
2.415934526331365851e+04
-2.363946316329169713e+04
-3.370884508206210012e+04
4.996521530719950533e+04
2.449008136036514043e+04
