-3.539479748565457703e+04
-4.039235203022712085e+04
-4.377258923029767902e+04
7.440965045579588332e+04
-1.852292070310284180e+04
3.007683370922312315e+04
-1.170514271451259810e+04
4.158737528814619145e+04
5.243980071723923902e+04
2.281780826803387390e+04
3.160884804171535870e+04
1.183136860762490869e+04
5.280131742313802533e+03
-5.426958648664625071e+04
4.562506661802256531e+03
-3.980458429729762429e+04
-2.637181201491590400e+04
6.529845405836605642e+04
4.264694121872321557e+04
2.028821017380369449e+04
-3.822765138007848873e+04
-5.661584689766360680e+04
-3.087923908232012036e+04
-2.158739370367967422e+04
-2.051985894387305598e+04
4.935953250265648080e+02
2.380760617943316902e+03
-6.828349892820572131e+04
-2.809234221611835164e+04
-3.986970677581804921e+04
-2.934853292351896744e+04
1.907391278763999799e+04
-2.782413693035344477e+04
-1.345227588870930413e+04
2.207444532209236058e+04
2.043071459491751011e+04
3.046507735310214230e+03
1.153117014069445395e+04
1.402088196711063028e+04
-1.943493932034499448e+04
-2.436860144827131444e+04
-9.415848156608104546e+03
-3.511057897145987226e+04
-3.089167266514138464e+04
-4.329440249011633568e+04
1.483929418454214101e+04
-3.433698324776077789e+04
-3.024101989032386336e+04
1.600573544109128852e+04
9.158722896853880229e+03
-4.705206772578390519e+04
1.719079361432928863e+03
1.742164161136340408e+04
3.481528109278885677e+04
-1.406232801499428933e+04
-4.685713854556254955e+04
1.972803166876022806e+04
3.417461432959710510e+04
-4.864606532746519224e+04
-3.455688895640347619e+04
-2.470358168521682092e+04
2.014325134695103770e+04
-3.612783912618475733e+04
-5.883373257317742537e+04
-5.628512230825884762e+04
6.713297012787974381e+04
5.768465990714585496e+04
-6.993365962264896370e+04
-5.501764457474403025e+04
-2.877844910620983137e+04
4.824658084095639788e+04
3.201154759495846520e+04
-4.941230344560048252e+04
-2.180254624130403045e+03
7.265492695734873450e+03
1.203048580846112600e+03
-3.293789367356698494e+04
-4.384381229370692381e+03
-1.706908464541076683e+04
-1.681284768527786218e+04
2.110883568789104174e+03
3.723409607635463908e+04
2.802771999242196034e+04
-1.473413931066860277e+04
-3.274329669323288545e+04
1.461960321615881185e+04
-5.284491388384903985e+04
2.123648794973855183e+04
1.080252638014791228e+04
-4.503486082357507257e+03
4.787366311139408208e+04
-8.187332293216178368e+04
1.672169477037036268e+04
2.847497312439472080e+04
3.253464318957384603e+04
-7.029314850079038479e+03
-6.464303933995392072e+03
1.080458670803721543e+04
-2.925388571526072337e+04
3.558535132460360182e+04
-4.389123262094367237e+04
-1.272498470024238850e+04
4.609498807837784261e+04
2.196468307100675702e+03
3.197694946704383983e+04
5.120488105701272616e+03
6.051807276960951640e+03
1.113715174448410653e+04
5.011167085905327258e+04
-4.559701303031935822e+04
-2.938118122642501476e+03
-7.742466648480815820e+03
-5.911312104599094710e+03
1.510395298901225397e+04
3.120332313764456921e+04
4.252680367150228994e+04
3.865628305031341006e+04
-6.082511681546967156e+04
2.299247457131847477e+04
-1.116425107907502388e+04
-5.120499350747263088e+04
-4.457211353791415604e+04
-1.567638149284165593e+04
-1.925222435385820427e+04
-3.293480075310388929e+04
-3.524156503972620703e+04
-2.689296474501607736e+04
2.515072787593565590e+04
3.878583565858320071e+04
6.143341933803751454e+04
-2.580093871687524825e+03
5.471377491242074757e+04
-3.438729773424364976e+04
4.265526879234904300e+03
-2.900137002623397348e+04
6.711506847927284252e+04
-4.737758968971769355e+04
-5.090459771635149082e+04
4.053577684577059699e+04
-6.254192012926347161e+03
3.557793022399174515e+04
-2.784489323010647786e+04
-2.089208332940428954e+04
1.539905525125538225e+04
-1.522860147726640571e+04
-8.202947682150446053e+04
6.647587979287141934e+03
-6.866289684938295068e+03
-3.806420679194451077e+04
-2.833894560540562452e+04
-4.228581318258704414e+04
4.035140254069027287e+04
-1.553052261659997384e+04
-2.615617596058846175e+04
-4.534384988946023805e+04
-3.887143102081007964e+04
2.059315609929299171e+04
-1.990062268739364663e+04
1.769155365920798431e+04
5.847508646351159769e+03
-2.987633687382092103e+04
-2.190857401035477596e+04
-2.227087539643550554e+04
1.116267273571534497e+04
6.239773054188129754e+04
7.693328331657585295e+03
-2.100433494222103036e+04
-5.320688014042094437e+04
-5.378262233337902217e+03
-2.402788299661903511e+04
3.327192593216261594e+04
-2.112871782671703841e+04
-1.731567184134061108e+03
-1.547110359210839306e+03
4.991370183920199634e+04
5.270131999716722203e+04
1.267750421960005497e+03
-2.125632070919497346e+04
-1.060151408400602486e+04
4.838561719108194666e+03
-2.529104575654171640e+04
1.596305957527004648e+04
2.132124369902384842e+03
-5.120648358783573349e+04
1.474372545948824700e+04
-2.353103484778778511e+04
6.575350124817193137e+04
-1.486897384872628209e+04
4.675001220215789363e+04
1.391333830732129718e+04
2.685106410878835231e+04
1.490794774549851809e+03
-2.376223166305193081e+04
-6.338183060231603304e+04
-9.400959836374340739e+03
2.859891812016293989e+04
-5.499686190442003135e+04
-1.762363090384046518e+04
-2.714958417574324812e+03
7.411092662635886518e+04
2.754610750573249243e+04
-1.475470383529377614e+04
-3.691896416516744648e+04
-4.521124062770259479e+04
4.545710570947513770e+04
-8.511163450657062640e+03
2.682403464006270224e+04
2.444291889067796365e+04
-1.305924376870562810e+04
-2.829681569654326086e+04
-5.256474536877583887e+04
7.411432313097689075e+03
-5.773061447399299504e+04
-8.310702166151741039e+03
4.553837323618859955e+04
8.645443256133581826e+02
1.362738062979596180e+04
8.530581678887476301e+03
1.999862946383433155e+04
1.429768011929076420e+04
3.471815933542262792e+04
3.179300111170579476e+04
1.914159725821723987e+04
-1.828669536421600787e+04
1.352340907106515442e+04
-2.183496489043312977e+03
-2.063099516805799431e+04
-2.358588345825739452e+04
-4.154653942771845323e+04
3.377476257929379790e+04
1.301683687174462102e+04
-1.028518332132305659e+04
1.315278721440836307e+04
3.486380857689230470e+04
-1.674763504758859881e+03
-7.379901756286030286e+04
-2.358505301285866608e+03
7.086931761763854411e+03
1.565024698680241636e+04
-5.739992121521447552e+04
3.161039031101973706e+03
-3.388983023804150434e+04
3.193476063768885433e+04
5.540557164461447974e+04
-7.038174842029319734e+03
-3.326031972916040104e+04
3.525383482362830546e+04
5.402709094588560220e+03
-1.121314155206830583e+04
-1.992945722594401013e+04
4.276892903753301653e+04
-5.119876856993943511e+04
1.186254296616334614e+04
5.526372014324798329e+03
1.825480816288244023e+04
-1.039244304361711511e+04
3.449383354075894749e+04
-1.843151390219218592e+04
-5.785409430322233675e+03
-2.328845149997298358e+04
4.099400430268113269e+04
-3.152859012201370570e+04
-5.559180779015188455e+04
-1.953003854657711418e+04
-1.200064464572796169e+04
