8.609724445337351426e+03
-5.389169692837385082e+04
-7.269891284260968689e+01
8.160725147919678420e+03
-2.882895106900241444e+03
-1.615721533433623154e+04
-9.268571189320200574e+03
3.769008037328739738e+04
1.026782969328946274e+04
-1.299155797777851694e+04
-2.167935922749377642e+04
2.140803468541341863e+04
-2.663502948752874363e+04
-5.322694911544178467e+03
7.499081450155160564e+04
-3.827455819531644920e+03
2.917907038907518654e+04
-7.893884494737825298e+04
-3.409746493790648674e+04
-2.780751954959808427e+04
1.625438516899568276e+04
1.353530584862481373e+04
-2.302025085814114573e+04
7.837019926267376832e+03
2.153648356700509612e+04
-3.949976531977237028e+04
-1.853080892013147241e+04
3.930971657148604572e+04
6.291308741235137131e+04
4.036326335397344519e+04
2.836097405867017733e+04
4.929826598175142863e+04
-2.369696709688263945e+04
-2.942823028491892910e+04
-4.909042870772317110e+04
6.908218189284863911e+03
1.744518228085237934e+04
5.556902989283673378e+04
-2.516030185431112477e+04
2.755704686831278741e+04
-1.617676037106551576e+03
6.124956922550044510e+03
6.674378000788322242e+04
-1.444029500334380100e+04
3.420908079717541113e+03
5.687181578780464770e+04
6.389083852339589794e+04
1.432051697005478127e+04
-1.308306258976241043e+04
1.162682518501929371e+04
8.416696101387624367e+03
-1.716366764546120976e+04
-1.948889201733527807e+04
-1.374671345428760287e+04
3.967580090230397036e+04
4.397146772758334555e+04
-2.122962240201075474e+03
3.585892923379185959e+04
8.991148771939415383e+03
-5.015764396376405784e+03
1.558444082985622117e+04
-3.881093986734645296e+04
-6.497779150499112438e+04
3.096042492965255224e+04
-4.095491471544998603e+03
-4.842981839448621031e+03
-3.390336492297206860e+04
3.490956848836732388e+04
-7.156283105861918011e+04
5.969751924756373046e+04
1.459358172585310604e+04
-4.784061309838977468e+04
2.632716120577663969e+04
-1.628068578899554450e+04
1.290070251240730977e+04
-1.433682964984696082e+04
-6.479237278594065720e+04
7.971919019985158229e+04
1.732597047371291183e+03
2.352744179524496940e+04
6.289539775489342901e+03
-6.925315035456853821e+02
7.065281448540935526e+04
-4.710142893100713991e+04
-3.761094739275690517e+04
-7.170150719782745000e+03
-8.536408657019792372e+03
-2.327737128395599211e+04
5.745741721659573159e+03
-3.361316105366426200e+04
-4.700760477260447806e+04
3.632872723110699735e+04
-1.968687612007147618e+04
-1.005587106513228355e+04
7.893741336072822742e+04
-3.376331339693246264e+04
3.997782008500161464e+04
-3.597993511982720520e+04
7.546265453510419320e+03
-1.975836167847748584e+04
1.148821141882436677e+04
3.697817446307427417e+03
-7.101257777716999408e+04
-6.997729747218151169e+04
2.391244068808234442e+04
3.167206850132233012e+04
-4.706977516314662353e+04
-4.816140235331504664e+04
-7.710981444980606284e+03
-2.750300906192171897e+04
-2.454824927626334829e+04
2.863772806016910181e+04
-5.715548184492557630e+04
2.652121968090130395e+04
-2.731595158523615828e+04
-2.005531822669161193e+04
8.328697061247339298e+04
-2.794270131509155181e+04
1.131827166708413279e+04
-2.278615406978025931e+04
-8.658022539406216310e+03
-2.255824551706420243e+04
5.289941172288655798e+04
-4.077910899481801607e+04
4.868406182078720303e+04
8.855610135698749218e+03
2.749595014253571935e+04
6.369782638384866914e+03
-1.785797964646629771e+04
3.791442615405011111e+03
-5.395801155172212748e+04
8.715033068993223424e+03
5.039999008833953121e+04
8.061072297128904211e+03
7.842623204939586867e+04
-1.970974453223933097e+03
1.746621783844575111e+04
-3.421761489508659906e+03
-5.615915893723268528e+04
1.009578394634944743e+04
3.815931726834360597e+04
1.184404611798683618e+04
3.798462651159569941e+04
-3.711301738333993853e+04
8.629440008211111490e+03
-8.355355313443500199e+04
1.069590001756742095e+04
-1.329325986184250178e+04
-3.523596079335330433e+04
1.465052364562506045e+04
3.969999502309145214e+02
1.758463287277028212e+04
-6.440638024958216192e+03
-1.412888753256964810e+04
4.770330994730818202e+04
2.174047109321747939e+03
-6.177641042667743022e+04
2.704639787469899966e+04
-2.092115547309721023e+03
1.351407248233897917e+03
-4.113117918143875431e+04
4.121781598030595342e+04
-6.064492790653849079e+04
-2.670223067855750560e+04
1.645317037157286177e+04
-5.532397147107460478e+04
7.195359519604848174e+04
6.287700804832009453e+04
6.656248473959323019e+04
-1.489577833790207114e+04
-6.110455702228780137e+04
-1.683086034887161441e+04
1.269900911937502497e+04
-2.437786579720133523e+04
-6.397309782102317695e+04
-2.144518238419268528e+03
7.571016427209617177e+03
5.946079508435034950e+04
3.901194683217810234e+04
7.963053495438017126e+04
7.890993716267847049e+04
4.155016696088082244e+04
-3.809414144641307757e+03
-9.474438119480950263e+03
6.138038186442840015e+03
1.022161485610540876e+04
3.979406466610698408e+04
-2.471944895789082875e+04
4.148346616617468680e+04
3.115733368003911164e+04
-6.491549618614713836e+04
-1.845834427601026255e+04
-3.283844003715884901e+04
-1.407368138853101482e+04
1.248325307686424094e+04
-5.369723110089385591e+04
-2.599490005193562320e+04
2.761435385589661382e+04
8.961266293351687636e+03
-3.826588077614308713e+04
-2.658184941715918103e+04
2.984885013318635174e+04
-6.476142713962341077e+03
-2.263959938649119795e+04
-8.775086422272914206e+04
3.367182207352312980e+04
3.739427716878851061e+04
-6.405410634375019981e+03
-2.403574982215432829e+04
-2.022624421654634352e+04
-4.318177121248195181e+04
-1.293100084517497635e+04
2.249812005793875869e+03
-1.807385162604869038e+04
-3.447122556083404197e+04
1.112779774183450172e+04
-1.055036639694452788e+04
-5.611546346617652489e+03
1.446857026430500264e+04
-1.829358193238874446e+04
-7.004388748325478809e+04
-1.153108664599773510e+04
-2.247560230374360253e+04
2.475323390491495957e+04
3.669124963243264938e+04
3.648298281128310919e+04
-1.325998627280605979e+04
-8.872413194728396775e+03
-3.879524184297752981e+03
4.585765141754355136e+04
-7.601912651562575775e+04
-3.129187292921180779e+04
2.213358785625171004e+04
6.797502978155270284e+03
5.981415934307437419e+04
4.042366687527234899e+04
-1.782679320466711579e+04
-4.749663100835140358e+04
-4.122675508905445167e+04
3.645861520229270536e+04
-6.050474481123359874e+04
-1.956367357296599585e+04
5.029726518867259438e+04
5.043836634672159562e+04
2.567144233840472225e+04
2.350796837559027608e+03
-2.099482878575938230e+04
-1.871318469013164076e+02
5.473594594206192414e+04
4.894944715824314699e+03
-7.453244905428332277e+04
-4.407752478520318255e+04
-3.634763583538533567e+04
-9.317564161250114557e+04
-1.069544045916290452e+04
-3.358894167460373865e+04
8.249186565136555873e+04
2.131998905764049596e+03
6.718042656253381574e+04
-3.315259685514614830e+04
-4.932348653705043398e+04
2.527543642470359191e+04
-7.553797014006975223e+04
5.957762742428987258e+04
-5.709185261706479650e+02
