4.168585669881383365e+04
2.607708698580627606e+04
3.974555153115884605e+04
7.902231736636748246e+04
-5.456149716845322837e+04
-5.703745741691742296e+04
-7.407218695252112229e+04
-2.821963800366126816e+04
8.165001563404726767e+03
3.670753205295511179e+03
-2.833364702627863517e+04
3.226864551631605354e+04
-7.394763067205181869e+04
3.843796626529268542e+04
5.968770008207105093e+03
-6.705482606743377983e+04
8.857525584128849005e+03
6.335699869103696983e+04
1.666624433540202881e+04
-9.913416724205195351e+03
2.488734874359589230e+04
1.121499811661334934e+04
7.076458856928815658e+04
4.703741401781729655e+04
4.450163360554119572e+04
4.970706112104383647e+04
-1.591711038179835668e+04
-5.489753645299300115e+04
-1.123136863725093826e+04
8.371870521323896537e+04
3.890579660111943667e+04
-4.527854320842693414e+04
4.303023088880252908e+04
6.250924306360701303e+04
5.678717535806304659e+04
-2.969762041076531204e+03
3.168151909822663583e+04
5.097218251151141158e+04
-2.212205600805359427e+04
-5.118095617873404990e+04
-2.357970600259499770e+04
-4.300116453480299970e+04
2.974205260434430966e+04
1.645608559461516415e+04
1.579594691129115381e+04
-3.710640254231578729e+04
-1.531065531601978728e+04
2.948493911148723782e+04
-5.138925234290355729e+04
-9.716594828235636669e+03
2.742325859697427950e+04
2.943632748459896538e+04
1.293906179341099596e+04
1.149426515853675664e+04
-1.728187947636852914e+04
-4.257036130263039013e+03
7.971726867498343836e+02
-4.595056804560037563e+04
-4.425905463468558082e+03
-4.638538007672069216e+04
-5.094284445824303475e+03
-4.464960071746589529e+04
1.354811001599416522e+04
-2.279159993336832849e+04
5.798896696872651228e+04
-1.960270194401820117e+04
-1.828798361740223481e+04
5.319823718115162774e+04
3.059385586370917008e+04
-8.635330309961830790e+04
-3.789086139382000692e+04
-2.148375637784721039e+04
-5.475145677091042307e+04
7.385926909614720898e+03
-2.970295104869831630e+04
-1.326351839629478263e+03
-1.726192021468400344e+04
1.749826522485683381e+04
2.947382152469562698e+03
1.937302943681450779e+04
4.155871711006033365e+03
8.493944578584558258e+03
-7.603345048976998078e+04
-4.346962720002834249e+04
1.661646752456724789e+04
-1.161239411519354871e+04
-9.321718188320437548e+03
5.220544052420558000e+04
7.820497364994138479e+04
-6.305783787458772713e+04
5.226880299251571159e+03
-1.515220221930485241e+04
9.591532264821335048e+02
2.259207075306355910e+04
3.296423091621586354e+04
4.062911096050099786e+03
-3.816146266901519994e+04
8.320050246289212373e+04
-1.418724873703503908e+04
4.684920205701312807e+04
-1.547721584534350768e+04
6.054105793226220158e+03
-6.666928155449073529e+04
-5.525417681174644531e+04
-5.083998815212762565e+04
-1.604779543780695167e+04
-1.619695836074568979e+04
-5.203629912297697592e+04
6.274375473590028560e+04
-8.467565088381350506e+04
5.718086079198488733e+04
-4.182391367807755159e+04
-1.399914799115164715e+04
1.613866229644514351e+04
-2.097825790397910896e+04
-1.431914938390756470e+04
2.261729828354301935e+04
-6.707629469732976759e+03
-4.824411228487886547e+04
-2.980828954289113244e+04
-2.390360234272582966e+04
-7.833213034937230987e+04
6.664457907937410710e+03
5.221489916270828871e+03
-1.805018701259441877e+04
-9.120569517206276942e+03
4.389240959694478079e+03
2.746426596044840153e+03
-4.071486684376410994e+04
-8.257320562437922490e+03
4.472934651850615046e+04
-6.485775264893760323e+04
2.835117470598365617e+04
-5.507874441570824274e+04
2.538674263059802252e+04
-3.036365884144573283e+04
2.057686548914990271e+04
-4.110512956629975088e+04
-2.482759753483959503e+04
-1.673844785520578807e+04
1.899748426290811403e+04
-1.023840581529850169e+04
-3.085763701136415330e+04
3.443678244238756633e+03
5.039785194547198626e+04
7.575210344961276860e+04
1.280682794211304099e+03
-2.078218944789268426e+04
1.702212856271459896e+04
4.314512053944588115e+04
-3.491043495107182389e+04
-4.059793231745778758e+04
5.904794300472213217e+04
7.538594894655875578e+03
-2.690039083996818226e+04
5.978971361637831433e+04
-5.958013491835338209e+04
-3.135252661871559030e+04
4.821340542354609352e+04
1.957325762517068870e+04
-4.806227560753711441e+04
7.956338362387454254e+03
7.372828643083771749e+04
5.613759644595902500e+04
4.711994059787723472e+02
-2.516974355929132071e+04
1.831035363371637868e+04
-1.272381497149816823e+04
-6.406014608579929336e+04
-3.319359831618211319e+04
5.959699817966380215e+04
3.275230550055007916e+04
-1.957970590025743877e+04
-1.237703515135506677e+03
-4.044776455729613645e+03
6.898496460841226508e+04
1.402771070263712500e+04
6.252126420968653838e+04
-4.899761212793455343e+04
1.171871716958310026e+04
-3.207448098154331092e+04
6.086240578012226615e+04
2.374703911749242252e+04
3.530995583120386436e+04
-1.065094624919031594e+04
-4.085416625286756698e+03
-2.100964784148553736e+04
-1.344205203760791119e+04
2.050462160769289039e+04
3.631894114275759057e+04
-4.246669768155995553e+04
-7.378168475088789819e+03
4.397961756051241537e+04
-1.590826248732872955e+03
-2.767166686680234125e+04
2.768113034242696085e+04
6.070314084169024682e+03
1.866944341901573716e+04
-5.353618813132203650e+04
1.842268063317511042e+04
-2.667060327363739998e+04
4.552037917849796941e+04
3.242547435271953509e+04
-2.114090900349808362e+04
1.166979325448255804e+04
4.819376621290498588e+04
-5.277630629853303981e+04
-4.253111620381064859e+04
-7.623723076593203587e+04
3.244712594243423155e+03
-2.324420490497580249e+04
7.903641075113735860e+04
-4.924639925106769806e+04
-2.026736695803029943e+04
5.073315569041871640e+04
1.062958472157822325e+04
-2.121142928041244886e+04
-3.169856888734653694e+04
-3.172168438321080976e+04
2.891665391610586448e+04
-2.277604679168101484e+03
-5.398894803985760518e+04
-1.243060939524916103e+04
2.919532513917052256e+03
-5.669299898836394277e+04
-5.640586190966357390e+04
-8.977672737970560775e+03
3.690342501285022445e+04
6.397995144459074072e+04
4.220369801898123114e+04
-2.338491340840499834e+04
-6.632813338908087462e+04
-7.337660498771191669e+03
-5.931876971525300178e+04
-3.614001184999194152e+02
6.986483541222522035e+04
3.105087102811812656e+04
-1.528677297567563255e+04
-2.010469971864279796e+04
1.763302403498572676e+04
-3.365463304940614034e+04
6.512904241589901358e+04
2.509436300918047891e+03
5.679137218959813617e+04
3.568120503410738365e+03
2.908309412741371489e+04
-3.438270246290881187e+04
7.971652390447100061e+02
-2.356041500810612342e+04
1.289820131302787377e+04
-1.225568274846002350e+04
4.696210674193871819e+04
-3.529492554337163165e+04
-3.664218666834079340e+04
-1.857460291494658668e+04
6.663637134182079535e+03
-4.925219116759402823e+04
-7.141154198422777699e+04
-5.467022321299086616e+04
2.772026484615469963e+04
2.503178658889462531e+04
-3.848128023083899461e+04
3.808921271552157123e+04
8.242268144975558243e+03
-1.615856119442376075e+04
