1.383646855457905622e+04
-3.761060312996722496e+04
-7.306722844707031618e+04
-5.893237684776702372e+04
7.979757440503666294e+04
2.923657093988660199e+04
7.575627084137478960e+04
-3.680293484261036792e+04
9.369212654685945017e+04
-6.140445622018381982e+04
9.945336324573218008e+03
-9.631702283877664013e+04
-5.309554940818304021e+04
7.852215368140692590e+03
4.078104814191607875e+04
-8.435361410621990217e+04
-6.040780531341442838e+02
-5.906274064247177012e+04
2.761730260261773947e+04
-9.405170798500675301e+04
1.808918099026226264e+04
9.034068717594415648e+04
-4.461299309043183166e+04
-2.849730307004174392e+04
8.085529867943620775e+04
-1.573966231050546048e+04
-3.306593844543168962e+04
6.311207380599080352e+04
-6.497641441765305353e+04
2.945511378825746942e+04
6.525761716447945219e+04
-8.767019939234029152e+03
-5.510307902557991474e+04
-8.133783052253136702e+04
-4.707974321089631849e+04
-7.061787112869870907e+04
-4.336142145654055639e+03
5.093767560940957628e+04
8.839363796689346782e+04
-5.194999290502166696e+04
-5.485144285640952876e+04
2.648405006201703509e+04
-1.894259246248744603e+04
7.102033581286171102e+04
-4.938098036286862043e+04
-4.639808518284147431e+04
-7.960332553838896274e+04
1.863580338777588622e+04
6.846795080212020548e+04
-7.794768425420137646e+04
-5.703944529893232539e+04
-9.654844602616097836e+04
-8.599646613223390887e+03
-6.466075048976800463e+04
7.907884552458047983e+04
-5.133190280527011055e+04
9.191022359027495258e+04
-1.608296554304477468e+04
-5.243141196539888915e+04
9.976124858647258952e+04
-2.489500954636158713e+04
-9.723420845990719681e+04
-8.594043619948910782e+04
1.606250337402030709e+03
4.832507032130076550e+04
-8.557802473288531473e+04
5.185531077871657908e+04
-4.092762533987783536e+04
7.992957588515296811e+04
3.178496659554715734e+04
2.859466153738930007e+04
9.980241457433553296e+04
6.112345904796995455e+04
-4.133904384742668481e+04
-4.195295758046799892e+04
2.902016630835329124e+04
-5.384941409148069943e+04
-9.954066441340773599e+04
9.623384856559592299e+04
-7.937759675839156262e+04
-6.603281393745048263e+04
-9.511203579223477573e+04
4.018230870073748520e+02
2.258045870149934490e+04
1.469301606369204819e+04
7.591193650927563431e+04
-7.075061404625920113e+04
2.955218824576442421e+04
8.157657194582759985e+04
3.046345352658090997e+04
5.774133924515850958e+04
-1.453290762234556314e+04
3.020531164808369067e+04
2.160646811427897774e+03
9.183351482001328259e+04
8.724151399374354514e+04
6.620517477592299110e+04
5.252858812474022852e+04
7.123552325844496954e+04
-5.972658505065883946e+04
-6.428263399591480993e+04
3.925149465552013135e+04
-9.958015390318643767e+04
7.502090915660795872e+04
-9.055461152770154877e+04
-9.533584537705112598e+04
-1.043480526494080550e+03
-5.443789338246424450e+02
8.859163333568169037e+03
5.286955898014840204e+04
-4.407716613015471376e+04
-3.695083715524194122e+04
7.508179291999922134e+04
-6.427084418283677223e+04
5.922917668871828937e+04
-6.412512335577875638e+04
5.079541586046238081e+03
-7.530665935859610909e+04
6.669033929898214410e+04
9.351942252495858702e+04
-3.872192258664661495e+04
1.493360903716718894e+04
-1.453571918302356789e+04
3.254909750379793695e+04
1.699948305365639681e+04
3.552885489438250079e+04
7.804789653241637279e+04
1.014089897183516587e+04
-2.085566693805891555e+04
6.564200792462623212e+04
2.858921991191318375e+04
-4.946200244637642027e+04
-1.117523930411502079e+04
5.013313776670699008e+04
6.954487293851288268e+04
6.070340442090178840e+04
-4.757026856342529936e+04
-2.146426245025866956e+04
7.181067220339813503e+04
-7.854819983124097052e+04
5.771436724266517558e+04
1.899484962415431801e+04
-2.493935782584051776e+04
-8.919611712347423600e+04
-4.223285265367940156e+04
-9.512978879799740389e+04
-9.556354984257076285e+04
-9.892267653026583139e+04
3.545239995759038720e+04
-8.373831407219124958e+04
6.105089417744643288e+04
-5.466286769476349582e+04
-1.972094268431569799e+04
3.561777163487288635e+04
8.263097307869605720e+04
-6.167522143072645849e+04
-5.211525257644749217e+04
-6.805229359671338170e+04
1.450521148299002380e+04
3.432025650525346282e+04
8.633068330228453851e+04
9.247191814591293223e+04
4.245669907935976516e+04
-7.314127471318724565e+04
1.075875099604843126e+04
-2.350209123779713991e+04
-2.488878574259443849e+04
-7.218714335058873985e+03
-7.919634898513292137e+04
2.702054370672095683e+04
-9.155644670415093424e+04
-9.707090127329484676e+04
7.661056746475270484e+04
-8.636082721509525436e+04
8.491226829262042884e+04
7.048311040046834387e+04
-9.168297021539500565e+04
-9.901840239494740672e+04
-8.855624633956917387e+04
9.570847831143470830e+04
8.349650960505509283e+04
-7.340940611203157459e+04
-7.668015305727939995e+04
9.173772812703056843e+04
6.779714466670976253e+04
-8.702381235674343770e+04
-9.104040490537452570e+04
1.429988240982999559e+04
-6.490670541569412308e+04
-6.480087423660236527e+04
-4.934099801022393513e+04
7.512487756225906196e+04
7.131276745173745439e+04
-1.122932188105519162e+04
-6.687395942218267010e+04
2.950491210933045659e+04
-5.162548764636550914e+03
1.531876354723931581e+04
6.513309109849415836e+04
-8.780630904588056728e+04
6.984814871983122430e+03
-8.166934976344903407e+04
-2.551034868396766251e+04
4.873689323148867697e+04
4.151410689877194818e+04
6.177415844317010487e+04
1.053099049215138075e+04
7.891329347174445866e+04
-9.494070648061756219e+04
-6.247889752030917589e+04
-6.948033834853835288e+03
5.580538519045311841e+04
-7.731699597386964888e+04
7.346951767598278821e+03
-9.785128802743404231e+04
3.722321335372232716e+04
7.429350835695379646e+04
1.718288532880629646e+04
-2.860575992586326902e+04
6.172756939691229491e+04
6.087595601402301691e+04
3.912379162179306149e+04
-8.472721315944506205e+04
-9.871217427308591141e+04
5.412958342125246418e+04
9.257362310963330674e+04
-8.815583346677605005e+04
-1.318294800950316130e+03
-6.795580483501151321e+04
-9.407264367657397815e+04
-2.087002038951173017e+04
-1.365679807516530855e+04
2.743575562945804268e+04
-9.074038667449362401e+04
-9.686512717189666000e+04
-3.071798828766710358e+03
-4.026123821468438837e+04
-8.695395646959192527e+04
5.415964048406417714e+04
2.806356197852655896e+03
1.492690487211241270e+04
4.519181864018426859e+04
1.701095119353143673e+04
-5.613394379247300822e+04
-8.929331154825996782e+04
-1.722618682609143434e+04
-2.988047973134495260e+04
-6.087780317753626150e+03
-8.707048044923350972e+04
-8.662955440152670781e+04
4.611170908606145531e+02
-7.224756686075776815e+04
6.190164764781328267e+04
-3.213700985993513314e+04
-2.813557939651349443e+03
-9.184252982115528721e+04
-8.338903328719112324e+04
-6.010819729562808789e+04
-5.937779767209663260e+04
2.459069413716590498e+04
-1.883903214127049432e+04
-6.618568940298283997e+04
3.565603586701865424e+04
-7.897830912774470926e+04
6.770662845462048426e+04
