5.236002234772758675e+04
7.866493117253010860e+04
-7.935926295141660376e+03
-5.658165350826727081e+04
-9.797622792956806370e+04
6.051953761779519846e+04
7.387083400262505165e+04
7.965483484074371518e+03
-4.377592364071978227e+04
-8.861935209523212689e+04
-6.483340012350593315e+04
6.304631401820085011e+04
-3.110357004991808208e+04
-2.585488793657666247e+04
5.269319579859284568e+04
1.339348278084488993e+04
-2.729364501163263049e+04
-6.347125294125726214e+03
6.745207779902068432e+04
-8.496199223093473120e+04
-5.426631895408644777e+04
-3.074695308123706491e+04
-4.036291234131160309e+03
9.372280986096945708e+04
-7.800113474277485511e+04
-8.009475785721720604e+04
-1.191424952038752963e+04
7.720520213976423838e+04
-7.717657101566449273e+04
3.562728705258469563e+04
-5.268502762158736004e+03
-7.112586945788927551e+04
-5.041913209317578730e+04
3.424116977651821799e+04
3.744273491796833696e+04
2.896365078081961838e+04
-6.810744188261576346e+04
3.458497259603129351e+04
2.135196539224381559e+04
4.127405746025691042e+04
-7.140592500965140061e+04
4.354940507703242474e+03
1.488537213160580723e+04
-9.628766681854525814e+03
-3.854015309966201312e+04
2.824895813556255598e+04
8.953901493658585241e+04
3.176499722016681335e+04
-9.158376715273523587e+03
6.060387596344592748e+04
-8.124709582759432669e+04
-2.944529647576858406e+04
-3.337293346922603087e+04
-9.785050873081659665e+04
5.467861465449238312e+04
9.175022489704799955e+04
4.641709355285047786e+04
4.257683568197037675e+04
-7.744355436781162280e+04
1.603106928121138480e+03
3.841768288006269722e+04
5.903270674970510299e+04
7.471372937122246367e+04
-9.617996957215144357e+04
9.605437316893355455e+04
-5.852123550243333011e+04
-6.487983920668800420e+04
-1.840540767094971670e+04
7.216404482527304208e+04
-1.163520167102047708e+04
8.191804789249290479e+04
5.154966701007794472e+04
5.606938818409276428e+04
5.499631776834066841e+04
6.596277259522219538e+04
1.074683607860142365e+04
7.328540745977158076e+04
8.317969641536634299e+04
-1.603058376302415854e+04
-2.142407262691398500e+03
8.452375241435616044e+04
-4.368980163414424169e+03
4.304814832862312323e+04
4.545631814673694316e+04
1.017015089390524372e+04
-3.911595638156250789e+04
-5.339987771036129561e+04
1.474413130025251303e+04
-3.437664221247131354e+04
-1.548119661567501316e+04
-1.232836794287228258e+03
9.503288298818006297e+03
-5.144007146970892791e+04
-5.741797773871621757e+04
-9.163897441721209907e+04
-7.027413599543052260e+04
2.914665986582367623e+04
4.629459227983679739e+04
2.921974184897939267e+04
2.084725021215445304e+04
-4.310317911084493971e+03
7.372539489797904389e+04
-6.672416489549007383e+04
6.371616513274429599e+04
-8.341350049906544155e+04
9.885296654878935078e+04
2.305106087064290477e+04
-3.837344493456956116e+03
-5.721876449313254852e+04
7.099042781287795515e+04
5.523578376673514140e+04
6.324073285751059302e+03
7.155359701770407264e+04
6.445692893115454353e+03
-2.685408104757203546e+04
4.871956923327298136e+04
-2.726585235146392370e+04
-3.113987083274696488e+04
-3.333998919377318816e+04
-9.541494664159070817e+04
3.473299422896219767e+04
-4.486851038327949937e+04
-4.334730634097754228e+04
-5.772050513601199054e+04
-4.064452120999580075e+04
5.528082384732368519e+04
8.020653077039498021e+04
2.264889647973149840e+04
2.372159537526647910e+03
-2.376276241957202728e+04
-2.328701887249415449e+04
3.331212475514199468e+03
-1.051548288510259590e+04
9.786078358071143157e+04
7.360993406780960504e+04
-5.968668478688070900e+04
-6.868012581265845802e+04
-8.227514013218466425e+04
9.107395993768717744e+04
8.915601086033615866e+04
8.582971134661862743e+04
2.413100218448269879e+04
9.641801247029477963e+04
3.924242305372009287e+04
-1.767191981615894474e+04
-8.442419958636062802e+03
3.904914523989995359e+04
7.512157429211566341e+04
2.005191197664741776e+04
-2.930369288746143866e+04
-7.892896592054856592e+04
-8.478541368794137088e+04
-9.210804144051454205e+04
2.766754853169030685e+04
8.529941092648147605e+04
-6.837206220900965855e+04
-8.505541669881553389e+03
2.500947515670360008e+04
2.822874635358218802e+04
6.920561385119691840e+04
3.833156608259599307e+04
6.268478254362012376e+04
1.090608304998720996e+03
2.588909296495602757e+04
-8.514933727439395443e+04
8.825376908913603984e+03
-9.294949238722919836e+04
7.505725300677554333e+04
-9.549006037856708281e+04
5.020382426835692604e+04
1.161653853969206102e+04
-3.971249086073784565e+04
-6.728704464572251891e+04
5.358095285956369480e+04
8.283073665376155986e+04
8.614852973459809436e+04
3.709397014643190778e+04
-5.610217604479112924e+04
3.862410984459953033e+04
8.464243601603677962e+04
-9.323754586170490074e+04
-9.582927496944501763e+04
-9.874539947517891414e+04
4.775272515286059934e+04
-8.311475605345774966e+04
-2.391828706289382535e+04
-5.998486315325622127e+04
3.505514125775091816e+04
-2.112185010037753091e+04
6.892266646514265449e+04
-7.728404391032060084e+04
-9.434775216719778837e+04
-3.460303500561199326e+04
7.202632248278587940e+04
2.425294251445651753e+04
7.108614463314387831e+04
5.604302043420440168e+04
2.307394725746926269e+03
-3.377817767303659639e+04
-9.095450858005642658e+02
-3.112579192596822395e+03
-9.685268428772197512e+04
-3.280803660894802306e+04
-5.554233739347424853e+04
9.277184652867112891e+04
-7.068254066427526413e+04
-4.772748076045980270e+04
4.889537181274208706e+03
2.419522960296706879e+04
-6.016734797295235330e+04
7.462251254571464960e+04
4.794796009034558665e+04
7.971188277371248114e+04
-3.671398831227401388e+03
8.608357665420352714e+04
5.969890293746563839e+04
5.605387152811465785e+04
5.552695263936690753e+04
9.034347744850494200e+04
-7.279868988963127777e+04
7.747424986214953242e+04
-8.606672242636894225e+04
3.167474892477926915e+03
4.304912600810889853e+04
-8.933959752306432347e+04
6.778883104268703028e+04
-5.283646001340312068e+04
3.026127626470266841e+04
9.630070753817816149e+04
2.505506544857886911e+04
-8.688977177958963148e+04
4.585264066916581942e+04
-5.348488975721425959e+03
-7.114067277775105322e+04
7.330231086040896480e+04
3.195699136187756085e+04
-8.181080074462876655e+04
-4.985145610946786474e+04
4.003772901766982977e+04
6.454790218095789896e+04
-3.447136480267167644e+04
-8.767081620572155225e+04
-8.410933603099639004e+04
3.940543835640931502e+04
8.135215726789986365e+04
-1.661874547044147039e+04
-2.552866366294451291e+04
-4.784362705971332616e+04
8.420977981259324588e+04
9.594931821242222213e+04
-5.383156226924612565e+04
-4.430158944525162224e+04
-3.115631725194730097e+04
2.285927976109925658e+04
-9.749796110939652135e+04
6.594941352806371287e+04
-5.406726868051607744e+04
-5.573101919375935540e+04
-3.696053463965376432e+04
7.691983989628235577e+04
-1.693095836235946626e+04
9.709810828370030504e+04
3.446766690018927329e+04
-5.276304401141687413e+04
9.359311645998939639e+04
