-3.382842578248225618e+04
5.123931029570337159e+03
1.210068538225623524e+04
-4.202810701123611943e+04
-3.173529654898949957e+03
-1.028970383986311936e+04
1.954674640670494773e+04
-2.273816284847731004e+04
2.948803991992379815e+04
-8.897040853636955944e+03
1.582852711458084923e+04
1.544258886080299817e+04
1.372839434870507375e+03
-3.890428589685205225e+04
2.510059110817445253e+04
3.477752941656497569e+04
2.664077740286957487e+04
-4.832915439176299515e+03
-1.659723897167361429e+04
-2.313125281596393324e+04
4.840844238694775413e+04
-1.108373307137582378e+04
2.726075972372492470e+04
-6.703390818411274813e+04
1.061094281042503280e+04
-1.028867717524559703e+04
-3.202711337849406482e+04
4.168126497946366726e+04
7.253778409495688720e+03
3.117349676091292349e+04
1.775880965083963247e+03
4.056656999037853893e+03
3.711112705059414293e+04
-6.316117765228742792e+04
6.103741598426090604e+03
2.941639464478311493e+04
1.015831346366070466e+04
-1.596373630045833488e+04
4.270906228663160437e+04
2.714954593763268713e+04
-3.194839038151733985e+04
3.634557442217112839e+04
-2.809518853496938391e+03
4.438640681287065490e+03
-5.115861258047197771e+04
-1.091716430328045817e+03
-4.456250843865767092e+04
-1.416508933882503698e+04
5.878221810911048669e+04
-2.318014817116472841e+04
8.468551244411346488e+03
1.666337385828875995e+04
2.616285437543001171e+04
-4.351894287521951628e+04
-6.959536652017178130e+04
1.733236829245025729e+04
3.203978735926462468e+04
7.132282439610945630e+02
3.399252021434121707e+04
-5.115167478740644583e+04
-3.558130165087588102e+04
2.081893993158495869e+04
-4.079720255375437409e+04
-2.280084916007854918e+04
3.474630546108260023e+04
-4.241822487965459732e+04
-5.103663219255527656e+04
2.860444514526903004e+04
1.932546399345997270e+04
-2.291691876484154636e+04
4.509184896037749422e+04
3.233788942267036691e+04
2.150033587487213663e+04
-4.182378532745983102e+04
5.218600810625573104e+03
2.344202743213437498e+04
-2.910534569380844550e+04
2.827449157902304432e+04
-2.470568987061534790e+04
-2.330972798994111872e+04
-6.397988276911534740e+03
-1.295613734244145917e+03
1.660568716040382060e+04
1.847175243167869485e+04
-2.289961754195993763e+03
2.727141493225872910e+04
-4.669990765780194488e+04
-5.802105279037685250e+04
-1.745915735833479175e+03
-7.464349528139052563e+04
-7.541918267852964163e+03
-5.855385855730892217e+04
3.841132628207902599e+04
-3.630393369904271094e+04
2.677443817440834027e+04
2.293843499459025043e+04
1.954213722089483053e+04
-1.171464838666477772e+04
-2.266630832532672866e+04
7.401280250104216975e+03
-1.113745394767137805e+04
4.153196986188782466e+04
4.625988457288105451e+02
2.240443089610218885e+04
2.894574639581767406e+04
-2.831179100728020057e+04
7.480193564660020456e+03
-2.843907857735883681e+03
2.300707724538498587e+04
2.737664934827150864e+04
1.154478175342697978e+04
-6.499524322875489452e+04
-4.452441429912808235e+04
5.470856724857896188e+04
-2.351698685245870001e+04
-3.021400085183818010e+04
-6.385831760024509094e+03
-4.241354439852680662e+04
-2.635968347649605130e+04
3.253561504343282650e+04
3.226955331875757838e+04
2.991909849553764070e+04
3.868580901684678247e+04
1.510107858761753050e+04
-2.682563167306430114e+04
3.693326438073140162e+04
4.419647993410805793e+04
1.228903348264298620e+04
-7.483788899199252774e+04
5.782038301890638832e+04
6.197002779148275295e+03
-5.960559553788268386e+04
1.743692130670082406e+04
-3.359130189497401443e+04
-5.300334357117285981e+04
-1.045199981988671971e+04
4.321832717579786549e+04
-4.450435913853174497e+03
2.514426722968243212e+03
1.252290959316973613e+03
-1.982274383328429394e+03
4.405263577455422637e+04
-2.067619614124488362e+04
3.731103989284595445e+04
-2.255325012034141764e+04
-1.967366527759761811e+04
1.010830047146885590e+04
2.733929709724809072e+04
4.255491521906165144e+04
-1.562135930610586183e+04
-6.359001563742996223e+04
4.643102299794647115e+04
-7.371899906766721688e+04
4.269648905454095075e+04
-7.338151599267454003e+03
-2.521449126065444580e+04
-7.154891174080962082e+04
3.206056693087290842e+04
2.200627082865816192e+04
7.938696466145420345e+03
8.936031941827846822e+03
-3.506233578053112433e+04
5.401630320397218020e+04
1.985439717954413572e+04
-6.677184100280763232e+04
1.559839320653237337e+04
-3.894977747170959628e+04
1.195812071806543463e+04
-1.867009865432921652e+04
1.582602036201260671e+04
5.327948815579137772e+03
-2.869149516565019076e+04
-4.813889765638957033e+04
-3.942879798080735054e+04
-4.374124707919842331e+04
1.306423045091070890e+04
-7.014163272385243545e+03
-1.866777564542670007e+04
4.362900599845129909e+04
-5.876025748228579323e+04
4.977357871900016471e+04
-1.601824136917515170e+04
-6.694491547191456448e+03
-6.857214225842925953e+04
-2.808617800069692748e+03
4.751543561893160222e+04
-7.178278884397169168e+04
2.001661630845377294e+04
4.225977939829917887e+04
8.748699997946436270e+03
-3.536966004889825399e+03
-2.119414475297048193e+04
1.499475280112589644e+03
4.996527525408394467e+03
-1.169462902493237925e+04
4.989013233925400709e+04
1.791603075264624931e+04
-1.011507833033356656e+04
8.892374643477432255e+04
-4.775198791390455153e+04
5.113389226378163585e+03
-2.270839968379617858e+04
4.733178721275529824e+04
5.338497533371639292e+04
-9.885376920188631630e+03
-3.496500589326018235e+04
2.074589949597825034e+04
1.723096485731969733e+04
-2.203671678372981478e+04
-3.094670045186037441e+03
4.856561705340810295e+04
1.534766393694580984e+04
-6.495240948960808055e+03
7.415005437059516225e+03
4.838160625078443263e+04
1.437269590025125945e+04
6.168243028865139786e+04
-6.015298864439242607e+03
9.043655861827908666e+04
-2.187055767824965005e+04
1.036582886272184442e+04
4.952327416566393367e+04
4.772887430980887984e+03
-5.789228510410443050e+03
-4.568883299358623481e+04
3.374198104923679057e+04
3.274103911829828917e+02
-6.303232614724939776e+04
-1.547564972540434064e+04
-4.414956535312491906e+04
2.187547783211775095e+04
1.860140489352829536e+04
-5.555552429370799473e+03
2.726021566392128079e+04
3.169736538012875371e+03
-2.713891569889891252e+04
4.793079336288682498e+03
5.410689381058109575e+04
-2.079440078761440418e+03
1.432262227408654689e+04
-7.573651282467597048e+04
-2.198002658611293737e+04
-1.365555111851002766e+04
-7.215895124446623413e+03
-6.550550066511878686e+04
4.454552115030839923e+04
1.159820145382001101e+04
1.616648487644176203e+04
4.970067554327489779e+04
-5.870115962597388716e+04
-4.522830349211020803e+04
-1.585362809125048261e+04
1.719553644267612253e+04
-5.207970847909116128e+04
1.591784596425047857e+04
-3.118378116583875817e+04
1.265273889509564469e+04
-1.125277646083270156e+04
7.180367138340472593e+04
-3.984802165819723086e+03
4.238508341163095793e+03
-2.277563782279973384e+04
-2.720909311965051529e+04
-7.189217808688542391e+03
-2.239669909294990248e+03
