% # columns="iteration, evaluation, sigma, axis ratio, bestever, best, median, worst objective function value, further objective values of best", seed=634693, Fri Oct  6 16:40:11 2023, <python>{}</python>
1 20 0.14686849119775783 1.000049812561359 0.5084660602173869 5.0846606021738694e-01 6.629830197371209 9.528450682999448   
2 40 0.1442016904925482 1.000049812561359 -7.6525743340077454 -7.6525743340077454e+00 5.958778516265127 9.528536175560262   
3 60 0.14186830927173658 1.000049812561359 -7.6525743340077454 -7.6525743340077454e+00 5.931566454955752 9.528450682999448   
4 80 0.1398457142395909 1.0092156805816528 -7.6525743340077454 -7.6525743340077454e+00 1.9347493725277403 9.52918616912622   
5 100 0.13811222666819742 1.0092156805816528 -9.70639486789591 -9.7063948678959093e+00 -2.726566984662348 9.67415565733598   
6 120 0.13660787483922543 1.0092156805816528 -20.363585142647242 -2.0363585142647242e+01 -2.7435296211705094 10.19365636770782   
7 140 0.1353781631946034 1.0118103158443401 -20.363585142647242 -8.7990573640805998e+00 -2.726566984662348 9.364322161274032   
8 160 0.1343991676780892 1.0118103158443401 -20.363585142647242 -1.7085788049764101e+01 -3.105669714029652 9.52918616912622   
9 180 0.13357243262406307 1.0118103158443401 -20.363585142647242 -1.7013001642162116e+01 -7.6525743340077454 5.792552967546367   
10 200 0.13281489580681108 1.0160911535013761 -20.363585142647242 -1.8893568000026324e+01 -7.6525743340077454 6.471806429156188   
11 220 0.1321640063107219 1.0160911535013761 -23.585568953407147 -2.3585568953407147e+01 -7.769613885067507 6.450599529241269   
12 240 0.13157947806407883 1.0160911535013761 -23.585568953407147 -2.0420514118108493e+01 -7.6525743340077454 0.8649509670008708   
13 260 0.13102907758679097 1.020543226507031 -24.31346720509256 -2.4313467205092561e+01 -7.6525743340077454 6.469423433355279   
14 280 0.1305373789692929 1.020543226507031 -24.31346720509256 -1.9238187774938115e+01 -7.6525743340077454 2.31518779219331   
15 300 0.13006013453074225 1.020543226507031 -24.31346720509256 -1.9214347564941747e+01 -7.6525743340077454 0.02723799257321957   
16 320 0.12969655876378883 1.0249984146060538 -24.31346720509256 -1.8956805149738994e+01 -7.6525743340077454 0.028656918282024435   
17 340 0.1294024262494838 1.0249984146060538 -24.31346720509256 -2.1364720583680509e+01 -9.756057092954194 0.02723799257321957   
18 360 0.12913312210811065 1.0249984146060538 -24.31346720509256 -1.7192788589611318e+01 -7.6525743340077454 0.02723799257321957   
19 380 0.12891913727126114 1.0302632856252172 -24.31346720509256 -1.9143927089683707e+01 -7.6525743340077454 3.561290793392679   
20 400 0.12872235484486785 1.0302632856252172 -24.31346720509256 -1.9015502542700240e+01 -7.6525743340077454 -3.7079194898500845   
21 420 0.12853497713196765 1.0302632856252172 -24.31346720509256 -1.9104309856634512e+01 -7.6525743340077454 0.02723799257321957   
22 440 0.12832914132745013 1.0357539332495187 -24.31346720509256 -1.9163469302508950e+01 -14.900031333982962 11.822167987237549   
23 460 0.1281271964322562 1.0357539332495187 -24.31346720509256 -1.9165218601211166e+01 -7.6525743340077454 9.195775281171915   
24 480 0.1280167612091176 1.0357539332495187 -24.31346720509256 -2.2991193666184060e+01 -13.581956130419819 7.533986983947625   
25 500 0.12787098001459268 1.0412374151218378 -24.31346720509256 -2.1235085072474316e+01 -10.775818751986286 0.02723799257321957   
26 520 0.12769143148825624 1.0412374151218378 -24.31346720509256 -1.9322340854100606e+01 -17.19221181976924 6.006049404014876   
27 540 0.1275070349140675 1.0412374151218378 -24.31346720509256 -1.9199824169025810e+01 -7.6525743340077454 7.467914019556421   
28 560 0.12737531573555796 1.0467936675786258 -25.598894355512307 -2.5598894355512307e+01 -14.933768847615799 6.756334608538127   
29 580 0.1272403265763244 1.0467936675786258 -25.598894355512307 -2.1418086254222885e+01 -7.126733339384664 8.563489706987228   
30 600 0.1270786818857786 1.0467936675786258 -25.598894355512307 -2.1322962732876242e+01 -14.938883941398728 -1.9102207598028258   
31 620 0.126901721862155 1.052328496271426 -25.598894355512307 -2.1395933731742797e+01 -7.6525743340077454 2.193099480094787   
32 640 0.12674002244472163 1.052328496271426 -25.598894355512307 -2.3533828034205623e+01 -7.6525743340077454 6.096500152560888   
33 660 0.1266218791221268 1.052328496271426 -25.598894355512307 -2.1751284754224475e+01 -17.27615290029572 -0.2072729430588005   
34 680 0.126569313247632 1.0578649498403272 -25.598894355512307 -2.3502182762316991e+01 -7.6525743340077454 0.17976344873722638   
35 700 0.1264618519304056 1.0578649498403272 -25.598894355512307 -2.3523330563083000e+01 -13.958382389796778 0.02723799257321957   
36 720 0.126312068830446 1.0578649498403272 -25.598894355512307 -2.4721376050776325e+01 -21.275917092125788 0.02723799257321957   
37 740 0.12621664938346258 1.0637021536639009 -25.598894355512307 -2.5225442379370143e+01 -17.26799202039542 0.02920942366183965   
38 760 0.12609990849180483 1.0637021536639009 -25.598894355512307 -2.3874696856809322e+01 -21.316637426877943 -5.1799533769910155   
39 780 0.12601802886573588 1.0637021536639009 -25.598894355512307 -2.3541380633389863e+01 -11.806474645782895 -1.849850886660704   
40 800 0.1259669226141376 1.0691785974696493 -25.598894355512307 -2.3279067321003932e+01 -17.09223569764925 -1.9689820769093842   
41 820 0.12591903180084343 1.0691785974696493 -25.706880889570872 -2.5706880889570872e+01 -7.6525743340077454 0.02723799257321957   
42 840 0.12598338938197085 1.0691785974696493 -27.48335977997283 -2.7483359779972830e+01 -19.356467885279535 -2.7769752486292454   
43 860 0.12604187549580048 1.0751442561238966 -27.48335977997283 -2.3132899427203132e+01 -17.015751628366672 2.579122499491959   
44 880 0.12603461878364855 1.0751442561238966 -27.48335977997283 -2.4589488362833102e+01 -7.6525743340077454 20.512918593734103   
45 900 0.12600678374006669 1.0751442561238966 -27.48335977997283 -2.6904602128123106e+01 -17.919574306771263 13.385511854147559   
46 920 0.1259653923506276 1.0813164817923786 -27.48335977997283 -2.7408849666736870e+01 -19.630450037076038 5.670550605248156   
47 940 0.12597127141458941 1.0813164817923786 -27.48335977997283 -2.3519123377991942e+01 -17.009472061552874 0.02723799257321957   
48 960 0.12602020792594376 1.0813164817923786 -27.48335977997283 -2.6066031524422609e+01 -18.71823299154321 0.0600988748301603   
49 980 0.12607896881397557 1.0873949936558513 -27.513243859608455 -2.7513243859608455e+01 -20.04747128243673 -14.533516258711309   
50 1000 0.12620905914249758 1.0873949936558513 -27.513243859608455 -2.6839876913737776e+01 -18.452467750338887 4.640991400077649   
51 1020 0.1263141148651309 1.0873949936558513 -27.513243859608455 -2.6067128767317588e+01 -20.409035628352903 -7.6525743340077454   
52 1040 0.12639077772928092 1.0938651839236622 -28.493676395600176 -2.8493676395600176e+01 -19.699188587732436 -7.6525743340077454   
53 1060 0.1264837230672134 1.0938651839236622 -28.493676395600176 -2.6158827614457898e+01 -17.574889217200965 1.2566007953854523   
54 1080 0.1266489843404946 1.0938651839236622 -28.493676395600176 -2.5248735416122813e+01 -18.664336774313714 -5.945182848950644   
55 1100 0.12677772677024174 1.100071744228095 -28.493676395600176 -2.6532964230931707e+01 -17.26799202039542 -3.1452030376219113   
56 1120 0.12689057105624665 1.100071744228095 -28.493676395600176 -2.6500243637235091e+01 -19.52292325396479 -6.540482967512702   
57 1140 0.12706958390838868 1.100071744228095 -28.493676395600176 -2.5222429189954802e+01 -19.714282701649285 -7.6525743340077454   
58 1160 0.1272323725519284 1.1062677714633808 -28.493676395600176 -2.5225716165534745e+01 -21.33460718381381 -14.884005565869444   
59 1180 0.12737100740195723 1.1062677714633808 -28.493676395600176 -2.4682466733632673e+01 -19.696317699305947 -7.6525743340077454   
60 1200 0.12752442289733543 1.1062677714633808 -28.493676395600176 -2.5220415077487694e+01 -19.67392759148776 -7.6525743340077454   
61 1220 0.12769802256757834 1.1126204947859164 -28.493676395600176 -2.6145431114585630e+01 -19.694080156987898 -7.6525743340077454   
62 1240 0.12784625487710827 1.1126204947859164 -28.493676395600176 -2.4684625606004811e+01 -17.900972952708265 -4.905186306043056   
63 1260 0.12796066987459864 1.1126204947859164 -28.493676395600176 -2.4905871643771729e+01 -19.29794957013983 -7.6525743340077454   
64 1280 0.12811918368792133 1.118843732270963 -28.493676395600176 -2.4196368154589315e+01 -19.726151746901294 -12.243159338161949   
65 1300 0.1282088589327088 1.118843732270963 -28.493676395600176 -2.5587507115150824e+01 -20.897950658165726 -7.232732762466611   
66 1320 0.12820949260838452 1.118843732270963 -28.493676395600176 -2.4682609373622594e+01 -21.28535134290635 6.558061393636882   
67 1340 0.12820213492159555 1.124814905724859 -28.493676395600176 -2.5184336689014721e+01 -18.729368290921997 -7.6525743340077454   
68 1360 0.12828172289722817 1.124814905724859 -28.493676395600176 -2.2717975434765229e+01 -19.671503373049738 -7.6525743340077454   
69 1380 0.1283578097652545 1.124814905724859 -28.493676395600176 -2.5223958277331267e+01 -19.695537462483596 -6.03436597825155   
70 1400 0.12838449279158515 1.129999416262534 -28.493676395600176 -2.5240309678032691e+01 -19.708938699225882 -0.05039738782509673   
71 1420 0.1284501705991007 1.129999416262534 -28.493676395600176 -2.6081455741687261e+01 -17.575261827688095 -7.6525743340077454   
72 1440 0.1285787119861624 1.129999416262534 -28.493676395600176 -2.6142079310830933e+01 -19.658088092923546 -5.967730314837269   
73 1460 0.12876412760885841 1.1352883425791678 -28.493676395600176 -2.2724582522494465e+01 -17.57624415196031 -2.047695209101768   
74 1480 0.128857754703029 1.1352883425791678 -28.493676395600176 -2.6517368900890091e+01 -19.064059379879026 -0.5987442960182463   
75 1500 0.12899479409795497 1.1352883425791678 -28.493676395600176 -2.3848398911806960e+01 -19.601126991521976 -0.42994671209261526   
76 1520 0.12908150931086537 1.1404757427910535 -28.493676395600176 -2.5222746225695406e+01 -14.012442360862085 -0.30799355724984423   
77 1540 0.12911618572929942 1.1404757427910535 -28.493676395600176 -2.6164049969834537e+01 -17.159726204856877 -9.660551346689026   
78 1560 0.12907593599111872 1.1404757427910535 -28.493676395600176 -2.5241121034729055e+01 -12.107597656782062 -3.002719367566904   
79 1580 0.1291261978371336 1.1452959659873942 -28.493676395600176 -2.2715940805974117e+01 -18.60183174124077 6.022067474474969   
80 1600 0.12916158677336154 1.1452959659873942 -28.493676395600176 -2.5233688390521721e+01 -19.679018437566192 -6.116671698733455   
81 1620 0.1292491595344507 1.1452959659873942 -28.493676395600176 -2.7198922095262674e+01 -19.64712557485493 -7.808818386162706   
82 1640 0.1293647419079076 1.1498341824940286 -28.493676395600176 -2.5244524480556990e+01 -19.690439669056737 -11.54611211912082   
83 1660 0.12947754621749985 1.1498341824940286 -28.493676395600176 -2.3910111945620820e+01 -19.646280586196212 -5.96910832084626   
84 1680 0.12963974182596566 1.1498341824940286 -29.54149642532751 -2.9541496425327509e+01 -19.66820341530003 -7.811769135342878   
85 1700 0.12987125129757715 1.1545101187628461 -29.54149642532751 -2.7524065523830210e+01 -19.660069713698725 -1.4112133483641216   
86 1720 0.1301323094341372 1.1545101187628461 -29.54149642532751 -2.6063223012468082e+01 -21.805517559783066 -5.962588078856484   
87 1740 0.13042699926861287 1.1545101187628461 -29.54149642532751 -2.6079755655553836e+01 -19.680696932643386 -7.798875175788993   
88 1760 0.13062253308216074 1.159203450561766 -29.54149642532751 -2.5244555572439978e+01 -15.496048798293224 12.542180182660871   
89 1780 0.13092901781310082 1.159203450561766 -29.54149642532751 -2.5247158827417145e+01 -21.02250859684015 7.545846433442232   
90 1800 0.1311949906315874 1.159203450561766 -29.54149642532751 -2.5242663036603847e+01 -19.664177221222516 -7.812904461850479   
91 1820 0.13144029994415307 1.1639522086173464 -29.54149642532751 -2.5236221295871712e+01 -19.69124995327237 -0.31847067223510805   
92 1840 0.13163242300445632 1.1639522086173464 -29.54149642532751 -2.7533281437105622e+01 -19.70801308124421 -0.08326033172321701   
93 1860 0.1317830532744722 1.1639522086173464 -29.54149642532751 -2.5291571392034424e+01 -19.718945107583068 -4.876257048724661   
94 1880 0.13190308121286592 1.1691358646987215 -29.54149642532751 -2.8381463997631645e+01 -21.63357572639069 -17.0526943489253   
95 1900 0.13191767178136446 1.1691358646987215 -29.54149642532751 -2.4867520300297294e+01 -19.656466161155652 -15.443718551201052   
96 1920 0.131982375177823 1.1691358646987215 -29.83790716476192 -2.9837907164761919e+01 -20.774887143611338 11.720808666159435   
97 1940 0.13189854415664645 1.174078480735964 -29.83790716476192 -2.4825365192358205e+01 -19.644747513696217 -10.11718691358714   
98 1960 0.13181407615489651 1.174078480735964 -29.83790716476192 -2.9272491107664916e+01 -21.704343762490197 -7.6525743340077454   
99 1980 0.13170038013345217 1.174078480735964 -29.83790716476192 -2.7521029303640532e+01 -21.090348329535882 -13.566786739586526   
100 2000 0.13159521591489745 1.1787452065458488 -29.83790716476192 -2.7553179737901932e+01 -22.724212054219798 -9.513520265401926   
