1.841373811766420476e+04
2.084978088425446185e+04
2.510472501128695058e+03
5.415065643341994291e+04
4.799765353594562475e+04
-3.639113580301698676e+03
2.021516629061394633e+04
5.173020843408441579e+04
2.619834389360295972e+04
1.360408609733640151e+04
5.649966565159139691e+02
-1.783985172581306324e+04
-1.333389923784441089e+04
1.242211573817600220e+04
-1.307432999399120308e+04
4.442085289788726368e+04
3.217132636678298149e+04
-5.588372464240339468e+04
-9.708450575231724997e+02
-2.902747061805595877e+04
-1.538172388891469564e+04
2.301117237514778026e+03
3.258086171516607465e+03
4.461357199606593349e+04
-3.773840178258165543e+04
-1.190331367107119331e+04
-4.766963438165704429e+04
5.521331745475724165e+04
2.279602820642177903e+03
3.514203644420230557e+04
-2.280496646932521617e+04
7.743487880010076879e+03
-5.073218635446573899e+04
-5.565231569730675801e+03
-8.436388394479181443e+03
4.306664391800278099e+04
2.857168383258238100e+04
6.347862489320452005e+04
-3.796885008835194458e+04
-1.053389054443518398e+04
-2.774395528360429671e+04
1.414269341452844674e+04
-9.867540138712865883e+03
-1.718743596853954659e+04
2.939874351583355747e+04
1.220732266057646666e+04
-2.698800285951160913e+04
-2.562391644372065002e+03
-1.638211927463778738e+04
1.141810127135590483e+04
-1.291364214872609227e+04
-1.208647334298420901e+04
-2.271945980283086465e+04
-9.677200243144296110e+03
1.752208323399366418e+04
-4.671959240058795694e+04
1.314373009584093234e+04
-2.305492538225143653e+04
1.007068287653922198e+04
1.540325357225648986e+04
1.978137473619453885e+03
-3.332934654431027593e+04
2.456511952376458794e+04
4.881419218809268204e+04
-1.210267624026334124e+04
-1.476000065726784305e+04
-1.968353448060960727e+04
1.437854561478814867e+04
4.247613312269267772e+04
5.613624494900034188e+04
-1.696192251052359836e+02
9.628017868933948193e+03
3.688269610649905371e+04
-1.411247450427221884e+04
-3.464842058775333135e+04
6.391975755759339336e+03
-3.016348581266456222e+03
-2.590495429357784451e+04
-2.046884174617610188e+04
-2.424870692593869535e+04
1.376102667828120138e+04
1.154722318156674646e+03
-1.346311893213869735e+04
6.919143186805692949e+02
-2.236707238874060931e+04
-2.680149944727723050e+04
-3.160630647196083373e+04
5.808290081333825219e+04
-2.016295348745264710e+04
-2.530053037179726016e+04
-3.377912358319071063e+04
-3.293296972012320566e+03
1.321071216743108153e+03
5.124774501832031092e+03
2.814119293341757657e+04
1.640113142726695150e+04
-1.829922456377425988e+04
-2.043173605406588467e+04
-3.495070140328793786e+04
-2.013484143193787531e+04
-4.164825333913024224e+04
-9.085465708070329129e+03
-2.110143320099555058e+04
-9.951327448282620026e+03
9.072435947205272896e+03
5.324250445232002676e+04
-3.581095598652321769e+03
1.396239206229015872e+04
-3.463199742915948445e+04
-2.039498049126523620e+04
1.644347952183348025e+04
-1.380561151477062594e+04
-1.310579512901176258e+03
2.273601702984632357e+04
-1.531560176137317831e+04
1.115929145350861472e+04
2.825536579372659617e+04
-1.879611965583936399e+04
1.397995822143986879e+04
1.602119552394497259e+04
1.834559933542769431e+04
1.375241181975280051e+04
2.396294119290450180e+04
-1.814831653900418314e+04
-7.700512263784111383e+03
2.524940427299660223e+04
4.095241785701607296e+04
-1.385280133630770797e+04
1.348695552530049827e+04
-4.158958334785590705e+04
3.156128353407760005e+04
-3.612753735817849702e+03
-2.051295564179285429e+04
2.076119074849901881e+04
6.894924150438367178e+03
-6.456123090552525355e+03
2.957251443526625735e+04
-2.208434165142708662e+04
-1.198108306469045601e+03
3.915789244151170715e+04
2.929582656636254251e+04
1.363819838614102446e+04
3.109248948925877266e+04
6.158443213565807673e+04
2.793922291340874153e+02
-3.815353924833070778e+03
5.966674924975204340e+04
4.396235504524256612e+03
-4.724422666895463044e+04
2.778316823685039708e+04
5.201556976623190712e+04
-1.362935660866918261e+04
-1.522938311870944563e+04
1.886199066581079023e+04
3.164619158562281154e+04
1.780401485942535510e+04
3.819792925346021366e+04
-3.227889864196941289e+03
1.779599484326407401e+04
8.534433216155326591e+03
2.114536234831073307e+04
5.217439483253474464e+04
1.823642625587515431e+04
-6.974009795286612643e+04
1.935031707711718263e+04
-2.240792605103106325e+04
5.503425950620052026e+04
-4.936274335903095562e+03
2.323626323353695261e+04
2.913219228065767766e+03
-7.511499540332550168e+03
2.948874754757814662e+04
1.536665314141626368e+04
4.218039428227354074e+04
-5.035702231765566103e+04
-3.452470276187417039e+04
-4.879354237890361401e+04
-3.901508034791942191e+04
-2.365449732850876899e+04
-1.692939631194278491e+03
-1.228603787185945976e+03
-4.061976461814858339e+04
5.134649363823474414e+04
-1.486679287064557866e+04
-2.645557746462132127e+04
6.508942482982689398e+04
6.787058757979194525e+03
-8.219928019355595097e+03
1.465329166673650661e+03
-4.253131608598276216e+04
1.680514641533040412e+04
-5.039033652051042736e+04
3.209499309510546664e+04
-3.521763533292687043e+03
4.282892596537648205e+04
-2.347099497904424788e+04
-2.318669255328410145e+04
2.925370288512738989e+04
3.464757306431795587e+04
-3.366868204249023984e+04
3.650566794224889600e+04
-2.276033602919790428e+04
-3.896299593353667296e+04
7.988586242643972219e+04
7.099744575670211634e+04
8.206685968086692810e+03
9.230249510478397497e+03
2.451305753312827801e+04
-6.191430705389875584e+02
-2.646922450516470235e+03
-2.538695523514315209e+04
3.371477831028496894e+03
5.751727081762563466e+04
7.498886880333577574e+04
5.070409434724540188e+04
-9.228836997521060766e+03
-6.964743414553653565e+03
4.701311846920383687e+04
2.054987183543631545e+04
3.007229661366760774e+04
3.639956920289058326e+04
2.888655028660277821e+04
-7.429326610082724073e+03
-6.096349767328918824e+04
-1.007978109785700781e+03
3.433589854400930199e+04
-2.701563505343799261e+04
-1.743936508037882959e+04
1.034799203891873913e+04
1.679991295375413756e+04
-1.431404211703236342e+03
-3.808949613594133552e+04
-2.497246020413925726e+04
2.842513155913529044e+04
-1.244469564198519220e+04
2.102432539372511019e+04
1.380985740827781410e+04
-2.033843450341058269e+04
-8.002600930797015280e+03
-2.158392612712697883e+04
2.662110298492388392e+04
-2.563809134179141620e+04
1.208828067273576198e+04
4.369509575089894497e+04
6.293913926073832044e+03
-2.858421478333883351e+04
-1.175815919385168309e+04
1.228674299108107698e+04
5.119041817802828155e+04
3.098815933048217630e+04
-3.912205537807873770e+04
4.513794281558605871e+04
3.235111359705522045e+04
6.066582437469989600e+03
2.076503656066661279e+04
1.063802231492519786e+04
5.038137580101867934e+04
1.243218359853664333e+04
-9.118022915887519048e+03
2.564254388151838793e+04
-6.872802431646533660e+04
-3.269666696311836859e+04
4.740449133417361736e+04
5.432662003660677146e+04
-1.954540041126773576e+04
