1.713688023056182601e+03
2.884200058600806733e+04
-9.233469289294451301e+03
-3.435219908427690098e+04
-1.415524296388882794e+04
-4.090265545271940209e+04
3.590673653428720718e+04
7.380514498518402979e+04
-2.046705097172980095e+04
-3.453916138702727767e+04
3.264591124121058328e+03
4.823797142494321633e+03
5.342325081541237887e+04
1.271616525975794866e+04
-8.817638968311133567e+02
2.253168522204029796e+04
-3.428534259824188484e+04
8.546470134612209222e+03
-1.392184400848786936e+04
-5.471260262730054092e+04
-2.330210642785656819e+04
5.898850328130781418e+04
-1.431645594535974851e+04
-1.516192348197073807e+04
-5.191750283596404188e+04
-4.577109940649913187e+04
-5.570659636012251212e+03
-1.156475476769704437e+04
-6.442215785393187616e+03
1.230233535812539958e+04
-1.255945128853610413e+03
2.884444663576426319e+04
-1.552204666523132346e+03
-2.618275812257110374e+04
3.479721133350738091e+04
2.648260830276585693e+03
-4.371328946110384277e+04
-1.708111199743848920e+04
-5.967688456145247619e+04
8.805224581786222188e+03
-1.614287404820357369e+04
-1.583939527746058593e+04
-6.536184989534700435e+04
-3.549393440575949353e+04
3.689862672968504921e+04
1.072332001079017755e+04
-1.339714501361656403e+04
-3.566171488747717376e+04
3.783630737816919464e+03
5.825552742196871986e+04
-5.283943366755912575e+04
4.725172192226455809e+04
3.224109652090663076e+04
-5.272410258780113509e+04
-3.542239867274337303e+04
-3.921122169025037874e+04
-5.535842431130366458e+04
4.197188054211250346e+03
-1.384039631614365499e+04
-5.986786595759715965e+03
1.513519884058112802e+04
3.315876172742302151e+04
-6.927823615296355274e+04
3.724890356609513020e+01
-6.429144965569674241e+04
3.406979292701604572e+04
7.903844379619934443e+03
5.950874389950089244e+04
1.000701210300433740e+04
-3.504801287044247147e+04
2.959595463137208208e+04
-4.614834209331323655e+04
3.426654177792638075e+04
5.323228677913216234e+04
3.171938589927603243e+04
4.078141657594920252e+04
3.600297257109192287e+04
-3.405076926308127440e+04
6.080494086223359045e+04
4.909473305283706577e+04
-1.384570923871442210e+04
7.092296744954962924e+04
-4.899057502561703586e+04
6.645084782688799896e+04
7.255181970978119352e+03
-3.216275535240241152e+04
-7.875390653651445973e+03
-3.126155894300311047e+04
-7.054845684912358411e+04
2.664587706736445398e+04
-1.293684939567781657e+04
-2.609742986551627837e+04
1.599418012413248107e+04
-9.569344325842042963e+03
5.942110894267323602e+03
-2.069535120612425817e+04
3.673849438185778854e+04
2.792242733456782298e+04
1.849976243241124394e+04
3.884053343908348324e+04
-5.098094419780759381e+03
3.065189489264110671e+04
7.145458197470869345e+04
3.471060678088644636e+04
-4.084982068866094778e+04
9.402856391483957850e+03
3.899066060016011761e+03
-7.235403307491433225e+03
2.306959420053254507e+04
-5.169330296055408689e+04
-9.168492335000060848e+03
6.545525626262312289e+04
2.341354459188612964e+04
6.770308544190343127e+03
-7.290270465021958807e+04
2.825250314883754072e+03
2.164512388363854916e+04
1.557261033848617990e+04
6.753672388460909133e+04
6.433378455038771062e+04
9.192506014925753334e+03
-3.880315161193350650e+04
-3.708844880977405410e+04
4.458756446107142256e+04
6.651581154142423475e+04
-1.096015266232947033e+04
-5.902165512479298195e+04
-6.650325498313260323e+04
6.467119199538230896e+04
4.832930877831206453e+04
-2.255006211305399484e+04
4.474329587644767889e+04
3.169630201564788877e+04
-1.162435942888064346e+04
-7.465583553130758446e+03
3.155842295158552224e+04
1.038628358384365856e+04
1.248036953968672424e+04
2.665114395477768630e+04
-6.689578284366331354e+04
-2.479157015830246019e+04
5.706759556858449650e+04
-3.917652929131386190e+04
-4.680748026526346075e+04
1.473759019919107959e+04
-1.197016662403420560e+04
7.736308409548629425e+04
3.176361403845215318e+04
-4.612573152305548319e+03
-1.276063727756994194e+04
9.526581883187343919e+03
-1.353642088724608220e+04
3.342064534078199358e+04
-2.886993957587191471e+04
-2.039514437849176102e+04
-4.414898275146267224e+03
2.147944880456482224e+03
-1.170120883004116877e+03
-3.413847851231824461e+04
-2.817678238274238902e+04
-7.357802254258243693e+02
-2.092075251771095282e+04
2.837489528666471233e+04
3.140916522265646199e+04
1.336310338812559348e+04
-5.453702976665582537e+04
7.826623674014903372e+04
4.154291345401406579e+04
5.583653109137544379e+04
3.887019516245608884e+03
5.756595026678527938e+04
1.188911151116678411e+04
-4.468574287133364123e+04
1.206475064452552033e+04
1.022233067025775927e+04
1.819237139497140333e+03
-6.642588233833512641e+04
3.926834778092228225e+04
2.756814274564653169e+04
5.996085921655546554e+04
3.136753752152861489e+04
-5.297135817501857673e+04
-5.989469168727985380e+04
-1.909618012672260647e+03
-1.547844302575809888e+04
3.401567563888946461e+04
7.436114393532543909e+04
-7.054440982259804150e+04
1.505748451993587878e+04
1.087845626932571349e+03
1.668743218026318573e+04
-2.172694860791725296e+04
-4.590145055691428570e+04
-1.726976847157688826e+04
-7.845287181403244176e+03
2.848424831495695253e+04
-2.889160995537483541e+04
1.666879138814500266e+03
1.259887999232417860e+04
2.073636232019891395e+04
5.403327834959373831e+03
8.580649281025358505e+03
-4.477788712328442489e+04
2.251911506985308733e+04
-2.639191827773294790e+03
4.011895816639042459e+04
2.968346176459179333e+04
-2.900684410847754407e+03
1.451185225441097646e+04
-6.182922645325541089e+04
-4.727651694219637284e+04
3.881548102953853959e+04
-2.147457729576180282e+04
1.151077005366786580e+04
1.833605184330778138e+04
-4.906167658431406744e+04
-3.732161331679476916e+03
-7.401787545991908701e+04
1.757825184508542225e+04
2.591692501154423007e+04
2.406793675077623993e+04
1.142481644408503053e+04
5.968076312761633744e+04
4.061760987573918828e+04
4.762315537527072593e+04
1.802025374760767954e+04
-8.011542363731341902e+04
-4.750954572300885047e+04
-6.858257048347886303e+04
8.511469992770424142e+03
2.831108730154720433e+03
-1.703341299938335214e+04
3.267373972666332975e+03
4.312576948800488935e+03
-7.827048624835017108e+03
1.704935188657522667e+04
-1.941437151256255311e+04
6.517094767964189668e+04
5.986481592296992312e+04
-6.091810830349015305e+04
-2.236816361837064323e+04
-4.395409272877812327e+04
7.251551280637920172e+03
-3.164258970203421768e+02
1.126368226356869854e+04
-3.421551158913588733e+04
4.089857502581235894e+04
7.560821580321923830e+04
-4.576622231465013101e+03
-3.973533620599021378e+04
5.814520732997001687e+03
-5.169042663506246026e+04
-5.190076407606672728e+04
2.195791421598225133e+04
-7.326338433105742297e+03
1.780339833457158193e+03
-2.534406508241026313e+04
-1.672626648247131016e+04
1.539869252019874239e+03
1.274747518549058077e+04
-3.640456122692248027e+04
4.866315426399691205e+04
-3.472976717968069715e+04
7.043125206242219974e+03
1.713678172333078328e+04
