2.108046414076095607e+04
-1.706953381441870442e+04
-3.490738410178663617e+04
1.691597748351369592e+04
-2.503508742822515342e+04
4.278055022958725749e+04
9.960759310367426224e+03
9.800417096963443328e+03
4.583579486766197988e+03
4.588553107623771211e+04
-5.606037416034601847e+03
4.856705173273247055e+04
-9.032493177728607407e+03
-3.528536352255555539e+04
-3.153063478491037677e+04
-1.141088069424014429e+04
-2.019703564044330051e+04
2.433810796086727350e+03
-5.318169199045102869e+04
-2.049449898084517554e+04
7.002433489438881224e+04
-1.593552431321827862e+04
3.632767135629028053e+04
-1.582260376697942411e+04
4.027593723430764658e+04
5.707585933494415258e+03
8.239120521172297231e+03
-3.365573540881241934e+04
5.342535132325912127e+04
-3.488039166116363049e+04
-1.368701602918725075e+04
-1.281013137280852789e+03
2.671960512373886013e+04
2.789525873717832292e+04
-5.197104980811730638e+04
1.765634610613112818e+04
6.665142664450733719e+03
-4.439294555528868841e+03
2.857515495858018403e+04
-7.539402885390717529e+03
1.441749190120100320e+04
-9.274949804731166296e+03
3.347608885237004142e+04
6.425082641403665548e+03
-2.982661862679417027e+03
2.450340933556714299e+04
1.077632329330033645e+04
3.113400584065719886e+04
1.636608539430574456e+04
3.997125584695994621e+04
-1.736304380098788533e+04
2.355071734324425415e+04
-3.394888895286061597e+04
3.249714790892418478e+03
4.350970481913271942e+04
-1.973569707630511402e+04
9.330327892413368318e+03
1.313243235159935284e+04
4.047823332560973358e+04
-2.348065437248515445e+04
6.394346056712418067e+04
-7.626842472058117892e+03
-5.999206657612629897e+03
1.135461109093259256e+04
-2.092296687436428783e+03
-7.020944192013839711e+03
3.667127302661701833e+04
2.396379812252507691e+04
-2.233314459432148215e+04
-3.510346617889664776e+04
-3.727581530417239264e+04
8.641236369016574827e+03
1.110434733843073991e+04
4.311201733810843871e+04
-2.261185257828319300e+04
-2.615366404383353802e+04
3.935122883711485338e+04
3.144731591473364824e+04
2.907476734746894726e+04
-7.238694634127642530e+03
3.592402378801494342e+04
3.973016636977804865e+03
8.131864081647805506e+03
-3.173941476497881740e+04
4.406603607122102403e+03
1.549572661511935985e+04
-6.475198281940948073e+04
1.460928755280755013e+03
-2.170524644865890514e+04
4.695157279799506796e+03
-1.170773714028751965e+04
-1.287649484328971630e+04
3.855197438754073664e+04
2.184429278828681345e+04
-2.569763228443929256e+04
-3.818230751505066564e+03
-5.364312661339255283e+04
2.245254554241605001e+04
-2.117439638531487435e+04
-5.178732386970116204e+04
-2.644924307729720022e+04
-4.930823077064951940e+04
-2.976909366626284827e+04
-2.057075055294698905e+04
5.406058210619324882e+02
-3.922571243085136666e+04
-5.650573656578898954e+04
-3.439612664441192919e+03
-4.987657589572467987e+04
-1.537901210667363739e+04
-5.983781692832485714e+04
6.970742945993883768e+04
2.733589917604711809e+04
-2.427558706241930850e+04
4.183858640544328955e+04
-1.951303822119492179e+04
5.101000811639126914e+04
-2.995055354217277272e+04
-3.276790116068251518e+04
6.035687970366305672e+04
2.490415236333235225e+04
1.392503044119964579e+04
1.951179919734073337e+04
4.171689877781020186e+04
-1.417369507832235649e+04
-1.705494384867099507e+04
3.410696003509864568e+03
-2.148584812968470033e+02
2.814324711603091600e+03
-1.592789152506920072e+04
1.440735621635843381e+04
-2.971980438385011803e+04
2.443567308754223632e+03
1.194929492967130136e+04
2.739104806428037045e+04
-1.313070042569150974e+04
3.719422440523404657e+04
-1.422255553032412081e+03
-9.296430921050703546e+03
2.093155789169493801e+04
-9.198447116475368603e+03
-1.180392012921691094e+04
-9.676493617599226127e+03
-1.747715966268839111e+04
2.621016941473703628e+04
5.953975597793802081e+03
1.233642264691929995e+04
1.972569204593287941e+04
-8.736301411947804809e+03
4.401469702559357393e+04
6.404635085205904943e+03
-6.153659479430533793e+03
-1.501068772580121549e+04
-1.909204925777113021e+04
-1.155598560780921434e+04
-2.041384642605466433e+04
-7.514602963600320436e+03
-1.243304805549017510e+04
1.942906792870213758e+04
-3.067664831654871523e+04
-4.311131759251834592e+04
1.215705733437129493e+04
1.606747223626728191e+04
-1.994149484369884703e+03
3.603626381169542583e+04
-4.338844718394002120e+04
2.768661423351276426e+03
-3.294610517425953731e+04
1.785902388029500071e+04
-1.280326058027773797e+03
-2.130070715589696192e+04
-7.408169719218425371e+02
-7.490551153339937628e+03
-1.255819206233936711e+04
2.983186914830018577e+04
-5.633495707239008334e+04
-1.651182059477790244e+04
4.436078575276633637e+04
4.940302231893585486e+03
4.361158514658560307e+04
-2.309000881862331516e+04
-7.014989177232848306e+04
1.011389594294563358e+04
3.223766324304302907e+04
-2.159617443651698068e+03
-5.144348190584320037e+03
-2.167857225341365483e+04
2.114706010943686852e+04
-4.063917289717884705e+04
-4.686463529201510391e+04
1.509460416250388334e+04
7.089360176326468718e+03
6.670298799874441465e+04
-4.432425603041671820e+03
-1.259533311173653601e+04
2.165637429131601311e+04
3.018354719190640935e+03
1.297547819124504167e+04
-3.105051062975523018e+04
4.975478454283824976e+04
-4.133182323357200949e+04
7.231726176854904043e+04
2.407236039418693690e+04
2.195846925646611635e+04
2.707448601536568822e+04
2.390393395132707883e+04
-6.880218529157511512e+03
9.153308486739724685e+03
1.013783421978103797e+04
-4.378709008035294573e+03
-1.750014980475793345e+04
7.967020829437351495e+03
-2.513608252933349286e+04
5.089651594072356966e+04
5.589012069353852894e+03
-4.136395956120052870e+04
-3.083929151411823000e+02
-2.915421652029560937e+04
5.141235530259121879e+04
3.692912260755320403e+03
4.428197426778369118e+04
2.586450707598687586e+04
-2.820760700852353693e+03
2.637638113843199972e+04
1.263142479000125422e+04
-2.977887057349591123e+04
-1.552062851641522320e+04
-5.370146794021951064e+04
2.593176509682591131e+04
-2.761685642633601310e+04
-2.415637050154187818e+04
1.717102350399311035e+04
-4.921534109709720724e+03
3.826423030274833764e+03
1.111988984380468901e+04
-3.644897193289549614e+04
-2.184374420115879184e+04
3.009562283223302074e+03
5.626372266260751530e+03
-1.090159600850211791e+04
-2.949960633855505512e+04
2.547624239398599457e+03
2.333035295347215288e+04
8.225409233408399814e+03
3.966141687249707047e+03
1.337278304856578507e+04
3.962633790732245689e+04
4.177279933024066850e+04
1.004288210699961746e+04
6.053207824940604041e+03
3.900488989929436684e+03
-2.573200362291098031e+01
-3.352897163389644902e+03
3.772085282229527365e+04
4.274517385170530906e+04
-2.730201866883539697e+04
-6.743633119543254907e+03
-1.621015725963528348e+04
-3.787906857221201790e+04
5.840312422944291029e+03
1.225893687067655492e+03
-1.273639292222981567e+04
-2.724766418013524162e+04
1.539813072217284025e+04
5.642426455241878284e+04
