1.273936742260538995e+04
-2.317441673374824677e+04
1.670216921836824622e+04
-7.133991656015131412e+03
2.039980976707749141e+04
-4.435669014531000357e+03
1.614443120341212489e+04
1.472691617340344465e+03
1.244335379400108104e+04
1.420929126069838640e+04
3.136267758060524284e+04
-9.000926591430450571e+03
6.564238945460690047e+03
-1.204838805796841007e+04
9.192918408724046913e+02
-2.100432461681401401e+04
1.824146229882578336e+04
6.168666258698106049e+02
1.376090609421048066e+04
-3.617449429857129871e+03
-7.409774347300838599e+03
-7.319500720031192031e+03
1.024319868488900647e+04
-1.440246642938681362e+04
1.017243863759132546e+04
-1.807047827500645872e+04
3.014659546129718819e+03
2.061863257603978127e+04
1.163042468509584251e+04
-2.905506460411465014e+03
6.009585250463437660e+03
2.848761578856655615e+04
-1.008935791918916402e+04
-8.700736649271499118e+03
2.656463799255656704e+04
-1.411662189542938722e+04
1.761788725554941948e+03
-5.095090442787292886e+03
-4.139265315655055929e+03
-5.419424471541970888e+03
-1.260781273300692010e+04
-7.328521536482507145e+03
1.177739873604185959e+03
1.375273294472564157e+04
-1.717071764270687709e+03
2.405854524144906463e+04
-1.984321847858512047e+04
-3.915793103684859943e+03
3.595269836413803205e+03
-1.861940265811980862e+04
9.688281391416250699e+03
6.970899996823994798e+02
-2.751842496596074852e+04
-9.763761003310655724e+03
-7.129454841558658700e+03
-2.031752930706734332e+04
1.743843262239069009e+04
-9.804590710856829901e+03
2.069431153373748748e+04
-9.289670487810701161e+03
-1.128885608474150467e+04
-6.485202123132578890e+03
9.317875106281700937e+03
-1.251705389138277496e+03
-1.131228180195174718e+04
-3.850584627757754333e+03
-1.455082522045371843e+04
1.263688882093021857e+04
-5.425881431657399844e+03
5.494022074534660760e+02
-3.527109356813432896e+03
9.483418913397628785e+03
-4.442210449082436753e+03
-3.630185612518182097e+03
-1.230446992367923485e+04
1.110945878283702950e+04
-1.488726894715263734e+04
-4.991476674888291200e+03
-2.306641395118324454e+03
-1.881733705476431714e+04
1.488243727910388043e+04
-1.207356850504282011e+04
2.751158714411797337e+04
-4.991353584329934279e+02
-2.092626109224919219e+03
2.841248338298577778e+02
-7.864409608105685038e+03
-1.601824282995038629e+04
7.324694445055926735e+03
-2.234765531894364904e+04
-2.564130053078335914e+04
-4.261702160283120611e+04
2.455198710992903216e+04
1.810089086316337125e+04
4.883863418684640237e+03
-2.335397488235897981e+03
1.896021781998793085e+04
-1.747880840771825751e+04
-1.055887638031570350e+04
-1.416607453385655754e+04
-7.096440909831252611e+03
-1.363927369275051387e+04
6.439628030116256014e+03
2.240929794298112029e+04
-1.342877167858288340e+04
-2.479595645441493252e+04
1.784174543684966557e+04
-3.531216985814219515e+04
-5.788883896657345758e+03
-4.089018769913428059e+03
-8.083865430286350602e+02
-1.216322772186202565e+04
8.121961629307524163e+03
-9.309924718265281626e+03
2.295834519725626160e+04
-1.859993030149090919e+04
4.737675302624802498e+03
7.872161850228700132e+03
1.332055895790367231e+03
-1.896863918479378071e+03
6.631710489511506239e+03
2.216634777532672524e+04
-2.167587335709088165e+03
6.997575819277079063e+03
-7.964438463243108345e+03
-1.135297332141112020e+04
7.390898388776667161e+03
1.130180735892028315e+04
1.062521466195672474e+04
-1.062055578616534694e+04
-1.031969272315993294e+04
7.558875807304952104e+03
-4.983611440532618872e+03
1.632036076483318720e+04
1.211719444736224068e+04
1.830086071847308858e+03
-1.020662878707399500e+03
-1.066141268393650171e+04
-7.225425677202839324e+03
-1.560603422291177139e+03
1.859348185690980245e+03
-3.217346530186522432e+04
-7.947049651421214548e+03
-1.358602838445235284e+04
1.725700765631366039e+03
3.600804427077662695e+03
1.702185493280680384e+04
-2.247701271182518667e+03
-8.678017596141194190e+02
-1.839116827200637272e+04
1.184282873689408916e+04
7.039142801277408580e+03
-4.630447307769675717e+03
1.352357940725267326e+03
-4.544071414700779314e+03
-9.119444354685068674e+02
-1.299613627896487014e+04
1.726924668309542176e+04
-7.346539025901050991e+03
-6.540819776598656063e+03
2.172529071321637457e+04
1.805626428377896082e+04
4.746732648737992349e+03
9.422859151916034534e+03
2.376106948295479469e+03
-1.858796726915013278e+04
2.017022472359670428e+04
8.697043606160130366e+03
-1.831793446971875483e+03
-7.556977269039386556e+03
3.098595249255547242e+04
3.329432692787154338e+03
4.671262536911198367e+03
6.128043410646656412e+03
-5.333447564005162349e+03
-6.730397096467307847e+02
2.248614497264934471e+04
1.084322415445152910e+04
-4.706109948205690671e+03
8.161168976963477689e+03
-1.155996792615272352e+04
-4.543849913906886286e+03
9.298550803326083042e+03
1.624987272265533829e+04
-5.473013299345795531e+03
-8.264787851048256925e+03
-6.416106770434013924e+03
-1.177254329665366822e+04
1.674591932869970333e+04
1.881444107514694770e+04
-3.533782134406061959e+04
1.475439517846296076e+04
-8.290667696295722635e+03
2.547526508253512293e+04
3.544548096105563309e+04
-1.272202868200602552e+03
-1.028156437334389921e+04
-3.650052461459655206e+03
-2.313093415619404993e+02
6.443158718423549544e+03
-1.433969458448360092e+04
-1.246436481649888083e+04
1.482214070753664600e+04
-2.025256066332993214e+04
6.338750513286680871e+03
-6.875948912764128181e+03
-5.329647621185088610e+03
2.885667058004391492e+03
-1.398213880840137790e+04
1.208973249181005667e+04
-2.370900072578972322e+04
1.272165829431522616e+04
-1.641407496918045126e+03
2.844838708553143806e+04
1.177670265066570573e+04
7.411590563608701814e+03
-2.151362233296845716e+03
-2.099311576094598058e+04
7.473819113557782657e+03
4.353054486634088789e+03
-3.861116875262868234e+03
2.661799517489958089e+04
-5.159318326270245961e+03
-4.655294075984146730e+03
-6.386056977946725056e+03
-3.264790069947966549e+04
1.962940560789359733e+04
8.968674499586893944e+03
2.733390085736561377e+04
2.296306511803300600e+04
-1.048545709160118167e+04
2.616582144018743202e+04
5.807068012272067790e+03
6.000903178748387290e+03
7.736119873231818019e+03
1.391322232297407027e+03
-9.928279246353034978e+03
-2.411381529415717978e+03
1.108615433108287834e+04
2.476895982396993713e+04
8.637339184709662732e+01
1.763717078160751771e+04
-2.803593057911750293e+03
3.431575346463709866e+04
1.069080311869530124e+04
-1.655508906864343953e+04
2.797706579350609900e+03
-5.643515707630554061e+03
-1.741589525242383024e+04
-4.503934141923782590e+03
-2.121302292796715119e+04
-1.375123933967173616e+04
-4.748724593384550303e+02
-4.470503090159833846e+03
5.346847009996630732e+03
3.662590616209448854e+03
4.735826607224732470e+03
1.320951795072565619e+04
5.315070827275157171e+03
4.909692649885109859e+03
-1.133358073019771837e+04
1.342452401817855025e+04
4.623816250585577109e+03
-1.049073710194157138e+04
-1.838976534544734386e+04
