2.787648509005977030e+04
3.525724202467098075e+04
6.664336302989044270e+03
-4.460648397854467476e+03
2.116073389493700233e+04
-1.379720319524562365e+04
1.948708536047402959e+04
1.397113092361142662e+04
-1.636877603212270969e+03
-2.464095734106915643e+03
-1.046867493233663299e+04
-7.365525696557534502e+03
-1.496268631059198378e+04
-2.230377016526864827e+04
-2.950307239944055254e+04
-2.442237487389514627e+03
-1.492983959569468607e+04
4.128567095389950555e+04
-1.654756295206133291e+04
-1.647525632863306237e+04
9.700119315201525751e+03
2.798084615409338949e+04
-2.022129609431813878e+04
-3.910557357562553534e+03
4.388401048632614220e+03
-1.392266704925947579e+03
-1.869583799972860288e+04
-6.143917091229182915e+03
2.283421967867847707e+04
1.552235346825952547e+03
-2.206900527233106550e+04
-1.563157747225198909e+04
1.709544952799737803e+04
9.192763055130628345e+03
-1.686996578572188082e+04
-2.667703569826239618e+04
-4.216673646181009644e+03
1.453463394846431038e+04
2.231908969723103655e+04
5.424518551269829004e+03
-9.644427081853384152e+03
2.812298840143453344e+04
2.291218112657209076e+03
-1.316795476918267377e+04
-2.299280650651450196e+04
1.653985570604086024e+04
1.844521991306267182e+03
-1.830390579747109950e+04
8.602010981563498717e+03
1.494344155378593496e+04
1.180334494935897601e+04
1.122974987853112179e+04
-2.658987485217440189e+04
1.473663100984215271e+04
2.412270426467117795e+04
-1.992310995260302298e+04
-6.703527742783029680e+03
1.517826450021406345e+04
-5.840092960228793345e+03
4.169721390294299454e+03
3.016787060579790341e+04
-2.085810139762881226e+04
1.407664533885067431e+04
4.817441507857922261e+03
9.844338458902089769e+03
-1.231503305734992136e+04
-1.435881583790177683e+04
1.610307902900083354e+04
-1.607836504152203997e+04
1.149225505385318866e+04
-1.028892000595483660e+04
-5.785664923364256538e+03
-2.224569421547128968e+03
-2.243874925078748493e+04
-1.715446048560636700e+04
2.959148831067269202e+04
-5.092433097265990000e+03
-2.155784429160691434e+04
-1.164215378721567959e+03
-2.052862048396948012e+04
5.140312700657990717e+03
-1.818383938443408988e+04
-6.186615503401811111e+03
-1.651384655546310751e+04
2.910471754324523772e+03
2.732156358158482817e+03
-2.066607736916838621e+04
-5.164256256701054326e+02
2.727074912079456226e+03
-6.629697357730001386e+03
-1.105868355498956589e+04
-6.756533196826077074e+03
-8.957803990447746401e+03
1.433159269567591400e+04
-3.425599206793836402e+03
-2.040938104264542562e+04
1.242668165662824686e+04
-2.301710186464071285e+03
1.132738056876527480e+04
2.650802245187509106e+04
-2.988496859670775848e+03
9.534188392858442967e+03
2.558231689061533871e+03
-1.989221965316249771e+04
3.874379103754061362e+03
9.642121017495812339e+03
1.828765596971895502e+04
1.008904986156889936e+04
-1.048337473642665645e+04
-9.250657569841909208e+03
1.003925762661011686e+04
6.946642595279093939e+02
5.800663715544566912e+03
-3.847271406035541986e+03
-1.583017626037477385e+04
7.780384794112108466e+03
4.677829288699295830e+03
2.463519212356788921e+04
-1.691766918015823103e+04
-1.030238450315961927e+04
4.083876059803199496e+03
-2.532381888755206819e+04
-3.723867976711357187e+03
3.592505881993492039e+03
1.039508207466147360e+04
2.884961810490744028e+03
1.491140189027099404e+04
-6.450808466289769285e+02
1.739479428264037415e+04
-1.415728923059067347e+04
5.556873487670134637e+03
1.428695891426590788e+04
-2.343997887679730411e+03
-2.044526389108146759e+04
2.497379891331024282e+03
-8.683764674406878839e+03
1.187583092601982753e+04
7.686114108106179629e+03
9.689272431268153014e+03
-4.267452183103530842e+03
-7.864067912519846686e+03
-1.785305201612200472e+04
2.101973169769404922e+04
-1.402951549649947992e+04
2.447924850675774451e+03
1.473152589795491986e+04
1.429783476310100741e+04
-1.962977408059571098e+04
1.209381367754114035e+04
1.678412809448690678e+04
-2.421582854224905168e+04
-1.863754047486191484e+04
-1.364456690911669830e+04
-9.856494836635722095e+03
-6.940648884619397904e+03
-7.974335279559097216e+03
2.680604304441365093e+04
4.642707867391632135e+03
5.338431560139842986e+03
2.207131942513039030e+04
2.782163643308591645e+02
5.940663724413941054e+03
-1.297826621159153774e+03
5.988305759541184671e+03
3.329494975070816167e+02
1.344996886433521831e+04
-8.827054327218027538e+03
-7.045620074787784688e+02
-6.517912678341566789e+03
-2.991611241088504539e+04
-7.853017649241135587e+03
1.205380195929103502e+04
2.174855799510892757e+04
-1.486352804710239252e+04
-3.724595532334329619e+04
2.479682541049131032e+03
8.481624662241438273e+03
2.111749659603205873e+04
1.807965008303329159e+04
8.747984290964554020e+03
-1.036999968860008039e+03
3.154129274754475773e+03
1.920507178043124804e+04
9.068602036801559052e+02
1.464130193155970665e+04
3.630153867205705865e+03
-1.438380301759806059e+02
-7.780846887588996651e+03
1.449743990570023198e+04
1.747986534832041070e+04
4.632433135382813816e+03
3.601354634328821703e+03
4.758393366714800322e+03
3.146896099165646592e+04
-1.205926988788175913e+04
2.722510974518473085e+04
-1.603013630322217250e+04
-8.830617253394984800e+03
3.052664963729807278e+04
1.196988749017854389e+04
-5.968552314537569146e+02
2.653321784014934019e+04
-7.957909482707278585e+03
-3.976370153671524577e+02
-5.728693424419498115e+02
-1.055361578058724444e+04
9.642743572201978168e+03
9.860969728533360467e+03
3.161185787122309193e+03
-1.149428114045666689e+03
-3.418096227681453456e+04
1.597735675153615375e+04
1.494296179714431446e+03
6.893206440536619084e+03
1.513248115908487989e+03
-2.568567289512668503e+04
1.339960930050691968e+04
-6.148570104272705066e+03
3.593984009035829331e+03
2.984599814113329103e+03
2.121611140889826856e+03
1.099094002971653026e+03
5.405740366783527861e+03
2.815895754737719926e+03
1.597124671766575921e+04
-2.845545275247390600e+04
9.945404659035466466e+03
-1.048090502499107242e+04
2.891298528721371986e+04
1.765506764591191677e+04
1.456962278475411586e+04
-9.586696646584339760e+03
1.293671871766011282e+04
2.593133010069402008e+04
-5.424074604775090847e+03
1.003778039423968767e+04
2.832059803240844076e+02
-6.178652560282344893e+03
6.611784555668402390e+03
2.809317282159682509e+04
-9.356289017896731821e+03
-2.559837010648281819e+02
-1.020008818533380690e+04
2.810340058880611195e+03
-8.464549036738799259e+03
1.419850572858479245e+04
4.462069193205737247e+04
2.457589626754707206e+04
1.259563803803696283e+04
1.276383535613138338e+04
-8.840192603086659801e+03
2.382004576511455889e+04
-7.529550882965856545e+03
-1.359881207292548424e+04
-2.450005347271235587e+04
-1.323718210869143331e+04
-7.539823640086165142e+03
-7.257296481164341913e+02
9.732414562197711348e+03
6.017686193940747216e+03
5.000284616751935687e+02
1.438275671218439493e+04
-1.564537855183174179e+04
2.482730469706512304e+04
2.064484977945704668e+04
