-1.182385107633223379e+04
-2.382814206508374991e+04
3.316146835434136301e+04
-2.770723695348852561e+04
1.155961126211295414e+04
5.927600507631952496e+03
2.704140012965015922e+04
-1.021656812299757803e+04
-2.252050805094204770e+04
3.722126628381156479e+03
-1.186944357003590085e+04
-8.900153821473120843e+03
-3.255503652099674582e+03
1.112264319558113129e+04
-7.604490127778768510e+03
-7.833393280410200532e+03
7.866388131850259015e+03
3.505904384507042778e+03
1.829176025928192757e+04
-1.124026383166893720e+04
-2.668577211464921220e+03
1.386115998979185679e+04
-3.211893308131463982e+03
3.126560330272674946e+03
-1.442547402774232796e+04
2.168868045486048140e+04
6.282166718634714925e+03
1.249692705538079281e+04
-5.160086219757832623e+03
-3.435546487224397424e+04
1.259693845590768979e+04
2.157118789738995929e+03
-1.064299731370762311e+04
-1.930154565670961165e+04
6.234241376434171798e+03
9.817194253162326277e+03
-3.253943444654919949e+04
-3.723690592332303822e+03
1.876678591997180774e+04
-2.261824261464466326e+04
-6.033353518826729669e+03
2.643555760181779260e+04
-3.104205008978183741e+03
1.406079287566918538e+04
-3.192247630319643122e+03
-1.394761898404293242e+04
-4.579357991343872527e+03
-4.704927042743465790e+03
-3.726954066235965456e+03
-3.341899587359622274e+03
1.838483601238712436e+04
-1.686234685413083935e+04
-6.095713391930754369e+03
-2.688628243801129793e+04
-2.530581759314396913e+04
-1.177207926024309018e+03
-7.621365079534114557e+03
1.567756969258668050e+03
2.311097652635489430e+04
1.504030760573064254e+04
3.131615348266328965e+03
3.800651779024793200e+02
1.957302044885928990e+04
-4.298105397942485979e+03
-2.392035394298038682e+03
6.331268579873752969e+03
-1.325736760945757487e+04
-9.714671427678513282e+03
-1.235203019888611016e+04
8.235442539474184741e+03
4.919363912510410046e+03
-8.094491408690149910e+03
9.430035747751360759e+03
-7.672012150318339991e+03
1.650433873907602538e+04
3.663006374115876679e+04
-4.218243355928294477e+03
-1.070519388731375511e+04
1.132684192005231489e+04
4.419900117421881077e+03
-1.189522649201647255e+04
-3.040758367949212698e+03
8.333608268529361567e+02
7.710971049879025486e+03
2.528652425637749911e+04
5.858458910183177977e+03
2.086531799033402422e+03
-3.209345798988717070e+04
2.350626739849467413e+04
1.574075804904602774e+04
5.625059646291152603e+03
3.716673989283976698e+04
9.944432887332708560e+03
5.257042205831270621e+03
4.206967599895878266e+03
1.821706060028211141e+04
5.019223842502445223e+03
4.707467749585741331e+03
7.175233717064464145e+03
-3.661445480174379554e+03
-3.838317271552809689e+04
-1.078165089465736855e+04
8.939484905579094630e+03
-2.098516226097899562e+04
5.737451992776917905e+03
-2.315443126456519531e+04
2.622789596202948087e+04
-1.932564742228890100e+04
2.327881903739356403e+03
1.308503041287034648e+04
3.290230842940954517e+03
4.622632549664572434e+04
2.174735628643879681e+04
1.790613471672613741e+04
3.568882751661050861e+03
3.027390733750729487e+04
9.795730924238476973e+02
6.323136371785120900e+03
4.080728922883054679e+02
3.172084759404779470e+04
4.813740968481904929e+03
1.742809949558391236e+04
-4.525146346695350076e+03
-8.435721739478560266e+03
1.289037462703639176e+04
9.280233953930743155e+03
-5.393178374114760118e+03
-9.048901884893044553e+03
-1.000130347349555632e+04
-2.100094730526183412e+04
3.418155145742095101e+03
-9.886625431291011409e+03
-2.694761988641108019e+03
5.738243479457188187e+03
-3.785883596245368244e+04
-9.951992873442162818e+03
-1.286307755187607472e+04
1.720946175411068180e+04
-8.013720599357558058e+03
1.138661559981590653e+04
1.811988132543049869e+04
1.541745841397130789e+04
1.603341836539151518e+04
-5.044110499233564042e+03
3.810220220776018323e+03
9.614275194088880028e+01
2.671564399805160519e+03
-2.182417794912495810e+04
6.437130731922775340e+03
-1.139405653846381938e+04
-1.824952478626025140e+03
-2.195030553312665143e+04
1.666124187813393291e+04
9.705451228099911532e+03
2.270377984793444921e+04
-4.189159430089733291e+02
1.863643641822450036e+03
2.513688411618410555e+03
1.746443208056964522e+03
1.313423984297469815e+03
1.921008926271039309e+04
5.721392758488449317e+02
3.560196035632687654e+03
5.282782149107792975e+03
3.958845314430427607e+03
-2.751967546210204091e+04
-1.792173808125811775e+04
-1.682194081315230051e+03
2.932878823996815481e+04
9.619494986766701913e+03
1.108489342446231785e+04
6.468058369087244500e+03
-6.660521275424116538e+02
-9.984706097426945917e+02
5.095565069892599240e+03
-6.262751953581453563e+03
-1.117173739032216690e+04
-6.158262050435931087e+03
3.160695589704344820e+04
-5.260995859837850048e+02
3.371899735177159164e+04
-1.763619554601285699e+03
7.587227059326359040e+02
1.392221871340012513e+04
-1.591423501475753437e+04
1.873434230421941174e+04
-5.695828651350939253e+03
2.496418440301005103e+04
-1.183677198981219954e+04
3.392870170732369388e+03
-1.923759919619155698e+04
3.167751402914961000e+04
-1.579767215481820313e+04
7.193328424039435049e+03
3.211267411582483328e+04
-2.441601118998534366e+04
7.487175396733767229e+03
-6.095412084941911417e+03
3.575786856410803466e+03
-8.123287090106214237e+03
-7.858968766409012460e+03
1.645883580006269767e+04
-1.334455178143379271e+04
6.888221830358259467e+03
2.516749085574847868e+03
-1.646694335660851038e+03
1.228797451810643906e+04
1.873791712440509946e+04
5.918426568080419202e+03
-1.520937861843410610e+04
-1.407667770075143198e+04
-5.311548356855526436e+03
-1.521315701732316654e+02
2.181057926094134382e+04
-1.920117853982917222e+04
-2.451322575629714629e+04
1.872691801514258987e+04
9.168226629163160396e+03
2.318066442087025280e+04
1.385924176333342257e+04
1.080696589608066824e+04
1.428801345181400393e+04
-5.398573979667367894e+03
3.239245428583333342e+04
-5.973310005195497979e+03
-2.499269391345819895e+04
2.350572545891559639e+04
1.055633224240320851e+04
2.234554501897911905e+04
3.652843988814574004e+03
-3.135633336443544613e+04
1.078275933439139044e+04
-2.005835299066662265e+04
3.306640124352565181e+04
-1.133905300909978905e+04
-3.595435527503644607e+03
2.094068803602029584e+04
6.956539273065838643e+03
9.374700344578415752e+03
1.560111031840272153e+04
-1.061774540036514736e+04
2.179105343664604152e+04
8.642183909402168865e+03
1.022662695381217782e+04
1.481479943077879216e+04
-1.237652125787491423e+04
1.551317301966836567e+03
9.277804503626675796e+03
-9.785962814302643892e+03
2.323179126987082782e+04
-1.216657500890688789e+04
-2.894889484932682535e+03
-3.244809894044827274e+02
-9.431022472205104350e+02
1.502885822372466100e+04
2.498872769989458902e+04
-1.249106340792720039e+04
-9.000011918666001293e+03
-6.967955019766431178e+03
3.214744547885823522e+03
-4.879990980911417137e+04
-1.686774848974069027e+04
1.535050419799006704e+04
3.255156673101185152e+04
-4.216540021470311331e+03
