-4.160943655175958156e+03
-9.124166555325844456e+03
2.092068592278876167e+04
-5.014842145937026544e+03
2.141727818199289322e+04
-1.179516993675513731e+03
-9.333667542037439944e+02
-1.630506364862022929e+04
-2.766396641916923909e+04
9.268750938986273468e+03
-4.203256653733549319e+04
1.103792411216643814e+04
-1.341931415769537853e+04
-1.477211717669799509e+04
2.610534820217163724e+04
1.046535652924588430e+04
-3.713342289504515793e+04
-2.546133197875144106e+04
-1.445476583403870245e+04
-4.639545755478539832e+03
-3.257487787390432914e+03
-5.044682693158542861e+03
-5.160697831298508390e+03
7.372389447084437961e+03
-4.214282452112398460e+03
2.453252578985635773e+04
1.787026370741454593e+04
-9.853822251398865774e+03
-1.147364792211581971e+03
-1.256551618363699890e+04
-6.869510003276556745e+03
-1.796677737836911547e+04
-1.735591679886150450e+04
-7.138877848093622561e+03
7.458010270589778884e+03
1.488601806352724634e+04
-2.192696295440039648e+03
1.574360915829200167e+04
-4.397504006700692116e+02
-1.417096013800210312e+04
1.763381071548548334e+03
-8.946838586604239026e+03
9.506734530029130838e+03
1.154179500444106816e+04
2.122775159948448709e+04
1.760787830787425264e+04
4.311167263351503607e+03
1.240784958689640263e+02
-8.395909974798794792e+03
-1.742741691999662362e+04
2.924881676954038267e+04
-1.225286536042745411e+03
1.029984405834316385e+04
-8.418037667578944820e+03
2.052508837784505522e+04
7.423156707369214473e+02
2.052956255193597826e+04
6.985013943458627182e+03
-1.091374273786534104e+04
-8.968424814619469544e+03
2.086902699960558039e+02
1.328026328248106620e+04
-2.094342236506938207e+04
3.137898639341266858e+02
-1.738082534666220818e+04
1.252774820514941530e+04
6.363390042067160721e+03
-1.469174484386789845e+04
-4.349122162663975359e+03
-2.281412428676218042e+03
-1.797889724972275144e+04
-9.393393784520420013e+03
-4.029680066776237481e+02
-2.739411584282603144e+03
-2.707405717222399107e+04
1.150679735492086547e+04
1.270971520305110243e+04
-7.051481809057150940e+02
-1.124974957699788320e+04
-5.461342553011855671e+03
-1.848093756228016719e+04
-1.069774351423440930e+04
1.705996018571499371e+04
1.661089651631555171e+04
-1.664452024063255158e+04
1.476552054130263605e+04
2.486564569020627459e+04
-7.841981771074322296e+02
-1.320977569121831948e+04
-2.304020578624422342e+03
2.609987593760872551e+04
-1.773429270469148105e+04
-3.662491656509600944e+03
-9.393559912018403338e+03
-1.366048134313426272e+04
-2.129444857319942457e+04
7.667729411733670531e+03
-2.025187990505639391e+04
-1.458128207830367319e+04
-1.434886904390610835e+04
-1.182121972621972782e+04
-5.965455315842938035e+03
-2.726958410095166255e+04
-2.260035234384893101e+02
-9.576340033053027582e+03
-2.147128217298857635e+03
2.183088223224339526e+04
1.280757551525356348e+03
-2.474621320835231381e+04
-9.462580375118586744e+03
-5.927929633790950902e+03
-4.976192572722334262e+03
-9.652713357173193799e+03
-1.189864703578395711e+04
-1.967177199901166750e+04
-2.589892251156029670e+04
9.382199828053496731e+02
-1.434907298125026682e+04
1.024297338706112168e+04
-2.234035112332516655e+04
2.771876656189493951e+04
4.812151416800537845e+03
-7.195447643769414753e+03
-2.401053317648872053e+03
1.829163463200137630e+04
1.279844610063716937e+04
-3.850578954666229947e+03
-2.267303293507256058e+03
2.177597561062742898e+04
-3.235877785529293760e+03
7.184604583138674570e+03
4.817840191695461726e+03
9.033443583182821385e+03
4.832869329685805496e+03
2.240421838670547004e+04
1.225473027083298075e+04
1.778786765899560123e+03
9.593439711694278230e+03
-5.680414941642408849e+03
-1.332529788644550308e+03
1.020053310784829046e+04
-1.489774665842766626e+04
-3.168935002674634234e+04
-1.598685181569673296e+04
2.100621106666246123e+04
-2.872332691295383484e+04
-1.112887602666970815e+04
1.739487363743138121e+04
-2.109790176507355500e+04
-3.842711965979167144e+04
-5.353777394610214287e+03
7.678821699180713267e+02
-9.940744588712261248e+03
-3.222024668410753293e+04
-1.477890886548283561e+04
-2.730814136961772965e+04
-8.808913635888888166e+03
-7.132186003876687209e+03
-8.818719833366016246e+03
-1.199351662892513377e+04
1.613080999447713657e+04
3.008547684538621979e+04
-2.574096100482336260e+04
-1.174848819304480639e+04
5.235219371677371782e+03
-2.297417475363522317e+04
-2.850809239926936061e+04
4.511172451202087359e+03
8.291195362407343055e+03
-9.783238628658811649e+03
-3.596125406271772226e+04
1.232484505113323394e+03
3.295710132629679265e+03
2.901823881059085761e+04
1.976380244890301401e+04
-1.245430416704649178e+04
2.592224444378111366e+04
1.192854071763721549e+04
1.285108924335855227e+04
2.696573752788448019e+03
-3.664165798893895499e+03
1.541143731274225502e+04
5.054443737279453671e+03
-1.963125476565293138e+04
1.139146718437382515e+04
-3.574878264857337490e+04
4.355927862990840367e+04
-9.398408604875639867e+02
-4.490539812418361544e+04
-4.746448452030446788e+03
-2.478989439069920627e+04
3.481162156027632136e+03
-1.830754810834269665e+04
-7.111357181123684086e+02
-1.485575635278687150e+04
-1.878098784086289243e+03
-3.145564786942537103e+04
-9.542278928786960250e+02
-3.872496513092151872e+03
2.130773174117916278e+04
-1.071101895475855235e+04
-1.236139403342336482e+04
-5.972567959117141982e+03
2.090264349923829286e+04
-5.857355749294969428e+03
-1.460584861979097013e+03
-1.054482334391633594e+04
2.078855547093313362e+03
3.161866445624980406e+04
-1.286984860124148508e+04
-7.280365253557502911e+03
-5.630397136444519674e+03
3.938142076256033761e+04
2.563982424131803054e+04
3.834503817999838066e+04
1.184145005545069580e+03
-1.981644019877221808e+03
2.266416681441809487e+04
-1.607524273557750348e+04
4.637946583660221478e+01
4.487122280057825265e+03
-2.518945965119655011e+04
-1.105805975349428809e+04
2.532746541065415659e+04
-1.040142588456900012e+04
-3.158787832595600776e+03
1.412897611042280005e+04
1.297936310763342408e+04
-2.873980770269955428e+03
6.456753035614122382e+03
-1.508345364830492326e+04
-2.906065430416849267e+03
-1.436479279881957154e+03
1.710250068783553434e+04
-2.931792396206687954e+03
-1.260769432893194062e+04
7.161678724038511064e+02
2.863863446745347028e+04
2.689159744087676700e+03
-3.180510753140355973e+03
9.241053895691860816e+03
1.206290854924532141e+04
4.544019368175066120e+03
-1.553925596409989157e+04
-2.304323464651952236e+04
-9.889023964590442120e+03
5.581432276565112261e+03
-4.141848643134392660e+03
-3.778548733390260168e+03
-3.918881318149255821e+04
1.859053158652531010e+03
-2.270662164510499679e+03
-1.661383428192328211e+03
1.135440218552337683e+04
2.771737384770367862e+04
-2.544356478688732750e+02
-7.334075574639241495e+03
-1.258693824762988334e+04
1.785086811681140534e+04
3.141367656989241368e+03
-7.133675376218002384e+03
-7.693120791643257689e+03
5.860119123691527420e+03
-1.189226591677621764e+04
3.735598778569741398e+02
