-8.806706928860337939e+04
4.535791749122029432e+04
-3.840678753080533352e+04
8.517193573270789057e+04
-7.630424339045297529e+04
-1.343833380237491474e+04
-5.207891237329448631e+04
1.723726969312662550e+04
-8.348326295844413107e+04
2.039127047917426808e+03
-8.149321318521779904e+04
-8.523384444383389200e+04
-1.313776867255708567e+03
-3.997666486256784992e+04
-7.569145264795693947e+03
-6.239823735154575843e+04
-5.402775822092388989e+04
8.016613205658577499e+04
-9.750387817224230093e+04
9.456017534850710945e+04
7.579254300259613956e+04
-5.044708349754509254e+04
-7.215418184514741006e+04
6.502057635598391789e+04
4.038995770607582472e+03
3.095767318490457910e+04
-4.716496470552501705e+04
-9.588442452486217371e+04
-3.609663847260476905e+04
-8.573762184222726501e+04
-8.948012083058437565e+04
-7.645879196464653069e+04
8.150541590423435264e+04
-7.894901581668856670e+04
-2.192916322259178196e+04
-4.597778901094845787e+04
3.864695607672743790e+04
-7.665275788350609946e+04
-9.679938222295213200e+04
-6.584766578655446938e+04
-5.747575659668256412e+04
-9.711098457916901680e+03
3.860365627023229899e+04
-4.430128932716464192e+02
7.748029733122095058e+04
-6.587908485900463711e+04
7.102248762932942191e+04
-9.292261179815547075e+04
-1.812558930733284797e+04
6.096668069122135785e+04
4.982793396665693581e+04
9.594236551745911129e+04
-7.058907866113008640e+04
8.492718280052935006e+04
-4.958984821122310677e+03
7.198551829143689247e+04
-8.424349622837797506e+04
-2.177566368658191277e+04
9.662755265442475502e+04
5.747297538993399030e+03
9.178195346721085662e+04
-7.261465179598490067e+04
-2.933607570532671525e+04
-2.729330927003848410e+04
6.482249709387763141e+04
-2.260016111691693368e+04
9.940017913920225692e+04
-9.121433849615170038e+04
-6.307971781628845201e+04
3.986974980853788293e+04
-8.074920418198121479e+04
-6.654052195349210524e+04
2.046807739486803939e+03
-3.934185734207678615e+04
-1.077947295462118018e+04
-1.670577479227527510e+04
3.380754238765119226e+04
5.081663246814676677e+04
-1.180339007104839766e+04
2.082127563927639130e+04
8.345312385324896604e+04
-6.178971735941169754e+04
3.629370406363998336e+04
-8.571877679404529044e+04
5.673395084351121477e+04
-7.250383837679318094e+04
3.891397995140976855e+04
-9.764602375816795393e+04
-1.546596200050575499e+04
-2.335755466930578768e+04
6.514707203401195147e+04
-9.796333907040904160e+04
-3.273470684572228129e+04
7.504495496352332702e+04
1.753517355104263697e+04
9.582453970368826413e+04
-8.105625804172923381e+04
-6.019526110920510109e+04
-6.803913942683264031e+04
-2.883309309643062534e+03
-4.685087657165835844e+04
1.114379750418667754e+04
5.529311273141258425e+04
-7.898678492613932758e+04
2.222366988415442029e+04
7.856533279171951290e+04
4.924734804861396697e+04
-2.391758969364957011e+04
-6.994885397620566073e+04
-5.854959780410270469e+04
-7.116784949381882325e+04
-1.631693000537505941e+04
8.480663219696734450e+04
-7.003020208289586299e+04
4.510960370612188854e+04
-4.997252145424662012e+04
1.667399449815352637e+04
-6.155136086937924119e+04
-1.465737479367428023e+04
-8.138757828254261403e+04
7.320455528092950408e+04
-9.508844530806325201e+04
7.556159734543708328e+04
-9.537353232951370592e+04
7.246288174727355363e+04
1.527370002216799730e+04
-4.673623652549440158e+04
-2.225493506836525557e+04
1.052512180321512460e+04
4.664901529141526407e+04
4.065193308998420980e+04
6.118967316599482729e+04
4.877764411090272915e+04
8.052564181932219071e+04
-7.828705313901834597e+04
-9.865373951244687487e+04
7.279039628359591006e+04
-6.080443395842837344e+04
5.334785214320208615e+04
-2.632547745234535614e+04
-7.463612204419508635e+04
4.825778432806444471e+04
-2.478194323630700092e+04
5.943056119816152204e+04
3.618538179097812099e+04
-7.481876463787745161e+04
-1.011483238668784543e+04
7.031511077593885420e+04
-7.666068070901080500e+04
4.003893953238628455e+04
5.572311017706249550e+04
9.683907908107155527e+04
9.483718121989234351e+04
8.031114115381853480e+04
-9.640691438814380672e+04
1.938536941446888159e+04
4.941123395718770917e+04
-2.406827461245804079e+04
9.458929286727675935e+04
3.043267725309876550e+04
-8.138404971111039049e+04
-5.404756311248759448e+04
2.520531635116025063e+04
-3.387220315098127230e+03
-9.834022020536682976e+04
6.996286061896006868e+04
-2.462847670108495004e+04
-4.951453042306709540e+04
-5.396648717925899109e+04
-6.811099234580608027e+04
-7.727083912629327097e+04
5.633905613187537529e+04
2.859585550686023271e+04
2.439444896426428750e+04
-8.259223079106176738e+04
2.587925289715805775e+04
8.352880735123522754e+04
-5.302461783551571898e+03
3.084416892594037927e+04
8.768844645821020822e+04
8.454913637861187453e+04
-3.251029513829912685e+04
-9.438726856702136865e+04
-9.525806173908176424e+04
-6.643668993729932117e+04
-9.353456872356924578e+04
4.940399788712826557e+04
1.023355455421587067e+04
8.041780331442374154e+04
-1.040517050856937931e+04
-3.193335298604620766e+04
-7.464509897688927595e+04
4.733987009630352259e+04
-5.195808861687534954e+04
-3.204114379709868808e+04
2.327272099788618561e+03
4.245264344212936521e+03
-2.257845760513849382e+04
-8.733859960622810468e+04
-7.229694982868930310e+03
9.795054138906612934e+04
-2.108999215155394995e+04
-2.686056762818388961e+04
5.327261478517929208e+04
-1.019654233940194899e+04
-9.058561348033626564e+04
2.208128448737634244e+04
-7.465153319855117297e+04
5.890750111840222235e+04
2.676820306692577287e+04
-4.862301348017236887e+04
6.913467552352340135e+04
3.974030783540878474e+04
6.725600941032591800e+04
3.276160539441651417e+04
-1.947841854464437347e+04
9.065411485687365712e+03
5.804217454445963813e+04
-9.646321100987450336e+04
6.092613008047808398e+04
5.761965824594242440e+04
6.953788414078553615e+04
-3.082302227510311423e+04
-1.495205459414970392e+03
8.541337051165275625e+04
1.989557856010503019e+04
-9.378440905882143124e+04
4.931828618091632234e+04
-3.542123520607044338e+04
-9.812626794139745471e+04
8.068045624248259628e+03
-5.407426885124144610e+04
-2.466209096186777060e+03
3.729812375020440959e+04
1.522881477495653598e+04
-1.962976088946723758e+04
6.545940907177876943e+04
2.395518076367294998e+04
7.766175808044294536e+04
-1.686441413104063759e+04
-1.595628311837207730e+04
4.175591158330866165e+04
5.150832872289428633e+04
2.024875683627707622e+04
8.053354371987124978e+03
-5.681182235775192385e+04
7.067639838644595875e+04
-2.019013429340670700e+04
5.571024540169702959e+04
7.905972181083042233e+04
1.917921508635596547e+04
7.925547486194476369e+04
-3.013393327713739563e+04
6.485323404006542114e+04
7.943352272929798346e+04
-4.781070732120727189e+04
1.211483085737393958e+04
1.173119012975410988e+04
-3.043144322751870277e+04
-3.117091572400702717e+04
5.296405371883515181e+04
-5.905479477695136302e+04
3.120616448175735059e+04
2.934737462596641853e+04
8.366114064122602940e+03
