-8.301854473331022018e+04
1.196751090918913906e+04
2.594857477972911875e+04
-7.864770443341741338e+04
-9.296185050860491174e+04
-9.083191861860333302e+04
-9.860569551711580425e+04
1.838214870342327413e+04
-5.035941220217973751e+03
5.540366801892735384e+04
4.708213372254770366e+04
1.828997203770473789e+04
-3.046491393509062618e+03
-8.955704336895796587e+04
-8.031994060236556106e+04
3.418461894556460902e+04
-7.432875253440908273e+04
-3.073747813945698908e+03
3.349471753104313393e+03
-6.814662724590623111e+04
2.264665404880485585e+04
-1.939624434205921352e+04
6.951257187314704061e+04
-6.384123353469178983e+04
2.904580380053519184e+04
1.590109388684127771e+04
-3.037622170321805243e+04
-4.655354805233647312e+03
5.588195075323776837e+04
4.143170625205122633e+04
8.411419224754245079e+04
-3.366476216787421436e+04
-7.520318503874163434e+04
-3.143546693802749724e+04
-7.414043255058981595e+04
5.684732284576447273e+04
-4.661176084882936993e+04
5.315068870294736553e+04
9.064955198916226800e+04
-6.861354462446352409e+04
9.747650704041761855e+03
8.186011992229410680e+04
-7.611398807883134577e+04
8.121150363018573262e+04
7.334935969900735654e+04
-4.873421395626720187e+04
-5.051490103512683709e+04
9.842207953502066084e+04
5.108560874470785348e+04
5.675758769049815601e+04
2.548105392790719634e+03
-6.103897385087108705e+04
4.169572034454462846e+04
-4.126997461475374439e+04
-6.911138244480393769e+04
-4.568149101762603823e+04
9.692521458260895452e+04
4.136510657011441799e+04
3.004614506939584317e+04
7.140568392263806891e+04
-7.541932102395924449e+04
3.068845355591088446e+04
1.686354717716433879e+04
8.817866863564609957e+04
-8.397053044172680529e+04
-5.227413023485341546e+04
4.209305796416002704e+04
9.965768810208264040e+04
5.772818801557461484e+03
-6.379654332789820182e+04
-6.373374677871232961e+03
4.844238481070369016e+04
1.934633001484093984e+04
-7.363536930349297472e+04
-5.032668570265846938e+03
3.172044177567699808e+04
-3.488420523909330950e+04
8.378353789343987955e+03
-4.257844156308433412e+03
6.683259214421059005e+04
-1.850313841919014521e+03
-3.858983755243831547e+04
-9.218167352271090203e+04
-2.590955332744118277e+04
8.778360626296924602e+04
3.375168066326374537e+04
-9.676368647131991747e+04
7.259273071389274264e+04
-8.792123347730260866e+04
4.898869753796385339e+04
1.490192205610776909e+04
5.661293555026407375e+03
3.331526024710220372e+04
7.137241575976175955e+04
-7.176848937537311576e+04
5.964160183997046261e+04
-1.408556939372281886e+04
9.870471160911089100e+04
9.409551132229957148e+04
-9.994219713367840450e+04
7.493069393154501449e+04
8.818492731234700477e+04
-2.747995702631439781e+04
-6.104131167750983150e+04
-2.535546032138677401e+04
-6.393214253989666759e+04
-6.609714688877240405e+04
-4.227591896606383671e+04
-8.617416856231010752e+04
5.871617896427425876e+04
-1.905293432013807251e+04
-3.538288075946136814e+04
2.283388229060103185e+04
6.443296944874258770e+04
-1.946374902406275214e+04
-3.489411246081988338e+03
7.616483747529413085e+04
2.988789037940421986e+04
-9.913443501304555684e+04
-3.096132371494782637e+04
9.424293328886733798e+04
-3.715982073074470827e+04
4.986237574229032907e+04
-1.089279794117619895e+04
8.523578257999150082e+04
-6.435126916635323869e+04
-8.500995984607288847e+04
-7.340002950041426811e+04
-7.968615898216945061e+04
7.903344298405997688e+04
-7.615100070548821532e+04
1.540263177388742406e+04
-6.432009012082011031e+04
-1.757168120364444985e+04
-6.160770163938366022e+04
-7.841151723795759608e+04
-7.519728668073576409e+04
1.820823874092465121e+04
-4.422318757003777864e+04
-9.117997866046949639e+04
9.385707545168379147e+04
-8.057618799056725402e+04
1.104293927980625813e+04
-5.714864900211596250e+04
-5.875819593972504663e+04
5.081129744928108994e+04
5.546911698687989701e+04
-2.596516209112588331e+04
3.166559928955001305e+04
-8.356917856560109067e+04
4.222386744485481904e+04
-2.878892624709158190e+04
-2.401213026144115065e+04
-2.593019074560096487e+04
2.808508168414338797e+03
2.846742243188384964e+04
6.306814955739353900e+04
-7.567343286572225043e+04
4.070204861909483952e+03
4.156354916747972311e+04
5.731529353224454098e+04
-7.866740436566009885e+04
-4.412884758488215448e+04
5.256244993998170685e+04
-6.809092215967069933e+03
3.946908870068313990e+04
-4.914765140030589464e+03
-8.729577150588597578e+04
-4.244631394920655293e+04
-7.734391932170020482e+03
6.398946526184378308e+04
-9.384693150155752664e+04
8.062249519306657021e+03
-3.868615095977037527e+03
1.946246485130314250e+04
6.756776441630253976e+04
9.636627484890726919e+04
1.478977499709179392e+04
6.674496176863464643e+04
-6.324345550075436768e+04
-6.199557640807654388e+04
8.845276422372388652e+02
-4.237711701751081273e+04
3.340973267089412730e+03
-9.355296879095307668e+04
-8.972719745215719740e+04
-1.012898772448533418e+04
1.858657426195734843e+03
-4.326940778639866949e+03
5.003310066712707339e+04
-6.609688713698720676e+04
-1.945451930420583813e+04
9.258822863570490154e+04
7.086696083071928297e+04
4.181626013786200929e+04
-6.115209184280908084e+04
-4.160753587063869054e+04
-8.727282759352057474e+04
9.721035017776858876e+04
-8.558107212142410572e+04
9.016092611338090501e+04
-3.182462548541225988e+04
6.304963311501865246e+04
-3.975305480197573343e+04
5.279484888220176799e+04
4.669256495828022162e+04
-7.900128554499713937e+04
-6.569872037826869928e+04
5.560401535883848555e+04
-1.809701595948411295e+03
-2.726269353072431113e+04
-3.867380382831296447e+04
5.847704841596986807e+04
2.671572574610834181e+03
-3.244266735310275180e+04
-2.389070958780773799e+04
4.540933862180481083e+04
3.442461866612488666e+04
8.831257799513584177e+04
4.490585286147341321e+03
9.089920979353057919e+04
-9.230237616966386850e+04
-6.238214195967501291e+04
-1.124175290288825818e+04
-2.529654675172420320e+04
-3.793379944864388381e+04
-2.299931986199000312e+04
-9.744318355106003582e+04
2.050647950283326645e+04
5.080208870536254835e+04
-6.336251625984902057e+04
-3.345569728732352087e+04
6.794814173633686733e+04
-8.179755593931963085e+04
-3.677693614455445640e+04
-2.416578496903561245e+04
-6.728164737230270475e+03
9.135751182660878112e+04
1.769472870472543946e+04
2.759541516033012886e+04
9.881862106984991988e+04
1.913440723769674514e+04
3.592320930143952137e+04
-6.429594271633073367e+04
-9.897364709189742280e+04
-8.987094967179774540e+04
6.649350722826072888e+04
9.373736531727391412e+04
8.532900585663880338e+04
8.760408761825198599e+04
-5.098612538559386303e+04
-9.036859152854398417e+04
-5.333216763850552525e+04
9.959826472719848971e+04
5.760910153122268821e+04
-8.754734134053620437e+03
3.181329743775380120e+04
4.293018281096198189e+04
-8.306702487227655365e+04
-2.512848726015459033e+04
3.677005352197608590e+04
-8.509936407478888577e+04
-2.178543876796387121e+04
1.924984672430146384e+04
-5.274485672113979672e+04
