-1.739493886456406835e+04
-1.547462416629701693e+04
3.454650282658893411e+04
1.788161660693614613e+04
2.360384378412268052e+04
-6.475237200386605764e+03
-1.764453589262177411e+04
-6.650982609576042159e+04
-1.127113553378572760e+04
2.324234742684560842e+04
-7.698199349223118043e+04
8.607901483337060199e+04
-2.857169153153910884e+04
2.977576090510454378e+04
3.509353128465737245e+04
8.679613340660784161e+04
-6.112343366833630716e+04
-4.229386892780213384e+04
9.387790288904641056e+04
-6.452470070746581769e+04
7.164384754466131562e+04
8.718777138481258589e+04
1.730119787095023275e+04
5.986800687413092237e+04
-7.753744935761827219e+04
4.411589581912742869e+04
-1.794834967406300711e+04
-8.797825253287341911e+04
4.587735974889995850e+04
-2.254620582800493867e+04
-9.356138841035476071e+04
1.315980368037285189e+04
8.755110370359239460e+04
-3.044172489518808288e+04
-6.891754688251005427e+04
3.800407838012357388e+04
-4.855838538638392492e+04
-5.776441833704596502e+04
8.501834346498141031e+02
-2.082988872220554185e+04
1.297258693791517180e+04
-2.796903166997032531e+04
-5.938569243589746475e+04
6.119316384144746553e+04
-5.966663056105732539e+04
-7.433717910550495435e+04
-7.961714671925469884e+04
4.400149191066795902e+04
8.017226190834987210e+04
8.775850639395859616e+04
-4.632115817778078053e+04
-2.684053375057707672e+04
5.831684708377974312e+04
-6.378649528817790269e+04
-8.416794261548272334e+04
6.313292060558896628e+04
4.571295994696544949e+04
-4.877818529037463304e+04
-3.006699143567993451e+04
5.192945859246392502e+03
6.316332261979108443e+04
7.540433502103913634e+04
-6.199727205364527617e+04
7.309567092543694889e+04
9.974887932963659114e+04
-3.035120658736631231e+04
-5.443393817976348510e+04
3.718771543091828789e+04
8.519143910586363927e+04
9.105361738895559392e+04
8.127034459011034050e+04
-3.253389898314469247e+04
-8.296189858972332149e+04
7.972640641265863087e+04
-5.122025454662716220e+04
-1.856512758391427633e+04
7.288066239333855629e+04
1.466778918952302229e+04
-5.269648553670886758e+04
4.475271154305685195e+04
9.640906329173593258e+04
2.874631574712795191e+04
9.099775882507178176e+04
-5.957084193865823181e+04
1.564081920360043841e+04
1.181923026760001630e+04
5.055615214136090799e+04
4.880199518778912898e+04
-1.127711743685561851e+04
-3.623183522290507972e+04
3.819125585932919057e+04
-4.596114248965286242e+04
-8.502274971282120532e+03
9.404678142683865735e+04
5.283363302914207452e+03
3.840966155409220664e+04
4.408755884723372583e+04
-6.948162753235684067e+04
-1.664156225405517034e+04
-5.114304164548190602e+04
8.597872774119778478e+04
2.899506378173745543e+04
8.697011788463735138e+04
5.677858179457754886e+04
9.564984207378924475e+04
1.697934404392273427e+04
8.267903635006495460e+04
-6.145506694238301861e+04
3.996001053026778391e+04
5.867831786652253504e+04
2.304481440940759785e+04
5.445983336161254556e+04
4.781195072101482947e+04
8.556961244170579448e+02
4.970818687873509771e+04
-9.955352568651757610e+04
-2.387931441322681349e+04
-1.521221502742063194e+03
7.466685660537164949e+04
-6.532193295534022764e+04
-8.541660282220604131e+04
6.542603883611922356e+04
2.996424920810484400e+04
3.933845692957485880e+04
-9.811474352190607169e+04
-2.547644161416877614e+04
-8.384959542660431180e+04
-3.025453579605929190e+04
-8.125083811156761658e+04
5.713710015456809197e+04
6.006206309064176457e+04
2.119232259444852843e+03
7.287848106874058431e+04
-4.712750573519768659e+04
5.562209807651159645e+04
-1.449556561517045157e+04
9.349216884563470376e+04
2.230638927546721243e+04
-9.897701412476417318e+04
-8.883981338436342776e+04
-7.604632355351903243e+04
-6.183663074721361045e+04
5.897316952583952661e+04
-4.659609532563072571e+04
6.434757643699836080e+02
5.008497840873929090e+04
2.377301110711332967e+03
4.987388113291942864e+04
-8.802652088387013646e+04
2.945109775661024833e+04
-4.882393973695584464e+03
6.135289592247783003e+04
-9.639279242594692914e+04
-5.787690419710546848e+04
-8.691191026939070434e+04
5.872622658043602132e+04
1.255849984263545775e+04
7.632834670929596177e+04
4.894384839437103074e+04
-1.372099385837312730e+04
3.629597406432322896e+04
-3.312124646134010254e+04
7.582499959149074857e+04
-7.111825429988696123e+04
-6.195849160674936138e+04
-3.646753361519740429e+04
8.927239215494808741e+04
8.300951546237696675e+03
-8.272322370042289549e+04
-3.175947040377345274e+03
-9.017109080400840321e+04
-7.038300783266128747e+03
-4.519125616685955174e+04
-7.664831715867623279e+04
-9.718192220492764318e+04
2.107441200614501213e+04
-9.778162153663797653e+04
2.646157960493331484e+04
-6.230207770383633033e+04
3.934630759869310714e+04
-9.882802923130159616e+04
9.739443983913525881e+04
2.758757439733669889e+04
-7.522855636758948094e+04
-5.370476208837506420e+04
7.925370790579695313e+04
2.460410414202412994e+03
-7.237201142345886910e+04
-2.391669888894855103e+04
2.589776566988511149e+03
-8.304413970312880701e+04
-5.848613789176224236e+04
-9.747921755821295665e+04
-4.271586398843395000e+04
3.186248278113576089e+04
-5.862110002491690466e+03
9.136338598554302007e+04
6.160797339160081719e+03
-7.706720810976228677e+04
5.921347051973799535e+04
-2.315091853607748999e+04
-7.098833039188223484e+04
5.322009613011772308e+04
-1.899421663761004311e+04
-8.654976810829191527e+04
-2.617057902510952044e+04
-9.669622232598128903e+04
-2.733789030478222048e+04
3.699621557458371535e+04
-9.988461155930352106e+04
-3.951411881714416813e+04
-1.336776870491482077e+04
-2.600904460270663185e+04
9.367440881974421791e+04
9.550810915720547200e+04
-2.137429140012997232e+04
-4.871797893639112590e+04
4.354863246571295167e+04
7.328516487703697931e+04
4.948303011060864810e+04
-5.183153676030894712e+04
3.217152924903046005e+04
7.605107354235302773e+04
9.063537797492924437e+04
7.494421410457665843e+03
3.862816870392729470e+04
1.464325138173658706e+04
-9.262966466184817546e+04
7.501706086342764320e+04
9.280825064201638452e+04
-6.255347613919413561e+04
-5.835719803376015079e+03
7.077309740213974146e+04
-3.250598446821103425e+04
-7.106358009534129815e+04
-4.514818982168367802e+04
1.915418013250207150e+04
4.595505624338979396e+04
-6.148372929394618404e+04
-7.599458543163177092e+04
1.841248361016138733e+04
1.244690389134400175e+04
7.674461031910791644e+04
5.469419036098286597e+04
-3.758675225309909001e+04
-5.385101446399194538e+04
-1.318291737012589874e+04
9.571919387138441380e+04
9.015530797142440861e+04
4.302913591541499773e+04
-8.953062512477103155e+04
-7.161670005468666204e+04
5.029547458495035244e+04
7.548295350597855577e+04
-1.294917258674381810e+04
4.392405346915039991e+04
-4.697184320194972679e+04
1.698184382363921395e+04
3.177660602751775878e+04
-9.767101405726671510e+04
1.377852197785768658e+04
-2.259941718614993806e+04
-6.120775278886415617e+04
5.273542623330000788e+04
-2.768591346197271560e+04
