5.238242451329431788e+04
2.638494036695785690e+04
8.836960244627726206e+04
-4.099980432017725252e+04
-2.369663293820015679e+04
2.915290227184566902e+04
2.388903717620071257e+04
-6.023030172392411623e+04
-7.361433959180473175e+04
-9.266563569616590030e+03
7.034790861326016602e+04
-1.040751617098190565e+02
-6.934894270404578128e+04
4.654430794037055603e+04
-9.388496102770886500e+04
8.870798723985826655e+04
-6.595340579999124748e+04
-9.082570477195671992e+04
3.980837067371292505e+04
2.114732583098278337e+04
2.519314074685950254e+04
-6.604580789615311369e+04
3.054919841959312907e+04
7.628526373832306126e+04
-2.967859131139369492e+04
3.278473636868593894e+04
-8.324666736859628872e+04
-8.112685966596037906e+04
-3.152407367294112919e+04
4.858490421773372509e+04
8.227648339538935397e+04
3.618050192854015768e+04
-9.279523010325052019e+04
-5.753982061502947181e+04
3.658853938531735184e+04
5.402670237153487687e+04
-1.329260633333350052e+04
1.007025362465874423e+04
6.499099607417763764e+04
4.405226377869631688e+04
4.607855623619965627e+04
-2.220535088791275120e+04
-7.224473131809927872e+04
-6.082855625887819042e+04
-9.533494911950566166e+04
-8.783625596795472666e+04
6.334138860120184836e+04
-1.521676371209119316e+04
-4.180916966843162663e+04
-1.773947057977957593e+04
8.668902448684429692e+04
2.789009371701096825e+04
-4.084121083064539562e+03
-1.477291538836476320e+04
-3.370396477451803366e+04
7.043809920612486894e+04
5.415257012899054098e+04
3.698236555114590010e+04
2.656431027152094975e+04
-9.925613444959995104e+04
6.701712539356539310e+03
6.701392395040968950e+03
7.636981357747688890e+04
4.592299217848806620e+03
6.832679478232980182e+04
2.398736232112031303e+03
6.019116329973471875e+04
-7.390157042787112005e+04
-2.136186980665494048e+04
-3.016321022191837983e+04
9.251955792127811583e+04
-5.997312780918497447e+04
-3.635483044096962840e+04
5.503595439711229847e+04
-9.818303091625537490e+04
-9.487662877883399779e+04
-5.012339084336459200e+04
-1.755739340631965024e+04
8.994086003974091727e+04
-8.673579682288996992e+04
7.003284721642620570e+04
3.457853487631725147e+04
-8.406989363911836699e+04
6.867837503986584488e+04
5.049387110089555790e+04
-2.533488693695579423e+04
-9.798797979115023918e+04
9.574293065338373708e+04
1.793756653694241686e+04
4.746934644174356436e+03
8.085107604044162144e+04
-9.490427202216525620e+04
9.302944656314166787e+04
-9.148212969652350876e+04
1.202518092768179122e+04
-2.442537241383290529e+04
-4.354920775835766835e+04
-6.200016399983378506e+03
-3.826547764101417852e+04
-1.478896766422262408e+04
-4.102412213614439679e+04
-6.699266620828461600e+04
-3.103327080537174697e+04
-4.130414774798481812e+04
3.579084853644753457e+04
4.406291669335450570e+04
-7.786088833726382290e+04
3.174221713599453142e+04
-1.264244422068159474e+04
7.629069299897931342e+04
-6.499224185822141590e+04
-9.085070840067362587e+04
-9.671791562237754988e+04
2.112253213299291747e+04
-9.678278042245536926e+04
5.967092683060051058e+04
9.293890196962861228e+04
6.887088919338061532e+04
6.139229368285210512e+04
8.997214052678844018e+04
6.971003771464576130e+04
-3.404533406085280876e+04
2.586496128780471190e+04
1.506179648415188240e+04
-1.989080535759129998e+04
5.712539336499003548e+04
-3.433684434301492001e+04
-7.326651963947982586e+04
4.785700804257836717e+04
1.381248943658653843e+03
5.580751032417421084e+04
-9.642958351484834566e+04
-3.787468651361877710e+04
5.808130772838120902e+04
2.155387308001584643e+03
-3.423869140497638000e+03
5.491197550469145790e+04
-7.031900440308728139e+04
2.427106069167806709e+04
8.858206766177352984e+04
4.220272451221211668e+04
6.450027111878510186e+04
8.550791336629875877e+04
1.476167003286544787e+04
-1.999692372549765423e+03
3.826933603605028475e+04
4.757055058031584849e+03
-5.107595606727196719e+04
3.572459171762633923e+04
8.102838490772682417e+04
5.170589724151711562e+04
2.642222460233217862e+04
-3.619747148626934359e+04
7.203912129160649783e+04
7.508369892793556210e+04
-7.631330677307999576e+04
-4.562834683601331926e+04
4.005263858188962331e+04
-4.466880541021350655e+04
-2.206853837348703019e+04
-5.242141266985044786e+04
3.225642736026798593e+04
-9.319855659937861492e+04
-3.843768376291273307e+04
-5.108761046416537283e+03
-4.693874447493396292e+04
8.324234911799823749e+04
1.018995610606947230e+04
-1.509298517565549628e+04
-1.623878987779146883e+04
3.737122983499164548e+04
-7.114796799916823511e+04
1.897802292777729963e+04
-2.164514926639510668e+04
-5.267838212276191916e+04
5.590211590192656331e+03
-3.090106046199480625e+04
-2.556855762919435801e+04
1.352950701970993578e+03
-1.166939658560545286e+04
5.677558434613393183e+04
-4.959836124651544378e+04
6.249802460353806055e+03
8.390589983957439836e+04
3.509637829223715380e+04
3.021160218526335302e+04
7.917471533406166418e+04
-2.013243673225407110e+04
4.032301194665348157e+04
4.859142616816223017e+04
3.823739010661357952e+03
-3.265683676447406469e+04
-9.515382414761242399e+04
3.007068371006408779e+04
1.526662049149959785e+03
-1.380258559539374073e+04
2.048332693833521989e+04
5.269196558020786324e+04
6.807748647775020800e+04
4.998645030623256753e+04
-1.635745654697185091e+04
-1.172392663082993568e+04
6.469171110341476015e+04
1.162145639651012607e+04
-4.179760557219692419e+04
-3.653045241529280247e+03
6.699119799768505618e+04
-6.778409626720283995e+04
-6.241617249719567917e+04
6.087054880016163224e+04
-1.436679821358679328e+04
-6.177688842566835228e+04
9.903138126135300263e+04
6.429049757320787467e+04
1.984359601690602358e+04
-2.628911688167679313e+04
5.728363577444580187e+03
2.541453489243800504e+04
-2.246505422195141364e+04
3.500225012800156946e+03
-9.604746390771548613e+04
-4.446257590210080525e+04
9.930851093640269028e+03
6.359825843546199758e+04
7.627963232758772210e+04
4.034648310630666674e+04
7.103157624554152426e+04
-7.055354715748471790e+04
-2.337102675338727568e+04
8.324613696067003184e+04
2.283039346498899977e+04
3.027111485078518672e+04
-1.883173400059029154e+04
2.200483802790680420e+04
3.140748119337710523e+04
-3.101442612716278745e+04
1.071780929795637348e+04
-4.357060618707362300e+04
4.060462414438246924e+04
2.589048413108300156e+04
-5.163456680133702321e+04
3.745714110216769041e+04
8.761056892502852133e+04
9.364828261748173099e+04
8.017892336388297554e+04
-2.393366226877897861e+04
-1.687634434625320137e+04
5.945604858776394394e+04
8.993667103351906462e+02
4.777226515098202799e+04
9.397060312966847050e+03
-1.728696911136655399e+04
8.088786809180489217e+04
1.652187437665704238e+03
-2.563167890174423155e+04
-7.122511206066687009e+04
-3.458289742746724369e+04
3.636182732869962365e+03
6.829115413167196675e+04
-3.274510868012238461e+03
-9.758761487640767882e+04
4.698679226921734517e+04
8.500334069614560576e+04
1.522426264318436915e+04
-5.929708611067913444e+04
