2.130135770536772543e+04
-2.227854777268448015e+04
-9.789059363233831391e+03
7.632995455183410377e+04
5.210744471091350715e+04
2.352566356659674057e+04
-7.152535383311996702e+04
6.552147351123566477e+04
3.697356400650440628e+04
-8.835375199302467809e+04
-6.883765835085143044e+04
-2.955716563752637376e+04
-7.772639659352047602e+03
9.820125281815386188e+03
9.518201471209447482e+04
9.176874171970495081e+04
-4.042526017890367075e+04
-8.233681094524094078e+04
-6.944660350826605281e+04
7.275965209371443052e+03
-7.640372492648047046e+04
3.126090418663564196e+04
5.198940899575609365e+04
9.003819589527182688e+04
-7.943347518738324288e+04
-6.838317164086679986e+04
9.461463584068005730e+04
5.881879196293347923e+04
-4.442023134116753499e+04
-7.048753767779267218e+04
3.169598223616138057e+04
1.197951770586958992e+04
9.493690318083045713e+04
8.297156975696269365e+04
5.743247913142413745e+04
9.389213156098972831e+04
-9.740776200357518974e+04
5.329868741462937760e+04
-5.346178778674781643e+04
5.383860058807302266e+04
5.313083320853875921e+04
-4.471379069655529020e+04
3.885014794851632178e+04
-6.775155989782004326e+04
4.875685970984378218e+04
4.553238612378489779e+04
-9.942577986463863635e+04
3.699500577031068678e+04
6.993241565800874378e+04
5.258384301562431938e+04
6.138752608746115584e+04
-6.829345524850798938e+03
3.750964062897708573e+03
3.981519123855033831e+04
-5.814237879134687682e+04
9.294714369416315458e+04
-4.784939923436650133e+04
8.494404676070381538e+04
-2.643931400868410128e+04
8.999172539163657348e+03
-5.499890497135002988e+03
3.291712128656904952e+03
-7.796700225937127834e+04
-5.727796327804042085e+04
-8.654904271680909005e+03
2.558134525163157014e+04
6.223193198860857228e+04
1.167659668611427333e+04
8.341608477282582317e+04
6.341234028311943257e+04
2.230105158730509356e+04
6.230922165262899944e+04
-5.554201505430558609e+04
-8.746391977476830652e+04
5.762954598434510990e+04
-8.948483523766207509e+04
6.003044017270980112e+04
-3.834447844895222806e+04
-4.026967004343306326e+04
5.968350444072033133e+04
-5.293724391911405837e+04
3.188160807223906158e+04
-4.022439357413760445e+04
1.857703576219109164e+04
-5.339155941668230662e+04
9.395531489857085398e+04
-9.576358038995381503e+04
6.030793648147658678e+04
9.008530400146648753e+04
-1.150065739609567208e+04
4.765695362625229791e+03
-4.810905986307648163e+03
3.880897874307343591e+04
1.514676338720146668e+04
6.079705916907979554e+04
9.439688854953915870e+04
5.483086028562377032e+04
-7.326274570174727705e+04
-1.744384886562532120e+04
8.767275777268136153e+04
6.272839759288247296e+04
-7.342690381278462883e+04
1.356505855474830969e+04
-9.337310158417077037e+04
5.553574552580640011e+04
-8.595522133768507047e+04
-6.126139987473455221e+03
8.867121487647066533e+04
3.050456611196025551e+04
7.168587491372154909e+04
-8.256611535099137109e+04
1.585288122366052085e+04
-6.912434251645881159e+04
-6.786426026520790765e+04
-8.838286022370068531e+04
8.461333692304980650e+04
7.587818462820793502e+04
-6.547919697194566106e+04
-3.709475085933405353e+04
3.006485040905464848e+04
-8.307580196725271526e+04
-3.232490578716780510e+04
8.137498182058085513e+04
9.626407549245998962e+04
-8.375535414943168871e+04
7.605853044002207753e+04
7.515131903954222798e+04
4.005736486136286112e+04
-2.390545693620799284e+04
-6.296364218821454415e+04
-9.244104277845610341e+04
-7.409668668545110268e+04
-1.818058374976809137e+04
7.587561577805262641e+04
1.892110301646354128e+04
-9.564262742179124325e+04
-2.261791997134466874e+04
8.438100033697317122e+04
-2.586172988112624807e+03
5.200033105523188715e+04
-2.395241662644446842e+04
-5.098551249423876288e+04
3.762041078371491312e+04
-5.705211870762056060e+04
6.007001328134949290e+04
6.229882410121172143e+04
-7.567207114733388880e+04
-9.693971943018735328e+04
-6.143633675684846821e+04
-8.432653419945790665e+04
-6.054025600646910607e+04
4.807357809146412910e+04
-1.784581272613953479e+04
-6.687263777171913534e+04
-7.647411912729154574e+04
5.720048701339125546e+04
-2.538402649840830418e+04
-1.452632967502742758e+04
5.470718394982964128e+03
5.107761460643891769e+04
-1.661509196965678711e+04
-6.642255054449653835e+04
3.676780481056356803e+04
-6.756051166676977300e+04
1.662506612510473497e+04
3.686542539367427526e+04
-4.198757346383918957e+03
-2.676339784013822282e+04
-8.906688664997785236e+04
2.293590519074815529e+04
7.478798226406726462e+04
-4.602466325236878038e+04
4.473030426594896562e+04
2.448757141245968887e+04
3.708731953072515898e+04
6.874905497756361729e+04
-4.753190506882355112e+04
-2.174595004016502571e+04
-1.603378215309525331e+04
-7.796002522306291212e+04
-6.958515671665003174e+04
-5.394441572658900259e+04
6.340666962571551267e+04
8.508767464869380638e+04
2.500793569584841862e+03
-8.322009044360107509e+04
-5.316949248163286393e+04
7.814986834707282833e+04
8.631518570801608439e+04
4.209852073448942247e+04
-9.255848672727891244e+04
-7.592510414679936366e+04
-1.005951942100077395e+04
4.636820956502607442e+04
-3.798031546339482156e+04
-9.331298734657416935e+04
-7.964709400311928766e+04
-3.919309737196663627e+04
-5.992389319856460497e+04
-6.933924833842714725e+04
-8.170953758640626620e+04
-3.785616468750705099e+04
-8.465024798726866720e+04
5.731794274686359859e+04
9.524013965140881191e+04
6.037521874366667362e+03
-6.833996400404360611e+04
-8.936168903573592252e+04
9.671083843585809518e+04
5.849178667364668217e+04
-7.671427720258221962e+04
-8.636414420579669240e+03
-8.687627384047962551e+04
-4.269930849389663490e+04
6.964661943572541350e+04
9.181138955766169238e+04
8.164989001663420640e+04
7.183907834281781106e+04
6.683589470346563030e+04
7.072436843784466328e+04
-1.555853612501775933e+04
-2.658583972704214830e+04
-7.355595632445045339e+04
-4.698674952731240410e+03
4.897610541444875707e+03
-9.701921055895465543e+04
3.420375948621591670e+04
7.532629014694940997e+04
-4.838317192084639828e+04
2.800387963167624912e+04
-3.413959845503688121e+04
6.784284706811136857e+04
7.977330948909536528e+04
8.416236982711494784e+04
1.132117140232217935e+04
5.915319680129516200e+04
1.386283315874181881e+03
-7.535626334235133254e+04
8.975763836290690233e+04
-4.366464227007909358e+04
-9.352438245615462074e+04
-9.354489720099921396e+04
-1.917272429006368475e+04
7.432039600308783702e+04
-6.528745181294788199e+04
9.104910626272432273e+04
-4.127873024789980991e+04
4.751885485321328451e+04
8.573137351363514608e+04
8.242385569399374072e+04
5.855705607608435457e+03
8.024191974110728188e+04
-2.578040713253223294e+04
2.685694931248755893e+04
-3.633597630003706581e+04
-1.669865855295634537e+04
9.085390439161808172e+04
6.299215392189567501e+04
4.208940701474323578e+04
9.318597096260267426e+04
2.356159789907688537e+04
-7.115641661410557572e+04
3.085050528127134021e+04
-1.549652705618735854e+04
1.803684245165748871e+04
