3.188561929261657133e+04
-6.392589439593881252e+04
8.361329835457050649e+04
9.407480742173476028e+04
-7.095555364719452882e+02
-7.347467270268390712e+04
-3.666530661742566735e+03
-6.368130967556800897e+04
4.482178516773440060e+04
-2.867962940559901108e+04
1.067473697032960081e+04
-3.566074615149569581e+04
6.150444075347480975e+04
9.547003842084751523e+04
-4.625213557049845258e+04
-5.116988752812328130e+03
-5.371085483298754116e+04
-4.338798601004296506e+04
-5.037114093252803286e+04
8.977951860841993766e+04
2.493484279857448928e+04
8.891497656305706187e+04
6.111149636269755865e+04
-3.659756994084634061e+04
9.686463038007290743e+04
1.849375433204018555e+04
6.905511698223266285e+04
-2.476454668269992544e+04
1.777986791434562474e+04
-6.271138222272521671e+04
7.394772235255288251e+04
-4.896619192010731240e+03
-5.813918413153884467e+04
1.427860021370781396e+04
4.634930284614422999e+04
3.868346209124245797e+04
2.832618838477690952e+04
-1.090812346850941685e+04
6.652089684136658616e+04
-9.268037837523882627e+04
-2.028848739974637283e+04
-1.211689409373819944e+04
-9.376674835317196266e+04
-8.753878322538861539e+04
1.474152215810392227e+04
7.158092736199206229e+03
-2.849509697398294156e+04
1.283765223469856210e+04
9.635636950522652478e+04
-4.410833231475734647e+04
8.121507176285616879e+03
-7.757307799965799495e+04
3.065260576418701021e+04
-5.246815943214114668e+04
-2.387456348632145819e+04
7.729159659282783105e+04
-8.865604691181688395e+04
-4.077955546062353096e+04
9.472493228772016300e+04
-6.055622443442518124e+04
2.826016335507983968e+04
-8.961641043211253418e+04
-5.527909736863622675e+04
3.397767568403157929e+04
3.705346673287751037e+04
-8.933930258579688962e+04
-2.491093278099492454e+04
2.525967100595223383e+04
9.092666330239718081e+04
-6.319761612536965549e+04
7.239789541330980137e+04
5.750981277783069527e+04
-8.228717403049823770e+04
-7.681229122923914110e+04
-1.426168823869281550e+04
-5.574799026885651256e+04
4.597485977119130985e+04
-4.844798079540527397e+03
-8.023740293185142218e+04
6.783181715530068323e+04
-8.727035006400433485e+04
-2.060250811171997702e+04
9.444210623093208415e+04
-7.194906898934800120e+04
-9.333583511250895390e+04
1.151103183928202452e+04
-6.409590401312922768e+04
5.108833337338250567e+04
4.156382724510029220e+04
5.753590107951040409e+04
4.938687720091909432e+04
-6.028258268954550658e+03
-9.453023385663206864e+04
-9.713564893164674868e+04
-8.386535316448930826e+04
3.586497495915350737e+04
-8.892634237215282337e+04
6.820421062997309491e+04
-1.697818740771437660e+04
-5.774876368699374143e+04
8.771874135782384838e+04
-9.376979930062296626e+04
-2.704322005431229627e+04
-9.521206424214012804e+04
5.858735005370554063e+03
-1.372009495251457884e+04
2.366709480325939148e+04
8.568511787963225288e+03
1.129392139980888714e+04
5.526049748157733848e+04
-7.339415029010732542e+04
3.350292508874212217e+04
-4.371695521064513014e+04
-7.888214459985183203e+04
3.794037091040347877e+04
6.930782270439986314e+04
7.809902968507724290e+04
-9.042909899704443524e+04
-3.003758572599323452e+04
3.452570141608368431e+04
4.259465280939644435e+04
6.590205351604519819e+04
-7.649205390711994551e+04
-8.385143063894205261e+04
-4.021063452845667780e+04
-6.873126369434162916e+04
3.719528318942790065e+04
4.093207738531412906e+04
8.737514884629467269e+04
7.190044016993331752e+03
-8.879401801677307230e+04
-6.582246252082606952e+04
-4.067465328645845148e+04
8.545623985223053023e+04
6.493954818254339625e+04
-9.372681000162802229e+04
3.169773895602200719e+04
-9.984832022734488419e+04
1.899815519613483775e+04
7.076319617816293612e+04
9.213016663565943600e+04
5.335863726586588018e+04
3.764011697565292707e+04
2.705123607768159127e+04
9.709194891426569666e+04
-8.299954194075154373e+04
9.375680331738457608e+04
2.853369295876910837e+04
-8.266865022873415001e+03
-9.191876846409495920e+04
9.829561392365008942e+04
4.136128975623237784e+04
2.254439188468197972e+04
-9.685292686853923078e+04
-2.400220971191132321e+03
2.975572513841559703e+04
3.495267866136901284e+04
4.900648082920502020e+03
-1.631668773501316173e+04
2.873845855603192376e+03
1.082227468891124954e+04
-1.379391207982375636e+04
-4.040194601276373578e+04
6.921573733141021512e+04
2.618289091004021247e+04
-8.037081313573983789e+04
7.650676115399642731e+04
4.260502149791503325e+04
7.313324816521232424e+04
2.572883588125813185e+04
5.672972238601361823e+03
-1.138066483543745926e+04
-2.490572203345139860e+04
5.787937404155484546e+04
5.044087652522117423e+04
5.166853956686526362e+04
3.254978825883788886e+04
-7.621690502836849191e+04
4.112375722664390196e+03
-8.637717517668374057e+03
-1.029247428170518469e+04
-6.303713159373385861e+04
3.083192245814108901e+04
4.322132262626899319e+04
1.620909329759479988e+04
-2.617669963628174082e+04
4.334366059124601634e+03
2.792553750879618292e+03
4.117941081966305501e+04
-6.051019860587488802e+04
-1.126145041874880735e+04
6.685965767637055251e+04
-9.333121498324720596e+04
2.318938595104198976e+04
-9.075196072762753465e+04
3.835692861195136356e+04
-5.565117038745850732e+04
-1.874197700119557339e+03
3.502310057928053720e+04
7.620523847945517628e+04
7.843389830497530056e+04
3.225368508133675641e+04
-3.805552123535352439e+04
4.471813745244660095e+04
6.740434098099127004e+04
-8.780686774469213560e+04
6.380716677259824792e+04
-7.877368094173938152e+04
8.852976531025009172e+04
7.844182435574302508e+04
-9.939631723110891471e+04
-6.560648345815262292e+04
4.511138471804849542e+04
2.668555204230808886e+04
-5.264131625817871100e+04
1.238593156912580343e+04
7.906028030029026559e+04
-2.900385223765903356e+04
6.338539321332053078e+04
8.609796690757728356e+04
-4.335075252962957165e+04
-5.222618509302602615e+04
7.879813851765607251e+04
6.204184429423321126e+04
-5.839768589266325762e+03
-9.177900218699764810e+04
-9.908350758962116379e+04
5.643706846861617669e+04
3.751561179195801742e+03
7.536153066597162979e+04
-7.235749105611643245e+03
-9.766012520672888786e+04
6.654080631490478117e+04
4.454854180189103499e+04
-7.192136735724793652e+03
-5.477197368259629002e+04
6.022223753535481228e+04
-8.393750114433054114e+04
-1.618933640763316180e+04
-9.338805229594327102e+04
-6.215561922214302467e+04
-3.029578789412344122e+04
-9.053950430176037480e+04
3.445509367792376725e+04
-8.210544610415128409e+04
2.641517586948194366e+04
-4.117453232867375482e+04
-3.275039829965446188e+04
8.530653509299774305e+04
-6.277846815568501188e+04
-5.984492640987905179e+04
3.177483219998616187e+04
7.723954184465108483e+03
2.077143534564871152e+04
-4.031696874051749910e+04
8.153403330923127942e+04
1.254884402734036121e+04
-8.775681907076270727e+04
9.864066458648027037e+04
1.697523281396066886e+04
7.991287948906718520e+04
7.736892756264214404e+04
-2.397284965669622397e+04
3.546889943408924591e+04
3.617100175476077129e+04
