2.915988120642011927e+04
-8.348611096779585932e+04
6.313511107873445872e+04
-7.102872117465577321e+04
-7.856484054293378722e+04
-8.034363135037542088e+04
4.981505823793992749e+04
7.786590362403441395e+04
-4.102529712348433532e+04
-3.007941986485435700e+04
1.453224357676469299e+04
-2.010596900701534832e+04
-9.346103502815123647e+03
1.901633832781554884e+04
1.235856434016828098e+04
6.225298899382137461e+04
5.228321575271526672e+04
-2.086253076931527903e+04
2.661034619118139744e+04
-4.871207304176110483e+04
-1.084717887033551415e+04
9.561984743027937657e+04
1.904381600951404835e+04
9.934014354637720680e+04
-2.010986557476729286e+04
5.005948050177155528e+04
1.920088334009318351e+04
4.612495062035038427e+04
-7.654074442395454389e+04
6.962540430928576097e+04
9.855111358705490420e+04
-4.887852747093785729e+04
-1.203852322837998508e+04
6.673293598873390874e+04
9.024070715178865066e+04
9.117729961501450452e+04
1.553384545168433215e+04
-8.972326730657089502e+04
3.063169863496831749e+04
2.077474723012698814e+04
-7.629626343250836362e+04
-4.243638958393083158e+04
8.564456797576698591e+04
9.845910573285142164e+03
-1.270163050979663967e+04
2.707718748541311652e+04
4.227440511618917662e+04
-1.975336351096562066e+04
6.233941364207148581e+04
5.190895717707604490e+04
-4.122794819938905857e+04
-7.581784037251965492e+04
9.001956361411351827e+04
9.183842988111731756e+03
-4.738597163063946209e+04
1.682278624805230356e+04
9.606456227468076395e+04
-7.600181597217477974e+04
-2.590210697158280891e+04
1.300675870655954714e+04
-3.678863713279760123e+04
2.682053862082243722e+04
5.948186717795675577e+03
9.650506243894678482e+04
9.131292311212579079e+04
-6.108163093621887674e+04
3.974935440117813414e+04
3.559425961464327702e+04
5.022413800632298080e+04
8.337373620864051918e+04
8.488113848674538895e+04
8.229076692667376483e+04
4.137894150429418369e+04
-3.377451319067247823e+04
-9.847816409284761176e+04
-1.534682161553247897e+04
-4.908460115361915086e+04
7.026181355684091977e+04
-5.760479949756544374e+04
2.246409680735138681e+04
-5.677983422331310430e+04
2.908999600331841793e+04
7.771998133547464386e+04
-9.840204549978926661e+04
8.586470274442655500e+04
7.345555530488488148e+04
-2.281620477275266967e+04
-8.039288481807124299e+03
9.569613001931259350e+04
-9.200212683411643957e+04
2.525093526007624678e+04
2.775972763230505370e+04
-3.513286741208651802e+04
-7.240628194957072992e+03
-3.599303790026384377e+04
-9.618515602724073688e+04
4.194268361742154957e+04
-1.512494832148165187e+04
-6.772220464099448873e+04
3.192418063302116934e+03
-9.729043343142568483e+04
9.824394962938409299e+04
-2.529086990705217613e+04
1.188896533001242824e+04
8.371683715162082808e+04
-8.907264977534810896e+03
-1.787539330554385015e+04
-9.886618413101606711e+04
-9.783543227543131798e+04
9.377460317533508714e+03
4.144733759184811788e+04
4.502218577358023322e+04
9.864258093866348645e+03
7.592993521723413323e+03
1.177072966909418574e+04
-3.963786298838649964e+04
8.725797770191766904e+04
-5.469536310259306629e+04
-3.956825290038599633e+04
-1.494913450927398480e+04
-7.851053971678225207e+04
-6.321973862561395072e+04
2.005862342706145137e+04
-1.806577739922348337e+04
-5.431566365930826578e+04
-2.526920012983638662e+04
-8.256051839272618236e+04
3.320966780106499937e+04
-7.213493046078324551e+04
1.332032413672763687e+04
-9.900948443628015229e+04
8.429444555721057986e+04
9.679153483446322207e+04
2.484099504907238224e+04
5.748213666830275906e+04
-1.448969695553866586e+04
3.951355327405967546e+04
4.840230915186077141e+02
9.680434683794077137e+04
6.844122151639446383e+04
-9.192405303448328050e+04
8.551433206279423030e+04
5.162268519864579503e+03
6.526239492722968134e+04
-7.370091454127509496e+04
-9.902328050653422542e+04
8.937272133564173419e+04
3.478645427536588249e+04
-4.828628354193801351e+04
-9.875348992938894662e+04
-8.086272984028486826e+04
6.446842259497965279e+04
-4.768043750461316085e+04
4.449138665325381589e+04
-7.205733350116698603e+03
9.367794525893489481e+04
5.959974085329095396e+04
-6.264346810017728421e+04
-4.743871288634918164e+04
9.792758597231916792e+04
7.964000453904359892e+04
-1.644641939585879300e+04
8.728677187757285719e+04
6.898760572001589753e+04
-5.670516443061889004e+04
6.297053352775677922e+04
-4.077036844159267639e+04
-6.456419106279146945e+03
4.184982622674373124e+04
-5.837517743864626391e+04
-3.173204759282878967e+03
6.728722502128513588e+04
3.329991260728826455e+04
-1.213345857513582087e+04
4.590274373768891382e+04
-1.372141689484265044e+04
2.011152204080456431e+04
4.060169964314094977e+04
-6.885379406264527643e+04
8.265821426360867918e+04
4.913947543118688918e+04
-4.367565882361932017e+04
7.618677709331270307e+04
-6.876777078417774464e+04
4.686125135117439640e+04
-2.190438979863315399e+04
6.630489667379161983e+04
8.750363483296008781e+04
-3.564698571867995634e+04
9.167087700711900834e+04
-7.989901272699811670e+04
6.209954975464534073e+04
-7.275018002401561534e+04
7.886948728802216647e+04
6.638485227938875323e+04
3.645963474335220963e+04
2.131076676925189895e+04
-6.788756469326089427e+04
9.367970406316932349e+04
4.496391722270734317e+04
-4.050681226765638712e+04
7.775194220195437083e+04
6.430977422710265273e+03
7.992082929525843065e+04
3.439846931425447838e+04
3.640084852963239246e+04
-9.552895338515123876e+04
-1.613599851592808591e+04
-8.940757071932773397e+04
-3.394001533458489575e+04
3.971315361693759041e+04
-7.806582249348793994e+04
9.407505114088229311e+04
5.493565810256962322e+03
-4.094562045085919090e+04
-2.381893141147623101e+04
-2.204244895597184222e+04
3.827601487457093026e+04
-6.303444092063080461e+04
-1.872494437076314716e+04
-7.915021377392842260e+04
-4.673643699783229386e+04
-5.454024101776012685e+04
7.378019545801756612e+04
1.549395076575408893e+04
-5.430619547359950957e+04
5.151989254927421058e+01
2.125529287672389910e+04
7.541683677930799604e+04
8.758175608303137415e+04
-2.707641750217290246e+04
9.167776182462292491e+04
-9.784677230730051815e+04
-2.044517088670950034e+04
-4.694845472665168927e+03
-7.361152215128483658e+04
5.056740641518411576e+04
9.004262687358426047e+04
4.792020065450086986e+04
-3.124516534711422719e+04
-8.958047624647479097e+04
1.054381931717197403e+04
9.699552176251101628e+03
-4.573808117537820362e+04
2.964213825694673142e+04
1.868148085112008266e+04
-2.871451669824516648e+04
-6.542138032009061135e+04
-6.553951499995749327e+04
1.788405886316542092e+04
-3.413826332079742133e+04
-5.931080335036126780e+04
9.708279555930246715e+04
-2.168942611068590486e+04
9.605505481174943270e+04
-2.474506320080407750e+04
-8.802702668095883564e+04
2.745302219722627706e+04
3.140766581292549745e+04
1.935696965076555716e+04
-8.076724007913512469e+04
3.951088880890253495e+04
4.946907405578924954e+04
7.837357603217606083e+04
4.673836734043617616e+04
