-5.823603893168911600e+04
-4.221182459497321543e+04
1.067633754946675617e+04
3.990391920177594875e+04
9.832753971049172105e+04
1.438022183101887640e+04
-6.426358781904535135e+04
-8.601676748130517080e+04
2.470230464574575308e+03
6.544849481707045925e+04
3.007188014239064069e+04
-6.809215836824422877e+04
-3.397913688254132285e+04
9.287163021791263600e+04
4.102582709883194184e+03
-7.714707283623956027e+04
8.943176521315798163e+04
-3.216066365496674553e+04
-1.667452560313626600e+04
8.611152099428174552e+03
2.246745331842984888e+04
3.046918185493939382e+04
4.032164951110986294e+04
-7.574591158404744056e+04
6.774001119027510867e+04
-1.988933117182504793e+04
6.393901061020098859e+04
-8.582183900164271472e+04
-5.425329750640950078e+04
1.659002606640078011e+04
7.256401268713510945e+04
-6.797855645966096199e+04
8.345045291852898663e+04
6.986541408826017869e+04
-9.232391823545795341e+04
-9.102425409551942721e+02
1.583059397202990658e+04
-9.514657610035449034e+04
4.905547634635932627e+04
9.048318446646374650e+04
8.883195440927374875e+04
-9.752906493544085242e+04
9.928709808596171206e+04
1.954285159164019569e+04
1.743408586159571132e+04
-8.752715663693824899e+04
6.071487712697053212e+03
4.731862955376130412e+04
-2.241817753014709160e+04
5.868204794078756822e+04
-6.002557855716731865e+03
4.817090174696189933e+04
-5.012870908033844171e+04
-7.610770551407401217e+04
-1.741449465286583290e+03
-7.485024442732252646e+04
5.759750716763129458e+04
6.626528938844401273e+04
9.731852908623131225e+04
2.006343036784157448e+04
3.417150668734833016e+04
-6.655885898073199496e+04
2.405158591348344635e+04
5.385741534391374444e+04
-8.211872889807829051e+04
4.856531539174306090e+04
4.056839610453738715e+03
-9.653510085754346801e+04
8.407517754362159758e+04
-4.196294250663723506e+04
-1.354072822745176381e+04
2.572093765131042164e+04
9.664827674079561257e+04
8.239795042709162226e+04
3.839654742776826606e+04
-1.184164639913963038e+04
-2.627941046194304363e+03
-3.807263983654305048e+04
-9.564576062965879100e+04
5.389020392107943189e+04
4.356314960334385978e+04
-8.303388246862204687e+04
-8.950975569119228749e+04
3.935792993337946245e+04
9.961340122468696791e+04
3.621093448666910990e+04
7.173249540089251241e+04
-5.739372555733440095e+03
-9.267640069279652380e+04
-2.772766356813287712e+04
-9.489363507639749150e+04
1.725934762732411036e+04
2.875840161518384411e+04
-7.250343047423125245e+04
-1.388164186022768263e+02
5.225561697024333989e+04
8.116927427568400162e+03
2.445878574055306672e+04
-4.506733945069983019e+04
-2.875057286235243373e+04
9.474448055617656792e+03
-6.304780618299148045e+03
4.355676583466705051e+04
5.217943043276201934e+04
-4.358915878473481280e+04
3.610994490062267869e+04
-2.820544000870316813e+04
-4.393455311694955890e+04
-5.670821429810704285e+04
-3.511413999167389557e+04
9.205967273758712690e+04
8.994039275084479596e+04
3.908622987410618225e+04
-1.659430180149870284e+04
3.183620665385396569e+04
5.500627648311771918e+04
-2.022782005366028170e+04
4.788234954481784371e+04
-5.992972657323622843e+04
-5.054877789849223336e+04
-7.617987351598787063e+04
9.814844008344286704e+04
5.740944782983360346e+04
-1.439941936753010668e+04
8.317283992486866191e+04
-4.591690997124566638e+04
1.033879829724406591e+04
8.369577875798844616e+04
-1.835903376975034189e+04
-3.826121550403252331e+04
1.391980237010697601e+04
-3.635298868761573976e+04
7.867643326348063420e+04
4.251188329756667372e+04
-1.588697074944486667e+04
-1.499731991310542799e+04
-6.615360322839475702e+04
4.736068399915934424e+04
-8.000880026249350340e+04
8.443566722173706512e+04
-2.558589200622259523e+04
7.475723074575478677e+04
-2.980559313277670299e+04
-7.040368700607796200e+04
-9.213641389174787037e+04
8.443574854989431333e+04
3.349647256763078622e+04
3.229562115503693349e+04
6.686499305796841509e+04
1.307323201786466234e+04
-5.694060417390120710e+04
-9.178759132154053077e+03
8.023375259169566561e+04
-9.482591508866329968e+04
-9.307896849485689017e+04
9.467154188841552241e+04
-8.046230705913215934e+04
9.014944487969606416e+04
-3.232510169769905042e+04
3.354752993360924302e+04
6.100498798505819286e+04
-4.170002855408027972e+04
7.500608664826085442e+04
9.291818680061370833e+04
-5.209532667124174623e+04
8.381974843962254818e+04
6.030828832138626603e+04
-6.734433330281474628e+04
-3.039240551074911491e+04
6.423279039358033333e+04
2.061834753190328775e+04
9.772559366726339795e+04
-3.954460830634502781e+04
-6.880267360304802423e+03
9.645694866304274183e+04
-3.735094892748296115e+04
4.657663461180229206e+04
9.368557421592163155e+04
-1.096542092955441331e+04
7.292050510036488413e+04
-2.905587905161175877e+04
8.779846044873644132e+04
5.941247401161212474e+04
-5.518168586611891078e+04
2.137616258486907464e+04
-9.480057820948479639e+04
6.400772062337159878e+04
-3.011424951244148542e+04
-1.788969716598853120e+04
-4.888861065277065791e+04
-5.181029359199220926e+04
1.637857962773895997e+04
-9.008517898138781311e+04
8.076054965856464696e+04
-1.798103079373540822e+03
-7.096736469328579551e+04
-1.047751641918701353e+03
-1.694457100025199179e+04
-1.812189439795103681e+04
-2.131010933974894579e+04
-4.630736491217903676e+04
-8.702036564828146948e+04
3.438253189030889189e+04
-7.914935733362700557e+04
4.444744120664263028e+04
3.278027778976861737e+04
-8.802488007103625569e+04
2.106617186698276782e+04
-3.569194264338166977e+04
-4.109403345873694343e+04
-2.612541596004005987e+04
7.857955666799188475e+04
7.598481575574062299e+04
9.313083069928354234e+04
4.429124356787273427e+04
-9.586911221900682722e+04
-7.040220267300544947e+04
-1.533726628544562845e+04
-3.056194997778731340e+04
2.260070669113421172e+04
-1.459389747781974438e+04
4.788861655931785936e+04
6.880553557476020069e+04
2.191636193744938646e+04
6.609030833464299212e+04
-8.258072657236190571e+04
5.087975927025766578e+04
-3.497354808428463002e+04
-3.186175585199042689e+04
8.168493674041234772e+04
-4.934568738965703233e+04
-4.773546370334480162e+04
-3.583766425185002299e+04
-6.583392477598047117e+04
6.551406840110063786e+04
-7.617385706000585924e+04
-7.812363659132261819e+04
9.207767530411604093e+04
9.572231900579185458e+04
-2.333853576132438320e+04
-4.362480230004432815e+04
-1.277861865830593160e+03
8.551827727037580917e+04
1.727479774039537006e+04
1.564720345952197385e+04
3.442731962645723252e+04
-2.866819375611637952e+03
-9.613338006564491661e+04
9.907190421916166088e+03
-2.011575773273003870e+04
5.634756840260364697e+03
-5.443681106047966023e+04
9.706454015996851376e+04
-9.328932140497496584e+04
8.766759974866756238e+04
-3.770419589225630625e+04
7.587567959420313127e+04
9.310695032386993989e+04
4.521816690884367563e+04
-3.230928895702569571e+04
-3.996823288632871117e+04
-7.860839587040740298e+03
-3.102311835682962555e+04
6.235755557596811559e+04
-2.623437023166046129e+04
