-1.094132203367212969e+04
-2.272338479532705969e+04
-5.441749392975900992e+04
4.589181843338434192e+03
-5.288799154202636601e+03
-8.162764088659322624e+03
3.681813015515638835e+04
-2.236085295659936037e+03
-3.034727180632972522e+04
5.099674047489476834e+03
-3.223150236446027338e+04
4.672122019369211921e+04
-3.352667740429769037e+04
-4.782630752456906339e+04
1.378681395861836609e+04
3.630425369174120715e+04
3.909865483149831562e+04
1.504660740013043142e+04
4.232260713964234310e+04
8.749565811881931950e+03
2.936773935663470911e+04
-4.606363521575315644e+03
-3.382106134879498131e+04
-1.599663511237098646e+04
-3.518742017617433885e+04
-6.647377225502896181e+03
4.791025141112936581e+03
2.984076831422796749e+04
1.747423127276048763e+04
-3.898403608518252440e+04
3.703324060589674446e+03
1.398373795454324318e+04
-5.080503530488555953e+03
-4.308772836845310667e+04
-2.834627119080385455e+04
-9.319442505137600165e+03
8.648723013869569058e+02
-4.244254179265921266e+04
-4.633668829316375923e+04
1.744015285795125601e+04
-2.658115784467342382e+04
-1.507215128589849155e+04
1.266945591882869485e+04
1.551625703799559051e+04
2.444213168710469108e+04
1.251301846475317143e+04
9.603674662239563986e+03
-4.510486715039562841e+04
8.885230169292668506e+03
-5.353218285341613228e+04
-1.663097829490270669e+03
4.185317599030990095e+03
-1.969716336211355519e+04
4.509129890272150806e+04
3.053621753876299408e+04
2.324821123984060250e+04
1.138377204883773265e+04
1.657906769062943931e+04
-1.629806866720174912e+04
-2.310568860045344627e+04
-1.016740311875102634e+04
1.083860477176482618e+03
2.808113486043778539e+04
-3.618000481908727670e+04
-7.369320212989620813e+03
4.400209001820217964e+04
5.005011226753986557e+04
8.451479082227837353e+03
-5.672907485513534994e+03
4.767012325614618021e+03
-3.931535910933816922e+04
-2.750921370968085739e+03
3.594490220291429432e+04
-4.551087617783946916e+04
3.949031936111955292e+04
-2.076692034117638832e+04
2.672197539160722954e+04
-1.320618063666437229e+04
-4.049101692140739760e+04
-3.006794750786009899e+04
3.374561853327180143e+04
-3.025897134746959273e+04
2.812398415862679758e+04
1.286325298917729742e+04
1.294732401122201736e+04
-4.177180116073804675e+04
3.762570394422414211e+03
3.629807368696645426e+03
-6.233255510056869753e+03
4.005793162113191556e+03
-1.815602447838965963e+04
-1.081751319318336391e+04
-2.858805505477459155e+04
1.722906475917452553e+04
3.790090124633717096e+03
-3.136404547529873889e+04
2.131645614090707386e+04
3.636495061697110032e+03
8.866870463439347077e+03
-2.447961359455382626e+04
-6.406396755366337857e+03
5.198973603507607913e+04
-2.892882422282822517e+04
-2.605602679062373227e+03
-2.569900875140890639e+04
-5.288532392809793964e+04
-4.801822837225028343e+04
1.713460887490550886e+04
4.415674863468835611e+03
-2.773539357665926218e+04
-2.594549255333306064e+04
-5.725266625173390639e+04
-1.496522571549934037e+04
5.983326291141412185e+03
4.056552753731255052e+03
2.954805082210085311e+04
5.089649620191493159e+04
5.596040939171457467e+02
-6.706799201341479602e+03
3.682337923765012238e+04
8.133837068549954893e+03
-2.295129031227165251e+04
-5.372286460912579787e+04
1.082114610509130580e+04
1.524040717927728292e+04
-2.690041170678871640e+04
1.818279317954559883e+04
-2.664339712798053370e+04
3.012087328905259346e+04
-4.011384535621755987e+01
2.320021430206425794e+04
9.078498849477391559e+03
-6.170944335824396148e+03
3.704561932387526031e+04
-4.012270242761621921e+04
-2.269911319720756364e+04
-1.522053193780535003e+04
-3.321523041387029662e+04
-6.028544757340502656e+03
-3.353896540072205971e+04
-2.233802514302713098e+04
-3.881983534974337545e+03
8.108292338313398432e+03
4.811915961100007553e+04
-6.213432964093483861e+03
5.728179903147849836e+04
2.843666021641386396e+04
-1.057293504939221930e+04
4.019229621845681686e+04
7.039527352848055841e+01
-1.994568312301879632e+04
2.051867991803315090e+04
2.242617610834359220e+04
3.099333609094922576e+04
-1.215648982902942180e+03
-3.216862865704274554e+03
3.121422038018836611e+04
5.047457447949937341e+04
-3.923362973802684428e+04
-1.689266802204646592e+04
2.788926701851644611e+04
9.079152845932192577e+03
3.382836606370299705e+04
-9.537485454520670828e+03
3.434323759853991305e+03
4.549221225100343145e+04
-4.902685943829663302e+04
-1.260707686003254457e+04
-3.937476199683290906e+04
-1.319708661859047970e+04
1.406756886273145392e+04
-2.301330583052847578e+04
2.412000089940631733e+04
-1.261616129599141277e+04
-5.429864226196604250e+03
-2.242626232340652132e+04
-2.391248945554615057e+04
-1.242236706009905174e+04
3.452506632181432360e+04
4.750902614697275567e+03
5.069103698919652174e+02
4.784521365401156072e+04
1.905403877479424045e+04
-1.153861522685529962e+04
1.197128334542104494e+04
-2.296731668176092353e+04
3.521577501457952894e+04
4.442393057541017697e+03
-1.665179369841109656e+04
7.777158816184383795e+03
4.725963755904733989e+04
1.173611698162985886e+04
-9.736760337290566895e+03
-3.584405793004951556e+04
1.134376239890189572e+04
-3.416896460965953156e+04
-1.660325463415234844e+04
-1.734598399164212242e+04
-3.160985971326457366e+04
1.695219266368508761e+04
-2.121199132464162903e+04
5.252914774302595106e+03
2.901571807624947905e+04
5.343820383059414598e+04
-3.647057115262147363e+03
-2.528317984380352209e+04
1.576895678721662625e+04
-3.500515573125142964e+03
-1.380875772212815355e+04
-3.746870192845713518e+03
-3.043637920982379001e+04
1.492296182716443582e+04
3.020612903304913289e+03
1.951836642848335759e+04
-4.055562059948092065e+04
4.375555014281348849e+04
-7.466481872963944625e+03
-3.789821114626621420e+04
2.322048327229974893e+04
-4.828437819002942888e+03
-2.861004393727652132e+04
6.585300152201390119e+03
1.307135912757483675e+04
-7.818685717617155433e+02
4.797015128030587221e+03
1.038901934180341868e+03
-5.379228462364293227e+04
2.424697516040001574e+04
-7.331109116890195310e+02
-1.120821820129757361e+04
2.150063889213228686e+04
-5.680299464486417492e+03
-5.114406747473839459e+03
3.039964000241961912e+04
-2.952995791558128258e+04
-6.502097230829963337e+03
-6.162617737813226995e+04
7.690772431993974351e+03
-1.910267702322660625e+04
2.012614219732122001e+04
-1.153349212085191357e+04
1.611526434778724433e+04
4.248814924978733325e+04
1.435763683256045988e+04
-5.289141524081677744e+03
-2.667200580094877660e+04
1.681219661758272923e+04
-1.091869115214588055e+04
3.203459126671828199e+04
6.721774592916235633e+03
-2.771889026678089795e+04
3.183614435411855447e+04
-2.917939483053167351e+04
1.597110991667626513e+04
2.209573485834257735e+04
-2.449388501781001833e+04
1.845914055798883055e+04
4.867843040633603960e+04
2.519306352181551119e+04
-1.303665772399611524e+04
-2.822435650044730573e+04
8.998824727991122927e+03
-1.799019329026050400e+04
3.832069107402417285e+04
-1.632496878757088962e+04
