-2.662583119363409423e+04
-1.148611916604442922e+04
-5.268254323031704189e+03
4.796605635959419305e+04
-1.108719140737551788e+04
5.006835274593039685e+03
-4.621427032601041901e+03
4.041840498176729307e+04
8.163407354798962388e+02
2.622926118126822257e+04
-4.003854387984683854e+04
2.278866755077409107e+04
-7.047371941656848321e+03
4.620797082372174918e+04
1.223645760112588323e+04
-5.596292973156295147e+02
-4.882217076424473817e+03
2.533486851710241899e+04
5.104098229627914407e+04
2.461989394620540770e+04
2.601852891677535808e+04
9.206358011181988331e+03
4.638156046378843894e+04
-3.817172313255847985e+04
2.296930431015777867e+04
5.082124106901941559e+04
-3.444040453738016367e+04
4.726563528305094223e+03
-2.147256630922978002e+04
-1.239170195287682145e+04
4.948521790650539333e+04
3.262673201504840472e+04
-4.344004419103908731e+04
-1.235885047595716060e+03
3.942253607911754079e+04
2.172691037014868562e+04
-2.069131406387280731e+04
-2.592676715290320863e+04
1.064455540068244954e+04
2.217087383340056476e+04
9.707495673961466309e+03
-3.997068541401803668e+04
-2.798808528025609485e+04
5.225086637203869759e+04
1.092289979786014192e+04
-9.302108087930178954e+03
9.767618564969145154e+03
-1.379740689670291431e+04
-7.006304702398701920e+03
-2.861034743738605539e+04
-6.220122970201340650e+03
4.995044238299889548e+04
1.748313203394143420e+04
6.126520419015441439e+04
-3.613370412084196141e+04
8.210834670641470439e+03
-6.280837588979467910e+03
2.007986792323886402e+04
3.517348027435830772e+03
-1.657494594842632068e+04
3.460194224864176067e+04
-9.535433546161246340e+03
2.636593983138975091e+04
2.234822399186917755e+04
-2.320056669576717832e+04
-5.770882395254298899e+03
-4.505824091423312348e+04
-2.528028170408592359e+03
-1.199635735743092300e+04
-1.785309336560854354e+04
4.327724444115376537e+04
6.510739100417853479e+03
-4.500752717755781487e+04
-8.947427989810241343e+03
-1.880480836073231694e+04
3.159718415084476510e+04
-1.200099006153535811e+04
4.531006394949806418e+04
3.907926408977107712e+03
5.377299946294086112e+03
6.135068126996025967e+04
4.621257971420211106e+03
1.002089761642318422e+03
-2.656091727820589767e+03
1.986134670045920939e+04
2.659812161945049957e+04
2.552859873446441634e+04
-3.156097334434410368e+04
-6.901480629507657432e+04
5.124059402371235774e+04
-3.158225743151173447e+04
1.946909978043116280e+04
-4.422837244070379529e+04
-4.182193989365770904e+03
2.628712049857258535e+03
-3.675499467276132054e+04
-5.239535383019029541e+04
-1.405940879925670924e+04
-1.812891157641570317e+04
-1.100975788826178541e+04
1.957764239866846037e+04
-1.877932484517264675e+04
3.870178073542851052e+03
-4.312825275499499548e+04
4.728894755364360753e+04
7.804468732038371854e+03
2.693711044336625127e+04
3.348594521337113110e+04
-5.339814697469078965e+04
-1.947793024025562772e+04
-3.685828498917428533e+03
3.123712727806300973e+04
-4.512597949837359192e+04
-2.231091767565485497e+04
-2.752258990361839096e+04
-1.882584867737062814e+04
1.610740347525704601e+04
2.368443535168063318e+04
9.152094473712988474e+03
-4.077097665756092465e+04
6.181889528174373481e+03
6.506238716263907918e+03
-1.077668418281013146e+04
3.289624413291750534e+04
-2.807602610897952400e+04
3.191492567758057339e+04
-2.540157880659628790e+04
-2.115876134658584488e+04
-3.903054044088495721e+04
1.540430081714311200e+04
3.503666798212095455e+04
-3.052622643111467551e+04
3.291651217036532762e+04
-5.745850754407633212e+04
7.826085449885725393e+04
-3.435944739849730104e+04
1.475959011444056523e+04
2.214393165284820498e+03
-1.297229349357523279e+04
-3.834063402689498616e+04
-4.482084186744823819e+04
6.570697380500994768e+03
-2.739381966749906132e+04
-4.791451132451048034e+04
2.400610189246828304e+04
-4.972250250101500569e+04
1.061373568666458777e+04
-4.043153427801246289e+04
-6.286609534021480613e+03
3.239751047790471421e+04
3.578844595476914401e+04
3.315409376552886533e+04
-3.542661246996833506e+04
-6.275957562539875653e+04
3.504480717178823397e+04
6.732029730531984569e+03
-4.922978645530353970e+04
3.896871558958641981e+04
-2.344249048253052752e+04
3.519626883170255314e+04
4.232291250578867039e+04
4.194206791296159645e+04
2.520535324107949418e+04
-6.682076593639040948e+04
2.434735526959022536e+03
-2.634955104212846345e+04
-2.647899690117458158e+04
-4.155416886914821225e+04
-2.457143244940938166e+04
-4.340232782701466203e+04
-2.263852986821490958e+03
2.242757807342328306e+04
-3.885997604432318622e+04
-1.508376332527940031e+04
-2.806892316676423798e+04
-1.668554437148518991e+04
3.138472906727495229e+03
2.642364349386888716e+04
-5.273367983470958279e+04
4.653839806474543002e+04
1.864957169225943062e+03
-3.142732346207564842e+04
3.086280273678368030e+04
3.992177371241935180e+04
-8.368813079427694902e+03
3.776201461777845543e+04
6.408799726424309483e+04
-2.514001006955468984e+04
-1.617212906643178030e+04
2.936966678683950522e+04
1.044484339787898716e+04
1.074390613408918216e+04
4.117970232692527497e+04
5.657111854061364284e+03
3.717145648042546236e+04
-1.461976985851603968e+04
-3.537112061004577117e+04
-4.277325278307501867e+04
-3.588451688967684458e+04
-2.762320090882888326e+04
2.437542326036051600e+04
-2.807670326222831864e+04
2.512699962178369969e+04
8.297294120354821644e+03
1.946159323244504048e+04
-2.617766841677741104e+04
-1.515528233554751523e+03
1.919153605466290901e+04
4.981125922117855225e+03
-1.453767306357150119e+03
-1.096405185731930032e+04
-5.543348020818958321e+04
-2.850425902167191816e+04
1.182744406774247364e+04
-3.072385354938426826e+04
-2.043156043941909957e+03
-3.398850114148124703e+04
-2.074469245340108318e+04
5.752457584876038891e+04
2.606639131558592271e+04
-6.711256125223806521e+03
1.286224166920084099e+04
-8.292460343802580610e+03
4.532628575877842195e+03
-3.587220055032513483e+04
-3.990211684535140375e+04
-1.993143657300329141e+04
1.914336949331796859e+04
2.015492180848065618e+04
-4.220633668827967631e+04
-3.069128147753075245e+04
-2.575731658172475363e+04
1.795737815758763827e+04
2.877544171734088013e+04
-7.465807019250762096e+03
1.535463866251345644e+04
5.916706957743910607e+04
-1.426165042185198217e+04
-3.637840073579020100e+04
-1.398052687744389686e+03
-3.502319960405576421e+04
-4.636332378342813900e+04
2.211879606005395181e+04
-5.190639445544906630e+04
1.941322128646419151e+04
2.801910318537485728e+04
-4.875802808146543975e+04
1.030156372482110783e+03
4.228885809542218340e+04
-1.556609104331437447e+04
-4.033997618515937211e+04
3.456191542227192713e+03
1.534105719927244172e+04
8.162491793041886012e+03
-1.824818602838756487e+04
2.689211250750232284e+04
1.506217737559278430e+04
-7.773317880460784863e+02
-1.167733750360300292e+04
3.687465407249495183e+04
-3.949089051710411150e+04
3.602072705334519560e+04
-1.603899789288829561e+04
4.762938637368390482e+04
-3.070927115104813129e+04
