3.898466910362266935e+04
-5.862559265267715091e+03
8.544934260270334198e+04
-1.669517405840844731e+03
4.709657993359232205e+04
-9.053710078538916423e+04
7.617301740409908234e+04
-6.288559086869383464e+03
4.135603032769437414e+04
1.357478818958144984e+04
-5.075698468048046925e+04
-1.362667380303927348e+04
-7.816197720588860102e+04
5.909588092672571656e+04
6.692874732136967941e+04
9.274348009079694748e+03
-5.698311615166504635e+04
-1.456500247628471698e+04
-8.798167549758646055e+04
2.197627060878138582e+04
1.359855881178093841e+04
4.792597817670533550e+04
9.837658723587761051e+04
-9.174312377555313287e+04
-4.085895065227944724e+04
-5.961349243931390811e+04
2.155620003991955309e+04
-4.307293810366088292e+04
-8.857987692212729598e+04
8.277262038332037628e+04
-6.016330488825316570e+04
1.237373330772219924e+04
-1.811167993557114096e+04
1.542543995254159381e+04
-1.634253777093345707e+04
3.551884746331276256e+04
9.616424149833762203e+04
-1.309003392964892555e+03
7.096737065273371991e+04
7.654043728531795205e+04
4.897237082876471686e+04
4.814084280780347763e+04
-9.601098025669911294e+04
-8.610049301216215827e+04
3.320341186621779343e+04
2.743293294010893442e+04
3.136452128730583354e+04
6.150651106206083205e+04
6.727283906218002085e+04
-6.918389090486989880e+04
-8.274373781443448388e+04
-4.173071537514509691e+04
1.312102960604830878e+04
-3.400139748177968431e+04
-6.720200437687398517e+04
-5.060979103800677694e+04
3.928947252176271286e+04
6.682401181840512436e+04
-4.950111166256261640e+04
3.096941122522149817e+04
-5.024210802904560842e+04
4.353692647776615922e+04
-6.641402332452606061e+04
-5.859211933927302016e+04
-6.383848649432373350e+03
1.343685029789937835e+04
8.095747637861061958e+04
9.808071170794533100e+04
-9.137734521610639058e+04
-1.508373796337260865e+04
-2.740726222331564350e+04
1.988405555731923960e+04
1.507777091341848427e+04
-8.846758754348178627e+03
9.654083027477169526e+04
8.903568642326918780e+04
1.209316583071599598e+04
-4.203036945517975255e+03
-2.316694475077452080e+04
8.477621738351735985e+03
-3.361758638064420666e+03
-3.526159714555199025e+04
8.492912400002146023e+04
2.011192690565557859e+04
-3.249078258431967697e+04
-8.836021633318207751e+04
8.405615525774669368e+04
3.212184628671209794e+04
-7.628538238289892615e+04
8.070132517259570886e+04
-2.336082843380844861e+04
-1.386030732611822896e+04
-4.201362717705079558e+04
2.327075100678333547e+04
2.297762897861475358e+04
-5.955768986846290500e+04
8.832856397908489453e+04
4.289637102722100099e+04
-2.591462299487172277e+04
-3.568525679780831706e+04
2.972357747144116729e+04
-6.210700800082322530e+04
7.558341990455571795e+04
-4.075688558954797190e+04
-7.684590988705928612e+04
-9.178175992915144889e+03
4.434724253897505696e+04
-7.107446150540359668e+03
-9.989080780565112946e+03
-1.039487389957359119e+04
1.697812630259980506e+04
9.435273589964577695e+04
-3.883501381305898394e+04
-8.552907959712159936e+03
3.165760525370459072e+04
-9.513924862138817844e+04
-1.788054659168730723e+03
-8.047210031088558026e+04
3.133406231873368961e+04
3.011692895411211066e+04
-7.892399567722818756e+04
3.579307808090129402e+04
3.192046602852438809e+04
4.114992366125728586e+04
-1.130731821447734546e+04
5.827219626401527785e+04
-9.815291597642815032e+04
-7.127186839391759713e+04
-2.152550233263241535e+04
7.048341708079536329e+04
3.821734514321802999e+04
-4.460215463603516400e+04
8.437375497143587563e+04
8.764731893982525798e+04
9.999068716392293572e+04
-3.306184621456917375e+04
7.178766281646798598e+04
-6.995379930461707409e+04
-5.228542071731229953e+04
3.462325567747908644e+04
8.385080446949679754e+04
8.361954053754286724e+04
-1.066723912920184375e+04
-6.858472867178569140e+04
2.445204200457310071e+04
-8.960605827280359517e+04
5.973343302608892554e+04
-9.982653079713242187e+04
2.065967447921441635e+04
-7.880233235855711973e+04
5.151372227964908234e+03
-9.443094810602070356e+04
4.561659520163165871e+04
4.178446772414984298e+04
4.141713609215957695e+04
-6.896561103370400087e+04
-1.892656185308740532e+04
-4.722048602001405379e+04
3.522451936126590590e+04
-9.064761858585019945e+04
2.132336180646803405e+04
-1.792787833907322783e+04
8.177095692847532337e+04
1.534192224013563828e+04
5.088409730783486157e+04
3.233919831697596237e+04
4.485371439877603552e+04
-2.498392437121423427e+03
-2.055325324080367864e+04
1.950083572159185132e+04
-4.179773478348207573e+04
4.480057972307095770e+04
7.212216578737081727e+04
7.642779760315106250e+04
-1.626215996518245083e+04
9.198740183378782240e+04
-6.560645307831151877e+04
1.054678547058849654e+04
-6.286507534638565994e+04
1.494458846404538781e+04
-9.583751298568434140e+04
-6.553304503062635922e+04
-1.521241490393251297e+03
3.340577175504743354e+04
7.960459999746707035e+04
-9.835153750366051099e+03
4.344240190618336783e+03
-7.742843793110207480e+04
9.409059545241328306e+04
-9.260300564743764699e+04
4.953723254705598811e+04
-1.211714923806424486e+04
5.271873042716635973e+04
-1.474830310267530149e+04
-5.016941294258283597e+04
-5.200270329561230028e+03
6.693258670127420919e+04
-3.487147710477298824e+04
6.083883218240254791e+04
9.599649876494365162e+04
-1.205502421507374675e+04
-2.649982055434670474e+04
-3.301987470336182741e+04
-3.627954707391194097e+04
-6.379083810630010703e+04
2.822435024754714686e+04
3.838360760683426633e+04
-6.979259676436193695e+04
-3.461658505497407168e+04
-4.204447432498994749e+04
3.832023300123267109e+04
9.554002796960953856e+04
3.899404783981086803e+04
-2.479340536364675791e+04
-7.813727403242529545e+04
-1.054169131675647805e+04
-5.092108431287354324e+04
9.449974800321779912e+04
-4.897989700146114774e+04
1.776344858742768702e+04
-9.377604787189936906e+04
-6.657483577747103118e+04
4.706296404511280707e+04
9.122685875360757927e+04
6.605708157071916503e+03
-5.114079098269766109e+04
3.295123400683209184e+04
1.656747441260126652e+04
-2.180101198171453143e+04
2.760324435554428783e+04
1.741456077631170047e+04
-5.631351856764021795e+04
5.723871488626673818e+04
9.413029092424217379e+04
-6.479685742402960750e+04
-2.819656773353241442e+04
9.051153876342697185e+04
7.329888199624311528e+04
-1.446925954543986882e+04
4.636367122492278577e+04
-5.511428212903691019e+04
7.714398677395933191e+04
-8.422780851226294180e+04
8.673184764344600262e+04
8.899183048876243993e+04
2.962882987848680932e+04
-6.973810356754343957e+04
8.907446638816269115e+04
-4.314508687053224276e+04
6.668970711103978101e+04
8.713972826472233282e+04
4.908377861177120940e+04
9.344785665344377048e+04
9.219457386550505180e+04
7.893586505009682151e+04
6.821922346621350152e+04
3.225739344578370219e+04
-3.394391477203178511e+04
-8.778706021069794951e+04
6.172985352117053117e+04
7.352352608338123537e+04
6.933318881378544029e+04
-3.398012279383877467e+04
3.418051581426119083e+04
3.520090626959421206e+04
