-2.354977763125633282e+04
-3.076130745995518737e+03
1.882533242373958637e+04
-4.224428581313858012e+04
2.994425667379961851e+03
9.912091359270745670e+03
-9.783007020223863947e+03
4.169859503177483566e+04
3.052478024299306344e+04
-6.987283866280164511e+04
-4.670844635824847501e+04
-6.920636326757498318e+04
6.127354625500248949e+04
4.443218839162774384e+04
4.453969982402596361e+04
3.298094812289129914e+04
1.868898521051423359e+03
-3.998839614487695508e+04
7.898743597165269421e+03
-6.054689422821400512e+04
3.564288140268778079e+04
3.320959150877364209e+03
1.805071592754865560e+04
-5.283983508761909434e+03
3.124498321000553187e+04
1.387095281682054519e+04
-1.247254793615439485e+04
1.977039565477254655e+04
4.833185334797118412e+04
4.162776848777069972e+03
1.494830061186404419e+04
4.192140059907815885e+04
-5.406052961640854846e+03
5.439141275656413927e+04
-2.720087984496781064e+04
-6.954221935100596966e+03
3.746136875700912060e+04
3.584699617276564823e+03
-1.545555075530133763e+04
2.976779220499327857e+04
1.808356784276322287e+04
2.601261162659861293e+04
-2.765066405336395837e+04
2.708303880273228060e+04
-2.199055920271453033e+03
5.837024366807094339e+04
4.664187692525966122e+04
1.681892335401773744e+04
4.519472566128813924e+04
1.585114720282554299e+04
-1.289325595716721364e+04
-3.351005372958739463e+04
-6.075750033249870285e+03
3.249306080824801757e+04
-1.644987943970745982e+04
1.237835784696689916e+04
-1.409062987942423206e+04
-7.352408750630822033e+04
6.264608574155460519e+04
2.551051206089908010e+04
2.314865579044236802e+04
3.758006868863901036e+04
-5.311731866495098802e+04
1.953158845456319978e+04
-1.008759631771990462e+04
-1.885996030280727064e+04
8.250375093405367807e+03
-2.061660693311090427e+02
-4.564620773608684249e+04
-4.428705330882730050e+04
-1.140879809660084356e+04
1.050551063714231350e+04
-9.756872883383230146e+03
-2.024510168397618327e+04
-1.201652294070082644e+04
-3.344083697460104304e+04
4.464463332732634444e+04
4.723614518473200587e+04
-1.180442136292276842e+02
-5.597328609751561453e+04
3.785508447338839323e+04
-6.145462915100179816e+04
-1.659703025910156794e+04
-5.042321814089687541e+04
8.153954557198775547e+03
1.789360049245314076e+04
1.406117409728360326e+04
5.754886858270187804e+04
1.918881674749407466e+04
4.008696298956114333e+04
2.139225008239322779e+04
-4.367285504220822622e+04
5.136933944400119799e+04
3.811225306230277783e+04
6.205007980982673325e+04
-1.465676479938799821e+04
2.534636425379676075e+04
-4.102750793242752843e+04
-4.107957994100237556e+04
7.434520209328475175e+04
6.253871658911402483e+04
-7.332018687781911285e+04
-3.940279118131707219e+04
1.386844729677752548e+04
-4.732315089050851384e+03
-1.047604109816340679e+04
2.197622996744624106e+04
1.783026190769405730e+04
-1.903816942008912883e+04
-1.077270238896551746e+04
-8.703866019547973565e+02
7.107922392342363310e+03
-2.335267133595063569e+04
-3.537075149950107152e+04
2.641762936060105494e+04
2.114127343480900163e+04
-6.937274905319870413e+03
1.122491233017632840e+04
-1.286545415281500391e+04
-4.641742018551566434e+04
2.192266181346705707e+04
1.244614595791684042e+04
-2.352749492738452318e+04
-2.114552603764716332e+04
3.061076206781565998e+04
3.633096529821777949e+04
1.063795836159899773e+04
4.326173267025899804e+03
-3.902369658757263824e+04
-1.337419255734855869e+04
4.608183011837691447e+04
4.995054488531404786e+04
-2.884618541844243009e+04
1.823161295293057992e+04
-1.321036421487830194e+04
2.173404501720715052e+04
8.570340663233455416e+03
-2.397853621931777070e+03
-6.908002785216222401e+04
9.313033895862767167e+03
1.548924944012050037e+04
9.869843834444327513e+03
-1.344525504344851470e+04
-5.872836967039182127e+03
1.342414943808049065e+04
-2.932845228225881146e+04
-1.986364019734934482e+04
-6.929784253329596595e+02
-2.294161200438799642e+04
5.336348640194899417e+03
3.133342784953450177e+02
1.911786020129569079e+04
7.974615227324197519e+01
-2.930780088123589303e+04
3.005831617929762069e+04
-2.726492946016138740e+04
1.950841189787960684e+04
-1.854317868486758744e+04
4.324749527344501257e+04
-2.719728603566743914e+03
9.743516136523559226e+02
-1.301169255994792820e+03
2.665092082276783913e+04
-2.414492444401681496e+03
-3.570814226349762612e+04
-1.949496566858064398e+04
-3.855607060711474332e+04
-3.526726921451071394e+04
2.367208248677590746e+04
3.800000953924387431e+04
7.347732379700023557e+03
2.000980130821592684e+04
5.267950776935486647e+04
-3.276522300591046587e+03
-5.252959417760196629e+03
-1.511182838344103584e+04
-3.010655126435137936e+04
-6.840422199559623550e+04
-5.232030438330226025e+04
1.864357394428608677e+04
2.040466237181874749e+04
-4.839725140194027335e+04
-1.542916839122949750e+04
-2.418660462388724045e+04
-2.292299142610338095e+04
4.372195202993103157e+04
2.089326348227326525e+04
4.612947917173458336e+03
-3.238020228169356051e+04
2.370271496656187810e+04
-1.570944167594476858e+04
-5.985721669815577570e+02
2.196644501953925646e+04
-3.819335131600347086e+04
7.876949399455619641e+03
-1.811555474733445953e+04
9.142677084067108808e+03
-4.480048395352227089e+04
3.494371355562908138e+04
1.392451403314800154e+04
2.810692806181440756e+04
2.709169436415529162e+03
1.401761602926541855e+04
6.746803681204015447e+03
2.312822522476109589e+04
-1.692915762770239962e+04
-9.366643120704953617e+03
3.872530323322675395e+04
3.361757861426426825e+04
1.944461232272709822e+04
4.993186624686159485e+04
1.429773918598404089e+04
-1.174846314640375385e+04
-2.035338564800251334e+04
4.475007426002633292e+04
-2.608803674157476780e+04
-6.654925624752728254e+03
5.259073511435370165e+03
-3.315047892681488156e+04
5.194612099489760294e+04
-1.355904011953561621e+03
6.913661223297285323e+04
2.385360528934108970e+03
3.261226230412724180e+04
3.555595836062724266e+04
-2.562850055664474712e+04
-1.354118587741598458e+04
-1.644820473769694945e+04
3.716359327576980286e+04
7.682726562907305197e+04
-3.015082670767404852e+04
-1.196486875921225692e+04
-5.577192735506754980e+04
1.169384632923415302e+04
-2.368761369965993708e+02
4.037009288141621823e+02
1.716773530031138580e+04
5.498824533371712459e+04
3.239852618602009534e+04
5.283091904636937397e+04
-2.656208939832838223e+04
4.273081871710879204e+04
-6.020904669056030980e+04
2.266798736868292690e+04
-3.175855802430203312e+03
-1.661874882755401268e+04
-1.023153776758741878e+04
1.691289073626979007e+04
1.592273282596225545e+04
-4.090855676421680982e+04
2.218754953704844229e+04
-3.316941047192039696e+04
2.234919025176791365e+03
-6.499151982925496850e+04
1.570342984297692055e+04
-1.260226464997472431e+04
-6.138054801662956743e+04
4.919086627212637541e+04
4.830694393594555731e+04
-1.952499721694116488e+03
-5.200458068143437413e+04
8.560731230745212088e+03
2.101746946880943506e+04
1.192277904249605126e+04
-2.254854850507844094e+04
