5.714045828227070160e+04
2.656725638811607496e+03
-6.361978855628880410e+04
3.983555042188992957e+04
-2.056322930715511029e+04
3.125194023651306634e+04
9.253799148569995305e+04
-8.048957804499538906e+04
5.245414885237076669e+04
5.215567295277278754e+04
-7.013803962124823011e+04
-8.409226950221990410e+04
2.848333688003307907e+04
-7.646623227467863762e+04
7.750554139974800637e+04
-1.003269932305222028e+04
7.219864714258740423e+04
-5.826933319119420776e+04
-9.080309810445760377e+02
-8.914780747191070986e+04
5.573697728120046668e+04
-5.483939521813394822e+04
2.808006638732494321e+04
-8.407902483279423905e+04
-7.754026955334545346e+04
7.147622634542232845e+04
-8.114512078195897629e+04
-9.810743249822864891e+04
-4.214886841763361008e+04
-4.774225110257577035e+04
7.187154627378468285e+04
-6.683128298006564728e+04
-3.939482850557056372e+04
8.658945948561246041e+04
9.893749292161245830e+04
5.172860557898800471e+04
-9.615685186118642741e+04
-7.098550181390465877e+04
3.143898729976723553e+04
-3.547079376802939805e+04
-9.588913577401221846e+04
9.214591515167948091e+04
-4.378542283690995828e+04
-1.476824987330929434e+04
2.013026899945893092e+04
1.757687757752006291e+04
-9.410051720942824613e+04
-8.013973485956333752e+04
-7.807020979411693406e+04
7.617378472441280610e+04
3.448982890073469025e+04
-9.504399932298329077e+04
-5.877409925960363762e+04
8.554782035296002869e+04
9.373051510934330872e+04
-8.628325569779715443e+04
-8.088069162597061950e+04
9.556456274848946487e+04
-4.243578494564344146e+04
-4.377446285744772467e+04
8.736183486155641731e+03
6.544156218231719686e+04
6.341983214890921954e+04
5.313432929007025086e+04
-1.313324209310564038e+04
-5.699752832432023570e+04
-2.977393114763456106e+04
-5.713985746558900428e+04
8.502667170297261328e+04
-2.584584887501339836e+04
-1.325783409965313331e+04
-3.818595520071830833e+02
3.574593984716248815e+04
8.151659916060566320e+04
-5.430244844264155836e+04
4.918271203948388575e+02
8.592508296350110322e+04
3.989472096358731505e+03
6.634184198683747672e+04
7.343814705434575444e+04
5.366124457232261193e+04
3.926202711510210065e+04
9.120764940485430998e+04
8.747345787445304450e+04
6.222757029555508052e+04
-5.933311939934603288e+03
9.830629163075063843e+04
8.095163521688504261e+04
-5.296201640056816541e+04
2.995948146594200807e+04
-7.117146019212718238e+04
-2.059399529506398540e+04
-6.531274107340303453e+04
3.654587708311539609e+04
4.569295923070507706e+04
-3.547678658370790072e+04
1.512915877001541958e+04
-1.056706517086090753e+04
-2.737882008233790111e+04
9.406343246829503914e+04
-3.315848371003681677e+04
-5.918305420720382244e+04
5.830162787153405952e+04
4.842872324397345074e+04
-7.117119516833758098e+03
-7.972393106204326614e+03
-6.848022787383891409e+04
-9.021568902626067575e+04
-3.864093941708839702e+04
7.638203183094624546e+04
-4.688311848433486011e+04
8.562681316587116453e+04
-8.808198077529024158e+04
-3.274611029705347028e+04
-8.714973026915082301e+04
-7.542062636403503711e+04
-5.047390817747081746e+04
5.592512826578860404e+04
2.392040599712359835e+04
-1.900701448695050203e+04
5.563301607114617946e+04
6.652978366895523504e+04
-7.702381736470613396e+04
3.078852687617443735e+03
-6.487215198517461977e+04
-7.979122395381519163e+04
-2.744625932523730444e+04
-8.778711380393158470e+04
-1.500919564043321589e+04
1.993688045028141642e+04
7.807126314227789408e+04
7.871873765072584501e+04
-8.039441579811427800e+04
7.222527888046184671e+03
2.873414248821692308e+04
-1.607101820347853936e+04
9.808815875051420880e+04
5.339783422748130397e+04
-1.074958501962503942e+04
-3.317313919036311563e+04
-3.666787952160694840e+04
-1.203436926260330074e+04
-9.838260684445463994e+04
-4.400904777284322336e+04
-5.017565623281612352e+04
-8.579264086093711376e+04
8.299232978586858371e+04
-8.566969318481103983e+03
9.546935684237480746e+04
-1.001442780955403578e+03
3.848224165422143415e+02
8.648106322165226447e+04
-9.116321315147203859e+04
9.787254529245104641e+04
1.066238337078047334e+04
-7.576318942834161862e+04
5.446843522195733385e+03
3.631239388546178816e+04
-4.809415863250079565e+04
-9.914766787117274362e+03
-4.473094707620130794e+04
-9.774100191049055138e+04
4.520536486292825430e+03
8.246979168646252947e+04
-7.111350694265440688e+04
-6.659459344359039096e+04
6.090902155519419466e+03
-8.573578695772125502e+04
4.057706607231989619e+04
8.975940930365450913e+04
2.952608469123032410e+04
6.578151358763914322e+04
2.208263825189047202e+04
3.170735730832227273e+04
3.905142884000786580e+03
3.298385883549595019e+04
-2.635374230843958503e+04
5.114758089642471168e+04
-2.688124432777277252e+04
2.548133290294100880e+04
-6.290797000660211052e+04
-9.861295530636725016e+04
8.764852887963593821e+04
6.142829595376021462e+04
9.118873995602302602e+04
6.671696407934700255e+04
-6.386370119229341071e+04
3.478669917023929884e+04
-5.118159916513688950e+04
-7.745309941993653774e+04
5.685911878626345424e+04
-1.086073529059314751e+04
5.019120369839068735e+04
-3.427161510602943599e+04
6.281410395739437081e+04
1.193710645853645110e+04
-5.448781300103309331e+04
-8.288192770751506032e+04
-6.522736685290273454e+04
-6.985593417149761808e+04
-3.222751919595728396e+04
9.947061992956476752e+04
2.886571055065220571e+04
-5.104528327629511477e+04
3.805465997227403568e+04
4.606775299301694031e+04
-7.438363093425138504e+04
-8.256706410529148707e+04
-3.046002445067850931e+04
1.231575699662737316e+04
-5.166709723856110941e+04
9.452849302750805509e+04
8.333231700581996120e+04
-6.337895763590721617e+04
7.298496983634962817e+04
6.296718974714205251e+04
-5.001150341602840490e+04
-7.696766425538487965e+04
-4.885146299841849395e+04
-2.980979989707165805e+04
-3.913346275877216249e+04
5.133334221404185519e+04
2.348679767775462824e+04
5.662238157462305389e+04
2.831004133381156134e+04
1.328760058250700240e+04
7.247663228864897974e+04
-9.626070946342300158e+04
-7.868885590495073120e+04
5.220772479684281279e+03
2.881298627383037820e+04
-5.911802331495004182e+04
-7.363991457327768148e+04
8.268240750416865922e+04
8.530872084475948941e+04
-4.968510866978836566e+04
-8.927852944793921779e+03
3.972582873025920708e+04
1.656888084278289170e+04
1.485954881827098143e+04
2.955337334942960297e+04
-5.867911972255096771e+03
-7.548377701457557851e+04
5.570573074521514354e+04
-1.185200650872183905e+04
4.950838912183357752e+04
-2.995208385160795297e+04
-3.437947753075670335e+04
7.205479999925251468e+04
-4.825070771262689959e+02
5.010967904335053754e+04
6.248948053528377204e+04
4.051401625352009432e+04
-7.846789786876496510e+04
6.526884074861786212e+04
6.795350107420477434e+04
-3.804155390784202609e+04
8.917666435153334169e+04
-5.008305651750690595e+04
7.279882043581604376e+04
3.481685478803620208e+04
7.181299945820809808e+04
-2.356866873045834654e+04
-1.855094243174859730e+04
-2.087696264590430656e+04
