-8.310137725954744383e+04
-8.720404513478741865e+04
3.624567493637284497e+04
3.270021691204456147e+04
8.660546329770638840e+04
-1.689743055617505161e+04
6.180889153529092437e+04
-7.523097586428873183e+04
-2.033887545875905198e+04
-9.627937706333462847e+04
7.869556172241878812e+04
-2.641298656898076297e+04
3.832935616054086131e+04
-6.976380581211643585e+04
9.310876356781230425e+04
-8.480145754957180179e+04
7.686085096122961841e+04
6.663934873496252112e+04
8.277576060915619018e+04
4.157262567632918945e+03
-3.082563125959809986e+04
4.064467782247287687e+04
-2.449332291252772848e+04
-6.298913464535454114e+04
-5.944717849220367498e+03
1.234492124318014248e+03
-1.980863354078873817e+04
6.714905521610766300e+04
-3.813056024577887729e+04
-7.980180680293426849e+04
5.078495992837980157e+04
-5.693502283814299881e+04
-7.583204805505345576e+04
-1.155455683912345557e+04
-1.214991708994426881e+04
3.289230117771736695e+04
5.037752848116846872e+04
-6.549648302633106505e+04
4.363161661996960174e+04
-2.032147873189393431e+04
-2.210092133511512657e+03
9.301021395427291282e+04
-1.514842360440673656e+04
-8.331609384655262693e+04
-4.152921374240863224e+04
-4.006290673429915478e+04
-1.488114576063556888e+04
1.487245670504338341e+04
-8.804269877427769825e+04
6.515895161826576805e+04
6.559501655568540446e+04
5.043842538260779111e+04
7.761793372532096691e+04
4.421962168292715796e+04
-2.057940023940621177e+04
7.336016366609270335e+04
-7.257063117861746287e+04
-6.491393837047101260e+04
8.708260373588584480e+04
-4.496069319048488251e+04
-7.092742327133381332e+04
2.234510586131086166e+04
-9.539891177756032266e+04
-1.258087807687428722e+04
4.298337322901436710e+04
-3.885378638979612879e+04
-6.415517837814652739e+04
-1.696006296417908743e+03
-3.210606382895132992e+04
6.968940465771273011e+03
-2.731958884772873716e+04
-7.454244905819272390e+03
7.475563497395985178e+04
2.736450643737049541e+04
-5.772999865887815395e+04
2.800166221548570320e+04
-8.587178577703190967e+04
-3.742003074276197003e+04
-7.161504472519633418e+04
3.875896279053433682e+04
-8.341860864542101626e+04
5.972550265982915880e+04
2.825141745759481273e+04
-6.729836092918335635e+04
3.587703404590373975e+04
-3.480971655927045504e+03
-9.964296359821982333e+04
5.948803476918523666e+04
-1.412663132827136724e+04
7.024710807191694039e+04
7.630895782724872697e+04
1.618754032192684826e+04
-6.845123885357624386e+04
5.133255502381976112e+04
6.607014402496139519e+04
5.946027728533252957e+04
4.484276832481418387e+04
-4.364014194059946749e+04
5.682482223905634601e+04
-3.518037559420889011e+03
-9.921180855547251122e+04
-8.241802688040409703e+04
8.803570589980998193e+04
6.727021456311014481e+04
1.514122483376691525e+04
8.496231453119465732e+04
4.711848602826372371e+04
-3.352790837824266055e+04
-9.287255791503938963e+04
5.557561831627972424e+03
-7.554229684094263939e+04
-9.535677384571041330e+03
-7.395038498185799108e+04
-4.016346805411472451e+04
-3.533142627000946959e+04
-8.433247725690317748e+04
-4.694360668713170890e+04
-9.993997766338819929e+04
1.122124284864556103e+04
-6.941438450650777668e+03
1.555946377035051410e+04
-1.966759877238655463e+01
7.205325972391467076e+03
-1.216312819830520311e+04
6.319954822074371623e+04
-8.062421442414200283e+04
1.481769441397249466e+04
4.998153344543036656e+04
2.266616533715552941e+04
-4.152143152328155702e+04
-4.294679390092404356e+04
6.827201056587134372e+04
-1.780880219332822890e+04
3.232034730737432255e+04
-6.612368182007680298e+04
1.801016369916991971e+04
-6.901390046805473685e+04
6.583001868674022262e+04
3.997948375376386684e+04
1.812618478136125486e+04
7.310586119783340837e+04
5.050199454765024711e+04
2.726734890747145982e+04
2.794257844961440424e+04
9.257887808633747045e+04
6.829981904340459732e+04
8.767925602973988862e+04
3.330773380603641272e+02
4.711242527141902247e+04
4.364984430879828869e+04
6.111286570196840330e+03
-2.299651590770177427e+04
-4.743709196970520134e+04
-8.831604662508369074e+03
-4.154378645122207672e+04
4.177461304781274521e+04
-5.310396970829731436e+04
2.632810064394635265e+04
-1.749441302934073610e+04
8.149508065851437277e+04
-7.437172540386256878e+04
1.132843459940573666e+04
1.843868707154841104e+04
2.659041717876790790e+04
7.844043203482971876e+04
-5.517844846423722629e+04
3.950676190829952247e+04
-2.769770110034158279e+04
-1.893143118471198250e+03
-1.425525135224350379e+04
-4.115885088419803651e+03
8.060070358317607315e+02
3.812019922886541463e+04
-5.836283280811738223e+03
7.765095684219675604e+04
-5.920656670647357532e+04
8.734455334838718409e+04
-8.302982931010327593e+04
-5.827674735408814740e+03
1.434733287767821457e+04
-6.452416018122564128e+04
4.894944598374998895e+04
-3.830115261001612089e+04
-8.887496900569707213e+04
-2.307556978182248713e+04
-1.526899576601774606e+04
-1.825257550034964515e+04
-1.294213830414708355e+03
-1.954000573274253111e+04
-2.763044187127359328e+04
2.818494595919967105e+04
3.289406420254686964e+04
4.106069980432323064e+03
-4.665105197236339154e+04
8.642359134989601444e+03
-2.125867663785757031e+04
-3.157854277033466497e+04
5.537698903543964843e+04
7.323406892756451271e+04
-8.161296099228711682e+03
-7.874705741925138864e+04
-1.854312922697834438e+04
5.468931919006415410e+04
-5.460968783717518818e+04
-4.319014924274917576e+03
6.961567183099116664e+04
4.899437015071266796e+04
-5.398864156436298072e+04
-3.531090605793976283e+04
-3.580133766095823376e+03
-9.932327825231388852e+04
9.113343647983437404e+04
-3.468265866890030156e+04
1.278337448651142768e+04
-7.679919131249314523e+04
-7.886980221400581650e+04
-3.496526109757160884e+04
4.052087760564309428e+04
8.102000967452203622e+04
2.873803500805565272e+04
-7.256099540310038719e+03
-5.041956288573645725e+04
-1.659081006092410826e+04
-6.373394762914840976e+04
7.049008755960385315e+04
6.009758704705702257e+03
-9.400797069040573842e+04
5.657326777639152715e+04
-5.938075419437458186e+04
2.606545220206906379e+04
1.279702008553552150e+04
-1.631437691641745914e+04
-7.398802225387947692e+04
-4.532084822848050680e+04
-9.467132059733767528e+04
9.801406161307767616e+04
-4.378563203954428900e+04
-2.678224147824970714e+04
2.641927727633679751e+03
4.565470735691863229e+04
-9.814672708962752949e+03
-6.308451691522005422e+04
-3.008028731688542757e+04
-3.718914453848209814e+04
-2.475675850316585274e+04
-5.468008277624236507e+04
-2.507144977723543707e+04
-5.483507207737183489e+04
5.437960018066733028e+03
9.402316554485354573e+04
4.100191706522679306e+04
-6.443656238153556478e+04
5.934452713348000543e+04
6.512819046911058831e+04
-8.424848965805362968e+04
-2.826790291270366288e+04
2.656396159494928725e+04
-8.399418753159568587e+04
9.642340584258065792e+04
-2.723179046270083927e+04
6.234030930135303061e+04
3.231467843748599989e+04
-7.611155469504704524e+04
1.437374702884699218e+03
5.925163997053590720e+04
