-3.528141395952700350e+02
-3.485157608642682135e+03
-5.818875480619095470e+03
-1.408509801380906538e+04
1.410165095641051812e+04
-1.439185471790183146e+04
5.982661478816757153e+03
-3.698393398543274816e+04
2.723255011613868555e+04
2.330618117632653593e+04
1.391354805089161528e+04
-1.708777362097362493e+04
3.467534461753941287e+04
1.249364882116231996e+02
-1.707258643555905292e+04
2.997287578120724902e+03
1.172843937454182560e+04
-4.142835656147786358e+04
5.245562101118540886e+04
3.245683027501355173e+04
-5.443025708009785740e+04
-1.379702099395146251e+04
3.706021826731965848e+04
8.999908964679569181e+03
-4.827306205387477530e+04
-4.599510385002094699e+04
2.679642515833138168e+04
3.815455123172554863e+02
-1.582844001206575922e+04
-6.478436058622916789e+03
-1.750045106194730397e+04
-8.342644204729289413e+03
1.322171944746296504e+04
4.394692869337511183e+03
3.441306751965092553e+04
8.344967565468123212e+03
3.275976845170190063e+04
5.722164171306756089e+02
1.021897820476477682e+04
-6.516486878207558766e+04
-2.979533464345911489e+04
3.029559449809091166e+04
-2.317340836713666067e+04
-2.073744516757243764e+04
4.089090444325467251e+04
-4.608492971999837755e+04
2.279661740080821983e+04
1.676160462739110017e+03
5.665356895735413900e+02
1.960373733088040535e+04
6.956112161328605907e+03
-5.589523025465013779e+04
-7.120342869021077058e+04
-6.642973655154115113e+04
-6.427884181376188280e+03
3.312748733713034744e+04
2.733145938350338255e+01
5.673947203341031127e+04
-3.845781736291971902e+04
-6.308042747432182296e+03
1.101142199066490093e+03
-2.342804579323124199e+04
-5.142620975835829449e+04
-1.343571046266903249e+04
7.123059149229566174e+03
-1.567015318332177958e+04
6.977476301411178429e+04
3.029249877740183365e+04
3.145240069476443387e+04
2.595453356410749257e+04
-8.276896606778760543e+03
1.398072227852804463e+04
2.455508677634290871e+04
2.414324529412107222e+04
3.415979035167045367e+04
-3.203757807524650343e+04
-1.135033450563437873e+04
2.961893113618310235e+04
-1.927999064601185819e+04
-7.186802857623553791e+03
-5.458592607504555190e+02
-3.398051131436678588e+03
1.681418386008385642e+04
3.585672245780138473e+04
4.824607340854187350e+04
2.353409986857637341e+04
-4.702239807937064325e+04
5.419092394002624502e+01
-2.520132118829107276e+04
-3.341458619682872813e+04
-3.525078609943123593e+04
-2.126791049531290992e+04
-2.205795871470049678e+04
3.443691738982284733e+04
2.790846084220843841e+04
-2.036761400331539335e+04
3.275794761059735174e+04
3.196458089184950222e+04
-5.028222983186161400e+03
8.523991792827438985e+03
-5.917369042779491429e+04
1.332855335915888463e+04
-2.655824767883650566e+04
-2.259065399045031154e+04
1.022102240431502287e+04
-3.704746889530983754e+04
1.310275543443275456e+04
4.762479057291577192e+04
2.080569714518679757e+04
9.746951236871807851e+03
-2.426215189466120864e+04
3.091376794799627896e+04
-3.310375876065346529e+04
1.330084879251896746e+04
-3.724717942410520482e+04
-5.394958241342454130e+04
2.469527660510158239e+04
3.722786427020054543e+04
-3.680074220580277324e+04
-5.489808647274608120e+03
-3.375730085209810932e+04
-4.645170161646181441e+03
5.014415081175397791e+04
1.844634006193442838e+04
1.674941716987241307e+04
-1.510380277997133089e+04
-2.189126248444672456e+04
-8.527898923074666527e+03
1.996137143629083585e+04
1.933305480465221262e+04
-1.195114575496945463e+03
3.895386707757733529e+04
-3.327515185578602541e+04
-5.654372766415175283e+04
-5.213405387910846002e+03
-2.587855830660438187e+03
2.035602182094169621e+04
1.586599503360068411e+03
1.501451923793921924e+04
2.066458766340478178e+03
-2.048253340621956522e+04
1.062412653539216080e+04
-1.738058675983586727e+04
8.227066450935580360e+04
1.350178538742503588e+04
1.909993152950887452e+04
-2.019387612518763854e+04
1.483500467376584129e+04
-7.838898231694369315e+03
-2.604156008533099521e+04
-1.968104215209585391e+03
-7.162264586256153052e+03
-1.153717448454535770e+04
-3.475008322386068903e+04
3.937396931035305897e+04
6.802940521824172720e+03
-1.501819902066124996e+04
3.002618502972562419e+04
-2.672106446112642152e+04
1.033296649455209808e+04
5.263742874562282668e+04
6.078870277344701026e+04
1.275616629217539412e+04
6.599562656447618792e+04
-2.719782602252380457e+04
6.301619979196797203e+02
6.813654919355791208e+03
-2.399805435766339997e+03
-1.293016324691564296e+04
-2.725533646295637300e+04
2.065071767381273094e+04
-4.941244048052427388e+04
-6.041106828631947792e+03
1.414148140555594728e+04
-1.123967483921756684e+04
3.114312564335679417e+04
-3.106483587030168565e+04
2.255615585305656714e+04
-4.255368358830829675e+04
-7.882800087175764929e+03
2.112968510895811414e+04
8.505434530761463975e+03
-2.001307449466909702e+03
-1.384217514993696568e+04
-5.385491687115562672e+04
-2.405793902486963634e+04
-1.097635240265843095e+04
2.973629762870458944e+04
-2.256707527295198815e+04
-4.722414341467181657e+03
1.961983404609825448e+04
4.364772233029086055e+04
2.140541737617724721e+04
2.215754316271793505e+04
1.032016772497185957e+04
1.341107191693123968e+04
5.730345812922566256e+04
-3.772925888955337723e+04
2.080035228865266981e+04
4.978683643494244461e+04
-5.560264883526824997e+04
7.297655165000578847e+01
2.265669613113040396e+04
-4.089728584267634142e+04
-6.447008477675780159e+04
1.077761357637548645e+04
-3.011581775528990192e+02
-5.038646523270331090e+04
-3.499384749301774718e+04
-2.741641711773243969e+03
-2.801477221905404440e+04
-2.868961629917816390e+04
1.363430951647326765e+04
2.748366063749077148e+04
-1.573768937230543270e+04
-9.858496037670987789e+03
-2.497265117075663875e+04
-3.336526432922136155e+04
-3.616502246496156658e+03
2.064844035545321094e+04
-6.871148776650823493e+03
1.561192587326633475e+04
-6.877105226309668979e+03
-3.428115796032381331e+04
9.972367561625322196e+03
-4.150410051439145718e+03
-4.844596684722920327e+04
1.426169113361385644e+04
3.871397001777229161e+04
-9.435952507872925707e+03
6.124779815615112966e+03
5.469707197284390713e+04
-7.015604925275122696e+03
3.717729734494592412e+04
1.712384252986530191e+04
-1.186067448751407210e+04
2.409998202698842579e+04
-5.568603086103145324e+04
2.030570639093345380e+04
1.137769477244925292e+04
7.092736254710550384e+03
-8.704722049575455458e+03
-1.950072403339799348e+04
4.752877964635580429e+04
6.940576831165381009e+03
-7.544194589771456776e+03
-3.721946916357738246e+03
-8.897527268413983620e+03
1.303249706990064442e+04
-4.473507665288602584e+04
4.447645069961205081e+03
-4.284070379157581920e+04
-3.262312051093588821e+02
4.486076554199615202e+04
-3.274741733437615494e+03
5.672599299121047807e+04
-2.316768858001455737e+04
3.207634361570877081e+04
2.618643882669430241e+04
5.241176011475903215e+04
-3.621598531679977896e+04
2.210465604210222227e+04
2.035337521724068210e+04
-4.181811930813275831e+04
-7.660649091106845844e+03
