-2.213348892110222005e+04
-4.801008744317517994e+04
5.032669682103069135e+03
4.480444702653653076e+04
-3.661641899375202047e+04
9.107297788777617097e+04
-3.767015313824071200e+04
1.549940533479366786e+04
-4.637815692026000033e+04
-3.555151228511844965e+04
1.244833281591407103e+04
-6.140198192899973219e+04
4.372008466287668125e+04
6.129437062287388835e+04
-5.227545449086251028e+04
-1.479914429268168169e+04
-4.733570295493210142e+04
1.444930563053817968e+04
1.394990597220640484e+04
3.714388313480155921e+04
2.907160202953046974e+04
-1.054797721073819957e+04
-5.511656042122480358e+03
2.041339700254061245e+04
-1.862333324299432570e+04
1.866425818632679875e+04
-3.469927886950496031e+04
-1.646584259419822411e+04
-7.114554346469708253e+04
3.661655523308008560e+04
3.237230517254462029e+03
5.573902886371670320e+04
1.060191128910822226e+04
-7.145282257057183597e+04
-1.939631474727519162e+04
6.542892634857111989e+04
2.282205231591161646e+04
2.880357501751770542e+04
5.813966282962288096e+04
1.329747846226543879e+04
-4.415552055287409166e+04
8.683767068669825676e+04
6.437010939185458847e+04
-1.996863957485676656e+04
9.794928284987279767e+03
4.944111276146794262e+04
5.513943985168692598e+04
-2.973598200345562145e+04
-2.347892263453367195e+04
-5.140359266307477810e+04
5.378466348110850959e+04
-6.435091487776478607e+04
4.302580417114936427e+04
-2.934072960332945513e+04
1.071819340722287779e+04
1.915698691377518844e+04
-2.427609803309634299e+04
5.169433942116653634e+04
-2.360696930201781288e+04
5.343777713488029804e+03
6.687254260658896237e+04
7.595820158274300127e+01
-7.497422529684772599e+04
5.779970112077439808e+03
-1.419764130513444616e+04
3.217870749648919445e+04
4.361232113675794972e+04
-3.133062757885007522e+04
4.945376677855059097e+04
-3.770018714824681956e+04
1.526979177468624403e+04
-7.959095127942647377e+04
1.474655541035524948e+04
1.215863277657136450e+03
-2.155188639114385660e+04
4.837029038168198167e+04
8.825752305924019311e+03
-2.868306288225359822e+04
4.364543900997059973e+04
4.386488577962861746e+04
-1.326014947093105002e+04
4.925199799058157078e+04
2.505175018611491760e+04
1.829991567811930508e+04
-1.152178161615048339e+04
-5.508468424562340806e+04
1.576575697906572532e+04
-7.525145531567481521e+04
-2.429880290734106438e+03
2.786982777495965274e+04
4.368785471885642835e+01
-5.476675226566781021e+03
1.937722924041509759e+04
4.728446782622682804e+04
6.588915449938996289e+02
-4.165083467712525817e+03
1.096604249120542227e+04
3.196767306252945491e+04
3.430189528823070577e+04
8.437792339394753071e+03
-5.282734740507491369e+04
-3.735810776463191723e+04
9.654693815830363746e+03
-5.268904001690479345e+04
4.493758109692208382e+04
-2.908255280750203019e+04
1.986377695365897307e+04
8.936010540910635609e+04
-2.220479888378629880e+02
2.868518439323145230e+03
2.968764702839936945e+03
2.894768839164558449e+04
-2.758450405686350859e+04
3.258516023698960271e+04
-4.109137040442629950e+04
-7.081608716760059178e+04
2.562566615547760011e+04
-7.941294741521693140e+03
-5.044796892319252220e+04
5.805034763021427352e+03
3.059579341247646880e+04
2.112224263137733215e+04
1.482166349510495820e+04
2.343077597998972851e+04
-4.837851936164269864e+04
-8.546656156812241534e+03
5.505980992360456003e+04
1.155187810746586547e+04
-7.103719154098634317e+04
-2.213413789284744053e+04
-1.927866656611012149e+04
9.795868475648940148e+02
-1.204832619203660215e+04
4.002801718613451521e+04
-3.474523774726800912e+04
3.169830463704259091e+04
-1.287782006700820239e+04
2.243163563727220753e+04
-6.348676194250149274e+04
-2.286682406764030748e+04
4.925284511144450516e+04
8.463657309619664375e+03
-2.330297143231777954e+04
7.778479258403132917e+03
-3.585795533967787196e+04
-1.344577608413428425e+04
1.790655683498224971e+04
-7.359850197243214643e+04
-4.627414045315253315e+04
-5.579100500169568841e+04
-7.854452897956453671e+04
2.983364538211924446e+04
1.077336521720836936e+04
-3.784868905868838920e+04
3.258193489232172942e+04
5.241191802039349568e+04
4.632096711325717479e+04
-3.485607014931336016e+04
3.007797675158423772e+03
-8.313921280650990957e+04
5.908704177395946317e+03
-7.794094953659080784e+04
-3.659077164806614746e+04
-2.610566601598706256e+03
6.416368107700275141e+04
-5.348379398799499904e+04
2.860025091303372392e+04
1.253714246646763058e+04
-2.912523215460160645e+04
1.437998258840232484e+04
-3.970169468736163981e+04
4.465150302540665143e+04
3.556334287573267648e+04
7.954737452471511460e+03
4.106551695434947760e+03
-3.812390271001766814e+04
-1.364500654770424444e+04
2.956364930892836492e+04
3.217949591637623962e+04
4.127853964451481443e+04
-5.604643435387618229e+04
-2.939072422020133672e+04
2.114426409766248980e+04
-1.486945868709018032e+04
-6.189746214334003162e+04
5.768486557591834571e+04
8.183792119508382712e+03
5.620487000041594729e+04
-5.471562931119441782e+04
3.282284968855846091e+04
2.484533812539086284e+04
-5.908503391384820134e+04
3.608372463782027626e+04
-1.862982038055149678e+04
1.470359063302843970e+04
-2.872943218357956721e+04
-6.228402512847252365e+04
-3.364735235788764112e+04
5.587760521715773939e+04
-6.879945496654769522e+04
-7.422214453412804869e+04
-3.729532859000265307e+04
-3.153861561271051323e+04
-2.958855480235802315e+04
-6.733896774552366696e+04
3.482807895480848674e+04
-3.909179589424415462e+04
-3.398797606192474632e+04
1.095506084923905291e+04
-8.254077173025569209e+03
-1.176073109725077848e+04
1.617167765405894352e+04
7.069427953287122364e+04
4.997426213637162436e+04
-1.195637486075001834e+04
1.526501881633194216e+03
-3.793478116418140416e+04
7.497743894791394268e+03
2.490199006797928087e+04
-5.195434009168749071e+03
4.372346522576126881e+04
1.619335398516539317e+04
-3.215643335900958482e+04
5.906419885610783240e+04
-2.396680161949948524e+04
-1.898352296161339109e+04
-2.366499455272010891e+04
-2.489668138800017550e+04
-4.694984551974124042e+04
-5.908324201771301887e+04
2.277376546335450257e+04
-4.300778882614384202e+04
-2.235391857556226751e+04
7.551678206462446542e+04
-1.271913811842600990e+04
-2.478035445692909707e+04
-1.188307465315675836e+04
1.788379889210932379e+04
3.404053710657566262e+04
-4.222158394975725969e+04
7.440331031193802119e+03
1.872557401684329670e+04
1.610578216915522717e+04
4.355695788520832866e+04
-1.247159965202392232e+04
-3.987990936528162274e+04
3.368255262737692192e+03
3.191396909487232551e+04
-5.602827974965437170e+04
3.852722923902770162e+03
8.377799706960415278e+03
7.292091600491327881e+03
1.610936569189763031e+04
-2.217328711396215294e+04
-1.584555252326732443e+04
1.713611836593868929e+03
2.185353723262471249e+03
1.493456069195965938e+04
2.438242995230386441e+04
6.306971792352489138e+04
-4.238340350948331434e+03
-3.214840112894594495e+04
-1.619746210189963222e+03
-2.766419604914875890e+04
-3.025022865915489456e+04
