-2.470406971698550478e+04
2.752365795664615143e+04
2.569023985091129816e+03
5.975258334892859421e+04
-1.340334358009508287e+04
3.034893249935429776e+04
-3.376361924730696046e+04
-1.029323295517677980e+04
-2.984487844698051049e+04
-4.792702436125645909e+04
3.231911943148899809e+04
-2.969758564671734712e+04
3.410657431576430099e+04
-4.306935152426108107e+04
-6.341581071390259240e+03
1.555253748924699039e+03
-6.347109610628313385e+04
-2.989233070087714441e+04
8.548837935097973968e+03
3.117413143040262003e+04
5.380758479146187165e+04
3.010741056927319732e+04
-3.055889636501913174e+03
3.190240148803884586e+04
2.773109426021473701e+04
1.073503255754309248e+04
5.061198892184399301e+04
-6.805458519128211265e+03
3.811756850994658453e+04
3.554993707359471591e+04
3.557840908814445720e+04
-7.187465029043842515e+04
-1.384697340280053868e+04
-2.866181128352600354e+04
-2.721752315463082414e+04
-1.996946756072719290e+04
5.631145692584608332e+04
-9.081948761314795775e+03
2.479114320857137045e+03
-1.279203919197118921e+04
-4.645281977044828091e+04
-3.177798458405130077e+04
-1.528137814226856972e+04
-1.364197264256831659e+04
2.678473950609883832e+04
4.649337821440207335e+04
6.364167467825472158e+03
-4.931091703068582865e+04
-1.532383834545365426e+04
-5.017463102893873292e+04
2.166191906823688623e+04
-4.871628923777910677e+04
-1.939092355521832724e+04
1.685302281358520850e+04
-3.770221957603065675e+04
-3.611753710864078312e+04
1.203460559216385991e+04
-8.344938565582397132e+03
-2.768024231622194930e+04
3.448000523107127083e+04
-1.262962873305512767e+04
4.013553490989485726e+04
-2.900745040016571875e+04
-1.994214411108564309e+04
5.954371895114663494e+04
-3.091387680545069088e+04
-1.757349637660880398e+04
2.429177603469506266e+03
4.454534896463878249e+04
2.931328280246263239e+04
-3.931349130941717158e+04
2.100136866149166599e+04
6.061671210063451144e+04
-2.106732697678315890e+04
-1.233536503363681004e+04
1.689272985138969489e+03
1.866227401793514218e+04
-2.583319831193763548e+03
2.439562567303598553e+04
-5.754272694291167136e+04
2.263551683556184435e+04
1.649154488989941456e+04
-1.874641801360493673e+03
-1.718740670204493654e+04
1.103315299154643981e+04
-4.268832444973813108e+04
4.385328666882374091e+04
-2.163524480203796429e+03
-3.647213983852030651e+04
-1.283199894164557372e+04
6.705339946081638800e+02
1.736871087394853021e+04
4.110884201470069820e+04
7.737567253477343002e+03
-4.536062302855175949e+04
-9.540546008430443180e+03
3.786459438927685369e+03
-4.590879867106072925e+04
-1.920800777740983540e+04
-1.388928038207741156e+04
-1.922448937161303547e+04
2.354401539397285524e+04
3.308705424339893943e+04
3.409207906931074831e+04
-1.742179532318688643e+03
1.701852214102281141e+04
4.095892368691965203e+03
1.205651583370155822e+04
3.017735146812164749e+04
-6.682190768878259405e+03
3.837864671139360871e+04
-7.038106186227769285e+03
9.009069419210325577e+03
-7.906705722019988798e+02
-3.055548223568591129e+04
-4.018753419915529958e+04
5.582980958393014589e+04
-1.501038310224219822e+04
4.202835116256120818e+04
1.701176927689932563e+04
-1.228788379146467742e+04
-3.850957372269449115e+04
2.684935448290135901e+04
1.135530928251913610e+04
-1.714894258265214012e+04
-1.648259317748962303e+03
3.047903602328209308e+04
3.027049625478130838e+04
8.564970423601367656e+03
3.109367314056412852e+03
3.477176480843156696e+03
-3.511576689687915496e+04
3.016556529441759994e+04
-1.828396111730288976e+04
-3.052822403082107940e+03
-5.761314533010345258e+03
3.914801626960226713e+04
-3.832257634216563747e+04
-3.706362154395378457e+04
5.043461015609102469e+04
-2.314770261652005865e+04
-8.115653285175419114e+03
3.220668814671947621e+04
4.673926193387882813e+04
1.283069745215192961e+04
-1.195887834910730135e+03
-5.165988081119102571e+04
-5.042535158455456258e+04
6.115467504070726136e+03
-3.041373474127968075e+04
1.962973220580368434e+04
1.282652017482542396e+04
2.555278326988356639e+04
-2.145650751961566857e+04
-3.801413088028992934e+04
-1.270362770022215045e+04
4.323642872487709974e+04
-4.157793738993543957e+04
-3.638327783381717836e+03
-2.986528409373624527e+04
3.021169857674778177e+04
4.275838860481468146e+04
-1.889691610936759389e+04
7.193151520187569986e+03
-1.509499062509030409e+04
-1.305546520504539512e+04
2.147884725690517371e+04
3.739118518889866391e+04
4.670114687742017122e+04
4.591224995507905260e+04
3.266440675041618670e+04
-2.809503892065895343e+04
2.767349128033319357e+04
-9.659520136638320764e+03
-5.047361424194712163e+04
5.049315627646839857e+04
-3.697553627022010187e+04
-4.889998457277214766e+04
8.836964897586500228e+03
4.806972329249422728e+03
7.968202155735017186e+03
6.535602360452751600e+04
-4.464310831783157482e+04
-4.347732514754435397e+04
-5.100530012976296712e+04
-9.560662869617510296e+03
-5.444448340007042862e+04
2.666714122275539467e+03
1.312585904318918620e+04
-7.294377900784929807e+04
2.708281889908935409e+04
1.591589221408182493e+04
3.189719406087821881e+03
-4.465271790839372261e+04
-3.121058974755042800e+04
-3.868290356311984215e+04
-1.014388362531699931e+04
-3.858098897904629666e+03
-2.431814243497826737e+03
-5.058014360751376444e+03
-1.026362771986626285e+04
-1.724674757768546260e+04
3.426372617309113411e+04
1.917046138381954734e+04
-9.713268072793645842e+03
2.936364973894107243e+04
-6.550270046457639182e+03
2.691797164274291572e+04
-3.523576079943725199e+04
-4.739611679330898914e+04
7.275932094340630283e+04
1.452019038798444171e+03
2.071720462327725909e+04
4.981343046183168190e+04
3.448545646976587159e+04
3.677698265125849139e+04
1.290069823222405466e+04
-4.290665971909192194e+03
2.314051359982290160e+04
4.753275197591444157e+04
9.803321359043933626e+03
-1.780809942343654984e+04
1.989870449787667212e+03
-4.949273099675239791e+04
-4.151322343871996418e+04
-1.629053071142760382e+04
-4.163514716138182121e+04
3.742375124278015574e+04
-1.835398039148403404e+04
-2.669697130707109682e+04
9.612251908006572194e+03
-5.281800900853553321e+04
3.908296541739380336e+04
5.883711912041523465e+04
-3.342170086522270140e+04
-8.773309052944368887e+02
6.229782444145443151e+04
-8.758577166673083411e+03
3.346877973538941296e+04
-3.820101812620271085e+04
-8.637032652474343195e+03
-1.084103392723379693e+04
2.058654440518898627e+04
-2.155829360554600134e+04
9.589950921163172097e+03
-4.218868644222144212e+04
5.662499747052646853e+04
3.055088455143326064e+04
8.200508294252127598e+03
2.388885690450643233e+04
-3.167120592387652869e+04
-1.022746164028783824e+04
-5.357895563993214637e+03
-3.769480042631969263e+04
-5.150020229595521960e+04
-7.559392857804922096e+04
-2.814510301164673365e+03
5.831999588447006681e+04
5.630937828651052769e+03
-3.332325229309824499e+04
1.814399746922560371e+04
2.054920314165528180e+04
-3.087849489111507864e+04
2.152417832740637095e+03
3.781657885701455234e+04
