-1.213194530747851108e+00
-4.062155667446320506e-01
-2.149512381317460197e-01
1.071768322101958937e+00
-8.659351416258723733e-01
-1.372348758212575737e+00
-1.771139948346385662e+00
-4.006100962686386380e-01
1.151678332783313552e+00
3.947414191340591350e-01
-1.458091034904431371e+00
6.125443197659646843e-01
2.002761314066320963e+00
7.857704957410996949e-01
2.177065981535336814e+00
-5.229593872219533424e-01
7.243340888969398983e-02
-1.312916850924594314e+00
-2.823545934835988813e+00
1.310344157076337890e+00
-8.413560942035269719e-03
1.580766704583686177e+00
-3.002251886904370171e-01
2.380071123564137525e-01
1.068375292080821160e+00
3.209570550805607159e-02
2.095368159384721485e-01
7.837327593948942295e-02
-9.894770243572991175e-01
4.879561012355355665e-01
-5.953194678220665725e-01
-3.324364359763512522e-01
1.020723965004835532e-01
-3.905429869760368433e-01
-1.152266230013820447e+00
-1.792236441490575372e+00
-4.419472455431300295e-02
-1.383346468079190705e+00
-1.382959449643756056e+00
-1.231236734174735226e+00
-6.104367187873807055e-01
1.895085696794138741e-01
8.589405634529045930e-01
-1.719322360693661178e+00
-8.739011037998261067e-01
-9.087500421714026499e-01
-1.170692017701098431e+00
9.781364975138949758e-01
-3.690423998040630593e-01
1.375356705071865360e+00
8.528825360597670491e-01
-2.130489440352025365e+00
5.352215024700762713e-02
2.025173892681638055e+00
9.490739211211828286e-01
1.058034171221441611e+00
-7.578826249965378015e-01
-3.838012961128615119e-01
1.264316841151016835e+00
-6.504859024326912209e-01
-4.290514934541609926e-01
1.706694845847647191e-01
-1.065909146357366000e+00
-3.697658907590963828e-01
-4.197173641642075737e-01
3.517402835133562333e-01
-1.592457120313992336e+00
-1.346376284300380144e+00
-4.553095566297556962e-01
1.229725027925248737e+00
1.079921534632566793e+00
1.746494560471196222e-01
-1.037131405983487964e+00
8.736643141131245072e-02
-3.800831316657631298e+00
-5.972736416513204638e-01
8.986885015162511259e-01
1.011399769931397685e+00
1.191110727531747404e+00
1.859229808346550272e-01
1.266269739933336691e-01
-1.075269836990158989e+00
5.358561352244327614e-01
-4.591688352257233263e-01
9.167615401610671455e-01
1.703592947487645670e+00
-4.500745112811374571e-01
-5.111643942196958390e-01
1.033119257595604079e+00
-5.695676646188041481e-02
-1.486448442527696256e+00
5.322781284960561576e-01
6.850517563087415995e-01
-1.469928308479879764e-01
-4.250206988893118210e-01
-1.295951982200594266e+00
1.524374231971137306e-01
-7.851883439777327389e-01
1.400030213182571259e+00
-7.135124603608322680e-01
-1.189849970558243264e-02
-1.256333759051473153e+00
-1.220600740381568183e+00
2.078749386980396352e-01
1.420661514155631799e+00
-7.583998784356181799e-01
-2.101196325549909982e+00
1.324817121897152061e+00
-4.709125650825550236e-01
-2.694680936299386209e-01
-5.751302746399635790e-01
-1.433432682679482761e+00
-1.848476386291948215e+00
2.950353044837450422e-01
-9.955326027329930438e-01
-1.139668914688273915e+00
7.082473835308579213e-01
-1.555203533110647851e-01
-4.802316483080740217e-01
5.499652742754724821e-01
-9.882526707367423890e-01
3.559680109681555571e-01
-1.979576658694010671e+00
-1.829364147218815795e+00
-5.757107111222481421e-02
-1.522104056589380638e-01
8.741343612422930454e-02
-7.024194814321996772e-01
8.306622655691907608e-01
-5.749622980042891074e-01
7.402684101289612739e-01
2.757355232050168192e-01
-3.207733024476348005e-01
-9.103230294989281823e-01
1.536868618404084175e-01
-7.865202271432565340e-01
6.739965361661444110e-01
-6.722416127321606538e-01
-2.048296069864002367e-01
1.851070018458867428e-01
-8.026568372379350169e-01
1.637856226517673930e+00
4.854909119488185487e-01
-1.816388291285927215e-01
-4.453270908001488726e-02
-9.289762044173610622e-01
1.395023135965840710e+00
-1.125137721462593721e+00
-1.185511961689184490e+00
1.081490523763615208e+00
-1.719316419530960927e+00
6.409605920141968616e-01
3.431940178274207609e-01
-2.178072124162254430e-01
3.831232899944509995e-01
2.651002304937383203e-02
-9.140884228397990752e-01
2.129315148431204285e+00
-8.471022361807722945e-01
1.513800306690880337e-01
-1.485285382681111876e-03
-5.353523843280416639e-01
1.147975404438971725e-01
4.782516340828007473e-01
-1.269701665413482505e+00
8.882524285516799623e-01
-7.213325720804241170e-01
-6.644024384186265619e-01
-1.597751678942227249e+00
2.887403761854823725e-01
5.548106870757738562e-01
-2.015175953156204125e-01
4.420146774710504989e-01
8.629507797318753948e-01
1.426035086912974315e+00
1.437846411885357556e+00
2.574875215908656312e-01
3.050845616882838507e-01
7.797580908097661023e-01
-3.610470833072277896e-01
-1.590206376117492271e+00
-3.854027760506378852e-01
-1.741287861798713754e+00
1.326584885580008311e-01
6.546472793120297062e-01
6.972605176878762245e-01
3.056273783782123554e-01
-1.261605319441798212e+00
5.890677477347112667e-01
5.782708879551397008e-01
2.458313662543587519e-02
2.566056557586330888e-01
-5.813408026726065714e-01
-1.706621742955380383e-01
-5.757080454198560959e-01
-5.300698481045423849e-01
3.898668270771895039e-01
-9.459669462535309492e-01
6.149817874565370879e-01
1.460019381981048747e+00
2.804115684577232481e-01
2.413743686143184908e-01
-4.462958886204932418e-01
-6.433625848621291610e-01
7.607948844329617821e-02
-4.092014471630112671e-01
-6.139894913984852431e-01
4.105937998934889865e-01
-4.613788968501953969e-01
-1.477197718868744847e+00
-4.757127183150284266e-01
-1.141696098176999685e-01
2.696876402086927360e+00
-4.628341330620378558e-01
1.195818153348989110e+00
9.961579470219666943e-02
-1.040526899703741126e+00
-4.659931342985269009e-01
1.060114939808459278e+00
1.610088048363287339e+00
1.043436554502769065e-02
2.867981114986903002e+00
-1.454291271178641543e+00
-7.711699867813827103e-01
1.255377478477563979e+00
-7.041983611288764600e-01
-2.379307054598288840e+00
-2.441521604477168705e-01
1.806728937191907081e+00
-1.618198590367397660e+00
-4.026517285370932453e-01
-1.874807299770087088e+00
-1.343016197769475450e+00
1.336182227962657842e+00
-6.878297608628425319e-01
-4.896750594891437491e-01
-3.708900265793584339e-01
-3.856467838940893067e+00
1.212696821845503647e+00
9.074393454048488294e-01
-8.296101214253348566e-01
-1.153492062427663889e+00
-1.350703196843392462e-01
-1.218409711586884825e+00
5.094933423494579783e-01
-7.228520939934934830e-01
3.489687641993651779e-01
1.899919062239136869e+00
1.358660342834318246e+00
9.361732761378791512e-01
6.806321789433831260e-01
-7.292324718840327291e-01
-8.960665136780859852e-02
-1.074178271192492096e+00
-5.635628030089516738e-01
1.222979519393152081e+00
-2.890831530603098276e+00
2.977703167988252630e-01
3.548651590035608594e-01
1.699264418902146190e+00
-2.823008009904522275e+00
2.347975339926502980e-01
-3.610052491468157543e-01
2.634687170703232439e+00
1.841204235637205144e+00
