-4.217137131411735027e+04
1.683017466005194365e+04
-6.053387819884218334e+04
9.186243940628117343e+03
3.329774461472954863e+04
-2.740225946492872754e+04
-4.858652503874097602e+04
-2.969625444920276641e+04
2.134274955037921973e+04
7.420697570654245965e+02
8.564881118880281065e+03
9.824774009267915972e+03
5.426230609847350934e+03
-2.323139001840755009e+04
-2.863522781503953593e+04
5.173108906421358552e+04
-3.804554755833432864e+04
-2.445936744232706405e+04
-8.421398923643331727e+03
1.277231306178332670e+04
1.189607058354885885e+04
5.863361313899736706e+04
-8.376407822238626977e+03
3.079911923364326412e+03
-6.542945585161347481e+03
-1.359236726648344666e+04
-3.396539137963170651e+04
-5.662222542371910095e+04
-3.390467750200560113e+04
-1.182006920390004234e+04
1.454189148022266090e+04
6.001016073977803171e+04
-3.073466575392411323e+04
4.732941119095554313e+03
-2.676640893891479209e+04
4.162934526270776405e+04
3.506427783469818678e+04
3.772663620119300322e+04
-1.213029335245202128e+04
3.708503430014504556e+04
-3.572638518496877077e+04
3.470920183103477029e+04
2.739663673872499203e+04
6.507633019573214551e+04
9.418314632891402653e+03
-3.048396117287641755e+04
-3.937364880758294930e+03
3.102043260908001685e+04
9.209857404114009114e+03
-2.104579138893626441e+04
-1.678234050101117464e+04
-1.523256576442327423e+04
3.625501396187176579e+04
4.984222115055248287e+04
2.646945947135865572e+04
-5.042113260037917644e+04
-5.533528522163037997e+04
1.298987663802400675e+04
5.211858346221747524e+03
3.964509070858597261e+04
-1.610995584242653422e+04
1.826221780379357369e+04
-4.720000001209488255e+04
3.394415673911075282e+04
5.106215286993567861e+04
-3.343707113750686403e+04
1.891463270455361999e+04
-1.907813671400599560e+04
7.628163590905544697e+04
-2.279359473164217343e+04
5.244377920637436910e+04
-6.354266709594089480e+04
3.043156652244184443e+04
1.591451633807902545e+04
-5.694375266053953965e+03
-6.699124704933025350e+04
-1.784279474130356175e+04
3.775828533927840454e+03
-9.755275277497450588e+03
3.043539902996338787e+04
-5.639848282146533165e+04
1.951311421064081912e+02
-6.719113929081376227e+03
-7.909512653420586503e+03
-4.404738319573485569e+03
3.425011573928834878e+03
4.851693021842468625e+03
7.479415695944264007e+04
2.187826996180491551e+04
-2.122500299767239630e+04
9.882909650903504371e+03
1.259889162886913437e+04
6.085881104041490471e+04
9.605848930902864595e+03
-4.376077767467583180e+04
-4.584227490430492617e+04
-7.689282827038042342e+03
-9.382078471611665009e+03
-2.417868120974787962e+04
-5.099230108040636696e+04
1.851007653686319827e+04
-4.857655270641081006e+04
9.740018375306581220e+03
1.288670598214371785e+04
1.677216884086182108e+04
7.837629289069442166e+03
-4.853694922885180131e+04
-4.680469450239083380e+04
6.704144616373767349e+03
5.283173464494786458e+04
1.200548400806459358e+04
9.053111978814351460e+03
2.354008224502172379e+04
-6.244574528351192566e+04
2.047629630474360238e+04
1.302879379929107563e+04
-4.538414589810117468e+04
3.906605919784965954e+04
3.346700386413688102e+04
-5.248817240593172755e+03
-2.753647570074926625e+04
-5.354458945296389720e+04
-1.798151953161417987e+04
2.303506711436092155e+04
-3.385792313349105825e+04
2.426736757947104343e+04
3.300986227350172703e+04
2.618547109401830676e+04
-2.303681359354431333e+04
6.453311586300961790e+04
1.662073304374498912e+04
-3.740828804733860306e+04
5.338571111952557840e+04
7.998478606936784672e+03
6.678240107684402574e+03
2.293497021489599501e+04
4.155396265664081875e+04
-1.049226935811921066e+04
-1.572186341128362074e+04
3.070169716408101522e+04
4.870522934841173992e+04
-3.345095411969157340e+03
2.712585244538587358e+04
-5.555942700170150056e+04
-4.840003548031477112e+04
9.542874648029330274e+03
2.789066173603559491e+03
6.396376170571759576e+04
1.424699185056910210e+04
-4.844074060302291036e+04
1.533474409126574210e+04
-3.835618356923799001e+04
5.179585508735478470e+03
-2.171017868467682274e+04
-3.926200556467136630e+04
1.829201015767053104e+04
-7.851627154293829335e+03
-3.608912083697140770e+04
-1.499384518968410157e+04
-1.997306792047678027e+04
1.033732855721800661e+04
3.456306830388894014e+03
-6.081338796509513486e+04
-4.051170688336488092e+04
2.470086475785586299e+04
-5.117282927603251665e+03
-1.050521005033631445e+04
8.950281561790226988e+03
-7.865163738796638427e+03
5.313112344143637529e+03
-1.916352588980402652e+04
-3.302908855740252329e+04
-2.450645633232835462e+04
4.526296068182544695e+04
-5.043662564798766653e+03
-2.949184127737524250e+04
4.517588416213572782e+04
6.532663113221496133e+03
-1.442417332634681406e+04
-6.403768259225814836e+04
7.917128974711982301e+04
-4.173806198379425041e+03
-2.972921837516243977e+04
-1.187585868668431249e+04
-4.309443850395873596e+04
1.040198854615906748e+04
2.359067439372073568e+04
2.227985709091509125e+04
7.971822849202313591e+03
-1.189007405649406064e+04
-4.428689750328379159e+04
-4.342102384250822979e+03
1.908844170804776513e+04
-7.874368865964601355e+03
-1.085657670107952617e+04
1.467566739204898840e+04
-3.759739439299350488e+04
-1.188085229864793291e+03
-4.448445434677352023e+04
5.160245766124827469e+02
-2.225215902766621730e+04
-3.729948416780293428e+03
-2.815152592617490882e+04
-3.068129491537453578e+04
-6.968894423103699228e+04
-6.662532483605068592e+03
2.490591037782107742e+04
6.279517569436457052e+03
-3.445254760608781362e+04
2.474563959477185199e+04
3.606646312942001532e+04
1.374880071381684502e+04
-2.895526799385621052e+04
3.322346727447078592e+04
1.835727901499715153e+04
-3.932112673381382774e+04
4.754660284527433396e+04
2.909384622481855331e+04
-5.051079008028656972e+03
3.368964522525204666e+04
4.636714566697814735e+04
6.018415864857572160e+04
-7.174540273026521027e+04
5.241761764894634689e+04
-8.225235047008303809e+04
-2.572302950399610927e+04
-4.089153225102118449e+04
1.539070241691632509e+04
1.137156669063936533e+04
1.921382172389707193e+04
-5.367382063354226557e+04
-6.308388056951521321e+03
-3.590874749229223380e+04
2.732810115895682247e+04
-4.199083416785934241e+04
6.043955690842452168e+04
2.308481197847367639e+03
-3.973553637598095520e+04
-2.501311783313832348e+04
1.296288788153460155e+04
-3.183650891944464092e+04
4.815584266387706157e+04
-4.110861006068276038e+04
-1.575499930407064312e+04
1.309047954934607515e+04
2.684975432336995436e+04
1.755657184355000936e+04
1.084525717150013952e+04
7.900259187019699311e+04
-3.228850297788142416e+04
-2.567791241708810776e+04
-1.886238397571332825e+04
1.003756834416001220e+04
-1.521333025569206984e+04
-1.894964460899518599e+04
3.559338921130425297e+04
1.108889724304778429e+04
-8.992169963380927584e+03
-8.588402943814669925e+03
-2.570243205620959998e+04
1.276645253916424008e+04
4.747029842307327635e+04
-1.373129126303663543e+04
-3.701331349151779432e+04
1.316860544701917934e+04
