2.562515036076454271e+04
-4.320830977687661652e+04
-5.923454672289951850e+04
-8.009240544715974829e+04
-2.155971449762550765e+04
-4.106961696731898701e+04
8.883722596752058598e+04
6.569362272602113080e+04
-3.541651199929185532e+04
-8.816223321592730645e+04
-7.629874062341029639e+04
3.276338886617234675e+04
-9.859215423495770665e+02
2.051210367825317371e+04
-1.183893323355460598e+04
-6.721140740352038119e+04
-2.301065161101923150e+04
4.271462557685229694e+04
4.739937957632297184e+04
6.540894660283817211e+04
-1.679399889521418663e+04
-1.960571784756313718e+04
-3.415426112057373393e+04
-8.561589932209986728e+03
-8.986960242149225087e+04
3.489858175126105198e+04
9.307142494332313072e+04
-4.068031363833270734e+04
-8.203348064253627672e+04
-9.199571812894713366e+04
-8.694492786234119558e+04
1.600420845425924927e+04
-6.045656481718309078e+04
2.625692388333426788e+04
7.756628401863246108e+04
-6.018331565825301368e+04
-6.272487925332985469e+04
9.692237231462416821e+04
4.211275732636731118e+04
2.856365474689999246e+03
9.791098660287767416e+04
3.188501230888577993e+04
-7.389494467652741878e+04
-9.367805197820861940e+04
-8.833250577886479732e+04
-3.802554830399569619e+04
-8.116718043448805111e+04
5.086405294260528171e+04
-3.773628633166643704e+04
-5.620297694211591443e+04
-5.068995010621444089e+04
9.878821152647517738e+04
1.174100007815475692e+04
-9.820476644179681898e+03
-6.575774694401252782e+04
2.664639215421183326e+04
-9.018368661098905432e+04
-4.077184880720898946e+04
-2.797550602638849523e+04
-6.046119562725624564e+04
-5.708045900533822714e+04
-5.361194985214756889e+04
-7.469120139988987648e+04
3.429700633881980320e+04
2.302301362017857900e+04
-1.653445581615391711e+04
9.797039572506881086e+03
-6.926765558190597221e+04
-6.651938396984036081e+04
2.083203809461164929e+04
-6.946091851089464035e+04
-3.457472157240164233e+04
9.599133939072393696e+04
9.245031673476306605e+04
7.043958675475858035e+04
-4.457480945088738372e+04
7.662594265493471175e+04
-7.333716974394164572e+04
1.611856244531489210e+03
7.422481578586524120e+04
5.474451599053808604e+04
-4.567230607655035419e+04
7.928484483308740892e+03
-9.054338023976932163e+03
-2.161611344314171583e+04
-6.720908624963113107e+04
-2.829431677344813943e+04
-3.344828750201492221e+04
9.293729825244413223e+04
-8.262890582705668930e+04
-7.426318043159932131e+04
5.903986324198776856e+03
1.875966060805515735e+04
-6.437990168184399954e+04
9.796799014031430124e+04
-3.396019604038228863e+04
6.427656913297731080e+04
-1.457637194912663836e+04
1.397872671832474589e+04
8.420145050052643637e+04
-5.148862278833745950e+04
-9.635881181014530011e+04
4.457007344237537473e+04
2.210714186011311540e+04
1.726099777153058676e+04
-8.991045146312870202e+04
-2.360019395931405597e+03
-4.391120051003884873e+04
8.224703590398453525e+04
6.620452815697743790e+04
-6.161202106024004024e+04
3.497243149162747432e+04
-4.904718038714941213e+04
-3.932288343078416074e+04
-1.915005689579620957e+04
6.588625667032148340e+04
-4.293281291969981248e+04
-5.881665795127936872e+04
1.685395262511455803e+04
-3.325195831080058997e+04
7.976794651094399160e+04
6.900128178484603995e+04
-7.430195646247823606e+04
-3.559419684204916121e+04
-8.096588527531118598e+04
2.709383698248499422e+04
7.407625543599663069e+04
-7.870925562892647577e+04
-2.716930801293338300e+04
3.761677322343524429e+04
-4.568118617586544133e+03
2.351849102158249298e+04
3.893020970645311172e+04
5.646939377295371378e+04
-6.583504956437877263e+04
8.495090228928223951e+04
-7.949285845965005865e+04
1.011579727352834016e+04
-8.224242516583293036e+04
9.502073946989388787e+03
-4.176105624782737868e+04
4.182110180405474966e+04
-6.243259893657244538e+04
-6.566336031636720872e+04
1.914695619286346482e+04
-3.072333886086140410e+04
4.526270984461202170e+04
6.886879078973209835e+04
-7.237216591837030137e+04
9.154264518295595190e+04
-5.893267405760893598e+04
4.435089276203233749e+04
-5.601609819020267605e+04
-8.403526577436627122e+04
-5.238514766902892734e+04
5.426765392416229588e+04
-3.574751610829538549e+04
-5.064939498235238716e+03
-4.668311302054124826e+04
-4.064608758691086405e+04
3.523889664601083496e+03
1.615680589215227519e+04
8.778354507685109274e+04
-7.442212702846906905e+04
1.943144475780718494e+02
5.101098039771264303e+04
5.210569836717902217e+04
-3.937227569182185107e+03
-8.820264683818031335e+04
-3.376970224645752751e+04
-4.519722802384722308e+04
-7.546888867183632101e+04
-9.548769603550338070e+04
8.677326073332119267e+04
-3.402757273267496203e+04
9.604145921052532503e+04
-5.706466755376209039e+04
1.188881424561770109e+04
-4.058716204463155009e+04
7.230702360235468950e+04
9.616294191853818484e+04
-5.393884293754849205e+04
-5.909330235454111244e+04
-4.283993339928697969e+04
8.359599674024546403e+04
-5.628784527923467249e+04
1.269373701344148139e+04
-5.842791951739374781e+04
-5.236679748173814005e+04
-7.017232572345377412e+04
-2.216219644030890777e+04
-6.624928936167745269e+04
8.181174330136607750e+03
7.313342859612009488e+04
-8.178996769239770947e+04
-1.642611506416644261e+04
-5.099731920324001840e+04
1.724408109809485904e+04
4.401184803049443872e+04
7.896301180730297347e+03
-2.538614354801627633e+04
-6.686101984313144931e+04
5.522891611112857936e+04
-5.247960612449162727e+04
-2.029511430232740531e+04
8.027260236130375415e+04
8.847679551419723430e+04
1.191328104007613729e+04
-5.708471894716686802e+04
9.470844024458105559e+04
-5.606318718952636118e+04
3.997360258947210968e+04
-9.325133581010662601e+04
-5.221082125918004022e+04
-5.482543204413896456e+04
7.134905781749560265e+04
-7.504762794075316924e+04
-5.636074729531814955e+04
3.483431995506462408e+04
-8.568569310998667788e+04
-8.814233204797263897e+04
-6.988994397122168448e+04
-6.278193558907625265e+04
-3.960847050744786975e+04
4.472189114416702068e+04
1.690070786707116349e+04
-4.938503894444341859e+04
-3.589549021154363436e+04
-2.998239029105970985e+04
-9.180973412688792450e+03
9.042737535827132524e+04
-8.755124757253623102e+03
-1.067541390306712128e+04
-3.340976229605051049e+04
9.210352653363661375e+04
7.590072971851186594e+04
-4.627380144011051016e+04
4.049914897328184452e+03
-8.728427412386174547e+04
-5.134520604566703696e+04
-3.995259908997033199e+04
6.076431438482139492e+04
9.601284435841429513e+04
-5.131111133015219821e+02
-8.926825924637749267e+04
-2.380279569218368852e+04
9.505483263021500898e+04
2.827342950336086506e+04
9.146226705452121678e+04
-7.140337554407201242e+04
-5.324372344362742297e+04
-2.756270926863106433e+04
5.367367502584017348e+04
-4.714747032832000696e+04
2.850894529629379394e+04
-8.834568061514440342e+04
6.817036755357694346e+03
8.209833760815745336e+03
1.923210976067901356e+04
3.302410233153196168e+04
6.787353735465509817e+04
-5.052149204537852347e+04
-5.776372496971764485e+04
-7.025223272636000183e+04
-2.764798235561647743e+04
