-4.110727242093055247e+04
6.875090132356290997e+04
-6.684349205007249839e+04
1.784426137723915963e+04
2.595594883430950358e+04
-7.729631203619129337e+03
-2.509065685056845177e+04
-7.419272414007074258e+04
1.949292061938512416e+04
1.459696561137870412e+04
2.815488715428252544e+04
-6.469233729204974952e+04
5.050232083580756807e+03
1.181938430236902786e+04
-1.289415825191793920e+04
7.617874339464306831e+04
-6.207969672688669380e+04
-3.158881857765797577e+03
-7.205925719976625260e+03
1.981441635486878295e+04
-3.477974942734563956e+04
3.711982456242937587e+03
-5.415632067209435627e+04
2.151347428203624804e+04
-7.863713490838199505e+04
-5.087188347723483457e+04
1.202863416871073014e+03
5.018263920552871423e+04
1.743046625517924986e+04
-3.175039292785725775e+04
7.453883583998637732e+03
6.795384404915866617e+04
5.405954476212942245e+04
3.322683495092271914e+04
7.590654563176495139e+04
7.890520363225641631e+02
-2.508015043191625591e+04
2.559942387866656281e+04
-3.793748365036978794e+04
-1.405033951177471863e+04
-4.005455687174666673e+04
-1.553189619752775434e+04
-6.560729760126190740e+03
-1.279410449431386587e+04
1.291057707625412877e+04
-3.051522753317637034e+04
-2.283256650298695968e+04
3.506783538513704843e+04
3.593137755284664308e+04
-1.641818458521841967e+04
1.821926792876730906e+04
-3.493062817881576484e+04
-3.444346823432468955e+04
-8.271207010530769185e+04
-3.849350752331567492e+04
4.685533398166966072e+04
1.866434984763952161e+04
-1.075428255634866036e+04
7.422085137635347201e+04
1.399178677050342230e+04
-2.390667929320520852e+04
-4.832970855867590217e+03
-2.894532419986722743e+04
3.406656505970732542e+04
-7.991199628126406424e+03
-3.833189863411166880e+04
-6.813582751890354848e+04
-8.446371932979437406e+04
2.291828256086405872e+03
-4.138273342592930567e+04
-8.234741022107060417e+03
-5.932152190288851125e+04
7.551767475890563219e+04
-2.546511461038337802e+04
-1.905291199159414100e+04
-6.520299964569685835e+04
-7.812674715036290581e+04
-6.816758461806326522e+03
6.094234992750005404e+03
4.340468687551893527e+04
-5.044443338009512081e+04
-2.494744635953311445e+03
-8.237881635199185985e+04
-8.172508517545518771e+03
-2.662056576868399134e+03
9.098107975795037419e+03
-3.017358605696863833e+03
6.231546281710367339e+02
-1.297618761669689775e+04
1.723091518268659911e+03
-4.015469087592165306e+04
-6.946965919822071737e+04
-4.309296488438027154e+04
3.430710961339087225e+04
-5.505790457762632286e+04
-3.342794816049627843e+04
-8.371078268838904478e+03
5.139975044957090722e+04
-6.864439572359461636e+03
-2.366875032277018181e+04
2.349401378550101799e+04
2.948922677091233709e+04
1.532562148359078674e+04
4.022174903255214303e+04
-7.178099647792978794e+04
4.385672967435276951e+04
-3.955872684892769030e+04
-4.834561995932964783e+04
-4.162925644914521399e+04
-5.706823421257660084e+04
-6.893161986251041526e+04
2.931327357892955479e+04
-5.224584112374004326e+04
-2.592139487961091800e+04
-1.690941895298570671e+04
-3.463452000849879551e+04
6.939978294179166551e+04
1.429277497897614012e+04
-2.013377493921882342e+04
-1.581655269657678764e+04
-2.606341643809124071e+04
-7.945393345379420498e+04
6.350229290972489980e+04
6.828468617400834546e+02
-5.798722843745133105e+03
-2.336443765576248552e+04
4.901102324704025523e+04
1.616603526101988973e+04
8.232795897525310284e+04
4.395426363927021885e+04
6.746701256816477689e+04
-5.356870808262603532e+03
3.469469846268674701e+03
-1.284342242365242782e+04
-4.313222379267084762e+04
2.233675743794198570e+04
6.745571254765962658e+04
-1.969774250935735836e+04
9.153991810319095384e+04
2.312876420890704685e+04
-5.193342199269912817e+04
2.600652763572114418e+04
4.023458389999883366e+04
2.562574074588656731e+04
-5.938967419256150606e+04
7.587391386338192206e+03
7.838337327164808812e+04
3.343267432238060428e+04
9.302329402503856954e+02
2.400302638672363173e+04
-9.142779000517552049e+03
-4.564687062119162874e+04
4.662484960974596470e+04
1.261562169549112696e+03
-3.875368366358902858e+04
6.050147663366836787e+04
1.988068657347465705e+04
-5.365648012787813786e+04
-4.805979917114709679e+04
7.265431522596932155e+03
-6.576550502804519783e+04
4.223219658184142463e+04
1.648635439875944212e+04
5.506714613570447545e+04
6.867713170472886122e+04
8.878188797037922996e+03
-4.292383463563817713e+03
3.251930400978848047e+04
-1.252869259968444931e+04
-5.244424835995160720e+03
-2.878771188137682111e+04
3.311226224437412020e+04
6.253632278566647983e+03
2.285365723352533678e+04
-2.354768368860521150e+04
1.702913680717996976e+04
2.745557045140648188e+04
-2.211390555837133070e+04
-7.731182511211694509e+04
-5.800713462629466449e+03
1.056974924071178793e+04
-2.368368724148904585e+04
-3.507051337464234530e+04
-3.748989767756222864e+04
1.980299394371108065e+04
-3.853778554394346429e+04
-6.096801118009765196e+04
6.863560839244287308e+03
-3.830974172844620625e+04
1.903620481322030537e+04
-7.861144374180227169e+04
4.589947923197651835e+04
5.592071356832538731e+04
4.178514889706605754e+04
-8.603945509699184913e+04
3.152442085526041410e+04
-5.512346024796444544e+04
-6.971951040958099475e+04
-3.407873143848690961e+04
1.846838543668846614e+04
-1.442438845877705660e+02
6.445892976389696560e+04
2.418464381899769069e+04
-8.759414071377646178e+04
5.096201675181544124e+04
6.093542127256979438e+04
-4.849853535533492686e+04
-1.503761855537615475e+03
5.977870222379739971e+03
-3.717098282261485292e+04
-6.157805554739051877e+04
-4.759331585159573297e+04
8.335890174345158812e+03
6.243247013847812923e+04
2.342320481188952908e+04
3.106274115509225885e+04
2.061388314922679274e+04
2.100794390447671685e+04
3.638700741563330666e+04
2.049009781716332873e+04
-8.969756683109755977e+04
1.883821165645086876e+04
-1.108618017893479555e+04
2.107342578407642577e+04
-3.160037365289730587e+04
-6.104755199555716899e+03
2.928281958170178768e+04
-2.744658712590666983e+04
6.469645135232935718e+04
-3.076880957310718441e+04
1.554897033672838006e+04
-1.080408355916617802e+04
3.704429577440490903e+03
9.848242934543997762e+03
3.758409605183943495e+04
1.655272116251497209e+04
2.668362250597832099e+04
3.450854714706708910e+04
3.021390370621469629e+04
8.191504513018445869e+04
6.684860316820518347e+04
3.147527050941843754e+03
-1.657828575779800303e+03
3.897225642972334026e+04
-4.429965386020429287e+04
6.599137177407195850e+04
-2.821264339410595858e+04
-2.809040266066972617e+04
-1.697206109299075615e+04
-7.607383877766116348e+04
-2.773184759630981353e+04
5.170669429768364580e+02
-3.957454351852611580e+04
-1.830173049595569682e+04
6.181404514669808123e+04
8.275541237095095858e+04
-2.231686058732448873e+04
2.697615674215707986e+04
-5.268082863397494657e+04
7.729033724831218024e+03
-2.182852860228014470e+04
4.639585984935759916e+04
-2.459193833304345753e+04
-2.521141479337658893e+04
4.257355991649439966e+04
