6.186376022603658384e+02
-3.945577798658415122e+04
7.731251640190195758e+03
-2.351712914237266159e+04
-1.304151977890379749e+04
3.008745172417561480e+04
-1.988786888600981001e+03
3.134107238848852148e+02
5.664805688194282266e+04
2.070498300819304131e+04
2.598768545671648099e+04
-4.673872060234021046e+04
-1.510740587635234078e+04
-2.005582574662114712e+04
-4.084486410254304064e+04
-6.738607875179490293e+03
-6.515563858400151730e+03
-2.223031678945129897e+03
6.413923526660167408e+04
-1.771136183704104769e+04
-1.383755562257825295e+04
-3.858102464281058201e+04
-4.233138686914612481e+04
4.525613915252475272e+04
-6.205869708829958108e+04
-1.226587141880817762e+04
2.364770841896423735e+04
3.792756728192004084e+04
1.849859362503789816e+04
-6.122440337280081440e+04
-4.457361312557801284e+03
4.743822086972027137e+03
-4.809819999246222142e+04
3.540603977876329009e+04
-2.040531812160265690e+04
-2.925043357111631121e+04
3.782591074541328999e+04
-1.937973658827701001e+04
-1.590117978476845929e+04
1.622614900141137696e+04
2.422229193781069262e+04
-1.365155414936011039e+04
3.074385125404279825e+04
9.497683587769524820e+03
2.793278673423341388e+04
4.057468093145076273e+04
-1.042425101292730142e+04
2.820138081949906700e+04
3.780610161603339657e+04
-5.977806408194670075e+04
-1.176346039211150855e+04
-2.305640606629071044e+04
2.851721109481943495e+04
-5.199554994021832681e+04
-3.241914920399943730e+04
3.936714795959331968e+04
2.281504300542181227e+03
-5.467903861265554588e+04
8.724473406529571662e+01
-3.180643163420654673e+04
-1.157240394606695918e+04
5.318275035427659168e+04
-2.764936624887681683e+04
6.569808298885010299e+04
-8.087606001959854439e+03
3.950141005075188150e+04
1.071441310482401423e+04
-2.770242201375341028e+04
-2.358853112192883418e+04
1.359235693713824730e+03
9.662743883803605058e+03
1.272462487545859767e+04
-4.506050064407801983e+04
-5.088802391246688785e+04
-3.683931413336186233e+04
3.494913927856365626e+04
2.542494585999293122e+04
-2.253494478536279712e+04
-4.549609244435960136e+03
-8.849797938153378709e+03
-6.956280809109972324e+03
3.747872216157514777e+04
-1.103744715134721446e+04
-4.742221309056585596e+04
-7.609876726924927652e+02
-5.395671248706002189e+03
-1.230699364372767377e+04
1.587723876638308138e+04
-1.800992054208535774e+04
2.394659884187333591e+04
3.621672170593650662e+04
-1.283591714889179093e+04
1.379955279820114083e+04
-6.215443043415942520e+04
-4.462207609136442443e+03
2.248226336678294683e+04
3.064290134425134238e+04
1.840395949063141234e+04
-3.112845522678190173e+04
-2.965453711876923990e+04
-1.503186257652928543e+04
-4.450927401677312446e+03
2.066935092484750930e+04
2.895419561726252505e+04
-1.602466921883247051e+04
7.579791024224124158e+03
1.235104591095882643e+04
-2.372781841074238400e+04
6.519869717422113172e+04
2.990480552112674559e+04
-3.552779755018178548e+04
9.061461698747962146e+03
1.800335076788567676e+04
3.481564168135427462e+04
1.795457478360615278e+04
-2.395418575047105776e+02
9.288594010107093709e+03
-3.845110225723931944e+04
-2.754463400814485794e+04
-2.267607484757612838e+03
-1.517207873604803353e+04
3.064052669376641461e+03
3.945413385521759483e+04
2.764904512552778033e+04
-5.110409251256355492e+04
3.175146053423691046e+04
-1.963193277087180832e+04
4.007853324350868934e+04
-2.763720718884740199e+04
-3.490719916342541546e+04
3.861304451736519695e+04
-2.913773906333708965e+03
-6.406319398006307893e+04
-1.025502133759154822e+04
2.008945536678322242e+04
-1.097643855280210664e+04
-1.331581237497929760e+04
-3.400814310769176518e+04
-2.809250180472629290e+04
6.464089964288350166e+04
8.246188401243476619e+03
-2.924482958218254498e+04
2.240038234205444314e+04
-2.803991618835560439e+04
-1.083552775712454422e+04
-4.487950074817441055e+04
-1.153359917895054059e+04
2.438929653983033859e+04
-1.692601115781017143e+03
6.814141324751397769e+04
-4.310153283393766469e+04
-8.538951751054830311e+03
-9.398822394190310661e+03
-2.728250476411537966e+04
-9.376162745716877907e+03
3.254516813022843417e+04
-8.102757223446013995e+03
1.284844505446254334e+04
3.178241869143959320e+03
-2.169155538148260803e+03
-1.361763564769193727e+04
6.407044083057442185e+04
-8.515226531984852045e+03
2.619431254081923908e+04
-2.483168607653206345e+04
-6.378323265981396253e+04
2.536207440690008661e+04
-1.365811976602269533e+04
-1.602844761064499289e+04
-1.251735452085542420e+04
-1.176553034391211622e+04
-9.266602399967738165e+03
-1.388619652936721468e+04
3.083030943879604820e+03
-4.726496567539182251e+03
-2.969966851639975721e+04
-5.639475235998614517e+04
5.657430441526010327e+03
-3.842297444882626587e+04
2.431938952110798709e+04
-2.890361285272256282e+04
-2.201535118200776560e+04
6.208585890496292450e+03
2.723702015127724007e+04
-2.320662631441367921e+03
-1.135988254428492382e+03
-2.581502377879889536e+04
-5.047948940231483721e+04
-3.488163695931628172e+04
5.020655199964245185e+03
4.165105703258251015e+04
1.255275446116211970e+04
2.161689607213505224e+04
-1.221468580208398271e+04
-3.619836585312050011e+04
-1.720099794395537538e+04
5.726165114459587130e+03
-7.769510266352831422e+03
6.170236296504247730e+04
1.941983377553074388e+04
-5.779830039698696055e+03
-3.514111919041626152e+03
-3.911295254192229913e+04
5.572298245137846970e+04
-3.625006393992074300e+04
1.483694343864313669e+04
-4.134036224157686775e+03
-1.860299441617200500e+04
2.170209608691915855e+04
-1.767280319310714185e+04
-2.187617731980494136e+04
1.353016302817756878e+04
-1.439556707527128492e+04
1.037491197205183562e+04
-2.571263768662177608e+04
2.704680262991591735e+04
-2.709867534784690724e+04
-5.701351452561472797e+03
-3.763941164742525871e+03
-4.165723831900066580e+04
-5.225749952717967972e+04
-1.908384177600086696e+04
-2.628304357717333551e+04
-2.330450761686278202e+04
4.773707468374289419e+03
4.108593738552618015e+04
2.630014958442347415e+04
-1.658130996653691545e+04
1.344630124961297952e+03
-1.582953893972981496e+04
-3.053087160902282631e+04
3.269169647555350093e+04
-5.848620651533784667e+02
4.527621656210245419e+04
5.018069386707439116e+04
2.313350100791989098e+04
-3.483467092287821288e+04
-4.176150458291784889e+04
6.369257260256267728e+03
-3.429783446862488290e+03
-2.352383526390608040e+03
-2.734403429861129916e+04
-9.080016664936543748e+03
-2.191370019757206683e+04
8.628590482083607640e+03
-3.469400836338373210e+03
2.085729864591165460e+04
1.256680428398393133e+03
5.598941578411970113e+04
6.906297527612335216e+03
1.761830343028750576e+04
-1.826693267714732792e+04
1.789167555400633137e+04
3.748845560948940692e+04
1.459448369888022353e+04
-1.517655237440263954e+04
-7.956135534052456023e+03
3.888596183712081256e+04
2.696785693337375415e+04
3.354252836619193113e+04
-2.239303114228034610e+04
1.282366835344241554e+04
5.069956182214547152e+04
4.572146566712368804e+04
3.673117822535896994e+04
