6.661579719163833943e+04
-1.732439747102816182e+04
5.055494989020076900e+04
2.213834326420526850e+04
-3.020937519084311589e+02
4.003607184097939898e+04
4.950418135644375070e+03
1.130102587395103001e+04
-1.320743023927947434e+03
2.148451193178689209e+03
1.811050920025119467e+03
-3.635742426818408421e+04
1.055604051989879372e+04
3.970743846154479252e+04
-6.493487609702185728e+04
3.607851333827999042e+04
6.043186747635663050e+04
-5.072745228497037169e+04
5.420360223355419294e+04
-2.412731531705308589e+04
1.711339145054647452e+04
-3.369986773346630798e+04
-2.881081438249708299e+04
2.623041099265456796e+04
-3.354946706138797254e+03
-9.420803154839150011e+03
-4.427752032056794997e+04
6.241057719655181427e+04
-6.832171076990438451e+04
-8.947654227880930193e+03
-2.516457008676317855e+04
-4.116051722387724112e+03
1.824577257488752730e+04
4.728924171652249788e+04
1.293426853821042641e+04
2.547272288004157599e+04
2.950119260335517538e+04
-3.905828438552757120e+01
-2.317045947000990782e+04
1.123315966297349405e+04
2.210973856423687903e+04
6.946608958488175995e+04
-1.955984823488328038e+04
-1.463021688898554203e+04
5.341746658613492400e+03
1.342346177971975521e+04
7.048675823528038745e+04
1.948223486137434156e+04
-5.415209873188390338e+04
-1.515198609386061253e+04
1.264608936293811348e+04
2.358372313518155715e+04
2.753340245713526019e+04
7.346985274344695426e+03
2.489189022726360781e+04
3.409518715890641033e+04
2.006089730131416218e+04
-3.908120327235725563e+04
4.958752646341687978e+03
4.578045866165008920e+04
-1.554420920480887253e+04
-1.384362864956095837e+04
2.204703925912004343e+04
-3.424372564282480744e+04
-2.457175471874316281e+04
2.610651112092120457e+04
-6.840092058969038590e+03
2.519402143379169956e+03
-3.988634896110112459e+04
-4.691510335208947799e+04
2.468820150666851259e+04
-1.945972544018790359e+04
1.278598156128727533e+04
-1.523150267257422274e+04
-4.141153199270725599e+04
-3.911728575391870777e+02
-3.124809890463230477e+04
9.387070830798369570e+03
-7.490828917190092398e+03
3.947840501397415937e+04
-3.428900464050572918e+04
5.282789191747661971e+04
-2.314252023525850382e+04
2.567122942041700298e+04
-3.131838969199094572e+04
2.055047489503835459e+04
2.946567219507908885e+04
1.982705755744093403e+04
-3.862690063837329944e+04
4.786069703959636536e+04
3.051817399444416515e+04
3.402279165087502770e+04
4.922289556794261784e+02
-3.961768523718206416e+04
-6.195398068801741829e+03
8.832686850140704337e+03
-6.558087708008165646e+04
-3.849727081861703482e+04
5.428449931299207674e+04
-2.455165185644302983e+04
-4.614566318814509577e+04
-5.558794575113150495e+04
9.544166439013424679e+03
4.584132590705098664e+03
4.102292697431779379e+04
-3.253279531708089507e+03
-2.362876031439997678e+04
-5.514808218675285025e+04
-3.891627331127959769e+04
1.782231052138437690e+03
1.095973935167832133e+04
3.964133265629229572e+04
3.710783579429538804e+04
-3.267909303997807365e+04
9.981982721415313790e+03
2.501728640925746004e+04
-4.718327693448336504e+04
5.983730960254372621e+04
4.050392102256815269e+04
-5.260449314084432262e+04
4.250132250567014125e+04
-4.334651110034508747e+04
-2.349238592357264861e+04
-5.161945290909773030e+04
2.939061255902955600e+04
-2.503150172236483559e+04
1.540581745055500141e+04
-4.471072159625759923e+03
-2.749018273976796991e+04
2.961494125896013065e+04
-8.686075507559387916e+03
-1.597392167968245849e+04
-8.355495856806519441e+03
-6.456266236529491835e+03
-8.151363829314524082e+03
5.568111222679993807e+04
1.960508714857872110e+04
8.297897923652946702e+03
-2.463726435296448108e+04
-4.808328077983995172e+04
2.859372347817928130e+03
2.293732176472727951e+04
-4.351666426986875013e+04
1.598369826430020294e+04
3.519495018939400779e+03
-7.968287059592551486e+03
6.450750966452665125e+03
3.304004500491508679e+03
-6.872559044716658536e+04
-1.959508091407450047e+04
2.659472470942762811e+04
2.442137912823258375e+04
1.242219099136187833e+04
-4.680530244297217723e+04
1.158036650729057556e+03
3.687410734604491154e+04
-4.005887676777712477e+04
8.253591067342020324e+03
4.715557633658542181e+04
3.769299923645515082e+04
2.758017727460914830e+04
2.911459492480099652e+04
-3.472561897841711470e+04
5.665933788143570382e+03
-3.424141745629485376e+04
2.392160172493383652e+04
-2.120213195099830500e+03
-3.277556958970084816e+04
5.852416828639843152e+04
-3.847947646358944621e+04
5.631397599838726455e+04
-1.776970323663751333e+04
-1.489521518613033913e+04
3.960955511783937982e+04
2.665288975227627816e+04
6.541960247721880296e+04
-1.417758402344674505e+04
2.937792172942797333e+04
-8.664550514369679149e+03
6.492246946137465784e+03
-1.378251951818160524e+04
3.048044142181499046e+04
1.436071589533745100e+04
-6.430608944840766526e+03
1.123430600230318760e+03
5.373090257393401407e+04
2.444971370681645931e+04
1.055319991799089439e+04
-1.534154117373269219e+04
-6.406960587051977927e+04
-3.235872135015549793e+04
4.385909748899402985e+03
-1.055274021163912039e+04
-6.863314470227174752e+03
1.572749166923964731e+04
-6.888045347169178967e+03
3.888357402077462029e+04
-3.916273085015495599e+04
-7.607030479555764759e+04
6.070888808074329427e+04
-3.580395824917563004e+04
4.687098426207723242e+04
-9.426161505404434138e+03
-4.328368048595501750e+04
-2.216669718388499405e+03
-2.191592043432480932e+04
5.410362723099000141e+04
-3.289005040184674726e+04
2.577216160261390542e+04
-2.903394050385721130e+03
-5.227903381747838284e+04
4.145546324377061683e+04
4.371021788532987557e+04
-4.898192565088543051e+04
-2.296074231773868087e+04
-3.811839679687040189e+04
-1.771279828975701093e+04
-6.158213708506929106e+04
3.443600097810934676e+04
-4.451001507692423183e+04
1.061971865225541114e+04
3.918030997385770024e+04
3.078503352323633590e+04
8.578019681469066199e+03
6.581308651245293731e+04
1.851179194149760224e+04
-4.145103526116318244e+04
-2.405007949849798752e+04
2.932515663402249993e+04
-1.379806333631738926e+04
-1.293022355371605227e+04
-4.527972033822346930e+03
-3.621673363653914566e+04
3.926978112980568403e+04
1.183782310103671534e+03
4.749424307379111997e+04
2.151668689442782488e+04
6.509751277927334741e+03
2.950014905001260558e+04
-1.933918786336578705e+04
-4.195337395271151036e+04
-4.230662487995155971e+04
-5.203973152487506013e+04
-1.997885425405714705e+04
-3.517464743728268513e+04
-1.911221237013960490e+04
-1.214670918733634426e+04
1.776639716449796833e+04
3.250992580341656867e+04
6.155421334052799648e+04
-1.168167850774527687e+04
1.131611977267928069e+03
-4.913746334198355180e+04
4.099957384822132553e+03
3.209576013899735699e+03
2.345194558783672619e+04
-1.476709036984490558e+04
1.117734018968233067e+04
2.768517417459149510e+04
3.566220450006299507e+04
3.697038570641046681e+04
-7.598315695772272011e+04
-3.769899638131833490e+04
-1.889389833740091126e+04
-2.435700084572886772e+04
