-6.289326375115267001e+04
7.912059607282598154e+04
-3.773653461536607938e+04
-3.809694052913415362e+04
-3.461417521630521514e+04
2.771925793761325622e+04
2.284996462313234224e+04
-4.052864116364751681e+04
6.717604030590655384e+02
-9.715295926379409138e+03
7.933076846714247949e+04
7.908182210036410834e+04
5.189612594846788852e+03
1.936934348843008775e+04
-8.198313640241436588e+03
2.464299554214892851e+04
-8.180696118655036844e+04
2.202650642382697242e+03
3.747957946272630943e+04
9.644709656527573316e+03
-5.251935195612206007e+04
-8.337957733764288423e+04
8.073061874399795488e+04
5.219386738245913875e+04
9.655961041022176505e+04
3.748988319906029119e+03
5.918631170748834847e+04
7.104577045704577176e+04
4.282107675459313032e+04
-2.436385991814633235e+04
-8.921138636992012835e+03
6.408861279202719743e+04
1.797905496142731181e+03
7.449416917912945792e+04
3.477614658259891439e+04
-7.937974936470451939e+04
-2.240474570137841147e+04
5.147944143980748777e+04
-8.479603652852205414e+03
-4.601253185322611535e+04
-9.439029548016030458e+04
4.153663826781934040e+04
2.425160668092331252e+04
-7.633532719442767848e+04
6.199482359696162348e+03
-3.147763909035356846e+04
-2.537940399380097006e+04
-1.935302495264422032e+04
-9.670798810684417549e+04
-5.674935420971865824e+04
-3.289763410229264537e+03
-5.511401694535554270e+04
1.676035909110937791e+04
2.640782177614582542e+04
-1.927243171760758923e+04
2.322641894925324959e+04
8.954103987831845006e+04
-5.015988736959067319e+04
-6.018421021991351881e+04
5.950655782327244378e+04
2.626049652900083856e+03
-7.125628865481994580e+03
8.272203529781996622e+04
-9.254222333768755198e+04
-6.092189761002366140e+04
9.908793131975339202e+04
6.475938827620932898e+03
-5.384044262562767835e+04
-5.773033902270354156e+04
-9.381353953365203051e+04
-6.947180338641600974e+04
2.389739062405296136e+04
9.654572942667421012e+04
-5.380699617234600737e+04
8.208598362097193603e+04
-9.558005932732245128e+04
8.060004415708088345e+03
-4.281218477080615412e+04
3.026826823597165640e+04
-6.131054105184474611e+04
4.912523823075347900e+04
-7.335407532351897680e+04
1.845294850238226445e+03
7.586246400177394389e+04
1.000204348403694894e+03
6.786998266160972707e+04
-4.786436686760782322e+04
8.955437579728697528e+03
-8.068936912278474483e+04
-9.246179496357549215e+04
-4.430225183302158257e+04
-5.483533223262515821e+04
-7.716836327529697883e+03
4.718083637841065502e+04
-5.392220547102553610e+03
-4.041195441908787325e+04
-6.260524470957718222e+03
8.271157218597026076e+04
9.926875973699422320e+04
7.423233683602607925e+04
2.319708456438840949e+04
-9.035818876961995556e+04
-9.392496742360238568e+04
9.987733529515203554e+04
-4.354892564011360082e+04
9.156473562860538368e+04
-9.205379011556002661e+04
-6.977120479910777067e+04
-8.551974925607768819e+04
-6.608058103888781625e+04
4.174311059506477613e+04
8.067436859115520747e+03
1.888986295347514897e+04
-1.819752513810123855e+04
8.299931868538376875e+04
-4.269825694786691747e+04
-6.763161789280857192e+04
-6.297910132995902677e+04
-4.422841933238303318e+04
8.665514717396776541e+04
-2.631204342966986587e+04
6.218511907732113468e+04
6.647116373510529229e+04
6.485494947043304273e+04
-3.546387014345770876e+04
7.318755795464984840e+04
9.605140799310492002e+04
-9.945168239284113224e+04
5.720042436544308293e+04
-2.208131491596985143e+04
-2.678733962732271902e+04
-3.080026253029881991e+04
-9.084477990971683175e+04
-7.177464623475122789e+04
2.305567639160080944e+04
4.090815795145218999e+03
-6.688466963219230820e+04
-7.667790791868125962e+04
-6.103988293889205670e+04
-1.264087371934991825e+04
-8.989610730431100819e+04
-9.532546838406863390e+04
-3.598326308347761824e+03
-9.036807593841412745e+04
5.069898272155027371e+04
6.902912284633083618e+04
-9.104510557973106916e+04
-7.102685345665305795e+04
9.173574428376276046e+04
-9.917065301254705992e+04
-5.843201477716095542e+04
-2.844007305362591069e+04
-2.522407595320442852e+04
2.612999249978617081e+04
-7.446044942131482821e+04
7.354555139536409115e+04
9.587406285538105294e+03
-3.755240870226494008e+04
-4.075526473739344510e+04
5.406176768306241138e+04
2.226462192907581630e+04
-1.782992609221901512e+04
-5.216286549968342297e+04
5.610092506322084955e+04
5.557083891870704247e+04
-8.909038308508282353e+04
4.965121796860725590e+04
-1.264724607533482413e+04
-1.143830022840979473e+04
-6.825055656001777970e+04
8.118494322396979260e+04
-3.083039946629380938e+04
-6.256374010668237315e+04
4.383997479771455801e+03
7.359681094865148771e+04
3.170471164119522655e+04
-8.929987481040322746e+04
6.006969818815538019e+04
-2.390217459015922577e+04
2.048496796290538987e+04
1.216139226544705161e+04
8.776618580373808800e+04
-9.733671821281129087e+04
-7.446904725933042937e+04
-5.229534130706389988e+04
2.424060551055071483e+04
-4.688984038217931811e+04
9.677926947845317773e+04
-8.651871505375500419e+04
3.577708281657366751e+04
-2.932626154360793953e+04
7.335853832956640690e+04
-5.933564687367760052e+04
3.383089035793416406e+04
4.252645684824865020e+04
3.120172059731719128e+04
-2.630209330895215317e+04
-6.565097240118992340e+04
3.179754581390012390e+04
-1.358452835515255356e+04
4.077582353054654959e+04
9.729743982386113203e+03
7.297691055843494541e+04
5.789614898290068959e+04
-9.361120957612285565e+04
-5.717746113295537361e+04
6.256402775444220606e+04
2.598846489568837569e+04
9.739295592485701491e+04
-8.966305684110336006e+04
-2.323473148455493720e+04
-9.812706380752622499e+04
2.163193971851956667e+04
7.020969834418654500e+04
3.845886961331634666e+04
6.277232791322337289e+04
2.000679553056518853e+04
-4.751385749806962849e+04
-4.291845225868444686e+04
-2.672051413586681156e+04
-5.495724465240364225e+04
8.842734878765472968e+04
5.205755106893579796e+04
6.460778498121444864e+04
5.117677560488618474e+04
9.575522578867276025e+04
2.452696075071492942e+03
4.183439073224517051e+04
-6.767419181659705646e+04
8.771921431642821699e+04
1.956930680258432403e+04
-8.987718536407190550e+04
-2.459467178613178476e+04
-2.948876181685079791e+04
7.301996745075345098e+04
-2.376306159083621606e+04
8.636544204797231941e+04
-4.209689755329154286e+04
-6.682327608721808065e+04
-7.840042600303681684e+04
-7.075363445204142772e+04
-1.743611312939486743e+04
4.630500144163810910e+04
-1.826888344018590578e+04
-6.215628078935178200e+04
-2.746609607954552121e+04
-5.944560666709901125e+04
-6.720344883906017640e+04
6.544482587031259754e+04
-3.160724903570302195e+04
-9.818807217106028111e+04
-5.284497665874855556e+03
4.640420641419402091e+04
-8.900177544651566132e+04
-5.429726527170118788e+04
-4.454236641610219522e+04
1.727506127641097191e+04
-5.949418126292314264e+04
-8.665503962838707957e+04
-2.585619895151082528e+04
8.570842752887961979e+04
-5.215731499096726475e+04
-1.370956058828437381e+04
1.233121700307825085e+04
-9.628025471174766426e+04
