7.941139498437094153e+04
8.856255244516086532e+04
-4.860895550842993543e+03
-5.230727306287222018e+04
-1.024144661065051332e+04
-7.619735952386289136e+04
6.163363045631870045e+04
9.400491370551002910e+04
-7.247037445329240290e+04
-7.153128952013507660e+04
-2.535928892504473333e+04
1.843385480435971112e+04
-5.485295512615131156e+04
9.151393993248074548e+04
2.015474293793160177e+04
-6.582409119939783704e+04
-4.911473400550377119e+04
5.633500797134372988e+04
-2.029424975083371100e+04
-6.793736658122845984e+04
-7.974714592811878538e+04
8.859151207331896876e+04
-3.341572835372282134e+04
-7.776836653863399988e+03
-5.673129204945248784e+04
7.563591440627729753e+03
6.081884328308573458e+04
5.023760960249582422e+04
-6.068821369315391348e+04
7.032901832988529350e+03
-4.420690126977433101e+04
5.796520930533064529e+04
-7.326317377789066813e+04
-6.015093992932778201e+04
8.569322958731930703e+04
-9.814997139604183030e+04
3.799196663820996764e+04
-4.764029747606335150e+04
-5.639848829737252527e+04
3.157304844130674610e+03
-8.782503558243392035e+03
3.234733968637551880e+04
9.521500635022021015e+04
-8.396913702980670496e+04
4.427983926001793589e+04
-6.017619385967314156e+04
5.832528120961799868e+04
5.024139093492546817e+04
8.929690964857029030e+03
8.271405051855678903e+04
5.184546620220059413e+04
-7.075594789195232443e+04
2.693856779028367600e+04
8.805827489472815068e+04
-4.764617924365281942e+04
-7.963969510316422384e+04
8.717589036223839503e+04
-9.516058211566474347e+04
6.410922342025794205e+04
2.069210000691634195e+04
6.321119962688381202e+04
7.905963048470197828e+04
1.499203976974824036e+04
-1.032226397461419401e+04
3.842461508738857810e+04
-3.514327500258782675e+04
2.976178363256227749e+04
-2.038254975320449739e+04
4.515775814346934203e+04
-1.265999721063149627e+04
-6.548730505929168430e+03
5.782473571071508923e+04
3.682301092681474984e+04
9.264139903233572841e+04
-8.437781743172438291e+04
-5.516422997657899396e+04
-5.590550478454037511e+04
-7.370885443500614201e+04
-8.966166137014790729e+04
-9.140790420598824858e+04
4.491935118339239853e+04
-9.423744910250815155e+04
-5.872509703372734657e+04
-3.986695574368541565e+04
4.190358607468524133e+04
7.562598188473310438e+04
-6.032542291133766412e+04
-9.866826616409525741e+01
9.963437358302198118e+04
-1.468347963086894015e+04
-9.126569900946084817e+04
5.131867802056646906e+04
-6.757883822024706751e+04
-5.012165433878026670e+04
8.225618987580717658e+04
5.278001638791800360e+04
-6.303820316108113184e+04
7.394187828823094605e+04
-9.737740997254775721e+04
-6.367413952061049349e+04
-1.513356241121965286e+04
-8.680755305237002904e+04
9.028646876595012145e+04
-5.586478798555014509e+04
1.365904320769921469e+04
-5.907445920878551260e+04
9.731624416622551507e+04
-6.447582550272501248e+04
-3.143901696662123140e+04
-7.052394422500487417e+04
9.330357884930050932e+04
-2.344698627924275934e+04
-9.138265481769017060e+04
1.084424878335584071e+04
-8.441080393260011624e+04
5.645143265387494466e+04
6.639397626811166992e+04
4.772407356595940655e+02
-5.103422058763291716e+04
8.584548636664479272e+04
3.543071974567987490e+04
6.944865994957109797e+04
2.386606307460741664e+04
-4.729113571038669761e+04
9.898912334648106480e+04
4.003688843714422546e+04
1.288313996835116995e+03
1.288107638785062591e+04
-1.173177596856087621e+04
-7.457973457038178458e+04
-2.258761599445989123e+04
-7.550053899807199195e+04
-5.349013110648708243e+04
3.659756986872121342e+04
7.194919264778334764e+04
-2.491566597711796931e+04
4.685154665115621174e+04
9.488542357931638253e+04
2.413586881729474408e+04
-5.223077727255254285e+04
1.113955658187979134e+04
-1.863121659595634264e+04
9.124367554085032316e+04
5.248709676478998153e+04
-5.584711827962680400e+04
8.510104216434995760e+04
4.255560280824842630e+04
-5.183143189338383672e+04
7.651676163929334143e+04
-1.920837384877164732e+04
-4.736978528025082051e+04
-4.750179924696762464e+04
-4.409636865596409189e+04
4.275269830920951790e+04
2.176618290665159293e+04
-6.898160285431021475e+04
-5.970809102982893819e+03
6.994840510856403853e+04
-6.548318669396164478e+04
5.660322422744601499e+04
-1.265175317332572013e+04
-6.419613428718000796e+04
-8.260816489357130195e+04
2.042686381584923947e+04
-4.533298812389594241e+04
1.749557965159052401e+03
4.383500113880672143e+04
-2.755203573688573670e+04
3.797596362117907847e+04
1.864868247045644966e+04
-8.040826522640287294e+04
5.125640811789061991e+04
5.886579265714407666e+04
-2.339445808599183511e+04
-3.323501255454824422e+04
-1.145463100813305937e+04
4.305789779397076927e+04
-1.507766697854806262e+04
-6.620112500278788502e+04
6.487298382014813251e+04
2.988439998065053078e+04
2.322646495121532644e+04
8.668234686763517675e+04
-2.830276303466243553e+04
4.746079274858365534e+04
-6.678773717287593172e+04
-4.159897444640314643e+04
-3.010028829739776847e+04
-3.982026798000723647e+04
8.104470844672311796e+04
5.809766545876613236e+04
9.592183535047664191e+04
-9.138033470862665854e+04
-6.643332280257577077e+04
-6.653344886329106521e+04
2.912897957003966440e+04
-9.761252458063521772e+03
9.693679041957051959e+04
9.379604364428043482e+04
-3.710125800154122408e+04
-1.292260073259472847e+04
2.549267740227084141e+04
7.502122486710877274e+04
-2.900605910905350174e+04
2.906352218540206377e+04
7.179012954833576805e+04
6.674390885834841174e+04
-6.296750981483738724e+04
2.703297217449783057e+04
-7.919548292760046024e+04
3.039434507292287890e+03
-7.253717509493957914e+04
-3.553794804048475635e+04
1.496598889673188387e+04
6.084899387173380819e+04
-2.260854952581856924e+04
7.161498211862766766e+04
-4.618049420427330188e+04
-1.454985802786244312e+04
9.423055406057424261e+04
8.198102360705492902e+04
-1.930543926215813553e+04
6.364061459541975637e+03
3.798735706473447499e+04
4.758425390368938679e+02
1.693058563679995132e+04
7.215585618075623643e+04
3.734885802995780250e+04
4.862293902146842447e+04
-5.600597222952989978e+04
-7.200287989574507810e+04
4.386329341536544962e+04
-5.067918677619895607e+04
-6.038284816653718735e+04
9.613408418849128066e+04
-2.931142000286983966e+04
9.410150991090148455e+04
-7.837684408720189822e+04
3.984541108102101134e+04
6.481206440240738448e+04
6.647858576131018344e+04
3.954287786179417162e+04
8.358979991312464699e+04
-2.289417712300368294e+04
3.833511347280320479e+04
-7.616642614923435031e+04
4.034550223083945457e+04
-6.348594050618454639e+04
-5.167689373627855093e+04
2.885455869944646838e+04
5.594679459487670101e+02
-9.095837836269535183e+04
4.875809317992528668e+04
4.656880427056647022e+04
-8.884483961363730486e+02
-6.544117996241504443e+03
-9.977986471864271152e+04
8.659062956516412669e+03
-7.743358009814102843e+04
7.254908856420792290e+03
-6.277097808695417916e+04
5.797420273062298656e+04
3.983468130522611318e+04
5.417594192069850396e+04
-8.057658997646282660e+04
