5.858507003067803453e+04
-5.556988763297028345e+04
-6.819618358487033402e+04
4.491608117656450486e+04
6.883651507349725580e+04
6.347475955187299405e+04
2.507370279307042074e+04
-9.220315295608514862e+04
-9.326236763166393212e+04
1.830329831600030593e+04
1.012335356177760696e+04
1.696712735770478321e+04
7.767637080897000851e+04
8.393410706265992485e+04
-3.932241416463073983e+04
-8.566664189637986419e+04
1.060148056247147906e+04
8.662523943954263814e+04
-4.532966991527347272e+04
4.263982329181331443e+04
5.791283229457226116e+04
-5.356596651631959685e+04
7.716851235132312286e+04
-8.989375874869005929e+04
-2.582418067158941994e+04
9.778780925657175248e+04
5.423499644121926394e+04
3.092611819706618553e+04
-8.727675051391139277e+03
9.407404929975708365e+04
1.812504565622426162e+04
2.703989365793207253e+04
1.771180255399868474e+04
-9.845927448341132549e+04
-7.805526397786996677e+04
-8.488301509077665105e+04
-3.576595584879352828e+03
-1.384724773622567591e+04
-4.835204518867777369e+04
-3.166143118934841186e+04
-3.585738767686741630e+04
8.636567348384216893e+04
4.726929221996004344e+04
9.760362145262726699e+03
1.355410711037856527e+04
5.965955167041128152e+04
-7.963008002012457291e+04
-7.843494518646314100e+04
-1.733244599607086275e+04
8.698909607721320936e+04
-9.266713518439474865e+04
-8.531775161965310690e+04
8.469232133397916914e+04
6.347149001913718530e+04
8.566816596094548004e+04
3.187532773888960946e+03
-8.705736334765897482e+04
1.952003883486197446e+04
-9.605564267539416323e+04
6.819945603434578516e+04
-9.503618768942063616e+04
7.871776349177103839e+03
4.055606041934224777e+04
-4.594596994679451745e+04
-5.717445526819209044e+04
2.536103251261966943e+04
2.668341773980895232e+04
-1.906667584103092668e+04
-3.743924082503895625e+04
1.781396916981920367e+04
-5.349597941780726251e+04
9.692516519989259541e+04
2.695407741789179272e+04
-7.364153182700123580e+04
-8.932935115517905797e+04
-3.552996986347190250e+04
3.271697152975684730e+04
-1.824868406934397353e+04
-7.238248071203008294e+03
-2.564362540036988503e+04
6.497492562867343077e+04
4.763229474455644959e+04
-4.469475603480581776e+04
8.693833618930971716e+04
6.189553028725431068e+04
6.307684796986146830e+04
-3.987730627441663819e+04
-4.583043563325594732e+04
-8.941543085999338655e+04
-1.920086334044051182e+04
-3.537567375685593288e+04
-7.240541926612326642e+04
7.928342206410400104e+04
-8.243911183445365168e+03
-9.989838051095308037e+04
8.933354342899267795e+04
8.289504565179577912e+04
-6.401311509892160393e+04
7.794650637378924876e+04
7.827189031887604506e+04
9.559934719008734100e+04
-8.877163121035249787e+04
7.418120532449230086e+04
-9.543941033065191004e+04
-9.588154829846997745e+04
-4.660249131460876379e+04
-3.670304540095867560e+04
-3.637931131030713732e+04
5.861141593460750300e+04
-8.851492802165893954e+04
-1.284186560292702052e+04
-7.786574531178150210e+04
-4.597204333172208862e+03
-1.620020716397368233e+03
-5.150544590378947032e+04
8.823561861376132583e+04
2.789987106551266334e+04
-7.037639097797230352e+04
5.245359474802491604e+03
-8.954766996415444009e+04
1.648476562731142621e+03
-8.060813123688494670e+04
2.859443921728910937e+04
1.516581970927304064e+04
5.670608456645323895e+04
-5.170969263904403488e+04
-9.096922371246163675e+04
6.808270886564080138e+04
6.720945206462475471e+04
8.754667703950766008e+04
-6.894155994051153539e+04
2.890126679928036174e+04
1.542324168628212647e+03
-3.799208000999241631e+04
1.508297813665555441e+04
-6.335727038431435358e+04
4.104475212910890696e+04
-2.255832782465459604e+04
9.880421367474037106e+04
8.920341861068643630e+04
3.093052468601793225e+04
6.242802503062097821e+04
6.688339164363089367e+04
9.183001338105343166e+04
-6.842541580980952131e+04
-1.760534528290634626e+03
4.708927101955068065e+04
-7.501644807441392913e+03
-5.326342831690888852e+04
7.223771097305670264e+04
-9.071324388605033164e+04
-3.050540178478960297e+04
6.682150348810246214e+04
4.427507103252073284e+04
-9.562749176564390655e+04
3.694822300429100869e+04
-8.059675285677713691e+04
6.790342248969539651e+04
3.429646748929307796e+04
-7.751590709304800839e+03
4.898882768384864903e+03
-2.500669056334001652e+04
-9.676546638719794282e+04
5.701865191182954004e+04
4.554054112522615469e+04
5.449343176754072192e+04
-3.460032023706383188e+04
4.487827967170084594e+04
4.201145579300908139e+04
-4.451381358838877350e+04
-7.906274423504740116e+04
4.914166180342432926e+04
-1.271119752387719927e+03
-6.217616855339747417e+04
-9.726448940358369146e+04
-6.846888918487170304e+04
2.823297300175935379e+04
-7.903557408087937802e+04
9.465451374362295610e+04
-4.622492578826580575e+04
-6.504917104646919324e+04
3.786329001061953022e+04
-2.810800870383939764e+04
-3.149429099735083582e+04
-8.146701086899985967e+04
6.161351213994467980e+04
5.054756307592513622e+03
5.208057512332423357e+04
-1.298198783946655749e+04
9.774120708804507740e+04
-8.809056613730918616e+04
7.656632761870700051e+03
-4.458209962470489700e+04
6.086189959656848805e+04
-2.932316851435288845e+04
-2.318401301281205087e+04
-4.382835454977182962e+04
-6.854691973786377639e+04
5.590893434227720718e+04
-4.878781332484311861e+04
7.518348762145842193e+04
-6.319536351802741410e+04
6.850930200258074910e+04
-1.055780417601665249e+03
4.075317821199813625e+04
8.463046304531319765e+04
-7.537113082266815763e+04
-2.563814538862484915e+04
9.908166679268755252e+04
1.824129490814846940e+04
2.781710761395728332e+04
-8.705085654899675865e+04
-6.252070101982576307e+04
8.626142378901594202e+04
-2.463873916007335356e+04
-6.716498939213971607e+04
8.917215019399058656e+04
-3.406994900404766668e+03
-3.490817990834698139e+04
9.944388023005591822e+04
-1.080807999402617861e+04
-3.490060804873111920e+04
-2.669600625573293655e+04
-3.692630090483794629e+04
-3.290847328763661790e+04
-2.526377726504170278e+04
-1.062771604196517728e+03
-4.248036055137649237e+04
8.105478875296315528e+04
8.228707794913052930e+04
5.479801158833687077e+04
-6.146339652865848620e+04
-7.875927409632987110e+04
4.970120489056422957e+04
2.074256649127625860e+04
9.177976494821833330e+04
-4.573785828615479841e+04
-8.849900242802387220e+04
7.741821372538385913e+04
-7.694160585680016084e+03
8.752490240472601727e+04
8.162166964691775502e+04
3.517532587096447241e+04
-9.680589729919857928e+04
6.553765809395155520e+04
-8.594524491956326528e+04
-2.210143900588981342e+04
3.323986915377061814e+04
6.993169694948941469e+03
9.003053826682895306e+03
6.854815344262163853e+04
2.138492210548646108e+04
-7.173116124547814252e+03
3.322370661006864975e+04
-1.853427571941146743e+04
-5.641085131572789396e+04
3.111145671342388960e+04
-5.192767281377295149e+04
4.361306213592225686e+04
-9.832131939257790509e+04
-9.822975861333547800e+04
1.774596159832972626e+04
4.720882417144541978e+04
3.723153957710781833e+04
-3.481544214993245987e+04
