-1.290886821530840825e+04
6.707870240574274794e+04
3.102737750553006481e+04
-3.241867443201277638e+03
3.197438285655411892e+04
-7.690989695689767541e+04
-9.991396225410990883e+04
-1.516606679819694546e+04
-5.920806767642574414e+04
7.728614191251661396e+03
-1.645072766928143392e+04
-3.137820295942186203e+04
6.717936496830719989e+04
7.008174395417587948e+04
2.946930716925415618e+04
-2.227144462243260932e+03
7.694049640547265881e+04
-1.482226796168077271e+04
-4.536006319048137811e+04
-6.683864410385809606e+04
-9.203174611055685091e+03
-5.912721048719267128e+04
8.959844668211197131e+03
3.376722791728374432e+04
2.015463736246434564e+04
-5.924971828128873312e+04
-5.325249748739797360e+04
6.030020089003504836e+04
1.110818840480780636e+04
6.090112118471966824e+03
-8.549053445096491487e+03
-2.525371932110605121e+04
-2.871687947457109112e+04
7.978127933694620151e+04
-7.883363465922756586e+04
5.616862295376305701e+04
-3.437384326218353817e+04
6.406883166906060069e+04
-9.876850562654955138e+04
-2.916437470967469562e+04
3.390693961238875636e+04
-1.284560020192511729e+04
1.316254445028932241e+04
6.850547816814418184e+04
-6.143189755674227490e+04
3.813042978848563507e+03
8.565093141269861371e+04
-2.317104094993940089e+04
6.805463868152929354e+04
-3.442466800936200889e+04
6.143737024676470901e+04
-6.388170970505768491e+04
6.448737188060753397e+03
-5.995640609086440963e+04
-9.920598637095416780e+04
7.093006517416657880e+04
-9.935845139563284465e+04
-4.768942580777542025e+04
3.672871624108520336e+03
8.271767631070993957e+04
-7.048498881673337019e+04
-1.178354400797499693e+03
2.220847773460031021e+03
6.039434813358541578e+04
5.435173893735767342e+04
-7.344346351300737297e+04
6.153588667336961953e+04
3.780596788614071556e+03
1.827449121891033428e+04
6.189220311060475069e+04
-2.057392893146205461e+04
-6.948472476438582817e+04
-8.520901423108861491e+04
8.870906118390292977e+04
9.386452569279228919e+04
7.801369221720992937e+04
4.637397987696647760e+03
9.248908987364894710e+04
-9.461335143176146084e+04
-6.069723294204754347e+04
-6.282413714311488002e+04
-3.410590755673398962e+04
1.225412500208069105e+03
8.753998507554354728e+04
-9.368649524972299696e+04
-4.676628578004972951e+04
-3.924770988340034091e+04
6.206162377971221576e+04
-4.020320330205799837e+04
-8.750081156932708109e+04
-9.717443563365506998e+04
4.502468182412063470e+04
8.508212465184414759e+04
9.721990391717207967e+04
-4.557829234614461166e+04
-6.235867899216991646e+04
5.279616638384695398e+04
-1.869487482137115148e+04
7.751873378901978140e+04
8.734666977257272811e+04
1.113970669093797915e+04
-9.988708004812532454e+04
9.475348537778478931e+04
-2.925549787746684160e+03
5.733653519947809400e+04
4.912205993885235512e+04
4.931891483768433682e+04
-1.278100228193364455e+04
9.863725787228453555e+04
-4.503205076224772347e+04
6.102384799969181768e+04
8.459578453544247895e+04
7.061628493256343063e+04
2.207500976170675131e+04
-9.555363063750203582e+04
-3.045193491145635198e+04
-8.389726119150688464e+04
7.174955244895583019e+04
-1.569289702996792039e+04
5.810184019430010812e+04
7.636312307521072216e+04
6.367636479750933358e+04
6.598236589284369256e+04
-1.080009235930752766e+04
-9.953071099545616016e+04
-1.148812918995274231e+04
5.312996809680835577e+04
6.002370122492607334e+04
-3.593367794276445056e+04
8.958027953654140583e+04
-5.005064464830612997e+04
-5.129678843138914090e+03
1.340807008685469918e+04
4.467099309342351626e+04
-7.150209298718589707e+04
8.193869597128956229e+03
-5.780471567112515186e+04
1.209973947215634689e+04
1.118893052898449241e+03
-2.224806385141100327e+04
4.557286641859257361e+04
-7.842148803722666344e+04
5.698686759038330638e+04
4.755150558536499739e+04
7.516357483851924189e+04
7.115835858963525970e+04
1.528938870857477013e+04
8.154011521089007147e+03
3.885073032213165425e+04
-1.205832218973168347e+04
2.837745484892048989e+04
9.246177803695245530e+04
4.385759842588886386e+04
4.443946023519890150e+04
2.813843795812460303e+04
9.413781627701345133e+04
-5.165311426153597859e+04
-8.120473238640572526e+04
5.579532915840458008e+04
-8.333023715344406082e+04
-7.324407511632566457e+04
2.080355147102032788e+03
3.987570346500739106e+03
1.371494666941670584e+04
-5.244736637965954287e+04
3.280179081064899219e+04
-9.281057075256231474e+04
-8.163968739442003425e+03
-5.494686598072599736e+04
-3.797613144492732681e+04
7.302616101597817033e+04
2.770163657146574405e+04
7.509781762119827908e+04
-4.001096751676897838e+04
-8.674440205655372120e+04
7.703037692347841221e+04
-1.209384961107000709e+04
-6.647424143452584394e+04
-3.652129473969319224e+04
-4.805993100564886845e+04
-4.491602051940553065e+04
-1.922281726294763212e+04
-7.684468920868357236e+04
7.263467967377303285e+04
-3.458089016313301545e+04
-1.476300244496673986e+04
4.036415428953824448e+04
1.060687378604123660e+04
-5.364675435112042760e+04
-8.242583196669496829e+04
3.114127395457314560e+04
-1.169895321328693535e+04
6.268646054698040825e+04
-7.555829291954725340e+04
4.673045317922954564e+04
-2.543426924970233813e+03
8.204564454405760625e+04
1.955501160423021065e+04
7.144716934152413160e+04
7.858873214092280250e+04
-5.830441569407924544e+04
3.884952091928393929e+04
-1.575567329119099304e+04
-8.079844181132131780e+04
9.232341418816844816e+04
-5.210476741176335054e+04
1.783132233328184520e+04
5.464016610721912002e+03
-6.586086120461186511e+04
9.277222786532936152e+04
7.555806241341886926e+04
-5.488682545353291789e+04
8.707006312650075415e+04
-4.905886921139710466e+04
8.852857240558075137e+04
-6.325431121194895240e+03
-3.006905243213560607e+04
-5.828433720698565594e+03
2.714471494766988326e+04
-1.477006677461220534e+04
6.560494709928426892e+04
-6.009388370967503579e+04
6.652646487593872007e+04
8.426543439129888429e+04
6.981249157062810264e+04
-3.803101207654722384e+04
7.114510697700057062e+04
2.838007049548441137e+04
-5.344393011209447286e+04
-1.546768704170978162e+04
-8.727652013200413785e+04
2.195630117808716022e+04
9.647233154264945188e+04
1.218428047636630072e+04
2.076782899809554510e+04
9.387089261084637837e+04
9.237975961152237142e+04
6.842865402037979220e+04
-7.071307723192656704e+04
8.126244201621774118e+04
6.594376844072938547e+04
1.960942892689225846e+04
9.735852262149745366e+04
4.061140771241794573e+04
-3.133578693508707511e+04
-3.983760064288965805e+04
6.500354711618190049e+04
9.050665302195376717e+04
-3.176407821155095007e+03
-1.493702721334739181e+04
-9.809947857467229187e+04
-5.676361963221285987e+04
-1.893526037883905519e+04
8.958536683602249832e+04
9.173137662455465761e+04
4.500699621581134852e+04
7.193351727216123254e+04
-4.267837306751565484e+04
7.602630630675019347e+04
1.654770713727049588e+04
2.247808357939755660e+04
-9.145104070625011809e+04
-4.753130343712328613e+04
-3.923372942450406845e+04
9.327503394039123668e+04
