8.209312683225172805e+03
6.612218747231638190e+03
2.261779049503633723e+04
-1.101422737958778089e+04
-7.118137049290941832e+03
-1.285132802894270935e+04
2.060027286369330250e+04
2.320024998025917012e+04
4.893762841937981648e+03
1.088712497782661194e+04
-4.371924112066492967e+02
-1.828505223096136615e+04
2.099770512821993907e+04
8.727312896765357436e+03
1.171342639443676126e+04
-9.244207316399457341e+03
-4.705720642612593110e+03
-8.429578566580203187e+02
8.560395348451334939e+03
1.039322255272895563e+04
-6.590543160685592738e+03
1.728107400910898286e+04
-2.427901886033102528e+03
1.096402477002546402e+04
-1.139693444450819516e+04
-1.813991125746952821e+04
6.446114585569233896e+03
-1.673797427739071645e+04
3.219142505918803181e+03
-2.611464571182899454e+04
9.626526071542661157e+03
2.020950129611411467e+04
-1.542124044608794247e+04
-9.836113951060391628e+03
-2.702585707317210108e+03
-3.881842308277844495e+03
-1.273152136016255281e+04
-1.965794076890262886e+03
1.272327226655162485e+04
-1.848182837088843371e+03
2.084164711489049296e+03
2.443321895305460203e+04
2.132876888460436749e+04
1.857765311919752276e+04
3.053488779544789577e+04
-1.075703764693480252e+03
1.903631033116110120e+04
3.204849914205942696e+03
-1.248547470520767820e+04
-3.150047670662324890e+04
-2.286784972846128221e+04
1.229078602152055646e+04
-5.329033555646112291e+03
7.334825241517506583e+03
1.163148525346882707e+04
1.831950126193352844e+04
-1.556030114594349470e+03
-4.124372355563534256e+03
-3.481829323954581923e+04
1.717283568450748817e+03
4.725370951740983401e+03
-1.092116996336982447e+04
8.256160603646281743e+03
-6.098045103348357770e+03
5.975033778808253373e+03
-1.073905491752938542e+04
-1.052942912969237796e+03
3.189652609213664982e+04
3.925583118879135782e+03
-1.315642445891361785e+04
3.898108945014143956e+03
-8.858311489116430266e+02
1.289500946938567358e+04
-1.500116873438129005e+04
-5.525165382630279964e+03
2.613972284224930718e+03
3.020829383597385913e+03
-4.555235916851842376e+03
-2.590459521587264317e+04
7.724692843687634195e+03
-8.390425945262477399e+03
1.442624342053465989e+04
2.792302240979506678e+04
-3.287857698386343600e+03
1.714506171118365455e+04
-2.368668892569725358e+03
2.303566512149444679e+04
9.560203411967348075e+03
2.545058173805133629e+04
-4.773387897363654702e+03
-7.829811951217037858e+03
4.184939711212735347e+03
-6.577925187048697808e+03
-2.736863980927021839e+04
-1.860163176415437192e+03
-1.112904376276430958e+04
-3.447859640676571416e+03
8.753996419446060827e+03
-1.810581261520653061e+04
2.115238358019030056e+04
3.434864197585820511e+04
4.621842829132991028e+03
5.950604962631274248e+03
-9.593167386824585492e+02
1.751929368355370025e+04
1.660374996467403889e+03
8.549892985391943512e+03
-1.038915996168235324e+03
7.623806618619649953e+02
2.042223909251465011e+04
-2.508793136096398302e+04
2.991772146040909865e+04
-3.819825853611489038e+03
-1.103035132652992797e+04
-7.195298126614899957e+03
2.503912509661674903e+03
1.497942366635142389e+04
5.591579279128353846e+03
-1.356780682465005157e+04
1.531112465327113023e+04
-1.379495035468137576e+04
4.382619617473400240e+02
-1.763330689893444742e+03
5.572070626524466206e+03
-2.860786366670947609e+04
-3.083528017960670695e+03
-8.659151933161849684e+02
-1.901393542202959361e+04
2.128640859172449200e+04
-8.532797926502378687e+03
-1.348951469226886957e+03
1.907724090294062262e+04
-2.035640553125221777e+04
-6.593715900327774762e+03
4.044962320306930451e+03
1.716276554214100543e+04
3.738706473450906742e+03
8.257139165082593308e+02
-8.776848790593086960e+03
1.627735233354808770e+04
9.155936460451732273e+03
1.698677663277626561e+04
1.388194833775471488e+04
3.871565781179306214e+03
-3.139918427613243693e+03
1.602915077052297238e+04
-1.076583703299091758e+04
1.287373028339845223e+04
-1.563803524868826753e+04
6.233838484456195147e+03
2.796268238082259813e+03
-1.623725169930865377e+04
-9.462860368666268187e+03
-1.267734324755167108e+04
3.184515642791355731e+03
-1.569528910554214963e+04
-8.592392452225211628e+02
9.873492998760644696e+03
3.051713578743246762e+04
1.402090610993577138e+04
1.477691254531744016e+04
-7.485661286051106799e+03
-6.694345244654197813e+03
-2.525988149847159548e+03
2.119759148238480520e+03
-1.206063318600073035e+04
7.225964421692277028e+03
5.817767894947568493e+03
1.727049541718808177e+04
3.543657265677983378e+04
6.366302149984097014e+03
1.760152995944362556e+04
8.399791680004025693e+03
-1.173757543340710617e+04
-8.738397511732365501e+02
1.917442564209472766e+04
-9.101269606451449363e+03
-5.816388301893347489e+03
-7.011861837596274199e+03
1.091757648683740990e+04
1.195865330651928525e+04
2.516662175718895469e+03
9.143307038385261194e+02
-5.086344938835166431e+03
8.173420857322838856e+03
5.964784485407353714e+03
-3.785125089331441472e+02
3.738726243055430700e+02
1.405600645574543705e+04
-6.257088297801029512e+03
1.647984611309084357e+03
-7.883872734994943130e+03
6.466674320400622946e+02
-9.876931145596619899e+03
1.142513422079797783e+04
-5.754481413022579545e+03
-1.781727098040376222e+04
5.729954107864958132e+03
-5.511094808922653101e+03
-1.337480661246642194e+04
5.337603048464879066e+03
9.188725682096488526e+03
-8.501521212058631136e+03
-4.046906504374041106e+03
-1.213280413389694331e+04
2.986074973239138853e+04
-1.034779770689891666e+04
1.476074934337999548e+04
5.685514251164635425e+03
-1.079154531815388145e+04
-2.882108819910376769e+04
1.984693271660070241e+04
1.113902757174984617e+04
2.747302043959458751e+04
1.482788656996550890e+04
-5.067807327520572471e+03
1.032953005908190244e+04
-1.182094761450325495e+04
3.864726956948778934e+03
1.695358683943503638e+04
-1.510732098202825728e+04
-5.690241201395406279e+02
1.814801594330428270e+04
1.521974769736638700e+04
-9.731434697556023821e+03
-3.733616160604058223e+03
1.455873818834031681e+03
1.185027735359377584e+04
8.919959622582937300e+03
6.816630477197626533e+03
-5.600536272257454584e+03
-6.485184798794010931e+03
5.373907255516435725e+03
-4.803958209364255708e+03
-6.339502406046499345e+03
8.581062024668941376e+03
1.172277648867178868e+03
-1.139487738304043341e+04
1.167146894079784715e+03
1.270275448539999525e+04
1.564480400908053889e+04
-1.980412522629979776e+03
-1.171179822201874777e+04
-7.008970042183266742e+03
1.349474053664297207e+04
-6.587845539194116100e+03
8.324810381032748410e+03
2.467055342655696586e+04
3.644038045285422868e+03
-5.972550604434921297e+03
-2.835661444910277351e+04
5.375428573861127916e+03
5.693912558653896667e+03
8.526274593545007519e+03
7.149442145386790799e+03
6.358098776859808822e+03
-1.198192107585658732e+03
-1.005567363999018744e+04
-4.235823544606923861e+03
-7.794470428025150795e+03
-7.214319587281381700e+02
-1.931957345151437039e+04
2.985783105025592249e+03
1.395730454538368576e+04
6.593871729311152308e+01
