-1.331863853104611962e+03
-3.419522215874492395e+04
1.138328177255927130e+03
2.377537997524340972e+04
3.759119968071561289e+03
2.626702221702630140e+03
2.616363009014776981e+04
-6.923568598298766119e+03
-1.042234489568008757e+04
-1.586441509742803646e+04
-4.376749449801025548e+03
-1.506189182183070807e+04
-1.684624258305590411e+04
-6.598357498650414072e+02
-2.093384142054715630e+04
-1.775192348237933766e+04
4.567635767500392831e+03
1.239904770850419482e+04
-1.383529923446204157e+04
8.159160626565238090e+03
1.535662122223620827e+04
2.778277149082110918e+04
1.467269234304634665e+04
-1.707919334236910800e+04
-2.154284842457732884e+04
5.959796231381634243e+03
7.849410990962775941e+03
4.516103073672520622e+03
9.297140461410142962e+03
1.479059606776952205e+04
-4.318128306285432700e+03
8.486971569979210472e+03
4.168172339757024929e+03
-2.859867856346008466e+03
-5.068339555951200055e+03
6.582429096286583444e+03
-1.245765927706217190e+04
-7.719599412463836416e+03
-1.402973411818874411e+04
8.275764044376630409e+03
8.758522189150538907e+03
-1.157693506223867553e+04
1.626235970286587144e+04
6.876121562353313493e+03
-5.817309103086511641e+03
-1.817837176226987503e+04
-5.268379569917686240e+03
-1.004419016291290427e+04
1.488731425895761822e+04
1.490555688059012709e+03
-2.395038206606574022e+03
-2.329428148355756093e+03
7.847216639647285774e+03
-1.019103344856403601e+04
1.015570222707794710e+04
1.417645599377152905e+02
-1.266253264015792411e+04
6.707476399457444813e+02
-1.067065449202210220e+04
6.913725921588084020e+03
-3.630977577366197238e+03
-5.742961589600176922e+03
-2.374834823300611333e+03
3.048100301551659868e+03
-8.516504744993510030e+03
-2.410768925487727756e+02
1.118132374464672648e+04
1.393639327668800979e+04
-1.055498426531995938e+04
1.974664224555554756e+04
1.267008237721535806e+04
-1.435920517143003110e+02
1.377641686735656367e+04
-3.154553356118373358e+03
6.011809072970914713e+03
-9.649681982816868185e+03
-9.442240369120947435e+03
-2.791044700230827220e+04
-8.461533055612237149e+03
-9.463962192473258256e+03
-2.539068899870464975e+03
-5.137530949890514194e+02
-3.421012256285376498e+04
2.405986821796855111e+03
7.668196950984377509e+03
-9.264472880956664085e+03
1.455969553339884260e+04
-1.076897376644173346e+04
1.129353066924278937e+04
-1.612602339432127155e+04
-4.026186520443530753e+03
9.710951592968202021e+03
-1.112792500639762147e+04
2.391956221016137715e+04
2.729039339488243058e+04
1.404531691586679335e+04
1.086889456738163790e+04
1.759688177696057392e+04
-4.083125478789455428e+03
-1.345238795952794862e+04
1.711924534643950756e+04
4.471735344701585745e+03
3.862055225512860488e+03
-4.522635284173380569e+03
-2.232007745794210859e+04
5.099051586478706668e+03
-8.148613666749748745e+02
-8.487470091029685136e+03
1.069781832991092233e+04
2.321082812973170076e+04
-5.146622414691555605e+03
1.668251143469037288e+03
4.182860047208167089e+03
2.818345760126017558e+04
2.457923056098312009e+04
2.371432241492410685e+04
3.282376086642732116e+04
1.817279439640794635e+03
2.854983667328738011e+04
-2.687593891613788855e+03
-6.206778939554508725e+03
-5.557735547343945655e+03
1.427875690009663231e+04
1.951549074491917781e+04
-4.847743301093138143e+03
-5.334152126439126732e+03
1.131504602551340759e+04
-1.532304891738178776e+04
1.113806215374169187e+04
3.056279944975685794e+03
-7.575844864510816478e+03
-2.429153788267241907e+04
-1.672476694415843667e+04
-9.618834820006870359e+03
-3.096494243612213540e+04
1.432301418525994086e+04
-1.997079677476064535e+04
2.099924254440221830e+03
-6.499336178144265432e+03
-1.258132013273178200e+04
5.140775905348196829e+03
-8.823559429474480567e+03
-2.592656716053516720e+04
4.483747957748459157e+03
-1.676208959946678078e+04
4.346320388162936297e+02
-7.149231622196001808e+03
-1.544377815974535508e+02
-4.937696400405596250e+03
4.736580896966339424e+03
-1.110029713983321562e+04
1.851705967386417251e+04
1.703005758531673928e+04
-4.809592348721997723e+02
1.639329554280922093e+04
4.924391338679140972e+03
1.048297654695174606e+04
5.977752480853464476e+03
-6.642481703462894682e-01
-3.326315564471683956e+03
1.130176719623428653e+04
-1.564320074630260024e+04
-1.064472728940294837e+04
-2.604143875117900461e+04
6.233544122005617282e+03
-5.644829927467486414e+03
2.787711193427713170e+03
1.048480341022278481e+04
-2.252894520578674565e+04
-1.967471845681751438e+04
-2.317462502406908607e+04
1.266007741587307828e+04
2.434043102711157917e+04
1.695248769943993466e+04
1.518755922029360590e+03
1.188761738733831044e+04
-1.709946944131320197e+04
-5.505843458239776737e+03
4.887974986342283046e+03
-9.100489613235715296e+03
1.514774387970101998e+04
-7.000953243721902254e+03
8.556758785348842139e+03
-7.725633294928668874e+03
3.207278059175117050e+03
-1.348581251217053796e+04
2.442364891190028357e+04
-7.330123429075716558e+03
1.213189009082352459e+04
-9.283154298123883564e+03
-2.027569627328175193e+04
1.448039111367358237e+04
5.917132734466742477e+03
-1.441509229927800334e+04
1.545316853662585527e+04
-1.458780450060238763e+04
2.156140398866620308e+04
1.027314299000859864e+04
1.134073404409333125e+04
-2.831858369825719365e+03
2.107081148719408702e+03
-1.470897776034659546e+04
1.161912785041419920e+04
1.810079454790664749e+04
1.095079371088311927e+04
1.399979299131981315e+04
-8.153991379094002696e+03
-9.484240491523749483e+01
5.060658495822474833e+03
-1.732017272826908447e+04
-3.200873153298551551e+04
4.031481768932250270e+04
5.602935901245838068e+03
-1.624039540649899027e+04
-1.983510485717040501e+04
-9.938440955795851551e+03
-1.615644413044887187e+04
-1.300641346784507914e+04
1.533085059388901573e+04
2.304418667183470097e+04
7.007451724401362299e+03
1.196638769999360557e+04
4.808785467289327244e+03
1.158704399011577880e+04
8.506755624340295981e+03
-8.289359126589890366e+03
6.819625698859164004e+03
1.226401343616431950e+04
2.467988316505404146e+04
1.500782684401889492e+04
-8.323192556218844402e+03
1.483367682839440749e+04
-2.274432082457404613e+04
7.231797281931792895e+03
-5.948943695400070283e+03
-1.655379153846743429e+04
5.997883021627615562e+03
-1.716817519746947801e+04
1.930030774070394182e+04
-1.524655561315489194e+03
-1.724333474865600147e+04
-1.369732539058415568e+04
-1.389035235334850040e+04
2.983038206577920846e+03
1.652762511890625683e+04
-2.104306800902084797e+04
-4.202182908265640435e+03
-2.267022880266189532e+04
-8.790632873393493355e+03
-1.992673237598038440e+03
5.592223344334766807e+03
-7.601325988084285200e+03
4.191279141912174964e+03
-1.758562862668802381e+03
-9.490473878750124641e+03
-1.273398018539348777e+04
1.922599702112459636e+04
-4.002856366933473055e+03
2.012232843334868448e+04
-1.602144316192951192e+04
-1.404633142301206874e+02
5.497136506788187035e+03
-1.906519353283733608e+03
1.682558561993698731e+03
7.837099939186467964e+03
