-6.840073901076916627e+02
3.757011159023139044e+03
1.964342376109723773e+04
2.685792482307934188e+04
-8.613588760830100000e+03
2.011584852411461270e+03
-1.115020349286034434e+04
9.936103909018542254e+03
-9.257176993034086991e+03
1.171603134100175339e+04
9.559498431525535125e+03
1.049359100617685363e+04
-2.747263545041409543e+03
1.200897041474599973e+03
2.794628418499086183e+04
2.050352772960686343e+04
2.759298961770650931e+04
5.281849169479633019e+03
1.333379849075666425e+04
-5.806848459144465551e+02
9.843750026243294997e+03
9.769257111890763554e+03
-4.053848782221847159e+03
7.108755636496025545e+03
2.343216442064975126e+04
-6.498333662811726754e+03
5.656247219181561377e+03
-8.320215708378451382e+03
2.110482458112020595e+03
5.223154562853918833e+03
-2.207356319761099803e+04
1.203689649045622673e+03
-6.847509333960315416e+03
-7.234296184404824999e+03
-1.181056675971279765e+04
1.995325964909199320e+04
-3.275571967839937315e+03
-5.662087818412733213e+03
8.150586776429137899e+03
1.148491910364073374e+04
-2.200996336924242414e+01
-5.976313233304374080e+03
2.761303886999579845e+03
-9.389615368275619403e+03
2.328308824559972345e+04
3.047117373170482824e+04
1.620555761764904219e+03
2.139614283938647350e+04
-6.942217981372765507e+02
-6.133479371834071571e+03
1.464321224249698753e+04
6.816993882387871963e+03
6.005892554879206727e+03
1.080209861059717878e+04
2.766246755139628294e+04
-1.371307134531628435e+04
-3.415873900804407185e+03
1.080193864306007981e+03
-7.114017025506200298e+03
1.087326237115795084e+04
2.803908115199514214e+04
6.614856093033235993e+03
-8.496188042605430155e+02
-4.888785326823091850e+02
-1.363896852352337919e+04
-1.408344561582366441e+04
2.120418876138651740e+03
-3.562142995208246430e+04
-3.000695574289901288e+03
-1.380542210248481570e+04
1.298351400350495169e+04
6.891168218467109000e+03
3.689855740672687261e+03
-2.192501420127447318e+02
-1.083724201978162091e+04
-4.938010965882657729e+03
-2.457420276762865251e+04
2.060193557114458599e+04
1.593243065150874463e+04
2.694780749176040990e+04
2.339299568099691533e+04
6.483465081667302911e+03
9.847956333148216800e+03
9.131285454487091556e+03
1.195061083296845209e+04
4.600261824832179627e+03
-3.464905099424020591e+03
-2.869653677061979761e+04
1.617374466017948544e+04
-4.436834426909915237e+03
5.896131568373456503e+03
2.663075590205782646e+03
-1.477449431921762880e+03
-2.186433410954339706e+04
5.786048595672910778e+03
3.537115836556344675e+03
-9.494473842987667922e+01
6.449283989153969742e+03
1.120020938488652791e+04
-1.223841469931847496e+04
-4.906619001988338823e+03
-2.382024618209549772e+03
-1.838257444379425579e+04
-3.654293162931467577e+03
1.296472759846914050e+04
-1.233490200362747601e+04
1.640685974849186823e+04
9.689979038161749486e+03
-9.324487794249535000e+03
1.456583818041807899e+04
4.617790955253617540e+03
1.653551212186252815e+04
-2.483296205761221790e+04
8.255315310963591401e+03
4.947467877415277144e+03
2.547841186451048998e+03
4.161347968151870191e+03
-2.513406544717838915e+04
-6.708028123971608693e+03
-2.403048193722966062e+03
7.940968868250749438e+03
-9.869229281306663779e+02
1.776556432785562947e+03
-6.099269144100530866e+03
-1.191373643296252703e+04
-1.427568510748491281e+04
-1.021241332896907079e+04
4.181989640030347800e+04
1.797102534113257661e+02
-2.379967161506244156e+04
-9.242769177817959644e+03
-1.453080622172702306e+03
3.003701287418091852e+03
-8.311608569987723968e+03
2.144081794896886277e+04
2.358523973307927736e+04
1.511713069906786404e+04
5.907282070606110210e+03
-2.567169565812178462e+03
1.040699402523941171e+04
-1.726920002320215644e+04
-9.648045338817582888e+03
4.460069677815922660e+03
-2.130427696127719628e+03
1.333408913687046697e+04
-4.837889003064691678e+03
5.807916348233699182e+02
9.617770125392987666e+02
-1.702087720119363803e+04
-9.541338283011429667e+03
1.569700527531373154e+04
6.040421816166210192e+03
1.801334984572489338e+04
-1.641789254178076226e+04
-2.880506643998973232e+04
2.922574942542701319e+04
3.719832246431148633e+03
-4.465328322271806428e+03
-5.817519161390749787e+02
-1.564443228744042244e+04
3.775303876101588685e+03
2.240447474464898733e+03
-5.788050418135470863e+03
2.716170043043996429e+03
9.004096820084485444e+03
-2.677447598076827126e+04
-1.008931020610539053e+04
1.441255335179575559e+04
-1.107386825090157072e+04
1.224828669583123701e+04
1.476419957570441511e+04
1.890308446692017969e+04
3.446376709607104567e+04
-5.886777840294147609e+03
2.466677599629685119e+03
1.503149037589932595e+04
1.162624226870902248e+03
4.387921937312368755e+03
2.265123980722760825e+04
1.922591793729756682e+04
-7.915703899534860284e+03
-6.545690402408965383e+03
-1.626610005826382076e+04
1.957251259016544282e+04
2.647504501873150002e+04
-1.604370104756463115e+04
-1.964467551681157056e+04
1.080606072064811269e+04
-9.519719637767526365e+03
-1.972821186003455296e+04
4.648842740069660977e+03
4.554068509362488840e+03
1.485736229950570123e+04
-1.678869398467187057e+04
5.866785700743567759e+03
-1.102977342023183519e+04
-1.183264268113549042e+04
-1.070432484761114392e+04
-3.305697618464747848e+03
1.835855114269380238e+03
-4.379564814204982213e+03
-7.837770242910284651e+03
1.522649445622956409e+04
1.686129084531558328e+04
1.464048649638814459e+04
-3.949843122907672296e+03
-3.390104687745365482e+03
4.244405690475915435e+03
9.295115992537510465e+03
5.076371217581724522e+03
-1.511762382962079937e+04
2.107497994111305525e+04
4.163635664422295122e+03
1.651832401287970788e+04
2.095898024809193521e+04
-1.473703076165158382e+04
7.381384699406562504e+03
-6.372256605436763493e+03
1.479994368792458590e+04
2.676884431638989099e+03
-3.817967421124707926e+03
-1.019417450944969460e+04
-4.780678808808412214e+03
2.027438718600859647e+04
-1.501413976984164583e+04
-2.528118111725964991e+04
-7.563304558440347137e+03
1.378782492442089642e+04
7.716790762384833215e+03
-3.245323163588461739e+03
-6.359485245920799571e+03
1.451993447382044906e+04
-9.825315934145643041e+03
1.895195356157696369e+04
1.225501284757066605e+04
-1.956737773767683393e+04
1.468888660642090508e+04
1.198606606312243275e+04
2.782465097900999899e+04
1.805938906754488926e+04
-1.382829506407258123e+04
-7.102633516789101122e+03
3.718073934203184763e+04
6.099629567869307721e+03
1.492389796987053160e+04
-2.013823616929348645e+04
1.687620217911103828e+04
-1.637084565551227206e+04
-6.778384869628464003e+03
-1.214662553112407841e+04
-2.201771915592152800e+04
-1.167527416124542469e+04
2.319040314725277858e+04
1.600968118815684466e+04
-2.344049829295137533e+04
-2.957606481704171486e+01
2.009412545697674204e+03
-1.582740025431879985e+03
-2.555067402700100956e+03
-7.054876118503632654e+01
-1.099788793641828124e+04
-1.993738105696162847e+03
4.700059583976588328e+03
8.615304263103613266e+03
1.108714292702045896e+04
