2.516660014638959547e+04
-3.319619854823534843e+04
2.217140423808822015e+04
1.630196267422628989e+04
1.656851416958493428e+04
-4.127321756406382519e+03
1.648140467737900690e+04
-2.321411060646717306e+04
-1.054336091145911087e+04
2.502544486403186602e+04
-8.616945143499349797e+03
-1.647056157213135975e+03
-1.109132121822733097e+04
-1.472972672707833408e+04
5.996701016109966531e+02
5.670819077371475942e+03
-1.012775689817724742e+04
-2.247697996793104539e+04
-2.303490983473280266e+03
1.066055184036996252e+04
-1.348316897352845444e+04
1.519943409117872216e+04
3.288217114964322718e+03
-9.437289125602095737e+03
-1.175259339482598443e+04
3.413202874620651983e+03
-2.720363668535331271e+03
-1.009942162873109010e+04
3.484461343334263347e+03
1.129896915020199231e+03
1.170470407740987139e+04
3.242195050210855698e+03
-2.615593384957412854e+04
-2.889765323988608361e+04
1.842050630802140586e+04
1.082451193080687517e+04
-2.313592052105736457e+03
1.925568630865466912e+04
-1.020870653093484361e+04
-1.277376437363450896e+04
4.990243021342344946e+03
9.145272645520253718e+03
3.022378539178144365e+03
-1.465447443924118306e+04
-2.675639670799509622e+04
-2.427943877056976271e+04
-1.121842073774740311e+04
-1.582423046815902671e+04
4.833172151309828223e+03
3.196077962445106095e+03
9.734930936456838026e+03
2.876415228256117553e+04
3.743569574183121858e+03
-1.696526979634303279e+04
1.492206816423683813e+04
-9.983598100783516202e+03
-1.743348309016886196e+04
-1.090166069130600590e+04
-5.859034075680248861e+03
1.487839247609592530e+04
-3.974397139214546314e+03
2.505654886848379192e+03
-5.984132494383884477e+03
9.792066704388334983e+03
3.120576731414200822e+03
2.604698483400492933e+03
8.926686723704448013e+03
1.946924950074985463e+04
-1.963589927764015010e+04
-4.561150801667603218e+02
-7.521242824017572275e+03
9.777532662926600096e+03
1.467072271932130025e+04
2.823696944974504731e+04
2.170954630365975754e+04
6.699421888387852960e+03
-2.298236673021247407e+04
-1.580117879340391767e+02
-6.370637178661516373e+03
-2.494720881996342996e+03
2.138830626517788187e+04
-4.196451856216289889e+04
-2.226890983243072333e+04
-2.103229642388856519e+04
-2.129609899098020833e+03
1.966692053549241973e+04
2.971049053176502639e+03
-2.028962921337052103e+04
1.713534649515454930e+03
-1.330857936574082669e+04
-8.840025587380586103e+02
-3.063233974118743845e+03
6.247181736034761343e+03
-7.187670633979490049e+03
-1.677305573043568802e+04
-1.557593289015113669e+03
1.206678526623320613e+04
-2.434783051535808227e+03
-7.400331577622452642e+03
-1.486253766790806594e+03
1.227785117947480285e+04
-9.721077388878491547e+03
-5.814686347291779384e+03
-7.256905532025989487e+03
2.867578083989535298e+04
1.334517994791710635e+03
5.708040720057162616e+03
-2.602654526308884215e+03
-1.130699504442409989e+03
1.091831521194566812e+04
-8.768825574376047371e+03
5.468088831829874835e+03
-1.109100373278371444e+04
-3.045908173306808749e+04
-3.812377400014410341e+03
-8.705007028981908661e+03
-3.496405223637266317e+04
-1.220796026842047468e+04
-1.603125143492238567e+04
-1.607207892309442286e+04
5.706460029154690346e+03
2.278810049866503959e+03
7.529099244379281117e+03
-3.730521262965709411e+03
-2.248609802638685505e+04
7.166225117185477757e+03
1.506042995785408039e+03
-1.687606839310884243e+04
1.717091262198186087e+04
-1.302412520355039123e+04
1.554462795050451132e+04
-2.341624740424498668e+04
-2.449947907485611154e+02
-2.091623902059104876e+04
-1.397631020393750987e+04
6.836397185456365150e+03
-9.235443730103659618e+03
-2.033382031590681072e+04
2.336113549245437025e+04
-2.960876914687340832e+04
1.677891448399934961e+04
-2.826507096790973719e+03
-8.341013634045961226e+03
-2.104506826509649272e+03
-1.821072233710272121e+04
-6.196797600159478861e+03
5.362860999147417715e+03
-4.015968170470272889e+04
2.287265441626568281e+04
2.543115967912315682e+03
-5.999498236005253602e+03
-3.009111500249796518e+04
-1.212978644338947197e+04
7.772211663816720829e+03
-1.983422308626965241e+04
1.510107396488473114e+03
-2.351022669549697821e+04
8.040221390029071699e+03
-9.510635025401732491e+03
3.175179325002785845e+04
-3.750059989766338276e+03
1.673994386428489815e+04
-1.041759647791981479e+04
-1.347698242837929502e+04
-2.820146167504298501e+04
-1.925334950004446000e+04
1.602052939008509748e+04
2.278037077835705713e+04
-1.840531817439265524e+03
-1.666942599619870452e+04
1.983506098551329842e+03
1.072505040881025161e+04
-6.395515664244269828e+03
-2.496020568134378664e+03
-1.096497335660549652e+04
-4.788801823456557941e+03
-6.365501149689386693e+03
-3.060462330206084152e+04
3.566221280346602725e+03
-4.969699599950116863e+03
4.552729748534160308e+02
3.534540273856987369e+03
-4.673950264648623488e+03
2.124285922013888194e+04
3.607478948302460594e+03
-1.812251592308771433e+04
-2.308858909397797106e+03
-5.528806520165278926e+03
8.201434673017622117e+03
-1.348877877135928247e+04
-2.876981343422483042e+04
-1.182999424170296152e+04
8.690049169494106536e+03
1.957040772145373194e+04
3.237734337674728158e+04
5.216854904372877172e+03
-7.809039050849894011e+03
5.818152690024658114e+03
-1.193569424247793722e+04
-9.971379071463659784e+03
-1.220969057819393129e+04
6.019749124457786820e+03
-4.128506950309272725e+03
-5.809361208647296735e+03
-5.028706468755537571e+03
-1.382153763371401692e+04
-9.536304065547999926e+03
-1.538491120446280001e+04
-4.443878674927879729e+03
-2.892057514448988059e+03
-1.703834084051078389e+04
-9.848460265996407543e+03
-1.536371405905213351e+03
7.770663499871468048e+03
3.404693355353176594e+04
-2.639177198958906956e+04
1.865541868175761192e+04
1.577646806857621050e+04
2.968168835625959400e+04
1.228660934093779179e+04
-2.299193977639188597e+04
-3.372108703735220479e+04
1.661099797775214392e+04
-7.507809431360380586e+03
-9.688448605778157798e+03
3.655485963396234638e+03
-2.784350295222536261e+03
1.413977287865093967e+04
6.241178737089207971e+03
-1.661572861739961445e+04
1.622802766591714681e+04
1.270466603608067999e+04
-7.497790371525096816e+03
1.235649327354084380e+04
2.588804303320334839e+03
1.127568083501887941e+03
5.573765660062900679e+03
1.073529421632442973e+04
1.720432842313880656e+03
3.841436305402893140e+03
1.016858101777830598e+04
-3.648418345293959192e+03
1.074445486089494443e+04
9.909661739883416885e+03
3.051582104199052083e+03
-1.937992898528953810e+04
-1.331722171309745318e+04
2.031037189561574996e+04
-2.257341072943344625e+04
-2.565797939278028934e+03
-1.873750707124022301e+04
-2.732481495712708784e+04
9.303893583487015349e+03
-1.320573298699818588e+04
3.768514115317636879e+03
-3.452475386537076702e+03
-6.073514792825500990e+03
-2.192057513253240359e+03
2.363935307750177890e+04
1.215521957790049237e+04
-1.608061752247232653e+04
9.201207594986042750e+03
1.700351476042803552e+04
3.452929190266144815e+03
-3.597641769582618963e+03
