-2.473490553782934876e+04
-5.019185531552057910e+03
1.123924385346152667e+04
2.857407479011004034e+04
1.435343520569873181e+04
8.851843626984751609e+03
2.141814143927020632e+04
-1.070913590827531516e+04
-4.071586319350863050e+03
1.385479595726286789e+04
-2.456229454114553300e+04
1.240342921633797778e+04
-8.599325893018871284e+03
-3.377440838821728448e+02
3.175409314696412366e+03
-1.584751053829496414e+04
-1.162554739442799109e+04
1.375794438320200061e+04
-1.298531626336366571e+03
1.185061897523948574e+03
-1.097646861137003725e+04
3.010162869010103805e+03
-1.223324246853967634e+04
-1.671832818366124775e+04
1.757010334282441909e+04
-7.394563384418516762e+03
6.398725472209545842e+03
-4.519404938331172161e+03
5.066672462644654843e+03
-3.288464650691116549e+04
-7.487895898643096189e+03
-1.208482836423826302e+04
-1.023715548635477535e+04
8.263140822349727387e+03
-5.000963828191216635e+03
1.036360293004590130e+04
2.969541607744063754e+02
-1.549410444121093133e+04
2.015011157809677752e+04
1.353299328977232835e+04
1.118792659033976997e+04
-2.046441761255335587e+04
-4.241747606507212367e+03
1.888090641826481442e+04
-2.916229267752309534e+04
-1.664032113886115258e+04
8.557155653238904051e+03
-3.432328831624435225e+03
-2.206668420631751724e+04
-1.157533491477569260e+04
6.151552250642282161e+03
3.949545800283818608e+03
-1.030605105998180443e+04
-1.753344865953717317e+03
-5.076485825513555739e+01
7.416395735180165502e+03
1.705051767844788264e+04
-4.050583023733458504e+03
-1.514548151387286907e+03
-6.763383810467093099e+03
-6.063492191769216333e+03
8.948881085521743444e+03
1.297120076435028386e+04
-2.854254551796412670e+03
-2.114486363785747017e+03
2.408975131267721372e+04
-9.773080966216315574e+03
-1.019518237865221454e+04
5.994088311889206580e+02
-1.737016867129946331e+04
6.514746931567400679e+03
-8.086414811189793909e+03
-1.784166980449022594e+04
-9.093398519265948607e+02
6.623117830832259642e+03
1.238946638143884593e+04
1.464755423465843523e+04
8.700610216079119709e+03
-2.402302474001720839e+04
1.380052167969573566e+04
1.179326135375308513e+04
-1.236536991793993184e+04
2.417276411717235169e+04
6.102585785529972782e+03
-5.377164161669428722e+03
1.601979536555734194e+04
1.058659924775850595e+04
-8.409458395586361803e+02
-2.499446471787631526e+04
1.671091469794443765e+04
-1.169997639298998547e+04
-1.502972498435221951e+03
-1.009246786922721367e+04
-4.234477419968618960e+03
-1.971710873858334526e+04
9.967869285173368553e+03
-5.494099748497332257e+03
1.027987932340888256e+04
-1.280592198986569747e+04
-4.276281482276030147e+03
-8.587165483464197678e+03
-5.866768224632340207e+03
-2.097005695443554578e+04
1.665354648580811772e+04
-2.180372440584885408e+04
-1.446856058224547087e+04
5.674258173091477147e+03
1.739832349037356471e+04
-1.360011048008443504e+04
9.916129529565179837e+03
-4.956480438732713083e+03
3.664405934471848923e+03
-3.138630156339967471e+03
-3.161703491423568266e+04
-1.401807914462860390e+04
9.804486392705892285e+03
-8.569919956552861549e+03
-7.142036011791188685e+03
-3.660305909394788159e+03
2.872608307338323812e+03
-8.438518484079812652e+02
1.883024029757885728e+03
3.339878845055383863e+04
-2.255038017296213002e+04
-1.758972262434596632e+04
-3.585765451908085311e+01
1.193008386323434570e+04
5.390573289295379254e+03
2.329642827379736991e+04
-8.684678891575158559e+03
-1.334798974294769687e+04
-1.432949975135167188e+04
4.978628444893917759e+01
-2.472056675767160868e+03
-6.284194638580445826e+03
-2.107492728278715367e+04
2.501460196046305282e+04
-1.695818172927579326e+03
4.446761310359682284e+03
1.681244827724196512e+04
-1.714051547067823776e+04
-6.963345989357043436e+03
1.796044419834043219e+04
-2.252825567453735493e+04
-1.965277410414555561e+04
2.841635324994433176e+04
-2.057024757891214449e+03
-6.231344418734154715e+03
1.111247388206224423e+04
3.106579320773351719e+04
-1.551367047238867235e+04
-6.871945780783263217e+03
-7.679693582286405217e+03
1.535196304375907312e+04
5.738315564960851589e+03
-1.077664013741265262e+04
1.414287756572513536e+04
1.081640019140019103e+04
-1.659090178468096201e+04
9.714335642718513554e+03
9.451816421524099496e+03
5.175811473879705773e+03
-1.473973706471428159e+04
1.707733655374871887e+04
2.886705405838057050e+04
2.703535667770379860e+03
-1.066212885719312362e+04
-1.658819950993941893e+04
-9.893145843559022978e+03
1.334766012308830113e+03
-3.377153311182257767e+03
-2.142247024962171054e+04
1.749543933652235864e+04
6.439170534296866208e+03
1.634534120363655575e+03
-8.801148933260667036e+03
-3.214893868464039770e+04
-1.709590014562965007e+04
-1.338964355052989504e+03
-1.285970729105527244e+04
-6.832576461147921691e+03
-1.419179256116172837e+03
5.769915166845674321e+03
2.275309426908481328e+04
-4.874691153168930668e+02
2.436175925798198932e+03
1.831373024740026449e+04
-1.482441135413515076e+04
-8.244442417413183648e+03
-1.198654622135863065e+03
-6.275739849412974763e+03
2.055020605821173831e+03
1.075038351766034793e+04
-4.117099802893416381e+03
-6.656879755820312312e+03
-1.062514123029735492e+04
-1.388377396775625311e+04
1.694010819609542523e+03
-6.680396826667826645e+03
-3.369346029101440308e+03
-1.604472646346674992e+04
7.124982170585704807e+03
-1.967555372805607840e+04
-5.206428305765360165e+03
5.053082092395235122e+03
-5.669797859748955489e+02
2.490171667695285214e+04
2.312330532864807901e+04
-2.044702164018430994e+04
2.021864320580917047e+04
-1.264099571820998972e+04
2.730894807788044272e+04
2.262830738816197936e+03
1.812936106082175684e+04
3.633315535241540783e+04
-2.976883894851831792e+04
-1.604492551583192108e+04
-5.305708672688335355e+03
1.301058371838892344e+04
-3.051729575358091097e+03
-1.172080961319176458e+04
-1.636759514333791049e+04
5.013490963785858185e+03
3.599685436698141984e+03
4.642750751349652091e+03
9.913548283247379004e+03
1.746763797472700753e+04
1.210789847188731801e+04
1.799326455144548845e+03
5.090945482596574948e+03
1.110181331191295794e+04
5.544335992353730944e+03
-2.463810634965235295e+04
-1.927507543132616047e+04
-6.196645496672805166e+03
1.178425515268508570e+04
8.220816060560970072e+03
5.690727488157722291e+03
-7.546408981134463829e+03
-7.123318992223622445e+03
-2.491832152320331807e+04
1.067376704948432780e+04
-5.375921245478331002e+03
1.830376726423401851e+04
-1.166323757832149386e+04
-2.864086125034962606e+03
-5.148454499349871185e+03
1.302305479432451648e+04
-5.076945622358350192e+03
6.358945735817434979e+03
-1.637272229657326534e+04
1.976747698271070840e+04
-5.051893192463881860e+03
-1.292221877969979141e+04
8.931555460250370743e+03
-1.500423260148245572e+04
-1.631483555640384566e+03
1.865739099045671537e+04
1.737695251730960808e+04
-2.114578986025342238e+04
-5.612697281375855709e+03
-1.170535550684203008e+04
-1.816939321828110678e+03
2.188728972743764098e+04
-4.713553285226379558e+03
