4.250258902757650503e+03
-4.662627676723917830e+03
-3.256808855718835730e+03
2.903809746036845354e+03
8.463061661503663345e+03
-8.319587978290570391e+03
6.617587296104577945e+03
9.523160936622471127e+03
-1.397219311511904198e+04
1.564766581728916935e+04
6.519085539273855829e+03
-9.722685060660798626e+03
-1.911052704093423699e+03
5.311043986797631078e+03
-9.774022470604157888e+02
-1.087942266907912745e+04
1.023727613425122399e+04
6.242097840558071766e+03
4.873288352111738277e+03
8.069402068878555838e+03
-1.614897298425092777e+04
-2.351126710491055928e+04
-2.718571402223479890e+04
-3.696331015798229600e+03
1.111552406861719828e+04
-5.277594831278216589e+03
1.632946046925657356e+04
8.544656339449435336e+02
-2.079353539262306003e+04
6.649584536687338186e+03
-5.066015890111188128e+03
5.841590159193926411e+03
-2.188088094228058253e+03
1.893852679351204642e+04
9.799722791492923761e+02
1.530552481929393616e+04
-1.010258101574606917e+04
1.327675157714807574e+04
1.375060938722379069e+04
-8.408745246961712837e+03
-5.906648288819559639e+03
-1.989298820186530065e+04
-2.703568472540993025e+04
1.941579367260795698e+04
8.806604345799134535e+03
2.653733302853302303e+04
-3.338203275342802954e+04
1.288724201550157522e+04
3.427793928179118666e+03
5.381331442792868074e+03
1.042141464947130044e+04
1.348364026281687802e+04
1.995001542513768800e+04
9.106225627013909616e+02
2.463102555319319799e+04
4.845554898401323953e+03
-1.967951772410466947e+04
-8.371142926790484125e+03
-2.221866596973551111e+02
-2.446203794209812258e+04
1.110986989393433214e+04
-1.888184311868410077e+04
1.534652206663790594e+03
-7.744197615650949047e+03
-9.721174271763826255e+03
1.930259780090451750e+04
-2.177415641774854157e+04
-1.100024117494988786e+04
1.044505762229065567e+03
2.961138943394830676e+03
-3.690443679346512909e+03
1.986087457899037645e+03
9.331546439596933851e+03
-1.600939360442861243e+03
-1.540784080800781703e+04
-9.051519729279063540e+03
-3.262252044799544365e+03
4.935091847702435189e+03
2.324110720959119135e+04
1.090591238553359472e+04
-1.003525181529170004e+04
-1.473599470983879655e+04
5.479412552841276920e+03
-1.402911700701856716e+04
-1.943002691362249243e+04
2.009059354318048645e+04
9.498224610570949153e+03
1.365729865009856076e+04
1.540176698582209065e+04
2.183968172070574292e+04
-2.308851791975102969e+04
1.889337150138500647e+03
-1.462149206327683487e+03
1.701325184546252058e+04
-1.613268712563747840e+03
-1.808912900726289809e+04
-1.695519029260651587e+04
9.012881682722065307e+03
1.393700012340702051e+04
6.253776730281535492e+03
-1.554402000743588724e+04
2.314397953069067808e+04
-1.836987391108117890e+03
-2.660651222149701880e+03
-1.801198781785654501e+04
1.254667747636025706e+04
-1.221755654951579163e+04
1.105389841550345409e+03
7.567119299374888897e+02
-1.090841504936390083e+04
1.015144231802707509e+04
-3.242286705681112835e+03
-6.850155666396392917e+03
-1.213286343574631610e+04
-2.604529848556477646e+03
2.713698680605364189e+03
-1.183188148284611998e+03
1.172950302566635037e+04
-6.704694330502523371e+03
-1.202629474705794200e+04
-1.055548412338852540e+04
1.977320424087707579e+04
2.454814400634285266e+04
-2.803230530441361680e+03
1.813675140425895006e+04
-8.296885596237663776e+03
-6.009474205418464408e+03
-1.369046643053269008e+03
-1.215355657374118891e+04
-3.589872074334635727e+03
-1.535524465577478986e+04
-1.139340647171005003e+04
2.711946544702375832e+03
1.102836494406185557e+04
-1.819331402688539674e+04
-8.059607252884711670e+03
9.747177465877606664e+03
5.424771721935513597e+03
1.548080314930638997e+04
-5.601877306931903149e+03
2.280688790297586456e+04
2.299051460839940773e+04
-2.238757836070142366e+04
-1.123262832415463163e+04
-2.081546016006416903e+04
1.352479977708317710e+04
-2.411555907811487941e+03
1.152050651929740525e+04
1.451269845789527244e+04
2.782005495969413096e+04
-5.311172942161106221e+03
-4.129217911432009714e+03
1.606224114275825923e+04
2.876935552956628726e+03
-1.881958945108333501e+04
1.451295490117876625e+03
4.079289171832996362e+04
2.066786378931191939e+04
-8.101170272527636371e+03
3.192848208666605842e+03
4.605414970992875169e+03
-1.860154146407375083e+04
4.646795374118548239e+02
7.497833060818716149e+03
-7.295013992945045175e+03
-2.810748870606096534e+04
-2.973485206876337998e+03
5.494313234819498575e+03
2.992561741451225771e+03
1.410203886524447080e+04
-6.581531788007532668e+03
-3.462926738651053256e+03
-1.527227859718116815e+04
-5.916711534530833887e+03
-9.922926992369795698e+03
-3.956517899718762055e+04
1.309856100059803794e+03
1.360561123211661288e+04
-4.065132261322463364e+03
-1.409108367221601657e+04
-2.073130258209555177e+04
2.596514972633695652e+04
2.851977575439846623e+04
3.423414897832916722e+03
1.631700262356416715e+04
1.814035506210031599e+04
1.747659763734000308e+03
1.926418385050418510e+04
-5.738778848871158971e+02
1.426496788544956871e+03
-2.366320717908695315e+03
2.602998395586976039e+04
-1.386271354491638522e+04
-4.779359726459845660e+03
1.199732693755168293e+04
1.704854442784659113e+04
2.731008744767294047e+03
1.915264102106347127e+04
1.406974296443556887e+04
-1.023930553260256056e+04
5.761226363477931045e+03
-2.582735593837065971e+04
7.984525330645590657e+03
8.536494056657511464e+03
-4.178186371999942821e+03
5.355806341753845118e+03
3.473037435771305900e+04
-5.750340637417313701e+03
3.211289428888568409e+02
9.143825043353672299e+03
-3.523308200620060961e+04
2.358196533045161050e+04
-2.580628392691006593e+04
4.609044726202666311e+02
2.181442146490775031e+03
-1.011858751844300969e+04
1.065674814641695411e+04
1.389800145364977652e+03
-1.900914034140219883e+04
-8.251661498162920907e+03
5.341750259030982306e+03
1.318691234679465015e+04
-4.018153843485788093e+04
1.453746238125748823e+04
-9.162984850278893646e+03
-8.175795548026801953e+03
7.814438813717708399e+03
8.142495043659492694e+03
2.835715305955152144e+04
8.341014237484234400e+03
-1.312694067038554385e+04
1.400893920440545116e+04
-2.566667640079478588e+04
-1.026919711087370388e+03
1.918800447012431323e+04
4.669057162332874213e+02
6.147740963663176217e+02
6.603748415096752069e+03
8.256398174515530627e+03
-2.323382232345487864e+03
-1.107726119087378720e+03
1.223927935210963551e+04
2.324398232357398956e+04
5.146759627401185753e+03
7.028656703513970569e+03
8.964161909110172928e+03
3.348561447716825933e+04
5.514075163075065575e+03
5.714855896627866969e+03
-1.059990701087616799e+04
-4.590442428819981433e+04
-4.135761876539891091e+03
-2.571348795053661433e+03
1.810264318068529610e+04
1.799884689526961301e+04
-9.271223986060189418e+03
7.121081208572015385e+03
-1.362521334515406306e+04
-1.775479972989515591e+04
3.610492455297523975e+03
1.529591955576662622e+04
7.479837166798145518e+03
1.871494014176928613e+04
3.945467685548591544e+04
-6.779387105990276723e+03
