5.615305787249355490e+03
-4.119350405309119196e+02
-8.629526594473009027e+03
-6.327934778725030810e+03
-6.669280838313599816e+03
-6.739378741726786757e+03
2.394534153427349156e+04
-2.661107377681335129e+04
-3.742934214762164629e+03
-2.193282911319604682e+04
-5.805555667281413434e+02
-1.368086565453888397e+04
9.933541680646336545e+02
2.259394941324343017e+04
5.830239671269204337e+03
1.313414968874194346e+04
-3.242349885704884400e+03
4.822803217986001982e+03
-4.388735589546026858e+03
4.016878580123125175e+03
-1.553399681467379423e+03
1.460067485273813872e+04
2.434381334175757729e+04
-1.762614957206877079e+04
-8.086571574354759832e+03
3.552256876465434289e+03
-2.558992663711514251e+04
1.270475459009075712e+04
-1.181110107286756829e+03
-4.798101495033844549e+04
-3.596304596116088305e+03
-6.021425307785611949e+03
-2.100108217512706688e+03
2.231292920616855918e+04
9.079655333356245137e+02
-7.127112111856422416e+03
-8.582289710762157483e+03
7.391196859984025650e+03
-1.228992159350654401e+04
-1.223448342394350220e+04
1.495185129627936840e+04
-3.684165326761440610e+03
-3.204314953019778841e+04
-4.351961952405858028e+03
2.003933207562881535e+03
1.696153248910249431e+03
6.080556647535545380e+03
5.063521341429128370e+03
9.603754334418993039e+02
8.032476837976448223e+03
1.056792827437380947e+04
-3.094551824078552454e+04
1.441887396535745938e+04
-9.427381955578386624e+03
-1.271412598422516749e+04
2.644264101682365890e+03
1.047738879555753738e+04
1.245431180250789293e+04
1.165383305029393341e+04
-1.182820254104531341e+04
-2.047011693178491259e+04
2.427296365608107590e+04
-4.055479811558395340e+03
-1.718266435583452403e+04
5.307582920381112672e+03
-3.194421482165363159e+03
1.494983679363533156e+03
1.543035836442153050e+04
7.940250564653354559e+03
-1.042397460827470786e+04
-1.079389526465131166e+04
6.186612583034805539e+03
-3.402303717488783877e+04
1.364750473934862930e+04
1.245161724889123798e+04
9.642024927767122790e+03
-3.344076651624739316e+04
-1.368607268823802042e+04
1.001241988775103891e+04
8.223796158159188053e+03
5.183261508645477079e+03
-1.210919949597515551e+04
1.006358654414490411e+04
-9.951785118296527799e+03
1.223521040483420438e+04
4.255756207902722963e+03
-4.230856686742545776e+02
7.770124218743391111e+02
3.237120608632317726e+03
-6.622774407831518602e+02
-6.448977858109434237e+03
-8.189715524119473230e+03
1.632530284343348103e+04
-7.318184550945205046e+03
6.534288931386539844e+03
1.171428929718433210e+04
-8.385652454859427962e+03
-1.281902019068924710e+04
1.092610210148302940e+04
-2.475463376890917857e+02
-2.779551904115064826e+04
1.442354914166613707e+04
9.919382362630933130e+03
-4.972412568811193523e+03
1.412059038250940830e+04
-1.866537755530528375e+04
1.616692333516321378e+04
3.101438419574956242e+02
2.005362336929776575e+04
-1.690707472409712500e+04
-7.977626514412599136e+03
1.558300286347870679e+04
-2.018285507667220315e+02
2.416812301811176803e+04
2.892483031029672202e+04
1.304805035462528213e+04
-2.540388410453005417e+04
-8.423450841121588383e+03
4.683233901245967900e+03
-2.187848110842222377e+04
-2.468315891881755306e+04
-2.227434656141150481e+04
-2.023080642195929249e+04
2.285145039304954116e+04
-1.633664904983086217e+03
4.963413730176904210e+03
1.831699196262688565e+04
3.967427913080709004e+03
-3.942739112809504604e+03
-8.248394549273270968e+03
-1.569032912636949368e+04
1.501749569655808773e+04
7.888783831527671282e+03
6.962981678952304719e+03
5.014792088935863831e+03
-1.926827269140517046e+03
-1.094789597902183596e+04
1.048039807095229298e+04
1.264799540422511382e+04
1.405101188630761862e+04
1.372193061247819787e+04
-1.271090083705447432e+04
-1.882042983277565145e+04
1.318871256012487720e+04
1.824776988079106741e+04
-2.727278779203059457e+04
7.535755009524790694e+03
-8.583306389387687886e+03
-2.880391412020569078e+03
2.273695249713854537e+03
7.168364577996664593e+03
1.980003876966771350e+04
-1.888352781791696907e+04
-1.017695184348066391e+03
-4.156910942909467849e+03
9.759872939369866799e+03
-8.089862857167225229e+03
2.168610725773789454e+04
-9.753893721920145254e+03
-1.108103926213580735e+03
1.080007942055959393e+04
-1.347321562789989366e+04
9.451187371462920055e+03
-1.583414357857027608e+04
2.435729491529889128e+04
1.343745242886442247e+04
-1.325491295708619691e+04
2.118720905483252136e+04
1.880974433142654016e+04
1.062450351833362583e+04
-3.965527954023903021e+03
1.487000587223922048e+04
7.238680891975097438e+03
-1.025065551485248761e+04
4.151134540516827656e+03
6.091869565332447564e+03
-1.447539665204624725e+04
1.858562664285512801e+04
-5.903851023467309460e+03
-9.272810976827318882e+03
4.585279068602433654e+03
-8.509044266257295021e+03
6.306871464791957806e+03
1.234009565352117761e+03
-1.242174936349361815e+04
-6.116012879244024589e+03
1.090794277165209678e+04
-5.258937329592676178e+03
-2.066472540390713766e+04
-6.396182658612275191e+03
1.725358115915247254e+04
-1.525926466994734437e+04
-1.463058857648344565e+04
2.123631282436931997e+03
-1.006972745914130792e+04
6.799404094679879563e+03
1.065678780091837325e+04
2.210251049328370755e+03
-1.202904809397300414e+04
-5.817381926726753591e+03
-9.430070931677162662e+03
-1.878882168979587004e+04
-3.263003218378508336e+03
4.629379740080708871e+03
8.804040555879764725e+03
1.976846958022659965e+04
-1.553607138143521661e+04
2.572275598776518382e+04
-1.223572604519589368e+04
1.753216396603910107e+04
-6.413483920887842942e+03
-2.237865421893968687e+03
3.236633959362416863e+04
4.075825297610884445e+04
7.352438153603263345e+03
-1.857637110406649299e+04
1.261815539979591449e+03
3.879089579546150344e+04
2.819614932136403149e+04
-1.244598863721576890e+03
1.230759261255297815e+03
2.879017215918016154e+04
-2.145772994913678849e+04
-1.958962492891587317e+04
1.159683132197650593e+04
4.588809727674844908e+03
7.084464991711715811e+03
-1.896253701977308083e+04
-2.695207334732602976e+04
-1.559420082454909607e+04
-2.146605382044520229e+04
2.296480969624672798e+04
-1.003027873186012766e+04
7.370214749453876721e+03
-1.559431296284284144e+04
-8.189400081144518481e+03
-7.340874392606243418e+03
1.663476289879651813e+04
1.121010918412301908e+04
2.546510673650635727e+04
-4.617595518849841028e+04
-7.265829112608386822e+03
1.732288706141401053e+04
1.167567632828544083e+04
2.803643698259161738e+03
4.387610358623862339e+03
-1.499393112212835604e+03
-1.838832052514139650e+04
-1.083536217971563747e+04
-4.549573744621625337e+03
-6.590914922387031766e+03
-1.286970482129089396e+04
1.114952134291093535e+04
2.860180864733428280e+03
-5.877893763089301501e+03
-4.299535503662436531e+04
4.198198736396562890e+04
-1.176293143155926737e+04
-6.962443304003138110e+03
2.184030750324560358e+04
-1.237086598667230464e+04
1.480926895651430459e+04
-1.008092917183045938e+04
-6.591613833678929950e+03
9.957862019099082318e+03
