-2.697874488908120838e+04
2.719481819002019256e+04
-1.745660256856709384e+04
-2.829386977860948173e+04
5.956500591051109041e+03
-4.408235068913591022e+03
1.209693469805126188e+04
1.829422495036158216e+04
5.573425103521380152e+03
-6.249348891499109868e+02
-8.576848613955869496e+02
-1.983683861673600859e+03
-1.874081354889931754e+04
8.990757005266563283e+03
-1.160116964186748555e+04
-1.200186179681760734e+01
4.665308386564792272e+03
3.621713261195732048e+04
-4.835795170199740824e+03
1.568311759089373481e+04
-1.421574016654747174e+04
1.455983695647005334e+04
2.269565766241656820e+04
6.068886994772936305e+03
-1.201666653866110209e+03
-2.660168812368476665e+03
-1.191270339417072682e+04
4.382990543715039166e+03
-2.729765371580277497e+04
1.169333401212673380e+04
-5.748959629539726848e+03
1.058812927025785575e+04
3.778996878753199553e+02
-9.706960302072518971e+03
-1.558962003944320895e+04
-1.565149142050592309e+04
-1.845132732176974605e+04
2.162466374187394831e+04
-4.819399433664578964e+02
-1.692350910794461743e+04
-3.699089144655638961e+02
-8.446912826823967407e+03
1.158539589632759998e+03
3.620856906431210973e+03
-1.478309275494589565e+04
1.206539551578094142e+04
2.331016675835157730e+04
1.360206252631766438e+04
1.269735273408563444e+04
-1.471867457697001919e+04
2.987754303107028318e+04
-2.236342723740181827e+04
1.151772947016392209e+04
-7.668565523059008228e+03
-2.089013331153342006e+04
-2.945103063108641891e+03
-1.036477000467855032e+04
-5.991664041020854711e+03
1.711832359011656081e+04
4.103573812487276484e+01
3.923027740049423301e+04
-9.885675772328748280e+03
-4.084606318019984883e+03
1.057765639421445030e+03
1.044964341487522142e+04
-1.814390859758533679e+03
1.251786129822180555e+03
-3.485577776534180430e+03
7.281113534586719652e+03
5.009019825434615086e+03
-1.491774869054369992e+04
-1.081687561021845249e+04
-1.902840615433585481e+04
-1.950971339718510762e+03
-2.974703029282959324e+04
1.856766172168953290e+03
1.010163925168797141e+04
1.545014779113986515e+04
-1.300999138550187126e+04
-2.237920542589294928e+04
-2.195050493645514143e+04
-5.432104857378810266e+03
-1.984819371068348119e+04
2.319974151279638590e+03
1.606638183839803060e+04
3.409370985054401535e+04
1.849598472391744508e+04
2.180470865115790730e+04
-9.377847090886556543e+03
-1.722356063362698114e+04
-2.422601114401117957e+04
8.082554465773172524e+03
1.485426310164729330e+04
9.195270917111398376e+03
1.027795117784014110e+04
2.109200715099607260e+04
-1.628379232987820160e+03
2.961683718565888194e+04
-2.890144070850456046e+04
3.393840878456170230e+03
2.003419744578157770e+04
3.943748587158551800e+03
5.257243626266495085e+03
-7.037847536490527318e+02
4.862035872602166819e+03
-1.051266278714799591e+04
-1.467456770950566715e+04
-2.333445969172061086e+04
-1.945907330126686429e+04
-1.617009777196542746e+04
1.873245299973748479e+04
-1.460346928822964946e+04
2.474083607111224410e+04
-1.768146452001591024e+04
-4.326639373831408739e+04
1.678965107768799498e+04
-4.944739161347578715e+02
4.584851135083388726e+03
-3.685775153662511730e+04
1.193325057537619978e+04
-3.243024967560677396e+04
1.772015112041175234e+04
-9.462479788674869269e+03
3.870571475142289273e+03
-1.046030752453965761e+04
-9.111251549901415274e+03
1.886853636746537450e+04
-3.336113227614457719e+04
-1.295379210754104497e+04
-2.789600834406990180e+04
-2.992801829325516883e+04
-6.648560396664335713e+03
-1.604685244523651818e+04
-1.813120290246979130e+04
-9.349976850470035060e+03
-1.458428198725519542e+04
-5.505514817609655438e+03
1.265985141058231966e+04
9.219170671069085756e+02
1.021222890615087454e+04
1.310208342974706829e+04
3.568341921539752093e+03
4.702895349565177639e+03
2.842015982915808854e+04
-1.100237430333629345e+04
-1.225743321340840521e+04
-8.599961632472466590e+03
-5.125296480612710184e+03
2.237999890465291628e+03
-2.250904280488643678e+02
2.098629795496561928e+04
2.523203430770489649e+04
2.172363871986017693e+04
3.679652948149194708e+04
-1.179244858349902415e+03
-1.247859802484736065e+04
-4.907871561934778583e+03
2.252369452541910050e+03
7.489861956134528555e+03
2.606955143683133429e+04
5.562731674566758556e+03
7.913601204903880898e+03
6.666154402549697807e+03
-2.598130396503705924e+03
-4.142645674065630010e+04
1.359264919402400301e+04
1.221869861010800923e+04
2.808434075735252918e+04
-7.207695212940211604e+02
-4.960782178777734771e+03
-1.208042381775466129e+04
-1.422068027609906676e+04
1.545894664878725416e+04
-4.222583551031054412e+03
2.398670446284739592e+04
1.404137689844312445e+04
-3.952604025224172346e+03
-1.730669445716282644e+04
-4.259254704868407316e+03
-3.530906843253609259e+04
1.077563441964524463e+04
-2.002204393182658896e+04
1.884979307566462739e+04
2.867800010528638813e+04
-1.681304018924177217e+04
1.528359526172689220e+04
-8.770418907936249525e+03
9.800040015795331783e+03
-8.493948485601207722e+03
-7.992115996990250096e+03
-2.816146833876245637e+03
6.921984130578616714e+02
-4.457714589693456219e+04
-1.127233698424300383e+04
1.105400196474890799e+04
8.241977848810431169e+03
-4.324262352706789534e+04
1.066872800289392580e+04
4.116882216635045552e+03
7.509382478398731109e+03
-4.239054991887220467e+02
-1.630573862341308450e+04
6.427004488600725381e+03
1.488860375747065063e+03
2.249264705194429916e+04
-1.659342513843705819e+04
-2.840145303033368236e+03
-1.975815548661278444e+04
7.226297482185631452e+03
6.339781512066851064e+03
-2.541440433718269924e+04
1.303933936400344282e+04
1.277724801956340707e+04
2.976037084244117796e+04
2.832849557150409964e+04
-1.830057952884924089e+04
2.245432705102188265e+04
2.584940768600727461e+04
3.190196133768672735e+04
1.157983579035986440e+04
5.119515780428695507e+03
-3.258579417337347877e+03
3.042115490741829490e+04
2.604393324814664084e+04
1.346219425474613490e+04
2.504023149717108026e+03
4.215144726795350834e+03
3.130843431992580372e+04
2.452874429829305518e+04
-1.057689173139784907e+04
-3.703243008888320219e+03
-7.164826252600789303e+03
-2.599733747106595911e+04
8.083588139207673521e+03
2.776536141113314807e+04
-4.721845002937874233e+04
1.379178683235078825e+04
-2.761642930648681431e+04
8.986752986492168930e+03
-3.351640355872004420e+03
-1.804988483059989449e+04
-2.506614022688885234e+04
-1.504750103912823033e+04
4.316446455826721831e+02
1.034686955957564169e+04
6.457251098486214687e+03
3.598229937848622649e+04
-3.127046195296352835e+03
3.338770516297128779e+04
2.425634436274372638e+04
-2.060478311941515130e+04
1.116615637610908379e+04
4.089826740020044235e+04
3.291446269487157110e+02
3.651333211460529856e+04
-3.659090610133639530e+03
-7.072485647703546420e+03
2.403977176316543046e+04
-1.105466456056949573e+04
1.174642442005935118e+04
3.467474242603431776e+03
1.074302658143701774e+04
-1.784705833061412704e+04
2.481113736974258063e+04
-1.051039888945857228e+03
