6.348776786088144945e+03
4.427444121536306739e+03
2.422530471421761104e+04
-3.055048491165584892e+03
5.012782059216549897e+03
5.236190368695346251e+02
2.567842205836561698e+04
1.917844767777393645e+04
5.098874376499554273e+03
-2.317545920412732448e+04
-1.545568825633604501e+04
-2.169840172365330727e+04
-1.105703349638771942e+04
5.411162876920251620e+03
-2.793577986038620293e+04
-2.931424317512669950e+04
3.471853457974968478e+04
8.368989071114980106e+03
5.641519545371537561e+02
-5.061637794682824278e+03
-5.893910652566643876e+03
-1.107869647775759950e+04
2.063935430510671722e+04
-1.631823932482082682e+03
-1.401103912183260263e+03
2.913466994176729258e+03
1.002358765064681756e+04
1.888915457751442591e+04
1.321074565966435330e+04
1.044232695829278964e+04
-4.362428316832075325e+03
1.781176602796249063e+04
-1.646251260766330688e+03
-2.241922155089033549e+04
1.715726125904412766e+04
-2.465947726867608799e+04
-2.500975371267101764e+03
9.991334173647230273e+03
2.875739551163086799e+04
1.564258554921463656e+04
9.504171216002612709e+03
2.426737454319451354e+04
8.565064291906101062e+02
-3.898349515088814951e+04
7.428885899479812906e+03
-9.977073696485284017e+03
-2.437381635566168552e+04
-3.597794562448949000e+04
2.102501332716618344e+04
1.812699953630064192e+04
-1.622205088354581312e+04
-6.452497537734099069e+02
-3.926186849383714161e+03
-1.798336547725032506e+04
-2.957328160655402826e+04
2.217634731445705256e+04
-1.399008313797705114e+03
2.260122537938329333e+04
5.591301991823414028e+03
1.423522766963691902e+04
9.200844334872655963e+03
-9.900672351760254969e+03
-2.086338971960871277e+04
-1.295616139388549891e+04
-6.009746449069795744e+03
2.977070205998529218e+03
-3.706568750250401354e+04
-1.037283414587006882e+04
-1.109837955320484798e+04
-8.673319323529409303e+03
-6.098845235671975388e+03
-3.313501049495739608e+03
-8.829560963097957938e+03
1.114806524762326916e+02
-1.328104823017132185e+04
2.307390412040591698e+00
3.548681811676815414e+04
1.635565532782483751e+04
-4.069337046675099145e+02
-4.063440171880197340e+02
2.561929295509600706e+03
-2.234663243237803181e+04
-3.758446911644089414e+04
-2.329211070653748266e+03
4.382365847227350969e+03
5.649773562646135360e+03
1.585271997985699272e+04
-4.797521538638781749e+03
4.115511653825668873e+03
4.015337945616566685e+03
-9.124148942832993271e+03
1.905392363070556894e+04
-1.081510903026749929e+03
4.393781154180999238e+02
-2.997324932528853606e+04
-2.079749231041136591e+04
-2.130677113781577646e+04
3.004660006531686122e+03
1.201203089301195178e+04
1.203458654224718339e+04
4.194506836708254559e+04
-6.306457899984186952e+03
1.133901203817568103e+03
6.003030021022978872e+03
3.557384690989972569e+03
-2.653221488575526018e+04
3.384279139491452952e+03
-1.444311050514267481e+04
-1.614142156312195584e+04
8.227468002566407449e+03
-8.447920684934069868e+03
1.184667142688630702e+04
2.125935842611356929e+04
1.172374426272476194e+04
2.762645724080665332e+03
-9.125912042931797259e+03
-1.117195310927350874e+04
1.822483083780747620e+04
6.791336818560140273e+03
4.194956055157820629e+03
1.448989217892724810e+03
1.021452952150180681e+04
2.600828259368324325e+03
-2.763759076890878714e+04
-3.051339557592749770e+03
-1.531470956994211883e+04
-1.464536060957281916e+04
4.239345737497039408e+03
3.084266983225280910e+03
9.167286096624322454e+03
-1.152656872811250469e+04
-8.813157988074659443e+03
-1.206129208197250045e+04
-7.966230814400000781e+03
-1.667812379624389359e+04
-5.504158889395035658e+03
-8.633473840447845760e+02
-4.658057400458736083e+03
1.822060689860800267e+03
-1.334463485519350343e+03
1.225598023891806042e+04
1.061928621250913420e+04
-3.904431393337040390e+03
6.363443964481223247e+02
1.340472922323828243e+04
2.408778697826038479e+04
2.230192344106575547e+04
1.406428305528663259e+04
-1.162330942485790183e+04
7.833472527820951655e+03
-8.110815562408424739e+03
2.218429889543276659e+04
2.643321082131597905e+03
-2.648407623844545742e+04
-1.014713393822200305e+04
-1.573754127131147106e+04
2.370678238545025670e+04
-4.034477687331238121e+04
4.816983364668088143e+03
2.457819455299656693e+04
1.507299544707467612e+04
-2.389672686037440508e+04
-7.778345721906097424e+03
2.869140754526024466e+03
-2.031771724558848291e+04
-1.759193590333383327e+04
-1.700318948313347573e+04
3.616876537783904496e+03
8.649337888956910319e+03
-1.584321413455346737e+04
-8.392226187477343046e+03
6.282679851686503753e+03
2.155107563809948988e+04
-2.210554030401568161e+04
4.336777103735010314e+04
-1.627913401650321794e+04
-1.753554404785965016e+04
3.561147923451838324e+03
-1.969153228196633791e+04
3.910948289799306622e+03
1.291908830075381957e+04
-1.149189620203287632e+04
2.653529618968889281e+03
1.303597885805125588e+04
2.004764021676140328e+04
-8.131915580163564300e+03
-1.933266041643414155e+03
-5.446795080890611644e+03
3.055255163820451799e+03
2.077693110897357110e+04
2.239167440471307782e+04
1.454392607380459413e+04
1.481082413552917933e+04
1.656130717219603184e+03
-8.020227519178175498e+03
-1.138067467385031705e+03
-4.805725227092694695e+03
-5.195645308416096668e+03
5.243510453675621648e+03
-1.318195590090826954e+04
1.133862277920224005e+04
2.693008953933730481e+03
3.072646372041588165e+03
2.159898885465701460e+04
-4.841750398964524720e+03
-9.963735925457658595e+03
-3.214636536039891507e+04
1.009983542008462064e+04
-1.928429587754098611e+04
-2.452308287452326476e+04
-2.858461479187609802e+04
-3.401824157632940478e+04
-8.638403873340936116e+03
1.960655945388459077e+04
1.768838135521940421e+04
-2.306338926794700819e+04
4.302305031533987858e+03
1.036930028625820160e+04
7.961006722282302690e+03
2.070363373847052935e+04
-9.991660258607509604e+03
-1.495806164472598539e+04
1.857871617353104375e+04
3.343235606923792602e+03
4.056248638572169057e+03
-8.727710179997395244e+03
1.470041723426530552e+04
5.057319776770739736e+03
1.116196137533996443e+04
-3.391484631624046597e+04
-1.150433920293422852e+04
-8.533829126303588055e+03
-2.239929033454321689e+04
8.829304447481965326e+03
3.934370956927286170e+04
5.399046598464379713e+03
1.846052703592126636e+04
1.675265466000247034e+04
4.648664186644020810e+04
-2.237171040277109569e+03
5.076967046338951150e+03
6.749626269767478334e+03
2.766109558281071259e+03
5.505717338114013728e+03
6.049249715078906775e+03
-2.031433238571411857e+04
-2.603082878711565718e+04
4.904212222709757953e+03
-1.434960063567442012e+04
-2.540390622637571141e+04
-2.388591199631637210e+04
2.574092201129102250e+04
1.919605593572689759e+04
3.024898652391652377e+03
1.734127815243791702e+04
1.523769135776588519e+04
6.069342588776392404e+03
-7.229432326692005518e+03
1.037512352833189289e+04
3.361527977181709957e+03
-7.899922092398404857e+03
-1.306157197343789812e+04
-1.327067584371061457e+04
-5.458306760726449284e+03
2.059798853535165836e+04
