1.515365901894238777e+04
-6.474803298158940379e+02
-1.689357092341946554e+04
-9.799166257020802732e+03
1.802154055302044071e+03
-1.318100958112657099e+04
-1.591771652551084298e+04
-1.411496193162900454e+04
-4.545307987848938751e+02
3.049413903440115246e+04
-4.186612801336943448e+03
-3.340505766567417140e+03
8.785747430103261649e+03
2.685207278401848089e+04
-1.199192592531257469e+04
-1.287849239886426949e+04
1.398111781531067027e+04
6.183357693890616247e+03
-3.920126553736118694e+03
1.467909947447737977e+04
-1.111871631186580453e+04
-1.946884708327973931e+04
2.339888451500276278e+04
2.239259670453380750e+04
-1.504724172505511160e+04
2.162538408874596371e+03
-1.164447506800874362e+04
1.124104007426212411e+04
1.664540386440303701e+04
3.511023635360584740e+04
-2.621984084036387685e+03
1.068534799385812221e+04
-9.268158756210064894e+03
-3.598708593930588904e+03
1.324209061171061694e+04
7.973542091315336620e+03
1.361067778311458824e+04
-1.600328488480135820e+04
1.813760729949802680e+03
-6.478272801346774941e+03
1.297840566048158507e+04
-1.503121432246959921e+04
2.017648941647304673e+04
-4.406486251127723335e+03
-5.175181026420583294e+03
1.352548440027932338e+04
1.024978669003746472e+04
-1.571931701233472813e+04
2.723746877532972576e+04
-3.926942661090254660e+03
-1.264823350138932619e+04
-3.585257658214367984e+04
-7.747711773717930555e+03
1.781286651600437381e+03
-1.384151866044639428e+04
2.219799086106096638e+03
1.373822099476795302e+04
-5.705928550411070319e+03
7.728861273032672216e+03
3.247764978718620569e+03
-2.200535455307481243e+03
-2.641920894222268544e+04
-8.530231097544763543e+03
-1.438367495023507445e+03
1.079504181379034526e+04
-4.591803670685395446e+03
-2.708542963391985904e+04
5.903436839940672144e+03
-1.817369928688235814e+04
6.312948845418519568e+02
1.558783924680933706e+04
2.952265407599834725e+04
6.206752743809066487e+03
1.896743913332898046e+03
-1.491121935608792046e+04
2.404967183408754499e+04
-3.970827045635791728e+04
-6.835789405543926478e+03
-8.906773739317719446e+03
3.064613145605003410e+03
-2.642116756706596334e+03
-1.320298120529723565e+04
-2.359997729635767882e+03
-2.110289470599210472e+04
6.531326920082734432e+03
1.439574268059520728e+04
1.635384517261712608e+04
-5.154071837013892946e+03
-2.219982673988070019e+04
1.683627404834656409e+04
-3.314307754199811598e+02
-3.096305479906537585e+04
9.135657508085653262e+02
-7.017132482394412136e+02
-1.527320228969251184e+04
8.072202975417799564e+01
2.551793309450440938e+04
-2.283808291933255896e+04
-8.912901494948295294e+03
3.003097318447254111e+03
6.189950644874435966e+03
1.606406845223196979e+04
2.338099959697804661e+04
-8.833000291809961709e+03
4.471421209479667596e+03
-8.886716152220576987e+03
-9.267874628624032994e+03
3.342467746029481077e+03
1.555874043922729652e+04
-3.902208764641100061e+02
8.587250754986530410e+02
1.207722741562138708e+03
-2.701942227292734060e+03
-6.610191869770248559e+03
6.670979837882900938e+03
1.382381305376200180e+04
6.394200640591935553e+03
-2.037233665713957453e+04
1.049130425623686278e+04
-5.932531292974404096e+03
-2.504634066462370538e+04
-6.392846798002077776e+03
4.474334228368625918e+04
-1.181222997156156089e+04
1.799970347145867709e+04
2.385140380940251634e+04
-9.065709688393362740e+03
1.552530970264580446e+03
-3.820532191300955674e+03
3.210230463321970547e+03
2.970523712631115632e+04
-1.316700309105423366e+04
-2.502543908852662753e+03
-4.678575328139870180e+03
-1.210511061379515559e+04
-5.554599041136821143e+03
-3.009183698274834023e+04
1.486068961361200127e+04
-1.218565833515101986e+04
-1.880200703209556377e+04
-9.844876980267406907e+03
-2.196688448922122188e+04
-1.022396915537807945e+04
1.481649650007452146e+04
-1.393037527848093077e+03
-4.976902750840791668e+03
-1.385373788009358759e+04
-1.720736253139971450e+04
3.060021034970044275e+04
2.226585844151015408e+03
3.645618513586143195e+01
1.255513940955308317e+04
-1.596644838635597989e+04
2.441285555078414836e+04
1.637575828566750715e+03
-1.843753084381059671e+04
1.141954292081149288e+04
3.696991435494449979e+04
1.058845219509429444e+04
-2.298627695536803515e+02
1.482430153925444029e+04
3.160329515466520752e+04
-8.201443990745765404e+03
3.722901245760574966e+03
-1.568050820741835196e+04
6.481451274980360722e+03
5.154471350041750156e+03
-6.642652748046167289e+03
-3.684339005693459058e+03
2.237697371662227306e+04
-2.275013618614287407e+04
1.132442112668648588e+04
-7.699313895050619976e+03
1.119847590872707406e+04
-1.197720798916159583e+04
2.169047727798488268e+03
-9.552668069489938716e+03
-1.098795477016482801e+04
1.537731081124822595e+04
-7.072560205661142390e+03
-6.755091720076986348e+03
-4.879989011488458345e+03
8.854337759750951591e+03
-2.455488575254952593e+04
9.392495167811352076e+03
2.076918297497244930e+04
7.142188570956371052e+01
1.683518447273748461e+04
3.916450644120811830e+03
1.758510043328890561e+03
2.262508672275652498e+04
-1.797055538483691862e+03
8.105585568870898896e+03
-2.495797790661262115e+04
2.813592575227837642e+03
-2.104287848365083846e+03
5.597794629326675022e+03
-5.652860186272717328e+03
-7.228417642659423109e+03
2.829063065653584090e+03
9.818306198563275757e+03
2.217989764418230698e+04
-4.394689902899872686e+04
2.566217955331419944e+04
5.014320380319141464e+02
-2.400737092795033277e+03
-8.198197323815466007e+02
2.529943988628961597e+04
1.759931185964590259e+04
8.702067593743922771e+03
-4.547039986805843364e+04
1.492116756028299278e+04
5.360949996123591518e+03
2.587068500406999374e+04
1.205241088405654864e+03
-1.455945706243465975e+04
1.656863481503712683e+04
-9.773076041191747208e+03
2.654308862435792253e+04
1.738593215729343137e+04
-1.604442578188057450e+04
1.287466578139611329e+03
2.255986554881570191e+04
-2.398780016124475878e+04
-8.693504361049115687e+03
-1.633367486186303358e+04
-7.171599539673777144e+03
-3.459046089910219507e+03
3.147847375252261554e+04
-2.027015806400696965e+04
-9.813281341610112577e+03
9.320056823129707482e+03
-6.659965428562401939e+03
2.001537087008036906e+04
-5.300974312317896874e+03
-9.281260379126213593e+03
-1.031498174137480964e+04
4.109172779567474208e+03
-1.595316647932707610e+03
3.975660818617484438e+03
5.856558411889726585e+02
7.637653993545710364e+03
-2.119117400661215288e+04
2.487866595780084026e+04
-1.533872794128999885e+03
-2.348497109455865939e+03
6.611160494430514518e+02
2.703301065986665890e+03
6.183888526379929317e+03
1.930019651372251974e+04
5.543446037590111700e+03
2.522872130827692217e+03
1.505288648273286526e+04
-1.304467158232099791e+04
1.489519483776015113e+04
-3.721643364804828889e+04
-1.824320015868655901e+04
-6.153210501964824289e+03
-1.547735409646418248e+03
1.459257648906112263e+04
-2.910231595388263668e+04
-2.647220719626828213e+03
9.999734680201363517e+02
1.643502254081970386e+04
2.247337995112025601e+04
