-1.689457763588226025e-01
-6.334781610579613975e-01
-4.442229743716956669e-01
-1.692144003173321032e+00
-6.163327956025891341e-01
5.941162155340499185e-01
-5.043919688115097166e-01
-9.298665748374486117e-01
-1.234644743258596300e+00
3.960862332736023173e-01
2.310276029477256465e-01
8.548794025055630463e-01
-3.048830121346391420e-01
-1.296456144130950783e+00
2.461858482369150281e-01
-1.515337665078084761e+00
-9.815244860365193169e-01
-1.754602096542271283e+00
1.154011584753547481e+00
7.892274016871276832e-01
-1.409816311834850344e+00
-3.749069922927639742e-01
8.465514581653148518e-01
1.406115605466410345e+00
-1.987917033366318087e+00
2.737135774319890968e-01
1.322030264284488332e+00
-3.371484239509902059e-01
-1.385446701003622272e-01
6.144879490131098798e-01
-4.301033387861279977e-01
4.003597259000802877e-01
-7.154071822062471053e-01
-8.583678393616769320e-01
6.404250805656317436e-01
6.602346056395014262e-01
-7.528003466527564136e-01
-2.414082359381170551e-01
-1.234618269521795542e+00
1.018194436309570516e+00
-3.486556256505042306e-01
-2.070039753948025030e-01
-3.552668632709596319e-02
-8.282022294441374055e-02
-6.588661669433157897e-01
2.612825881938204420e-01
1.284886475051416843e+00
-6.937316216498087273e-01
-1.687204549586026836e+00
-1.057688045998269155e+00
1.043330590992952889e+00
7.592366624226210003e-01
-2.176362383253144517e-01
1.831191486532682378e+00
-2.698286450148441040e-01
1.197994593023700011e-01
-1.294616327939546174e+00
1.452339607078990458e+00
-2.798760406958584745e-01
-2.181006388348416980e+00
3.057506525191548696e-02
-4.126800510600483474e-01
-1.027867984066336948e+00
6.403675682753836584e-01
-2.936620187514814018e-01
1.397289817820752400e-01
-3.480298804161939819e-01
1.537082775750447272e+00
6.053553955540256215e-01
-3.434457209259541566e-01
-5.952466738674384167e-02
4.271653170833944468e-03
-9.361305552101734095e-01
7.599385136245317973e-01
1.033006962759370539e+00
-2.693116424453436686e-01
-3.789465394548962029e-01
2.255355201312013169e-01
-4.791283601750455368e-02
-1.254514204663716104e+00
-1.111814654105514888e-01
-8.025973902873276833e-01
8.423376706185822793e-02
1.164489344248716751e+00
1.070735140644511807e+00
-2.350083799837369702e-01
-8.197836966357832655e-02
1.795552821063376658e+00
-1.840663963340495590e-01
-7.116849305142228799e-01
8.518914737405987037e-01
-8.108281711930742652e-02
-4.979906649037575406e-01
-1.858573414328329454e-02
1.782390901894726820e+00
9.166326298500133696e-01
-5.735187959347974873e-01
3.697415333180364971e-01
-1.550903347721805381e-01
-1.011511687047300878e+00
-1.627295399898438522e+00
2.098134978363641046e-01
1.210530768520396011e-01
5.223161140823691095e-01
-1.052404020774236670e+00
5.593838846343182070e-01
-7.251085805048019806e-01
7.149088488382444595e-01
-5.656760007780035071e-01
-1.151834360916953237e+00
-2.874781791140389453e-01
-2.531365502547489044e-02
-3.763145781095847964e-01
-2.924282372186702561e-02
5.454673505789382759e-02
2.880675802429378818e-01
-1.276764470875794810e+00
-3.553180555819663300e-01
-4.100697494511027497e-01
4.927167372490049435e-01
2.209919786804000474e-01
-6.254503857160935709e-01
-9.296766717903887089e-01
-2.022633964301380760e-01
-1.318626463897892842e+00
-7.633809904390619350e-01
1.000021194590783313e-01
5.059788006848147113e-01
6.431537030010636702e-01
-6.781436382721057754e-01
1.097048497551107893e+00
-1.707271454676896616e-01
-3.385799661072487754e-01
-8.217991027219625488e-01
1.345472200103502158e-01
1.542243469162277170e-01
3.048238707451468299e-01
-1.157747608380305104e+00
4.315603413884531170e-01
1.178273010442810076e+00
-6.639728229654276448e-02
-8.584947537087123104e-02
9.032808845330378977e-01
5.111371372991574402e-01
1.338037152283509723e+00
-8.312022121305999711e-01
4.702042894351147195e-01
7.469014093043830904e-01
3.426327846752107997e-01
-7.526813325702889079e-01
-1.243059902090335234e+00
4.137641576730351489e-01
-3.600043209737043282e-01
2.157536541791710560e-01
5.404838838278563928e-01
6.593158687057444345e-01
-2.385888579801761500e-01
4.968717056608260019e-02
5.527051337502021378e-01
-4.261549221913175090e-01
1.390048113125189611e-01
-3.791376490204881877e-01
1.618056502791170859e-01
5.591286815702108948e-01
1.954278370495082573e+00
-3.763773694578916307e-01
3.435668970360135077e-01
6.500655756981330580e-01
1.770633574313565939e+00
5.093981055507287858e-02
-7.929267587751999136e-01
1.404223818043459637e-01
1.169825815259320390e+00
-1.390821610656983731e+00
7.956673028874596820e-01
-4.276089681410173426e-01
2.633955587493995720e-01
-6.099056661260621182e-02
1.514783305346203646e+00
6.617369666293797525e-01
1.816943528202633884e-01
-1.353945253179276165e+00
-1.402716246642292663e+00
3.471543077002348099e-01
-1.122853818530832104e+00
-1.621853238126087504e-01
5.041669395541161780e-01
-2.447197551196068910e-02
-5.777776176476527858e-01
-4.418816464891799356e-01
6.302691584032714678e-01
7.693805398308722898e-01
-1.405673259056946289e+00
-4.745909072301109921e-01
-4.147030907555182000e-01
2.564448279003023884e-02
3.273509757816269738e-01
-1.378346784230396249e+00
-7.671628729128457946e-01
2.087218349510783222e-01
7.534279500036455968e-02
9.440811671774873570e-01
1.152228281770568907e+00
-7.621122982441919103e-01
-9.312741013435771320e-01
8.407264081934785471e-01
-7.959044009604632208e-01
3.148923999225823334e-01
-1.322706457658020751e+00
3.176104193905106010e-01
3.039595694287364203e-01
-5.688168996063921456e-01
2.056136749468734926e-01
-4.285152215122495223e-02
1.139040043584705453e+00
7.539351240724452285e-01
1.291277394629088970e+00
4.908330366227665609e-01
3.539437326906377246e-01
5.742914857924950045e-01
-6.739448530081726396e-01
1.548219538378641680e+00
1.061560691040517090e+00
1.391358984783032771e+00
-3.601196432303610528e-03
8.660476385398095944e-01
-8.370595374656517595e-01
-4.450189235891613970e-01
-1.182131867425514071e-01
-5.786235460209896431e-01
-6.473868302956562459e-01
-1.918082788143252504e+00
2.378546386928778733e-01
5.867207980060307193e-01
-8.698011655544228837e-01
-5.424368790833273835e-01
1.053396026461455165e-01
1.311092106825056280e+00
-6.586947920314522031e-01
-5.713404440355229763e-01
-4.652097178949958223e-01
-7.037746215500477742e-01
5.207114847059712837e-01
7.278245378680118227e-01
-6.191768918525030196e-01
-8.863523202208478668e-01
-4.844921178219451230e-01
3.210590133180455941e-01
1.582350444050994565e+00
6.731762630459117158e-01
-5.200443268158432275e-01
-2.600051744309771262e+00
-3.163470000721977926e-01
-9.677362843509408341e-01
-2.292410941265637936e-02
-8.644819350912333888e-01
-3.071339294276617116e-01
-4.843969530235160970e-01
1.392531608584040459e+00
1.337300270956848669e+00
-4.514485176195457417e-01
1.566466535949770034e+00
1.028061537611903553e+00
-2.514194519787719684e-01
1.064699879713956188e+00
