-5.361647224863232974e-01
-4.086548166281653849e-01
5.268329443539918611e-01
1.834130381615672212e+00
6.222642788621595145e-01
1.661850400656606830e+00
-1.754380944073060222e+00
-1.880880811778900263e-01
5.785549248392430899e-01
-1.657592714305813564e+00
6.213595407929765058e-01
1.038433259318216617e+00
-5.540959296568246373e-01
-1.007630924870246691e-01
-3.173452809426227539e+00
9.812963134907574103e-01
-1.344687236262686492e+00
1.316895321947201936e+00
-1.772103905358599407e+00
3.537824777589993475e-01
-1.028337393907171382e+00
6.070828625901419917e-01
-2.293957661253505975e+00
7.558980430754027591e-01
-1.312937951432829431e+00
-1.166134069967264653e+00
3.302822146609539544e+00
-2.157054804448017116e+00
-5.788562358705933164e-01
4.506737524327446009e-01
7.034871819783966584e-01
-3.892015065233939142e-01
2.664085340268743107e-02
-1.894219269013600826e+00
4.911444948951385614e-01
4.596549971276637225e-01
-7.513458499831573434e-01
-1.053733722688979801e+00
4.179386892887387295e-01
-2.172253328452498522e+00
-4.681705270865608726e-01
7.541570487979603055e-01
-5.848039764854247036e-01
1.024949315851476861e+00
1.443541680944428585e+00
-6.382711719935827421e-01
2.726890835771756186e-02
-1.358967570651182344e+00
-1.189574117194859504e+00
1.585268883551893992e+00
1.501962285949532738e+00
-1.114837719290607154e+00
1.854508166869937913e+00
5.324233026336571140e-01
-3.376671049489567089e+00
2.642524430247403244e-02
-1.114225524724881122e+00
1.780076574418316238e+00
3.935596746068229290e+00
7.019584317977478616e-01
6.380859182175717681e-01
-1.149967444367654412e-01
8.001982377989316220e-01
-3.002256705806714554e-01
2.721444762104104242e+00
1.317223786101616056e+00
1.529810799850076286e+00
3.248285760127253563e-02
-1.119311058208398935e+00
-7.780283397916861743e-01
5.001113785832467240e-01
-7.470691525661284915e-01
1.248437720964243658e+00
-1.945960778862623419e+00
1.636829285122318733e+00
-9.157831863477939871e-01
-1.585921289960577463e+00
5.283979973851041789e-01
1.020446421508570900e+00
-1.152635728112167746e+00
-5.306668416028276214e-01
1.531562756725393937e-01
1.070619699944022507e+00
-9.639800555743771593e-01
3.962554728553488448e-01
4.626858215739393931e-01
-2.823907452103455729e-01
1.841443497517028627e+00
-3.541152474480444567e-01
9.458576096618204199e-01
-2.223990220713902399e+00
-3.287855407565135391e+00
-2.307801973535425211e-01
-1.704825180101116500e+00
-8.265674150164263878e-01
-1.245491586885137947e-01
1.041994554592921896e+00
2.003176949940026486e+00
5.692216352092984710e-01
8.042406902068655050e-01
6.249811995099180395e-01
5.463393550240315255e-01
1.316352327232493291e+00
2.933445492034387758e-01
7.362650883708762306e-01
-3.975572398187097317e-02
4.561347476268933221e-01
4.972630584737072756e-02
1.419356533924596153e+00
-2.773108515976983601e-01
1.535747249163527117e-03
1.490034007577689446e+00
8.936334931792820624e-02
1.957094821439409493e+00
1.579106598873269762e+00
-1.899831973269031637e-01
-4.875103386262604199e-01
-7.309523120256840034e-01
-2.849540610447407918e+00
9.224860260284020175e-01
3.839904787002247633e-02
1.252452557241365838e+00
6.908078390924869971e-01
-1.443697038944540489e+00
-4.826140982082055553e-01
-2.124078378544276557e-01
1.701734115496625899e-01
-1.675617065825760477e-01
-9.755762243637863262e-01
1.164317917716782280e-01
1.227070347334213718e+00
1.021085565744984880e+00
-2.720810043754400276e+00
-7.227979631886949363e-01
1.006961975214309968e+00
-1.611659116234459344e+00
-8.252573413784128897e-01
-2.396036561162825151e+00
6.178635442460618243e-01
-1.190496304634445668e+00
-1.206759521928190360e+00
4.556608732935709671e-01
-2.417447760452901273e-01
-2.832972795211768369e-01
-9.952824200601598226e-02
-3.127977706452133577e-01
1.452740810532726190e+00
5.924311053940790606e-01
6.943963514107892587e-02
-1.274391447614887207e+00
-3.631794256595863857e-01
3.524150816928099950e-01
-1.206807619308448265e+00
-9.366001145398827887e-01
3.976056503758604310e-02
1.253331299578938074e+00
-1.595279368735741610e+00
-1.984087813772571485e-01
1.447182649638249496e-01
-1.286522358681586820e+00
4.625260411744065991e-01
3.559099808646105645e-01
8.430473115874582701e-01
1.045714346937341555e+00
8.682546442198173231e-02
-1.625409642739536364e+00
8.971908196081122000e-01
-1.231488363629035909e+00
2.840858803551508660e-01
5.657576238905036581e-01
4.758954334350018467e-01
2.424303959680119469e+00
-1.487751930261974387e+00
-7.187829098347140455e-01
5.355533089082973319e-01
1.248656096321950848e+00
2.172060743064355925e+00
-1.099934922300906504e+00
1.089531915833202635e+00
-3.555326148186720436e-01
1.013573498250307514e-01
-1.951904187620503439e-01
1.344004612824299949e-01
-1.501070199619924495e+00
1.244764315600570548e+00
7.935794110227537557e-01
7.575057125673692049e-01
2.158915154749413201e+00
-2.320146600120830627e+00
-6.446165249151302179e-01
2.688392437191340356e-01
-8.329700234668330205e-01
1.295031966249538202e+00
9.339654010999685063e-01
2.423550420334826594e+00
-2.248742381270490309e+00
1.317213437672367427e+00
-1.652620095746078599e+00
3.376327774574446328e-01
-2.935453441110009165e-01
-4.362724253613541325e-01
-8.477473167194053971e-01
-3.717255094692047956e-01
9.777712256446263739e-02
-1.034084546048023856e-01
-2.701764439824927422e+00
8.003905602853487178e-01
2.064811032630709864e+00
3.168412511199506509e-01
1.788977364520147217e+00
1.450553645093073385e+00
5.963942909648973778e-01
1.038397829488190371e+00
1.644710821229819819e+00
-1.231510997991551504e+00
-1.209870098255986237e+00
-7.957949617588524482e-01
-8.929637127360030568e-01
1.021420217843887812e+00
2.221752199277005069e+00
-1.892416002339003256e-01
1.084186751460669340e+00
-6.708833060736495435e-01
7.302049572655143761e-01
9.254302164991473623e-02
1.993348104284690114e+00
-3.403022999946673899e+00
-2.921020485583357695e-01
1.116961118951130372e+00
1.531222067594219194e+00
5.297301687197193409e-01
-1.145163207392255966e+00
5.398276681909776054e-01
1.780126289220222535e+00
1.752491233546413341e+00
-4.541946690782515006e+00
-1.255041414076902617e+00
-4.820784721796633754e-02
-1.471552342710894301e+00
2.807145503663734942e+00
1.967665451552474076e+00
-2.542523408352045600e+00
5.523995241130723599e-01
4.104260081996932708e-02
-1.392062112952595632e-01
-8.722852102382958606e-01
1.979340457644704676e+00
2.451017729051702343e+00
-1.667292171570018966e-01
3.448587262006618248e-01
1.005227489993445467e+00
-5.519238582180366892e-01
-1.966332337927435558e+00
2.115194772189962436e+00
2.289507289924177236e-01
-3.769914549611624865e-02
-5.003074532014586850e+00
-2.679529916039926629e+00
1.645211457175473457e+00
3.453907064000766303e-01
-5.234945027602601053e-01
9.112612189155221420e-01
2.946727782723474132e+00
-5.448989118570517487e-01
-7.309857299837807521e-01
