9.252279564325978367e-02
6.458056217317139636e-01
2.935843814695330289e-01
-6.533446255008237280e-01
1.266440530369792317e+00
-1.005861919257186488e+00
4.496550805407649731e-01
5.340036454530554533e-01
-1.562254039687027696e-01
5.790820401046238297e-01
4.820222948528523066e-01
1.822415560072528251e+00
1.963780439257244215e+00
-1.579884666368003843e-01
8.934529385687342007e-01
-3.307471027107893313e-01
-7.984860638338364680e-01
3.312071173253789413e-01
5.056362024225186103e-01
-1.859072389603273923e+00
-1.273296387055427581e-01
-5.625399591267965516e-01
-2.010054890852082665e-01
3.543040214958845247e-01
6.279621988642178909e-01
-1.046222312683121047e-01
-8.493422089175142187e-01
-9.978730919050492476e-01
5.013320925226660840e-01
1.078201722427776454e+00
-8.578466522683578788e-01
-1.938232267640130624e-01
-1.709492099740622661e-01
2.697140174008738067e-01
1.132039563275157451e-01
-1.804444484191581655e+00
-1.234241555116058486e-02
-9.337294932878490439e-01
-9.699288657454039342e-01
2.979400051280102768e-01
4.781883551371933772e-01
1.321160670462487197e+00
-9.134709912815046629e-01
-1.195717840814499500e+00
1.169754336954460738e+00
-2.576984969816785709e-01
8.587340146357929083e-01
3.916285385444118750e-01
2.097674378032619913e+00
2.800703616384758732e-01
1.299936489159335684e+00
-1.632744283327595358e+00
-1.361149380099293538e+00
3.404628869124097235e-01
3.168960562122689617e-01
-5.895548931373870150e-02
-3.527849048123299358e-01
6.747287315211248915e-01
-1.129697461638722977e+00
4.795684251593527736e-01
-5.035932333431177854e-01
-1.369195649218303945e+00
4.318202072240190925e-01
1.434868772942513360e+00
-1.877950659634217700e+00
1.963496322961457152e-01
-1.347372258159941660e+00
1.861077954274069635e-01
4.650160172357671318e-01
-6.480941837516281945e-01
-1.029245683645874099e+00
-1.349903942678084778e+00
5.076521703512323347e-01
8.039766806065627991e-01
-1.010895811642833264e+00
4.871606040967588758e-01
-1.284510077780200987e-01
4.714657531687621583e-01
-1.923815712765678532e-01
1.551674065120209001e+00
-6.389853356444035182e-01
-1.830002426064687882e+00
-3.963766938419492347e-01
-6.821515633129838774e-01
-3.665823412263436998e-01
9.021628512273647260e-01
8.484111840920656178e-01
9.956061513057630208e-01
-2.437324674577181494e-01
-1.001444322629862604e+00
-4.220895799192536657e-01
-4.610306291926381528e-01
-2.180362312801933933e-01
-1.030399975086910613e+00
-1.319420312822591645e+00
1.613154230774394848e-01
1.389699999884032700e+00
5.932023401364866499e-03
-1.042661629664473066e-01
2.278818937835762060e-01
6.629415843107559769e-02
-8.324069121692327933e-01
-5.743742558524930208e-01
5.667754252684177318e-01
-2.600209743589998457e-01
4.712216728435643098e-01
-1.126694077075321543e+00
-2.658797410514383674e+00
-1.685633203706411676e+00
5.692519324381586920e-02
1.586763880860732889e-01
-1.561853418255663151e-01
8.657159849229307813e-01
1.819265524933468270e-01
-1.419248171737625297e+00
8.738983249805839515e-01
-8.425441328009083408e-01
-7.992977275897451550e-01
1.249522522327874086e+00
1.503620828008979914e-02
-6.771836950592523552e-01
3.836708989724284535e-01
-1.292251438617611825e+00
1.587292239142161498e-01
-7.914056452740620973e-01
4.589178451274445458e-01
-5.868753512446103215e-01
-6.079540010365281910e-01
-2.562346004616562478e-01
1.876985837742316754e+00
-9.353258209960635394e-03
-8.679552970793203981e-01
1.753503499392026210e-01
-3.334295543551000773e-01
-1.040888475131808821e+00
8.883129632893085326e-01
-3.841743423887182818e-01
-4.332802622476358279e-01
-4.100268301045077446e-01
4.899733632794752713e-01
2.195127325392336459e-01
7.019177653143593432e-01
8.669878080411884680e-01
-1.068514008451600938e+00
3.503964067786650705e-01
-9.696835664952176970e-01
1.366059259288637806e+00
1.684886831543318253e-01
-8.163709932075196019e-01
-5.403168347113583847e-01
-7.112210122182333061e-01
-7.554256877776708290e-01
2.958428724839375912e-01
1.296709073092643938e-01
-1.282469924711117759e+00
4.243663921640752901e-01
-3.050524180707364641e-01
7.938061047465987397e-01
-1.557322350969687630e+00
-1.642556401293536472e-01
-2.013595520780893655e-01
-7.215697932395653824e-01
-5.627475096789409381e-01
3.360079652806406969e-01
-1.693216604784347323e+00
5.479494330179883743e-01
6.070728321255092208e-01
6.596922412679815384e-01
9.285622103914581427e-01
-6.787293795662301399e-01
-9.800821920096542961e-01
2.816263081762044873e-01
1.054126992382385275e+00
-9.697017432067078779e-01
7.656015146429127061e-01
8.568046397377521162e-01
-5.296367724636595886e-01
-1.107115160444430146e-02
-2.207744199318419087e-01
-1.255318665582607074e-01
-8.512884839258074710e-01
-1.929636561701304209e-01
-3.459801688551847332e-02
-8.650501077712171583e-01
3.062034496869331379e-01
1.276482268109567997e+00
9.271290648643032428e-01
2.235559786996740017e-01
-6.305749395710246175e-01
-4.948832433149683574e-01
-2.849391469784561814e-01
8.138885522643073411e-01
-8.924938750468300874e-01
3.692376712950247164e-01
-9.739155206089634975e-02
3.454186028439264478e-01
-8.299765256382443113e-01
-5.677762030781864366e-01
-6.173205873612374051e-01
-4.735868505580309584e-02
8.989283938487127035e-01
-8.260279962505368001e-02
4.577667121881387469e-01
2.076877064047771171e+00
7.494902362099400417e-01
-6.167943559563563438e-01
1.624641348927350071e-01
-2.387082882858601041e-01
1.277202275727464142e+00
8.965850862204478577e-01
2.062926645586581342e-01
-9.432966246682716882e-01
-5.001471130809350685e-01
-2.245214614129043273e-01
1.474632878983600071e+00
-1.049367037452739071e+00
-1.686499847719586109e-01
-1.433757008116847420e-01
1.213145973319646798e+00
-3.355586234450108618e-01
3.422391764213923437e-01
2.713925969528725446e+00
-9.348498185269529248e-01
-1.592196799138004604e+00
1.156265010041658048e+00
-1.070605860565471801e+00
1.923307774921486191e+00
2.601118575535095179e-01
-6.392764342232786223e-01
4.168149236687268555e-01
1.410933550382625912e-01
-1.221571446268603145e+00
8.979565082479952220e-01
-1.916004604584425897e-02
-1.438927296151089941e+00
-1.165288550774108423e+00
-4.097869226700490142e-02
1.577653435249716019e+00
1.758613138256507336e+00
3.111924769940439095e+00
7.719406155340038378e-01
-4.064810123257107666e-01
1.667778328747075989e+00
-3.365745429995409266e-01
-1.270575543630301008e+00
-1.922124127297240692e+00
-1.552495038009877593e-01
7.167461855243538738e-01
1.260520573197729366e+00
1.584568107909300139e+00
2.646714053678506651e-01
4.890221418107423834e-01
-4.949893458584964101e-01
9.849950861471711283e-01
1.067008122521148072e+00
-8.864062493428588319e-01
8.093220144917927517e-01
1.149015134171526703e-01
9.202799855357000069e-01
9.367193921191645511e-01
-1.655264579864729857e+00
-1.258191030397380894e+00
-2.854459035193036009e-01
1.738150497054779642e+00
-8.862783160231673119e-01
