-4.820942509741978355e-01
4.205763903085780742e-01
1.920650821979750233e-01
-6.085971969498314982e-01
-1.033352708942455678e+00
-3.689398124113717481e-01
-4.324401622682419455e-02
2.289295527803166252e-01
-1.601679569674288248e-02
4.447079252022380080e-01
-1.276869741003119785e+00
-3.133960605685173206e-01
-1.060030649448856221e-01
1.413642436412363868e+00
-1.589448609225276310e-01
-1.356616756077410613e-01
-1.155239366206589902e-01
8.798383422990403435e-01
1.132843446563693568e-01
-1.123701923065265174e+00
-2.907078083794597534e-01
-5.829172723495825714e-01
1.368085032614432539e-01
7.679710196063922467e-01
-8.991544964806195972e-02
-5.995750079575982161e-01
-8.971153788493837489e-01
-1.420462820779622160e-01
1.488786818920169452e-01
-6.363684382318693378e-02
-1.004782037769188230e-01
-5.181860302066604307e-01
-9.255122584501561667e-01
-2.547439830040767461e-01
2.552720635679915362e-01
7.072021261255496682e-01
-4.959292329343705785e-01
-2.318572906051419857e-01
2.291377456124898959e-02
4.578557772180005259e-01
7.631010548347730849e-01
-5.206605756230364701e-01
1.637714543367756459e-01
-2.797841483469634682e-02
1.959417347093864448e-01
-9.174304744918346244e-02
4.795181481267837276e-01
5.393418081192328239e-01
-9.771735528879443855e-03
1.826508792387232516e-02
5.760851217449317607e-01
3.390911957279271194e-01
1.178582779024724303e+00
-1.438338482484555314e+00
7.922481444352762470e-01
-2.739327338118894839e-01
-1.139229065519543171e+00
-1.575775026547467039e+00
-7.828942467463129162e-01
-2.360386240585118922e-01
1.196231411769949071e-01
8.960365959216818332e-01
4.903083221511148615e-01
-6.548272609203662498e-01
3.209141891335026697e-01
6.220147688842635469e-01
6.894845327774177246e-01
-4.585295218472336121e-01
6.216518565372572969e-01
-7.769408016448766663e-01
5.552304288798872722e-01
-2.502381114475247248e-01
2.125226188740908240e-01
3.409249783495296726e-02
1.717052318775435515e-01
1.101393797087059534e+00
6.044487655560006889e-01
-6.521482687965731717e-01
-5.683113981834186923e-01
3.538499001272301103e-01
2.147504599845220685e+00
6.414359941804224918e-02
4.898027238563004149e-01
-2.647923309147111048e-01
1.047188994913582416e+00
-5.094867457819656220e-01
-4.258948089780030810e-01
-1.971802072363405989e+00
4.467524020249894479e-01
-1.162169864408011843e+00
2.451644830708198386e-01
-1.340732605553979495e-01
-1.278545830751467438e-01
1.045502644730074593e+00
-6.102902656987353042e-02
1.434140393791807577e+00
7.028775047431368161e-01
2.112894619268329832e-01
6.349306117989079734e-01
-9.882511213283936558e-01
5.384712539397268349e-02
2.179596814694929052e-01
-6.401467019210754783e-01
-7.121653231075311119e-01
1.077078987624342510e-01
-2.140303136359804625e-01
-6.797544821713913388e-01
1.053175799599172513e-01
-1.297071674577124356e-01
-1.148837530803852452e-01
6.201292417749680874e-01
-3.580295014132134357e-02
-1.058285685241961982e+00
-3.566047488041531044e-01
5.322584606217066749e-01
2.753436433179966558e-01
-3.290473713836210012e-01
-3.956402839826348994e-01
-3.204176578671125153e-01
8.367232742701644077e-02
-8.950614533769252201e-01
1.370181963960436455e+00
-5.700017654434758052e-01
2.365664122625160681e-02
-4.578606954976027210e-01
-2.431167771981593839e-01
4.417284307407187693e-01
4.229959355217199901e-01
-2.566758171242574660e-01
6.029934238166998473e-01
6.010893030160087136e-01
-4.047635238443200723e-02
-2.736134477133123077e-01
-2.741262587967902564e-01
-6.334340553035895383e-01
7.648307804166853963e-01
2.397319167803162732e-01
8.198061666365130673e-01
-3.254342604395467631e-01
2.191393127893299098e-01
-3.650452557612743343e-01
-2.243224083710750882e-01
7.096247758056071220e-01
-2.092762327632656516e-01
-2.110828547583105119e-01
-1.858446300416462527e-01
-2.360624910470833782e-01
3.647839772588462592e-02
3.067677650725209038e-01
-4.411080192208013950e-02
-6.274033664105251873e-01
-7.671321520267360139e-01
-1.185668732862197539e+00
-2.868213785083947170e-02
4.568421826254622786e-01
-2.423738546193559551e-01
-4.320390793566061260e-01
-2.046644588491342565e-01
-5.356759863099727070e-01
2.707159716945159444e-02
-5.873146760327649929e-01
-7.286538835380405033e-01
-2.597956143579051025e-01
5.645297413634429162e-01
-4.336255453620244116e-01
-4.640991109784141089e-01
-1.665539399219484462e-03
-5.598919991163812948e-02
-7.126077843192172301e-01
-3.876786385176117511e-01
4.676512026905799702e-01
4.177523776553427881e-01
-1.339040146839980849e+00
5.135312835362990658e-01
1.123616883152182416e-01
-9.221746117692108946e-01
-1.744233340668494447e+00
-1.005582295556301853e+00
2.480794379093467228e-01
5.589178448245957220e-01
-3.648791836204755556e-01
-6.795639550691328079e-01
5.983578435114084160e-01
-2.921559670818176802e-01
1.527820485178519871e-01
3.109697066291193246e-01
-2.777390334701440588e-01
3.689042152246986839e-01
-6.444361305037951682e-02
-5.985190797916011274e-01
-6.582820070160191328e-01
-4.694505207274293213e-01
1.708502224379443990e-01
4.441756562636103300e-01
-5.019994994285532641e-01
-8.249837710176630701e-01
-7.363938865304755499e-01
5.949325272430100453e-01
-2.035525463377581001e-01
-1.175284392536252165e-01
-1.927886649178341960e-01
1.363732407091382548e-01
-4.914874689157918142e-01
-3.217552143078819538e-01
5.933696203222049714e-01
6.914664255112206170e-01
1.579580581824786556e-01
8.958134099089707370e-01
-7.322827260191157039e-01
2.577780780819299844e-04
-3.080134570322192733e-01
-8.339039670316066022e-02
1.124490386728438596e+00
1.081618264089268866e+00
3.286378684099877656e-01
-5.666845415949286480e-01
-1.582268928433686384e+00
2.291600121782028654e-01
1.387827734853224193e+00
-9.209788155451901215e-01
-5.908952294040937803e-01
-8.464795309204198315e-01
2.720748460144659653e-01
1.086818106458245836e+00
1.387421664425907863e+00
3.498232246073801344e-02
-7.413546534477459815e-01
-3.759820952054468979e-01
1.072143367540495884e+00
-9.381400471995348100e-01
5.298747959939875685e-02
7.805573398613964153e-01
-5.866303400777057586e-01
-5.948169562334336691e-01
1.304463610974190502e+00
-7.749314130163964531e-01
-6.273233557993028731e-01
-3.263377164209205206e-01
-5.727807590925726444e-01
-7.424475288109523285e-01
-3.840822697522399132e-01
-4.546835819461609862e-01
1.458446699534706736e+00
-1.327346489219581038e-01
-3.937278213836655771e-01
-1.439382998060929619e-01
1.080751092443982042e+00
7.009529446765192517e-01
8.435372648303853804e-01
1.320144100355339134e+00
-1.029473771788630143e-01
1.306973580037451121e+00
1.241681100171143637e-01
3.260958537400893142e-02
2.104337618469270144e+00
-3.389691655302469742e-01
-4.394050028163561383e-01
3.398051540694329575e-01
7.800910980542196116e-01
3.816299166870809056e-01
1.120188778778756222e-01
4.125476058024618586e-01
-9.427936335445075144e-02
-4.758294404986592729e-01
4.697352128338472266e-01
