7.082916919819805480e+04
-6.429429537139179592e+04
-8.244746124234483432e+03
5.465741321657372464e+04
-9.505786765603665845e+04
-9.077267720473597001e+04
-8.134020570822506852e+04
-4.018007713020018127e+04
-3.092278171696932986e+04
-2.887276055070773509e+04
-6.199289414294090238e+04
-1.336722411456087502e+04
-7.078159001308234292e+04
3.664823610180259129e+04
-2.434837872216203323e+04
-4.335364610097984405e+04
-5.105258046409711824e+04
-4.456654381001643196e+04
-7.427957125636453566e+04
6.559255441223106754e+04
8.880025760148225527e+04
8.266736555900664825e+04
-4.845794049633796385e+04
-3.048800242134495420e+04
3.853419255261150101e+04
-6.263893763935126481e+04
8.123848438066849485e+04
7.660735801713193359e+04
4.821306797633866518e+04
-2.738709859987465461e+04
-6.002417302477313206e+04
-8.698386588737448619e+04
-3.102686558700697060e+04
-4.568398194250273809e+04
5.662053676396103401e+04
-6.147391478821229248e+04
-7.704169218202585762e+04
5.134861065362555564e+03
7.697318764335742162e+04
3.836794514486661501e+04
8.918230697417326155e+04
5.028905266741135711e+04
9.196582153315194591e+04
-2.019765727383100602e+04
-2.940304782605625587e+04
-4.359072456334999879e+04
5.761235121187279583e+04
-4.246835142030488350e+04
-6.391457312267595262e+04
1.625168675677876308e+04
-9.910382996017597907e+04
3.846955139850488194e+04
7.270585983509701327e+04
-4.039072251359112852e+04
-5.359924316510456492e+02
-4.247397161658863479e+04
6.713920881636278864e+03
-1.534537760637646898e+04
2.737774267900885752e+04
7.426570185272878007e+03
9.155385275006432494e+04
-8.206288013636787946e+04
-7.367730763705533172e+04
-9.011362803702955716e+04
-6.699478412977473636e+04
-3.101337206492018959e+04
2.072356129371340285e+04
6.479795192939135450e+04
-1.468618766970725119e+04
-2.417087841058807317e+04
-7.854831807029611082e+04
9.966424664086099074e+04
-1.035040486814784890e+04
2.878143886869486960e+04
4.138521140399781143e+04
-3.288266811052132107e+04
-2.661769902452665519e+03
6.680536271836792002e+04
-3.992152504908591072e+04
4.298893973730391735e+04
9.832621018344894401e+04
-4.280025861631706357e+04
-2.729680476083064423e+04
-3.364017783540015807e+04
7.884601121830509510e+04
9.351927046511233493e+04
7.634307439939736923e+02
-5.315537043029111373e+04
-3.771176396541221766e+04
8.404906648012282676e+04
2.460767447386407002e+04
9.306355069351536804e+04
-5.992146097721077240e+04
-6.729243991691517294e+04
-7.901699826064538502e+04
-8.235846197261019552e+04
-7.115075394033014891e+04
8.218453152038477128e+04
6.171396349450939306e+04
5.905988871750847466e+04
9.266614335481435410e+04
-6.732567350840261497e+04
-9.200058899298075994e+04
-7.489948571101983543e+04
4.108728851419161947e+04
-7.896205827029121792e+03
-1.391640805284608905e+04
-4.852537636007026595e+04
8.848530657145353325e+04
-4.200220978817620926e+04
9.022546816556346312e+04
2.523803660024962483e+03
-3.006814557820860864e+04
-6.485286857127079566e+04
-4.391914170727364399e+04
8.754953890933725052e+04
-3.829765555709757609e+04
3.236406977774657935e+04
-9.706970124098620727e+04
-5.055673981244014612e+03
-7.628098429190462048e+04
-7.993688659328517679e+04
9.746458094730008952e+02
-2.415541969920098927e+04
5.170978979383863043e+04
6.457445650310557539e+04
-8.181530601663021662e+04
-1.966165601802619494e+04
-1.165647127487327998e+04
3.601540632936893235e+04
-9.655335909077015822e+04
-4.801406533478032361e+04
3.792034202984858712e+04
1.473876334046979900e+04
-2.560582034101993850e+04
-4.289481775935700716e+04
-4.171385940487842163e+04
-7.679655737757733732e+04
1.561095047096650705e+04
5.077486349346982024e+04
6.918201535628602142e+04
9.566929082029838173e+04
-4.158189859210031136e+04
6.551952582984320179e+04
-3.095464462835499580e+04
-9.394143744902499748e+03
-5.187611982227424960e+03
1.357810741021318427e+04
-1.394731570913487485e+04
5.752667893159822415e+04
8.681306443556571321e+04
5.168827790081850981e+04
9.007767464060388738e+04
-3.877421208500660578e+04
-7.892224550287894090e+04
2.609258039374624059e+04
1.420539371615968594e+04
4.602092604759130336e+04
1.185648594474951278e+04
6.728740456131761312e+04
6.020682768538608070e+04
9.718883043750394427e+04
3.891736444171844050e+04
1.931344790096756697e+04
2.846638667182674908e+04
-8.405978397858211247e+04
6.476581159124013357e+04
6.567328199509979459e+04
6.678188588584134413e+04
8.882677401702392672e+04
-4.822932085930095491e+04
-4.074401593815410888e+04
-1.236645021972265204e+04
9.075684993689850671e+04
8.252977547496600891e+03
8.768546528113757859e+02
-8.410314768806724169e+04
-3.532653538740178919e+04
-8.161871831587061752e+04
-4.161180876586207160e+04
-9.386612924704572652e+04
4.261194621185107098e+04
5.253254727668210398e+04
9.471990291100883042e+04
5.350030082145599590e+04
-8.188044307692753500e+04
1.888309364125065713e+03
-2.544587975298125457e+04
7.247873359447653638e+04
7.265704511515070044e+04
-6.157824597224550962e+04
-4.733714345110294380e+04
3.410824663518487796e+04
-5.276738986267926521e+04
-3.072182149056528942e+04
3.990550969364491903e+04
-5.936311852030213049e+04
-2.097924705252098647e+04
4.022372453791269800e+04
-8.712608158980171720e+04
-6.814250906804720580e+04
2.493499017930080299e+04
8.274184958314718097e+04
7.344890798605722375e+04
-5.047737103386642048e+03
1.255823305114658797e+04
-1.249109127333157994e+04
8.967504209782938415e+04
-2.030937743550446976e+04
9.063874995450289862e+04
-5.938211537480876723e+04
5.494599981352317991e+04
3.657676331395006855e+04
2.881391840305327423e+04
-9.073716187156645174e+04
2.332399242871027673e+04
2.351908906303076583e+04
1.641533390790305930e+04
8.740803065957591753e+04
-7.391337152586645971e+04
5.267379357487410743e+04
-2.332465646449192718e+04
-5.999349791073002416e+04
-3.224298339700907673e+04
-9.880054470723446866e+04
-5.806153674358013814e+04
2.246636743146346635e+04
7.393376192022413306e+04
9.556211403946355858e+04
8.881314919133266085e+04
6.454983228604128817e+04
-7.475927810761578439e+04
6.034727015342532104e+04
3.096801662693565959e+03
3.626490734031416650e+04
1.207639362677624604e+03
7.689435122535354458e+04
7.216779128079290786e+03
9.275992827930100611e+04
-3.015695103283211574e+04
-2.498939489876125299e+04
1.083704832886115946e+04
9.170917414964044292e+04
-4.837356634135201602e+04
6.359095697472320899e+04
-8.562868531522262492e+04
-6.520279076411738788e+04
4.551182802920130780e+04
-6.832259454049899068e+04
2.810142417054678663e+04
-3.664559128882527875e+04
2.391179707469590358e+04
6.648204382169930614e+04
-7.774994066912210837e+04
-7.780559378031337110e+04
-3.950835360056643822e+03
7.466233713530210662e+04
3.623156647797881305e+04
-7.971699315871794533e+04
-3.152223648074274752e+04
-5.027493180809129990e+04
-9.073404484113919898e+04
4.723550484069090453e+04
-1.292401651815484183e+04
9.144833142151311040e+04
