-3.923980668115591106e+04
-6.611201733297300234e+04
-1.811997095209781401e+04
-9.095633012072647034e+03
-2.117701709543610195e+04
9.702067976897908375e+04
5.970565128250444832e+04
-5.801995130419931229e+04
4.061354126311037544e+04
-8.741098191821282671e+04
5.296509644804183336e+04
-4.424154316292781914e+03
4.863103086302772135e+04
-7.864129189051002322e+04
-9.282673265099944547e+04
-2.745832299155633154e+04
-2.803516587545460061e+04
-4.203238384522218257e+04
9.987610853308104561e+04
-7.650772836127760820e+04
-8.926978239569852303e+04
8.156112247896460758e+04
-1.126287435502908738e+04
-6.373814025709752605e+04
4.767774574957297591e+04
-3.666014663256178028e+04
-2.226272917911570403e+04
1.443878451202852011e+04
7.535895220556492859e+04
4.939609608785766613e+04
-2.648670582516077047e+04
7.930472190595067514e+04
-7.338177644214150496e+04
6.381316619102602090e+03
2.320872473498889667e+04
6.871787968359845399e+04
-4.074067528503867652e+04
3.145253711948899945e+04
3.812829914266451669e+04
-5.059425403866043052e+04
-8.287529270390450256e+04
9.719865683576732408e+04
1.909393672203845199e+04
4.791612315962193679e+04
-8.325335439515588223e+04
7.699999225212620513e+04
-4.630935213191067987e+02
6.255126925039995695e+04
-3.663091463254309929e+04
8.318742148746187740e+04
1.563769663966057124e+04
-5.715886787154650665e+04
-4.426791939015939715e+04
5.605672650208663254e+04
-4.980617327505720459e+04
-9.407365522332213004e+04
3.239777432558975488e+04
-6.507265898139940691e+04
5.230939836537260271e+04
-9.928515601913091086e+04
5.672747156097624611e+03
-3.195544088667308461e+04
-5.674574072064649954e+04
5.207561298564903700e+04
1.882325497684233414e+04
-8.678721391802333528e+04
5.664319843581906025e+04
8.440734447754970461e+03
-4.732534333560951200e+04
5.704944263591232448e+04
-4.815271608568709053e+04
6.899149536236278072e+04
4.481347927632445499e+04
8.992330595019238535e+04
3.701782125450149033e+04
-3.672328528819385247e+04
-9.949145093708497370e+03
1.343481197202009935e+04
7.278069054192263866e+04
2.032957572742877528e+04
1.476814893982945432e+04
2.930332352034002542e+04
3.934264110263466591e+03
-6.701606458545192436e+04
5.662376510506651539e+04
4.367611800210650108e+04
2.670096834398476494e+04
8.547081005598891352e+04
-5.522650033716439793e+04
9.877708606320275067e+03
5.435495592542144004e+04
-7.352574013136161375e+04
4.637382390324761946e+04
-8.206349619531034477e+03
9.163256161551481637e+04
6.114563620317177265e+04
4.852138586298761220e+04
1.602034689554747092e+04
-7.067628243207238847e+04
7.202933263548063405e+04
-8.192749677867491846e+04
-7.619515737731124682e+04
8.627854980120951950e+03
4.041103992738448869e+04
2.698102501597062292e+04
5.475046093546912743e+04
-2.276548198157670777e+04
4.738876643223597057e+04
-8.680625558219420782e+04
-4.137743166845865198e+04
8.080861938950656622e+04
9.588003664187468530e+04
-2.881942931387686713e+03
-2.604759015719801027e+04
-2.579364604825325387e+03
7.278233585573971504e+04
9.044392971841509279e+04
9.480384987190757238e+04
-6.519211568199006433e+04
-1.556633707867749763e+04
1.421476807790167732e+04
-7.852237330209654465e+04
8.989129186572485196e+04
4.018100714180833893e+04
9.784235394107333559e+04
-9.503089826762492885e+04
-2.420718396779485920e+04
6.056502189047746469e+03
2.472498648895703809e+04
1.176943382265487526e+04
6.018398710405598104e+04
-8.941899889560003066e+04
6.233676060505574424e+04
-5.731209354651509057e+04
-5.975893160891682783e+04
-1.190841771472131404e+04
-8.066663945915255681e+03
-8.011385152763909718e+04
-1.930040187571871502e+04
-5.973314202823964297e+04
9.095885025517054601e+04
-1.048649615649855332e+04
-8.076252190623947536e+04
-4.395780577580090903e+04
5.911753141534773749e+04
-9.552722766451294592e+04
-3.243009118265770303e+04
-1.950531618204355254e+04
8.935583842803722655e+04
-4.650061119144099212e+04
-4.229200250216586574e+04
-7.637141601526270097e+04
-7.800677016967830423e+04
9.406965959819513955e+03
3.167965733506347533e+04
4.660388429525018728e+04
-1.605437838385830946e+04
8.558955688954006473e+04
-5.505485929590051455e+03
-9.195012293285633496e+04
7.678839399232961296e+04
-9.722979864104602893e+04
1.821707729815722269e+04
-1.324079586396580999e+04
1.055282686929794363e+04
-9.095809598764106340e+04
-6.300560385726477398e+04
7.649443842230031441e+04
4.820208104341368016e+04
-5.728418634958310577e+04
-9.413830978365745977e+04
8.972344240763025300e+04
-3.215522615446186683e+04
7.868255738764649141e+04
4.308535581972659566e+04
-3.517769677009947918e+04
-5.922662881162655685e+04
-7.474086806781149062e+04
7.907623545667559665e+04
-7.667168172260592655e+03
3.898610779258757248e+04
-2.976915091188158840e+04
-7.598951956423156662e+04
-7.007498105240633595e+04
-8.159222161266073817e+04
-6.380878660278920870e+04
-2.394953396018335479e+04
3.550922256768765510e+04
-1.564002713040889103e+04
-2.316550949897542887e+04
3.767346913611466880e+04
3.677707842314399750e+04
-1.504896236642414624e+04
4.181742769525876065e+04
-1.430469581774195467e+04
-1.058916229874486817e+04
6.872911986473412253e+04
-5.497553860039826395e+04
-1.759305133671267686e+04
-4.761097827942584991e+04
-5.446738814607130917e+04
-3.106701824816617773e+03
6.626327376143947185e+04
-6.696605686325092393e+04
-8.174858689534316363e+04
-7.196217820131589542e+04
2.446961125140216609e+04
-7.827504809467960149e+04
2.356975117553824020e+04
-2.904773416944810378e+04
-2.906200996668003427e+04
-7.582551012650638586e+04
-9.968744548479358491e+04
6.350326458843821456e+04
1.630921399492018645e+04
8.374164318825815280e+04
-6.830288151287508663e+04
6.155207713061248069e+04
3.383886052944516450e+03
4.379199051738767594e+04
-8.552197936411610863e+04
-1.175777727463379051e+04
-9.536678403342042293e+04
-2.824352526216320621e+04
5.873400725418946422e+03
-2.750520544237066133e+04
-5.204846250232643797e+04
1.917014786371363516e+04
2.304971566201314272e+04
5.382688892393217247e+04
5.636004810790251940e+04
9.547184643622780277e+04
-5.192732090922405769e+04
1.995921950141035268e+03
7.284532447073324875e+04
-8.788127790146121697e+04
5.337831927803227154e+04
-5.971030498612497468e+04
-9.284675748330735951e+04
4.793880754351850192e+04
3.723074567865912104e+04
-4.402308695456805253e+03
-3.284240532728678954e+04
-3.928418668662758137e+04
-4.565127253422144713e+04
-4.934251006310005323e+04
9.427613420871787821e+04
5.046127358345627727e+04
2.924886139395286591e+04
-1.948984382150845340e+04
-7.157152250484214164e+04
-6.905802759527470334e+04
4.387866591020323540e+04
8.225601602285129775e+04
3.656278245238689851e+04
4.766359985319589032e+04
-3.680413660919437098e+04
8.730277182499071932e+04
5.941557728508902073e+04
9.842082291843059647e+04
-2.889502504376360594e+04
6.896943160557578085e+04
8.232190077353491506e+04
9.840547974725993117e+04
8.791145049985003425e+04
