3.421546262727407156e+04
-2.417039031109675489e+04
3.877691098528761358e+04
-2.525591085873198608e+04
1.910334369565240559e+04
8.854655947815523541e+04
-6.726711552547624160e+04
-8.524671574897837127e+04
-3.826632962592860713e+04
5.717866877450784523e+04
4.684050344307145861e+04
7.135938708379592572e+04
4.367730718245414027e+04
-6.309943479131279310e+04
5.264587739161972422e+04
-6.262133468327061564e+04
-8.823357910806110885e+04
-9.996871824304704205e+04
-1.420820679696957450e+04
-5.060853048709473660e+04
9.185629516543690988e+04
-3.591971073914274893e+04
-5.037831144001559733e+04
4.096651226933651196e+04
-8.601447167933809396e+04
-4.841185825591329194e+04
-8.880062599874424632e+04
-3.727088011045667372e+04
6.457875049414585374e+04
9.680232322027067130e+04
2.452116338219804311e+04
1.884270470006598043e+04
-7.317163618194810988e+04
-3.449292166914930567e+04
-9.920987637953101512e+03
-1.801733862715333089e+03
9.925143233488791157e+04
-8.197834043637273135e+04
6.569144627120804216e+04
8.456778542757197283e+04
-3.868832814702206088e+04
2.780424859182900764e+04
7.049618616864156502e+04
-1.884979270594876289e+04
8.625948822306052898e+04
1.191760769658193203e+04
-1.391712514626371376e+04
-3.927389824109394976e+04
9.729938816050600144e+04
4.371248121101700963e+04
5.126589692602145806e+04
-9.025851161794700602e+04
4.411878834450260183e+04
-7.658910304375905253e+04
2.394692622754012336e+04
-7.292543884568752219e+03
-4.757444078046158393e+04
4.173392544227371400e+04
-8.298847504655952798e+04
-8.820057865521803615e+04
6.728700175035888969e+04
-3.288587318533036159e+04
8.186205218941812927e+04
4.179343797163674753e+04
-2.397584901205893038e+04
5.858436314362056874e+04
-7.451877562445586955e+04
-1.968389584927690521e+04
6.340150211045554897e+04
6.392379354610310111e+04
-1.648086443434949615e+04
-8.648470818185020471e+04
-7.254861529581368086e+04
-7.410971501285223349e+04
5.200738741688906157e+04
-8.781839913890200842e+04
1.692814030492617894e+04
1.846374397202129694e+04
5.557775838220393052e+04
-2.585696940254550282e+04
5.339368478247202438e+04
-7.320127136993189924e+04
-2.944787219251236093e+04
9.261532945465132070e+04
4.411049385518392228e+03
1.977445198213884942e+04
9.366680649914845708e+04
-9.958565212904331565e+04
-2.143628739953240438e+04
-3.834494122158756363e+04
-3.651495796658129257e+04
7.465603325547221175e+04
3.675690287055769295e+04
4.761919687231548778e+03
6.103763905406891718e+04
-6.678014134807660412e+03
8.304916465742574655e+04
7.750616551724891906e+03
3.969196988923500612e+04
-8.640005525661968568e+04
7.680653660698584281e+04
1.351429385112749333e+04
2.271812974328047858e+04
-2.493674850318807876e+04
-5.029192291680764174e+04
3.948056328252123785e+04
3.166176275541340146e+04
7.347189975284591492e+04
3.130899675798630051e+04
-3.762654386611642258e+04
3.274976086630068312e+04
7.867541738808990340e+04
-6.182218812516095204e+04
-6.549181863507195521e+04
-2.807420232208428206e+04
-9.996242047536927566e+04
2.837869312130334220e+04
8.920302797765190189e+04
4.347136349103396788e+04
-5.345106509791500866e+04
2.316830074324285670e+04
1.753211431412375168e+04
-9.124018449061282445e+04
3.568600411233084742e+04
9.440043863525537017e+04
5.725053492705340614e+04
8.496271673024455595e+03
4.835828412459946412e+04
-8.218589030175526568e+04
-2.947808086900940543e+04
-4.341352897522100648e+03
2.025928476498685268e+04
7.421737904506178165e+04
-3.465758109493784286e+04
-6.331254065108358191e+03
6.936645115486417490e+04
3.018884328270962942e+04
-1.385856601665159178e+04
-7.274112795368972002e+04
-7.802986608906414767e+04
-1.464988397140618326e+04
2.140576777627408592e+04
-1.046779846850700596e+04
1.113158795079531592e+04
-4.485092709990327421e+04
8.684389589886229078e+04
5.312927687122544012e+04
-8.081251865528350754e+04
5.169686235243791452e+04
-4.241686819304130040e+04
6.037338429295884271e+04
-6.379329612625983282e+04
-3.901250502222942305e+04
-5.663851627510959952e+04
-8.393991543784287933e+04
7.066947718562695081e+04
-5.113179425058438937e+04
-6.065434732552736386e+04
-7.323959405633196002e+04
-6.906548689357300464e+04
7.305011179199065373e+04
-8.928825651089593885e+04
3.310070708668653242e+04
-3.466569903959608200e+04
6.200084269228891571e+03
5.737871616623642694e+03
1.252147083514255428e+04
-1.712071313494013884e+04
-7.824609477629033790e+04
1.815104722370375021e+04
6.119219867472747137e+04
2.090707231446329843e+03
8.830520189538557315e+04
-6.632482683628091763e+04
3.873539786422515317e+04
-3.547259022723582893e+04
-2.112016147134697167e+04
-3.394434364664667373e+04
1.299871246806244926e+04
5.813181344358600654e+03
9.388330770632324857e+04
-4.486500181887610233e+04
2.971567848470159879e+04
-6.999473970623512287e+04
1.074948748058919773e+04
9.452143270324071636e+04
8.717654580685016117e+04
-2.056657917974964221e+04
9.507718797856323363e+04
2.810859359312847573e+03
-9.000575005544151645e+04
-4.598873024438098219e+04
4.036502357851589477e+04
2.721986517081833153e+04
-9.329690998366842223e+02
-1.523014646016338884e+04
8.476714943048698478e+04
6.130933815159761434e+04
-4.050538062759306194e+04
-8.032323711224149156e+04
4.057494746489662066e+04
-7.989121856004376605e+04
-4.173062291579906014e+04
2.092818219546896216e+04
6.642251551812625257e+04
1.755096558498360537e+04
-5.517618672743370553e+04
4.464474695955430070e+04
-1.069358108809195437e+04
-3.090909544153001116e+04
-8.769030450669315178e+04
-4.775767128175559628e+04
1.775449127010866505e+04
8.934526949553146551e+04
7.956948791957615867e+02
-5.130684552279807394e+04
-7.378384225186549884e+04
-1.137848588491662485e+04
3.411972396217205824e+04
5.450690416359313531e+04
8.828950315602791670e+04
-8.741573031358310254e+04
-5.889169321677730477e+04
2.100028058164730101e+04
6.925114695835213934e+04
1.492532614473297326e+04
3.331236870655870007e+04
-9.374160238579328870e+04
2.600822040940822626e+04
1.071335116563632801e+04
7.669674589269435091e+04
-2.181241719538149482e+04
-4.314310843767445476e+03
-3.036994315880897193e+04
-4.313565866154925607e+04
9.247094892414801870e+04
-4.153122904616043343e+03
7.195270381360925967e+04
1.013240167193151501e+04
3.436219670470023266e+04
-9.154144422358092561e+04
9.509978031260921853e+03
4.786304032336619275e+04
-1.177275561336117062e+04
-1.251235826258640009e+04
-1.777615257583101629e+04
9.300052417075963604e+03
-9.951816709661636196e+03
3.936575038779803435e+04
2.523516549710995150e+03
2.884264069258219024e+04
8.430321365954678913e+04
7.265003024986773380e+04
-8.254585896419650817e+04
-5.322526352894967567e+04
7.377342781076733081e+04
6.501520537791633978e+04
4.382200143709824624e+04
-1.676762551298275139e+04
-7.870866184794234869e+04
-9.129037333138946269e+04
6.243726320373894123e+04
6.798898874687742500e+04
-4.897100196519939345e+04
7.250186016907516751e+04
