1.692553359910747895e+04
9.922989349461582606e+04
5.822956396695690637e+04
-8.659728272425600153e+04
5.704745762041081434e+03
-1.827925670906669984e+04
3.064756177544416278e+04
-1.191162993757801996e+04
-3.457808357477710524e+04
7.468474987690027046e+04
-4.390699260037884233e+04
-6.543703207811103493e+04
1.943370330188523440e+04
-6.459191575134134473e+04
-7.847345661922369618e+04
-7.752064567911264021e+04
8.592516654065089824e+03
-5.801238413071474497e+04
-7.932418234835866315e+04
-8.076049183333593828e+04
-3.528433889271379485e+03
-5.334851776567114575e+04
-5.121080236396829423e+04
9.703897186495416099e+04
2.170606314566136280e+04
6.174618133479367680e+04
-5.371179501344756864e+04
6.444815670169389341e+04
8.602830613842009916e+04
2.981138771434162845e+04
5.823095045898627723e+04
8.971197293589124456e+04
5.329445140395959606e+04
6.326211003638102557e+04
-4.867784846153933904e+04
1.295192389754659780e+04
-1.081592553664915613e+04
-6.421182851461113023e+04
-4.223503449798751319e+01
-7.262228468560368810e+02
8.598110951769285020e+04
-5.397266900868149241e+04
9.729209328855949934e+03
-3.995581018515252799e+04
4.221969922060710815e+04
2.048598317434490673e+04
4.258010308929218445e+04
-1.249003937844321263e+04
8.756951573028993153e+03
-8.718050056883192156e+03
8.629646592496319499e+04
-4.816206524720521702e+04
-8.567291916578058590e+03
7.240468542531967978e+04
6.131767066829863325e+04
6.956787802886340069e+04
8.588085728345341340e+04
7.008393242408697006e+03
-9.332764373009583505e+04
8.160932949960355472e+04
-5.868529055616279948e+04
5.711244396376559598e+04
-5.918482310188160773e+04
-7.631709766368262353e+04
1.351994635644767368e+04
8.937911716424387123e+04
8.855369232834083959e+03
-9.919801540664309869e+04
-2.553377367672027503e+03
1.089995166241367588e+04
5.548266004206969956e+04
9.542325714379355486e+04
9.533750373197747103e+04
-4.840403242222624976e+04
-9.420072132300162048e+04
9.367996006095693156e+04
4.569222183994907937e+03
3.610666822527975455e+04
-6.373820671058621519e+04
1.846404710797996586e+03
6.447643152163003106e+04
3.924564480634763459e+04
-7.544158847011908620e+03
5.756296926628262736e+04
9.457457699987919477e+04
-6.235375256491343316e+04
5.462174417756010371e+04
-3.589297861683917290e+04
-6.228857701783205994e+04
1.506831815946854931e+03
-5.136711762650610035e+04
-7.123040548605525692e+04
2.482307161175227884e+04
7.152135737218517170e+04
3.867862963472436968e+04
3.331586611952914609e+03
-3.441887342674656247e+04
-7.817982582938746782e+04
5.716245500651005568e+04
9.606628401978290640e+04
-1.588096145857616102e+04
6.776047732685181836e+04
-4.944579878432924306e+04
9.358780002186050115e+04
-7.100855365791438089e+04
-3.058521741106215995e+04
-8.561761749489913200e+03
8.375281367087829858e+04
-6.284914072096259770e+04
3.936639476038003977e+03
9.216095595338838757e+04
1.843202446367615630e+04
-7.526303637271495245e+04
5.540438983445444319e+04
-7.357403445242962334e+04
-8.783732765799439221e+04
-9.240780980659378110e+04
3.902333444956850144e+04
-1.163939611809201779e+04
2.287964045222288405e+04
1.257852590583443816e+04
1.909814560209198316e+04
8.968581850445715827e+04
-6.984888667455685209e+04
-3.594454778558058752e+04
3.449914754087285837e+04
-3.949636421804135898e+04
-7.814728987520156079e+04
4.916214260645288596e+04
1.122634713737217680e+04
8.052110798710491508e+04
8.473926173252549779e+04
-4.556306802133253223e+04
-1.796770773362010368e+04
-9.937454360393512616e+03
-5.534570128831922921e+04
8.495049969074886758e+04
6.877615595597054926e+04
-3.195938580141874991e+04
-6.896581981586543407e+03
-6.556132953553018160e+04
-8.568173461453287746e+04
7.189969301723614626e+04
-9.819610803603104432e+04
-9.781057437058065261e+04
8.612542146497027716e+03
-2.146425200455569211e+04
-6.908540006854713283e+03
3.641022551984810707e+04
6.373142593508677965e+04
4.497663746973955131e+04
-2.642953180700799930e+04
-6.334842592567163956e+04
4.839377913462030847e+04
-4.198709518149978248e+04
3.731002466096486751e+04
-6.439379517781005416e+04
6.777686773711505521e+04
-4.172828094366404548e+04
-7.283637020639506227e+04
-4.515701837719989999e+04
-6.205292549482126924e+04
-1.507580013078883439e+03
-2.825147659505710180e+04
-3.762237345530820312e+04
-2.622002510434783835e+04
-1.921162781078915577e+04
2.367170679584546087e+04
-7.083048151554263313e+04
9.809568441657995572e+04
-9.440750529679052124e+04
6.331678018480906030e+04
7.170609935784780828e+04
-4.258182824842289847e+03
-4.423764006122869432e+03
-3.742775412091566977e+04
5.461358627798662201e+04
6.949788616698671831e+04
1.948112668785643791e+03
5.382376027827597136e+04
-2.497372363254060838e+04
7.387818573292769725e+04
8.974308717511293025e+02
9.979801497559565178e+04
-5.099488444501988124e+04
-8.166965424148303100e+03
6.256952322589817777e+04
4.198187012467502791e+04
-7.967459215850390137e+03
-6.429845344990358717e+04
3.897444388808861549e+04
5.384893227695077076e+04
7.335448946289884043e+04
6.659728741227864521e+04
-1.449863258420112470e+04
-9.836215827329549938e+04
-6.226983014817439107e+04
-7.454932974251413543e+04
-4.883209463820419478e+04
4.531252361035120703e+04
-5.367436355719972198e+03
1.909143030855558754e+04
-1.209339886917207878e+04
2.509247230130358730e+03
5.118942361035223439e+04
3.392119651276137301e+04
-5.843338041047295701e+04
6.901227945029463444e+04
7.499681974678546248e+04
-4.187793406544944446e+04
7.943018060052962392e+04
5.717090754127494438e+04
-8.618193129018354739e+03
6.088966638506315212e+04
8.333541737532975094e+04
-5.862255407607885718e+04
-7.431673588612393360e+04
-1.186820470270414444e+04
4.124302222846748919e+04
5.834621282440111099e+04
2.986789436203224614e+04
-7.265038382112051477e+04
8.508776608517882414e+04
8.519260226747747220e+04
6.907769936797943956e+04
-7.332089833549190371e+04
1.972445463370087600e+04
-2.841077692700034822e+04
-1.849490078532203188e+04
-3.191688984417435495e+04
-2.084974438041942904e+03
-7.324625917524789111e+04
9.567114388331637019e+04
2.456105109418581560e+04
9.214759407637621916e+04
6.016517107222973237e+01
3.916907108047023939e+04
-1.898434533052683037e+04
1.271376409192317624e+04
1.282720976173605959e+04
3.765370351012246101e+04
3.879842033487027948e+04
-1.526852137504124039e+04
6.948480903725881035e+03
7.045826633232648601e+04
3.260543939327626140e+04
7.060896314191004785e+04
3.954220581648659572e+04
9.424005156350391917e+04
-6.403957085211816593e+04
-7.733159609331065440e+04
8.362892327939465758e+04
-4.850666686351758108e+04
8.383595670414269262e+04
6.336008321070068632e+04
-7.177662596147951263e+04
-1.017569280116488335e+04
-9.632856370311861974e+04
4.783652412993787584e+04
1.668625944880766110e+04
-4.983869124229832232e+04
2.169771286338627306e+03
4.870737908509565386e+03
-5.672919961655239604e+04
8.709636627528601093e+04
