2.585436695433755631e+03
-1.863910220158957964e+04
-6.017889983964441490e+04
-7.195645513506395218e+04
2.106930350476166495e+04
-6.696477044609528093e+04
-8.387737073063002026e+04
8.506324941509815108e+04
-7.130980228382274800e+04
-4.513321892863065295e+04
6.507068649271950562e+02
9.143304494088981301e+04
-5.805190494703865261e+04
-3.866918048262333468e+04
-9.352751464463914454e+04
-3.502402784014005738e+04
-5.318232797594984731e+04
5.553125244556769758e+04
-5.976614899919198069e+04
1.741018066952544177e+04
-1.030291808431243589e+04
6.302507867144165357e+04
-2.755349384043236205e+04
1.424122022349560575e+04
5.117133402347652736e+04
5.694593416376670939e+04
9.598632751468326023e+04
9.581784332461377198e+04
-7.176633830365462927e+04
-8.520954396745804115e+04
3.088450306151650875e+04
5.483791779682884226e+04
3.691287955852257437e+04
-1.763267505902671110e+04
-6.420411266443244676e+04
7.095693257164195529e+04
-9.166117899370774103e+04
-9.794739755890901142e+04
5.924289351904104842e+04
-7.709803015532338759e+04
-4.864930282966366212e+04
5.136171775930561853e+04
-4.286130425414695492e+04
6.697951774982055940e+04
-2.809130904200928853e+04
6.515221174011852418e+04
-5.204357487028576725e+04
-1.886175122158602244e+04
3.537627166531483090e+04
4.088227758594467014e+04
-9.366699464075898868e+04
-8.737975863809578004e+04
-6.440402038882108900e+04
-9.439679979892451956e+04
2.750967239965984481e+04
-6.575376780138896720e+04
4.548197829352435656e+04
-4.811609730955652049e+04
-9.201853138958107593e+03
-1.427281119926378233e+04
4.921717635785235325e+04
4.286949740413773543e+04
-6.131657589103595819e+04
6.231406128042899945e+04
-3.534551549117246054e+02
8.895688274025273859e+04
-9.895254780207815202e+03
-5.654225271234801767e+04
9.916162552749332099e+04
-1.580503420963246572e+04
-3.379319567752648436e+04
-3.446924382612470799e+04
8.477936731013431563e+04
5.429658206197706022e+04
2.363890570599705825e+04
3.088133273424638537e+04
6.812513494193526276e+04
9.631302869881452352e+04
-8.458279237041013403e+03
3.880082643872781046e+04
2.540859054436449878e+04
-2.070334417270057020e+04
1.398095356439931311e+04
-3.749057900892406906e+04
9.036393334979204519e+04
-3.401116877064780419e+04
-9.372215266128242365e+04
-3.659180775840634305e+04
4.060940478258314397e+04
7.748660886660330289e+04
-3.957513899384557590e+04
7.644711905502717127e+04
-8.266092456196687635e+03
7.366465281414258061e+04
-9.621057286614789336e+04
-2.660295415266574855e+04
5.937033174503088958e+04
8.479637414972363331e+04
6.485632413721684134e+04
2.966803890161015443e+04
-3.909914754967836780e+04
5.732141074979335099e+04
-4.930363066726471152e+04
3.552658686497018789e+04
-6.211533775421817700e+04
-6.985746986589377912e+02
1.060746614468808184e+04
8.999979905452817911e+04
7.502757044711346680e+04
-3.464335509479945472e+02
-2.362813737616712024e+04
-8.980448883312827093e+04
-9.128393480859247211e+04
6.602992294154732372e+04
-6.888507717396343651e+04
-3.632869204890961555e+03
1.907435723111877451e+04
8.511554764554447320e+04
7.377637006179548916e+04
4.709152029714109085e+04
8.553697450863635459e+04
8.640970138209531433e+04
5.885239340199322760e+04
-5.877436079377396527e+04
1.857386720507443169e+04
-9.071333540471199376e+04
-1.301494134287452653e+04
2.280646051142082069e+04
-1.762322011201629357e+04
3.961608407347872708e+04
-7.461566135842555377e+04
-8.298289145529315283e+04
9.019909403041616315e+04
-5.734127362524064665e+03
-7.686807606216371641e+04
2.888535396619718813e+04
4.402965889340384456e+04
-6.123906726086320850e+04
1.690606989966143601e+03
2.387963930024579895e+04
8.547318164817341312e+04
1.051718093396962104e+04
3.626929824628710776e+04
1.114185492314103158e+03
5.550691779751909053e+04
-4.208712762795988965e+04
-3.823350336154205434e+04
9.466403398134945746e+03
2.565465831078682186e+03
-4.352371114666970971e+04
-8.788798943457810674e+04
1.691811777267628713e+04
-8.288621236107092409e+04
8.128870966067373229e+04
6.772906076394894626e+04
8.163564857963564282e+04
2.800768079144297371e+04
-9.926671656518496457e+04
-5.001931620552896675e+03
8.820065760156749457e+04
-6.498708597470349923e+04
9.600508188551068088e+03
-2.528268223140850387e+04
-9.164996359855926130e+04
-2.754601554808710716e+04
3.033927929701847097e+04
4.095433446512949013e+04
-8.865451570546980656e+04
-3.415834105147589435e+04
4.091726947249616933e+04
6.153513376783897547e+04
2.772311742848774520e+04
1.144228886757031432e+04
-1.378733299107956918e+04
-6.716311365041135286e+04
-6.042214970263976284e+04
1.584473497309787854e+04
7.988259364992871997e+04
6.926874892241087218e+04
8.337137958690799132e+04
-6.919961975612572860e+04
-5.882988797491352670e+03
-7.724572504301584559e+04
7.827687204850726994e+04
-9.638433672150243365e+04
3.207174352725008066e+04
-8.741097600142216834e+04
4.002400946863606805e+04
7.085165438255938352e+04
3.236009254893594698e+04
7.294354630274303781e+04
-7.296286264879863302e+04
-1.075372005211904616e+04
7.609003647703697789e+04
-6.043561657798068336e+04
1.456809170808101590e+04
-4.333252708376398368e+04
-7.744946756230728352e+04
-2.211215165432722642e+04
5.571395094877728116e+04
7.992911941098436364e+04
7.624177321128144104e+04
4.915460366554620123e+04
-6.382334980082848051e+04
2.807860798995711593e+04
5.843995324674711446e+04
-6.682464130938578455e+04
8.094667978622145893e+04
-3.731306393973886588e+04
-4.690539778470822785e+04
-6.188036383670254872e+04
8.107185578982836887e+03
3.564462092583891354e+04
1.731153059273314284e+04
3.447299747194345400e+04
-9.830284978905056778e+04
2.613515851819003365e+04
-3.392832242712819425e+04
-3.559488024898306321e+04
6.044192112015246676e+04
-6.023566232078618299e+01
5.181752395038199211e+03
3.707884048383645859e+04
-3.807471115248372826e+03
9.978479904038677341e+04
-2.414535113322592224e+04
-4.678664531566225924e+04
-7.830328246572015632e+04
5.180389075350359781e+04
-8.083654986090767488e+04
-8.269838980707585870e+04
-6.192613841987132764e+04
-9.645542742846058900e+03
-6.337256786162494791e+03
3.136064929846557425e+04
-3.038203956628712331e+04
9.976944611670391168e+04
-6.212255115499290696e+04
-7.306614479849934287e+04
-6.401032503497015568e+04
2.640906491062032728e+04
-6.356561027973786986e+04
-8.637302093146214247e+03
-2.297724535466848101e+04
5.174902106500539958e+03
8.851100025988522975e+04
-7.699864175501235877e+04
8.040504720108523907e+04
3.909183053882308741e+04
9.554331756596175546e+04
-6.443336062054026115e+04
-4.807877817055530613e+03
3.287376001524979802e+04
2.489498646596325671e+03
8.318152603149440256e+04
-6.058692363495687459e+04
-6.240120215787598136e+04
-4.099038836502981576e+04
5.699937666675587388e+04
-3.691667586058351299e+04
5.371530780467035947e+04
2.517095258058771287e+04
7.652797311828898091e+04
7.005213860737152572e+04
-3.644162596922012744e+04
