1.851033849594724961e+04
1.948711841697603631e+03
-3.946857192320677132e+04
1.174210881028497533e+04
3.257781417965137007e+04
-9.861509309924929403e+04
-6.221695033307372069e+04
4.733111464028480259e+04
-5.288936990437100030e+04
-5.778361050192249968e+04
1.499416311065525406e+04
2.582465570217822824e+04
8.212847216081064835e+04
1.151255168217196115e+04
9.133794347739635850e+04
5.842697168512301869e+04
7.889885192724128137e+04
6.019717351366393996e+04
-5.325079925296079455e+04
7.490838259440922411e+04
-8.204425853976882354e+04
9.465410392478811264e+04
3.479225580769455701e+04
-8.732037150376656791e+04
2.111357331857533427e+04
-6.826467623242060654e+04
8.334081889221622259e+04
-1.299292835487493903e+04
-3.248946485949190537e+04
5.311303675385215320e+04
-6.033926070605787390e+04
-2.876129059315533232e+04
4.715103015741136915e+04
-1.934582638771889106e+04
-3.654553145392161241e+04
-7.789231558758700885e+03
-1.384004522303672638e+04
5.173083180095002172e+04
-5.447820950104609801e+04
3.043797307151763016e+04
3.112563617140451606e+04
7.046781871272654098e+04
1.987304616458570194e+02
-2.124651840244726191e+04
6.864285361472890145e+03
-8.774426694222037622e+04
3.551292926117652678e+04
3.147536264074941209e+04
6.790527073967178876e+04
6.843448154001298826e+04
5.580100575743623631e+04
-6.997711375766713172e+04
4.461589993341510126e+04
7.551985478193817835e+04
3.000676085366160623e+04
-7.231649105901883740e+04
3.514352058445403964e+04
-3.013603869905020838e+04
-6.881085683130228426e+04
-2.301701499444083674e+04
-8.718452066595730139e+04
-2.936595158795547832e+04
-8.946339466523483861e+04
-5.219609563342628098e+04
1.178440169037342457e+04
-2.835875638999705188e+04
-4.680837314543901448e+04
7.977817140085186111e+04
3.363756114311236888e+04
4.392007891115212988e+04
5.178145397374349704e+04
-5.598220548147336376e+04
-1.962153863894980896e+04
5.854255578908030293e+04
5.217529032283239212e+04
8.649654062355995120e+04
9.902467129761684191e+03
2.900724842611865824e+04
-5.016706688357207895e+04
-2.964774054938759218e+04
-4.078243926168108737e+04
7.901316848283477884e+04
5.880768092593874462e+04
1.686345038601993656e+04
-1.498092271078130761e+04
-5.847602269642868487e+04
2.404202488307746171e+04
1.368115731606982445e+04
-4.308759248839862994e+04
7.298615001975932682e+04
2.008918776309633176e+04
-5.464761105048396530e+03
-1.248108463953178034e+04
-7.999011190964856360e+04
1.072293364608332558e+04
-4.459789500455283269e+04
-6.388883387449125439e+04
-4.834023760001477785e+04
9.867203220807026082e+04
7.822269720272283303e+04
-8.043729400880956746e+03
4.995284065719424689e+04
-4.384864733334247285e+04
-1.482763898374756354e+04
-9.679518400996731361e+04
-9.660143079486528586e+04
-5.216998784809328936e+04
9.892774450991135382e+04
7.820639909854513826e+04
-9.972829093270032899e+04
-3.489299097828986123e+04
1.800246233069592199e+04
-8.539041710530058481e+04
-9.100536722879589070e+04
-3.537967275096405501e+04
5.238150136660380667e+04
-2.296419559990546986e+04
9.995821900383476168e+04
4.340193633078163111e+04
-7.974093992344116850e+04
-7.007156533213275907e+03
9.681891852139971161e+04
-2.061370055517762466e+03
1.486461092194127377e+04
5.625486981359356287e+04
7.873969445723976150e+02
-1.487461306254551118e+03
-7.895239417651742406e+04
1.877581112306246723e+04
4.982584521501255949e+04
-7.229317377254487656e+04
9.899844417778895877e+04
8.441218334383575711e+04
1.023919897068590399e+04
-3.418746742386599362e+04
5.855107580941088963e+04
1.371291010970369825e+04
-2.227914361289665976e+04
9.422096339149108098e+04
-5.664857328366823640e+04
-6.913042193495009269e+04
4.870767535240690631e+04
-4.136201611720192886e+04
-2.715404458535155572e+04
9.233431880274247669e+04
2.514279753957612229e+03
9.503515184143613442e+04
4.454194273924049048e+04
-6.526344660392954393e+04
-8.216834976264172292e+04
-6.055517400852556602e+04
-9.263324319117635605e+04
-5.992822860088749439e+04
-1.731077887579028538e+04
-9.179919196880016534e+04
-9.101851357723164256e+04
-3.865915875114079972e+04
-7.387489232836568590e+03
-2.916387100426971665e+04
1.898467586131967983e+04
8.254597623721316631e+04
3.739089128674294625e+04
-4.320147139810764202e+04
8.673406046310870443e+04
4.603155102151204483e+04
-2.562657889186404282e+04
-9.148908438640255190e+04
6.416228107572951558e+04
-3.932454358170628984e+04
-6.812103807929248433e+04
5.084164326554260333e+04
6.106839578549069847e+04
-7.409631008602322254e+04
6.773164314132303116e+04
-5.361535415437610936e+04
-8.949771083260400337e+04
-3.283403939975870890e+04
6.235028660810826113e+04
-3.708839391205786524e+04
-3.677556380314316630e+04
-5.181633050733057462e+04
-7.435046447077099856e+02
3.279051063057341526e+04
-7.460925589105078870e+03
-5.210916313182855811e+04
-9.290240145591089095e+04
-5.106393052689091564e+04
-8.829898977683103294e+04
8.699015828435368894e+04
2.871495322965180321e+02
-8.797093999447954411e+04
9.213656295841443352e+04
5.769265533615983441e+04
1.427128280024172091e+04
-5.882334669782681885e+04
8.269148984809048125e+04
2.364501563122883454e+04
3.968177175058558532e+03
1.136545354590522402e+04
-1.225580529224696329e+04
3.261944706301514452e+04
-4.160241560227506852e+04
3.885270231805407821e+04
6.142096700051270454e+04
-6.820129457343192189e+04
9.686843449655301811e+04
2.354559075005005798e+04
7.456974750458985909e+03
4.533172820037084603e+04
3.588668478849533858e+04
-1.433423160419822671e+04
4.929371673207922140e+04
1.951355117785388211e+04
8.104351843407677370e+04
-9.613839995988865849e+04
8.132425384393015702e+04
-1.499558258690668299e+04
-5.613415530507350195e+04
4.767930486901182303e+04
7.003380006806772144e+04
-9.438416980678081745e+04
-6.973352949823327071e+04
-8.446177401126045152e+04
3.619680044140613609e+04
-8.976784140240638226e+04
9.520314149473063299e+04
7.188575584755491582e+04
6.363947816256772785e+04
7.632707686987005582e+04
-4.559092964075367490e+04
1.236773292517436130e+04
6.904675063096910890e+04
6.062792321106926465e+03
-6.021293790098731552e+04
-4.106784945043340122e+04
8.423985672651199275e+04
2.988028110489685787e+04
-8.971813640959083568e+04
-1.159425009312134171e+04
4.481679631121823331e+04
-1.977329060398303409e+04
1.392845482776241079e+04
-7.717326209917910455e+04
-7.212969777548978163e+04
8.378861582162327250e+04
-6.228562286944047810e+04
-1.486940789285794017e+04
-2.688253204489839118e+04
2.744735448505598470e+04
-2.788430675530923327e+04
-5.932902526662490709e+04
3.666602478988232178e+04
-2.914774068514852843e+04
8.666528090899418748e+04
-5.226549249178139144e+04
3.719105205878004199e+04
-6.959890893635082466e+04
4.307460458643669699e+04
1.763531812854045347e+04
-7.183849251058304799e+04
2.921672560304472063e+04
-5.831938792457850650e+04
-5.875977292620081425e+04
-2.104813595603175418e+04
-9.863243455151906528e+04
