-6.141680913255463383e+04
-9.584397189833912125e+04
6.813154508466541301e+04
-1.929856814875048804e+04
-4.103334210785863252e+04
3.830140794402011670e+04
1.908892207066884293e+04
4.535183477035647229e+04
7.865007000161967881e+04
-1.042809938400673673e+04
-9.717168994676151488e+04
-2.498071413697659955e+04
3.829545410068344063e+04
-2.420274226121771790e+04
9.379503918644470104e+04
3.342218179095826781e+04
9.623720727506879484e+04
8.925559967333803070e+04
1.089865598746784235e+04
-2.559198212372065973e+04
-3.407386219998548040e+04
7.876683028320574522e+03
-4.014089671067283052e+04
2.011024864155167234e+04
-8.931999874563993944e+04
2.244364544432712501e+04
1.591304955373365010e+04
1.494945635354185106e+04
1.068833849669061601e+04
-8.520236251590348547e+04
9.068687136054273651e+03
6.274478084493622737e+04
8.589852250003899098e+04
8.897356704295704549e+04
8.486262204381148331e+04
-4.030060185335467395e+04
-1.053883867174365332e+04
-6.859737329481054621e+04
-4.509677354883364023e+04
-3.352411929774830787e+04
2.241235505747236675e+04
5.271920915382666135e+04
-3.460581600156400964e+04
1.486335394546873795e+04
-7.106839638610577094e+04
7.087074075621226802e+04
6.998284052091040940e+04
8.673954508152976632e+04
-8.856467530739323411e+04
-3.868161851438873418e+04
8.894812599336213316e+04
1.025073417139309095e+04
9.387643344653920212e+04
-7.789234200810376205e+04
-2.079241141247223277e+04
-3.968999401812536962e+04
7.115138411219589761e+04
-6.282590953530771367e+04
1.225370272935321009e+04
5.181144879261391907e+04
2.298707007295971925e+04
1.644146994707148042e+04
-6.604704094989226724e+04
8.266245128770561132e+04
7.639945667364705878e+04
-7.672548946474315017e+04
-1.511423645266745007e+04
3.707652038905413519e+03
7.159458839843192254e+04
5.652132635713718628e+04
-2.789733534877346392e+04
-7.385203331058761978e+04
-2.320499156378966654e+04
6.470472860680112353e+04
2.214292803351561088e+04
-5.962985385279982438e+04
-9.009170657057895369e+03
-7.904852227876128745e+04
8.739347316197394684e+04
1.645380459597612571e+04
1.244383203921429595e+04
7.529208621929466608e+04
-2.940939059509431900e+04
-7.931528338448784780e+04
6.907314242327121610e+04
5.142382614929263218e+04
-7.696685730614983186e+04
9.449254401406663237e+04
2.796284605547319006e+04
-1.251518320916702396e+04
3.414161669072626682e+04
9.619839429605743499e+04
-4.762320134720443457e+04
2.368428478485458254e+04
-1.060512047774558596e+04
-9.850378264278877759e+04
8.719903029874316417e+04
-1.702786594721585061e+04
-1.654398116444595507e+04
-3.289118467805218825e+04
-1.446667849348338495e+04
-7.883013034718787821e+04
-4.519858266608561826e+04
2.432744499725870628e+04
-5.270822887272261141e+04
-9.516991940078075277e+04
-5.661934242426727724e+04
-7.380670453015276871e+04
3.829676257898669519e+03
5.288495634211182187e+04
2.555168104988405321e+04
2.823262604102316982e+04
-3.043089065572160325e+04
3.618771450516516779e+04
-4.504583831076032948e+04
3.943613634780710709e+04
4.980298879939463222e+04
-3.787924657979885524e+04
-1.647557341605054535e+04
-9.619232075801263272e+04
-7.427198876432332327e+04
1.877809589180224066e+04
7.674749510437212302e+04
1.007121252597093917e+04
-7.612126422251420445e+04
-3.119546881413436131e+04
-2.702229313126204579e+04
1.188164247641053589e+04
1.719907087068244073e+04
6.153668416443676961e+02
-6.123620022768698982e+04
4.866654495350355137e+04
5.837775743174146191e+04
1.225019252266180047e+04
8.885088727418130929e+02
-5.406619223480503570e+04
3.926869812518318213e+04
1.796169375781155759e+04
-9.450964924939558841e+04
-7.445619959011317405e+04
-4.599367556264631276e+03
-8.578974424151604762e+04
2.239135864974612196e+04
-1.969809660342013740e+04
9.598624574131635018e+04
-9.478489876141778950e+04
-2.432994754225988800e+04
9.291056651817216334e+03
-3.089730070494558458e+04
2.130256213548305459e+04
1.506243277310188023e+04
-2.547522304636479748e+04
4.395362128830746224e+04
-2.850557895117564112e+04
-2.052274474760443263e+04
2.083698832154177217e+04
7.371178824965134845e+04
-1.384208337147269958e+04
5.454542955553539650e+04
-2.345022331195216248e+04
4.958820262504542188e+04
1.539986543508742761e+04
2.995998419502761681e+04
-8.872296421424094297e+04
9.600171712642339116e+03
-5.281113862632603559e+04
4.219996936334397105e+03
5.922648718976410601e+04
-8.502085880015495059e+04
-2.071602987680102160e+04
-5.636939522415232204e+04
-5.103819013539342268e+04
-4.602497105260297394e+04
1.088956072109698289e+04
9.048414618508356216e+04
-4.931258605441544933e+04
-9.368191402613261016e+04
4.127212820241050940e+04
3.110164565089621465e+04
5.113648919110776478e+04
-7.159249767419348063e+04
4.359926168426688673e+04
-8.533857441774803738e+04
-7.012933295974697103e+04
-2.845976407717863549e+04
-4.091660320188783226e+04
4.720630727071242291e+04
-3.271149672995957008e+04
-5.015961972840808448e+04
8.132984381794252840e+03
4.658493465518647281e+04
-5.135659657997881004e+04
9.539417254828482692e+04
6.762776198003605532e+04
1.197298864477668394e+04
9.643215376011026092e+04
6.719100597015049425e+04
-2.513354439751974496e+04
-1.686900530814329613e+03
5.652071721529729257e+04
-8.504978988139776629e+04
8.549847419591947983e+04
-8.318635201847145800e+04
5.070055850846255635e+04
2.272504938227585080e+04
-4.217089449487821184e+03
4.449377844772887329e+04
9.759930314650537912e+04
9.355498698213562602e+04
2.356392691941691010e+04
1.767395955315479296e+04
1.859410333931975765e+04
2.859321204936659706e+04
5.609621979628316330e+04
9.498316059002703696e+04
-7.503835151320637669e+04
8.171861926932216193e+03
5.974276457071921322e+04
-8.324562522320575954e+04
-8.472184015327133238e+03
-6.922313536934970762e+04
2.643462577975358363e+04
8.677010338213213254e+04
-2.670753002283784735e+04
-6.026365088026566082e+04
-4.729699107433264726e+04
9.267724601953482488e+04
6.482617225604000851e+04
-7.995610123254453356e+04
-4.576903354990348453e+04
-3.411553272877396375e+04
8.225115923146583373e+04
-8.241853362566685973e+03
6.182522265025375236e+04
8.082728708271753567e+04
-7.503619917323438858e+04
7.113532762063975679e+04
7.907861747183682746e+04
5.058750464279532025e+04
3.310846757426732893e+03
6.524710403764416697e+04
-9.350179151986034412e+04
1.501003749836608040e+04
1.011592429093739156e+04
-7.646195446688194352e+04
5.879128060192977136e+04
-9.069528759186118259e+04
-5.023604399619092874e+04
4.544100074168331776e+04
6.503933439909559820e+04
-9.871172270136543375e+04
-4.885953387198640121e+04
3.305051474545967358e+04
5.055767992141685681e+04
-8.733464975329623849e+04
1.933225993959536879e+02
-8.161608008063510351e+04
-8.012047784772417799e+04
4.339709708632780530e+04
5.995115264024362841e+04
8.548161961086603696e+04
-5.396606027713665389e+04
5.446232300774606847e+04
9.464526915039841697e+03
6.407547380764274567e+04
