1.805331893424334533e-01
-1.974073482025972548e-01
5.670504431094275377e-01
-1.428971121014926127e-01
-1.561166315735018628e-02
-4.225975675443411905e-01
4.760600613877367659e-01
3.913643154259414114e-01
1.898248596560640489e-01
-5.745094557017881298e-01
-6.810310890471205081e-01
2.480563818091978678e-01
2.719645601226609033e-01
3.087837308909842093e-01
8.739029753197551098e-02
1.341909286325096984e-01
3.417157393794154618e-01
3.448363379910736604e-01
-3.023756904125983747e-01
2.912286488938231610e-01
4.662779918308361804e-01
4.651315794470996245e-02
-2.285635216656468904e-01
3.224820101704504727e-01
6.984501353284490455e-02
-4.682917340480854396e-01
5.384052008833385417e-01
4.279972019575748465e-01
1.665755089135377565e-01
-2.914815767346310427e-01
-3.835590482012955493e-01
3.678757353920488748e-01
3.747098444472675149e-01
3.510904022331685637e-01
8.867847691868308013e-02
-4.920265150313984925e-02
3.675940251051704188e-01
-4.866389041906222235e-01
6.032397776111497745e-01
1.930811603323992764e-01
-1.267614616417571949e-01
1.594098835653315893e-01
3.635852864740450330e-01
-3.950255397858611350e-01
4.085172462590993536e-01
-5.170881991066917927e-01
-2.745074527186379121e-01
-1.327178023843188504e-01
-1.847733023621036252e-01
-5.836342782261887407e-01
2.106304259143630120e-01
-2.340387857825308726e-01
1.956450385695416017e-01
8.205492978874856513e-02
1.959395074676345549e-01
-5.037355919657291459e-01
1.343479862319562901e-01
5.216897079636981793e-01
9.105252457456942672e-01
-5.319362714302402484e-01
1.290780865588182502e-01
-2.355309291676895012e-01
-2.583895700982958843e-01
-1.133722258185191900e-01
-3.696352775273971103e-01
-1.096549595303744906e-01
-4.511215480985825699e-01
1.228664447983857377e-01
-8.568668338738338885e-01
-6.406526904607493522e-01
7.819491553423931762e-01
-1.137585792297837461e-01
-5.174743277937827735e-01
-2.033032393265082616e-01
2.218742657640574989e-01
-2.928431421778073251e-01
6.089533354717574509e-01
1.354070539541105123e-02
2.987475129340005919e-01
-1.717955416310256722e-01
4.497492846358276397e-01
-3.841174883983864419e-01
5.324349732614871433e-01
1.529710367779696378e-01
-9.355132131996035660e-02
9.354781143851459424e-02
-1.545440764316515780e-01
1.252628051252591135e-04
4.874788446825932264e-01
-1.309571812298240545e-01
1.978949080401085081e-01
-2.285055634072303832e-01
3.221368001937084391e-01
-4.109742703198915326e-02
-6.918084439240098638e-01
4.112623895234078231e-01
-4.461520546578286450e-01
-3.344776458612753745e-01
2.575029776033824214e-01
-9.934294148940726876e-02
-1.115013691098999671e-01
8.109808852800948209e-02
1.924242947299985851e-01
6.228874823664607430e-01
5.427690099283695169e-01
2.887833322844315931e-02
7.087700600824638208e-02
5.048044050271943695e-01
-3.878627275337083180e-01
-1.084457729615735389e-01
-1.610148876655249917e-01
-1.269998055554275029e-01
-4.035943123851349901e-01
3.009532286836703041e-01
-3.428388167230802530e-01
2.224758443400905450e-01
-3.761817176731529488e-01
-2.402565913868244252e-01
1.746802401189435083e-01
-1.917252902932670977e-01
1.507659077616590737e-01
1.826846900812320040e-01
-1.707721448216047988e-01
-2.256031010390361635e-01
-2.182522936115700862e-01
3.147219567257599770e-01
-1.437283456796957792e-01
5.418418693372462069e-01
-1.945007645797228180e-02
3.976748894880641205e-02
-8.398608303462555547e-02
-1.697852312115136486e-01
-5.570538691987001467e-01
-3.070221390171177789e-01
-1.889837172298985957e-01
-5.363242117218869343e-02
5.596774916999651683e-01
1.384907873017646521e-02
8.547413646062804182e-02
2.802007090236579012e-01
-3.985374855159171670e-01
3.254671159088970422e-01
2.404934310830740551e-02
-2.933255125150968090e-01
3.079258836871574812e-02
-1.523432556956627604e-01
-4.925987464421646700e-01
5.461911388627738173e-01
-8.072052936782956323e-01
-6.193573758024364384e-01
-4.765218552926072104e-01
-3.143281059366310193e-01
-4.649598065427275051e-01
-2.115584024082393932e-02
-1.444003633922219532e-03
-1.567220626872756206e-01
1.729378302300481340e-01
-2.343321252306575508e-01
-6.368669706801280417e-02
-2.124850261093931547e-02
-6.257606084153569670e-01
-2.026840210968023359e-01
-4.372174197100908710e-01
5.241990406701071414e-01
-3.369822757802852786e-01
2.431525613380889905e-01
4.283747765036393651e-01
-4.827439388152862110e-01
2.448081808212156374e-01
-3.577529613456223445e-01
4.910560487299875376e-02
-2.008616821237116101e-01
-7.280847721832239827e-04
1.042465574797735717e-01
-2.325478502355224630e-01
-1.838147524204939917e-02
2.618185791268396456e-01
2.638044392391342141e-01
-2.989435964008938518e-01
3.963071689815365894e-02
3.484138481692864442e-01
-6.985743404207962470e-01
4.732720731019292582e-01
2.145266514624167009e-01
1.351094183760941925e-01
4.429916758981093938e-01
1.563239573063420762e-01
-2.648088051496372275e-01
-5.417851224233612983e-01
-8.198652919254256766e-02
2.510831650358817391e-01
2.263047917226596317e-01
3.317944687673502480e-01
-6.405412116953255186e-01
-1.555189490593348878e-01
3.981025896043078327e-01
4.399904244222028193e-01
-1.218459481761947627e-01
2.895757964615623403e-01
-3.293370322131420336e-01
3.679105390657228664e-02
-6.356696228999439979e-01
2.750698470526372064e-01
-6.179869445202303968e-01
7.519468478462770777e-03
2.413667817443621855e-01
7.755922941780037105e-02
-7.580878012568437185e-01
6.991829959918896553e-02
-5.967407882716562195e-01
-1.365839590877995890e+00
-7.052601827845833560e-02
7.499423218889292864e-01
-1.550138323401826779e-01
6.074733530484855565e-02
-4.093506657000344218e-01
-5.052648511301068013e-02
3.199361602377178149e-01
3.578385751776573809e-01
-5.300232970806787458e-01
-8.108910019551746062e-02
-9.546793550568564990e-02
9.741015992274956181e-01
9.309995972987810120e-01
1.754500982055675340e-01
-1.938050569123741240e-01
-3.476623975078346196e-01
-6.410469553358658645e-01
-1.996126808483902337e-01
4.153437700006684663e-01
1.286981136948617266e-01
-4.350506313664835867e-01
-2.929575341331490668e-01
2.998258900992000764e-01
2.943228868197742543e-01
-5.548650278759860166e-01
-4.350854167807897965e-02
1.295810237343580917e-02
1.139290119498950760e-02
-7.704607570992779708e-01
-2.322964981546006835e-01
-1.414978120255676597e-01
5.780324998845125517e-01
6.798735415564809426e-01
9.133251795457538735e-01
-4.096815627320089109e-02
3.309570746735726599e-02
-2.902410984512772130e-01
4.575475687639207756e-01
-1.416989721313786643e-01
-8.259658098793354331e-02
-5.649489468428903205e-01
7.877566415703129987e-01
7.731250824342533745e-02
-1.395677266115529780e-01
3.920450479293006718e-01
-2.483962016622114077e-01
3.339494586089988837e-01
-6.631198615490396797e-01
-7.169668663915856888e-02
-3.700689479841050566e-01
-5.165246328858452696e-04
-1.011851446995765125e+00
-2.876470732509142647e-01
2.696699655001305596e-01
