1.369400127010121260e+00
-1.105041861784961332e+00
-9.859819229983650679e-01
-3.695887648759371036e+00
1.005033885811431604e+00
-1.251753497984724017e+00
3.978136226992591840e-01
-4.681421111522495737e-01
1.094116006412990005e+00
-2.284864829276314513e+00
-3.807285308266844526e-01
-5.606592106424235222e-01
1.303672821656257419e+00
-2.484309080642676248e-01
-1.456629824543542284e+00
2.041024453053483512e-01
-2.038239032598987865e+00
-2.063380518481357839e+00
-6.276595946426719586e-01
1.973111266223241067e+00
-1.958531150681117161e+00
-1.717078669772995891e-01
-2.465595830748640083e+00
-6.844609000078917538e-02
-5.025882413111952829e-01
1.374654384010346897e+00
-9.178581249452635316e-01
1.366906546564609304e+00
9.510343591959752318e-02
2.137134774884992816e-01
-1.078972354560394864e+00
-4.845157413225432141e-01
2.082095373253058934e+00
-2.854696658058991088e-01
-1.796064594833129746e+00
-3.684480651870702395e-01
1.256856351139573391e+00
-3.007743997941874081e-01
-1.285245711436455718e+00
8.590285414782580231e-01
-5.729096721660564828e-01
-8.877904350735630334e-01
-1.353929723515473693e+00
7.289772910184972865e-01
9.133713727035388530e-01
-1.237540093378388883e+00
3.438016253182616389e-01
-2.553249172235448894e-01
-6.742884255454363318e-01
4.316863202807688094e-01
2.771298503201881092e-01
7.019858596171606180e-02
6.329068325664000128e-02
-3.507554517295350949e-01
2.196249748924599121e-01
1.639327935189667240e+00
-9.180312345721561851e-01
-9.860493822039936851e-02
-8.820790360599618518e-01
-4.501158770601448866e-02
6.153014744147750070e-01
7.407600531835623059e-01
-8.088138485045119896e-01
-1.226147363840593751e+00
1.366259290059301579e+00
1.127805892087912376e+00
-8.169110136557280466e-01
1.737165356671450667e+00
2.275238819754818564e+00
-6.439026677510879537e-01
2.241519606320577562e+00
2.388095096777054671e+00
-2.896744561105919935e+00
1.132475288833326932e+00
-3.285090943180161149e-01
-1.998508132711564189e-01
8.435793208025469392e-01
-6.201051891860330789e-01
3.180953292769531648e-01
-4.264920295284551632e-01
-2.425141562096434500e-01
-2.773261219077024498e-01
-1.480847591724780532e+00
1.826636104780717140e+00
2.561883753816953657e-01
2.000032630778370013e+00
2.201906669546741246e-01
-1.109124959370827668e+00
7.252787108679844552e-01
-5.606364872552720424e-01
-1.237463396969227802e-01
-1.839441026263205714e+00
-2.277047342413683340e-01
8.634194514864019787e-01
-1.133503520339897763e+00
-4.173627674837865342e-01
-3.444370280026213260e-01
-3.372754110544219919e-01
-5.953099509291347458e-01
-1.661598014224142439e+00
1.751297325264964844e+00
1.156434451035053546e-01
-7.677697064086606016e-01
1.407231073055821735e+00
4.876104916931083277e-01
1.273902693971734834e+00
1.870968779803918070e+00
-4.146247307089069301e-01
-2.918275590719452417e-01
-1.813211092230414268e-01
-1.694769124484211797e+00
-9.064630780665408061e-01
1.496336731023230726e+00
-2.432434643356108595e+00
-2.534592960076791357e-01
7.623874461610395947e-01
2.162321511234778004e+00
-2.208256157576468315e+00
-7.269613398819786410e-01
-4.818296850298723344e-01
1.428411303177829161e+00
4.077468028018013668e-01
-2.758745245233221732e-01
4.751935782985043932e-01
5.785452746424686321e-01
-4.411981972602496693e-02
1.096223578257467524e-01
-9.224069548537179308e-01
2.998889251680063039e-01
1.426828302761070644e-01
-7.623016357193553860e-01
-1.465353247782765989e+00
-1.043657957495141009e+00
-3.279113502678606684e-01
7.099065583009226410e-01
2.678996120493309929e-02
-4.601192666154491073e-02
-5.049081250530808029e-01
-1.828699175743240257e-01
6.359799457085626440e-01
-8.011634120920900493e-02
3.411576558351071542e-01
-1.838831801489981821e-02
-4.842844401416550038e-01
1.479670407296848289e+00
-9.288398792107653845e-01
-1.904159675247689476e+00
3.540540263435359991e-01
5.907359518632213646e-01
1.230606819277933806e+00
-8.412325663865871661e-01
-1.336803137772883732e+00
2.652190843458088310e+00
2.182033301742989095e-01
-8.589870398059198386e-01
1.652510217953210570e-01
-2.210541986098217559e-01
-1.478317870635930120e+00
1.037507326611412317e+00
2.118198492831975255e+00
1.431475761650829792e+00
1.065564386953092635e+00
8.219029255701177927e-01
1.974923079355196398e+00
-6.595564060664571571e-01
-1.516870559148805864e+00
2.234607463147391671e-01
1.400302244179073341e+00
-2.361055297749398818e+00
7.496766973845978566e-01
-1.981091315726944968e+00
-1.364502001825160238e-01
-7.461852719961534763e-01
-3.317558146299721678e-01
-1.710578984942293435e+00
8.381273856045458048e-01
1.465905749234483135e+00
1.833725642514576704e+00
2.344124201575191191e-01
8.724621252818137718e-01
-2.222100556533676663e+00
-5.710960595627568859e-01
9.705265051720998182e-01
-1.181876953794811058e+00
-1.210166615380269706e+00
-9.871499531276686223e-01
3.155656109000100074e-01
-1.013670722093072407e-01
-1.233390942637317522e+00
-6.725600409530623214e-01
-1.704741090594918962e-02
2.156192469869973927e+00
8.330599016868660278e-02
-1.314161405712462427e+00
-5.846085361720445572e-01
-6.035186363002677246e-02
-6.871544967512326352e-01
-5.135850333268887624e-01
-7.199580870887043460e-01
2.566762119035413958e-01
-2.822489725087103940e-01
-1.046426496105275161e+00
1.001086880790364564e+00
-4.139934345427024320e-01
-2.294397066239589056e-01
2.118257074780452998e-01
-2.371025989896878849e-01
-5.159580084886137286e-01
-3.353421180990600048e-01
-8.177299974487673984e-01
-2.023569832075180486e+00
-2.517540119579719793e-03
1.995744284866596718e+00
-3.266230601211501106e-01
2.846543341358077628e-01
-1.466313675765431368e+00
-1.073161189138914118e+00
-1.374361938282909090e+00
1.419506812615584312e+00
2.069809556593663391e+00
1.699760567271284772e+00
-1.167860503975053588e+00
2.307208389904589652e+00
3.657013829976830666e-01
2.728711700437964627e+00
-2.174250098664239683e+00
2.126096505587997232e+00
-2.994348047433953441e-03
-4.396040341205957880e-01
-1.452234403172832478e+00
-2.876806380586876877e+00
-4.157895666265033485e-01
-1.467451413741092336e+00
2.730756579994499944e-01
1.132935687878029452e+00
-2.021990402347478150e-02
1.182047152138202328e+00
-1.565256681523974125e+00
2.968848973373412914e+00
2.182697530344248626e+00
4.982166218968907545e-01
-3.587890179242798183e+00
3.495803863691042679e-01
-2.443915849425548625e-01
-1.132931493779214538e+00
-4.280870445956860282e-01
-6.934286196490996312e-01
1.016728959001319099e+00
3.768346999843221190e-01
-2.676335680595240407e-01
-1.108187608703830040e+00
1.505347303520731650e+00
-2.538144403052240428e-01
-4.796649223554514951e-01
2.098617016203799590e+00
-7.760259060099390371e-01
-1.711590152756988115e+00
2.226930830684448637e+00
1.704012383014434029e+00
2.555959336272855431e+00
-1.223039145593004529e-01
-1.472249921655749139e-01
2.730372741167558237e-01
1.984680637812848092e+00
-1.799417813641027930e+00
