3.610938536120588682e-01
-2.196288990946587971e-01
-1.075588242936377503e-01
-8.554560885665328518e-03
-1.598606531581273638e-01
4.350107722845322211e-01
-2.250887244017598932e-01
-8.422722394204412710e-03
2.890355068316317055e-01
3.252653554613866849e-01
-5.327648087589122172e-02
-2.093024593244470835e-02
-9.814037676031292512e-02
6.671562871261225991e-02
-3.241376812268044194e-01
6.826724699389129236e-02
7.883534337545024251e-02
6.590448254489300606e-01
1.091124971444270703e-01
-3.129210488968103138e-02
2.346292983850825076e-01
-6.792670020523038782e-03
-5.115932121252186882e-02
3.409884108293292915e-02
3.804188411079043597e-01
-3.256218690564111062e-02
7.402996175254735745e-01
7.682607431564000833e-02
6.339368254051788165e-01
-1.728266952199376538e-01
1.052258952976833084e-01
-2.452397001875893934e-01
-4.843972320579881252e-01
5.157510685244814930e-01
1.456162794238020086e-01
5.302701073609587812e-02
4.014480530782448819e-01
3.160647089783144015e-01
1.097432985080441792e-01
-1.587026202932163566e-01
5.561117173024778815e-01
2.896996418669998685e-01
-2.759114621974415038e-01
4.275891655181119910e-01
-3.262657855170444376e-01
4.477817993874995683e-01
-4.176271625063282533e-01
-1.518302180188767225e-01
-3.040628821784985836e-01
-3.866128335170814778e-01
-4.233312178318269225e-01
2.584055277141302787e-01
-3.141616570405416087e-01
1.021741614573555557e-01
2.896567804393002099e-01
5.239583068806524802e-01
-1.704935429718752726e-01
3.005804511258974299e-01
-1.201295125043010462e-02
-2.666343811801132890e-01
2.901138882801875818e-01
1.934429256972802491e-01
5.667496379187478284e-02
2.074950672870392587e-01
3.762116755343249408e-01
-2.093405918098137641e-01
8.976144890652705544e-02
1.917310421415023280e-01
-1.231576936600299876e-01
-5.004231096109571508e-01
5.904007417083623199e-02
-2.645750188717239104e-01
-9.261275355757189742e-02
-2.520909626060930386e-01
1.509526157129897073e-01
-9.100191515919244800e-01
5.498618769305987364e-01
-4.261155140128257413e-02
-7.739024388886339700e-02
-1.145698829418394238e-02
-4.357643701196485253e-01
2.804701792409434735e-01
7.457128298203227756e-02
1.203435951821853478e-01
-5.612470644136477449e-02
-5.581081090962322078e-01
-4.277179964125549239e-01
2.452097803117474217e-01
1.101699190075585144e-01
-3.407852368609138871e-01
-2.499931157860494357e-01
9.115988109213628288e-02
4.179574665489432794e-03
3.830784511217352750e-02
2.860174716696615993e-02
-4.353350195353666852e-01
-2.833583013538784057e-01
8.279736160591657512e-01
-5.053140284308363928e-01
-3.308811383062209566e-01
7.930004056937656198e-02
-2.183897909889724320e-01
1.904973541442911977e-01
-4.035581455100633597e-01
-2.813598072347700541e-01
4.724145798930338147e-01
-3.229600711595199958e-02
2.595318732641160864e-02
2.995138016957547555e-01
3.198655032234925533e-01
5.189036395638648713e-01
1.597586908114581594e-02
-1.339663608983053256e-01
-3.039818699646869016e-01
2.578786397767221517e-02
-5.563168918991259204e-01
1.240115953492883089e-01
-2.953629049397210604e-02
-4.993185261199771519e-02
1.506937034164672340e-01
-2.917999390402650217e-01
-2.171129193243626077e-01
1.242940770938023298e-01
-4.003420091660845337e-01
2.743451213041910308e-01
-3.442483651149988999e-01
-3.714285320846083538e-01
7.159317429980449621e-02
-9.941044276645267033e-03
2.901421682649246020e-02
-7.143738292686507840e-01
5.918493878585546764e-01
-1.464861249605076965e-01
-5.658366668977991010e-01
1.721623607464645433e-01
3.162945935194430014e-01
1.500566208510975552e-02
-3.342278442149125284e-01
1.289313535927486820e-01
3.930194134229823832e-02
-2.578226471699694988e-01
1.337015591598421926e-01
-1.568592833548689280e-01
2.147983665310473911e-01
-1.745489535804860548e-01
5.576804285744850764e-01
-4.047922283148108757e-01
3.012484327062993628e-01
4.082456378952899201e-02
-4.176195639785069136e-01
-3.276177719181443404e-01
-8.746189721420213892e-02
-5.491553844150505459e-02
1.140632275306243809e-01
-9.119695121192267218e-02
-3.018968604296336233e-02
7.569263359518013656e-02
-3.382096364172846314e-01
-2.826166080094400512e-01
1.007410862000443913e-01
7.991872803454480589e-04
-1.131799467101450296e-01
7.910206809881935308e-02
-6.233940945823690516e-01
2.629991481678362608e-01
4.005233443532184995e-02
8.696990664337411747e-02
5.134279576781503734e-02
-5.504289634840922041e-01
-3.293438114629872460e-01
-4.800494543225775068e-01
-9.666098329897876429e-02
5.999891219697630618e-01
1.793526469000695234e-01
8.708933862819276395e-02
-2.060325633120902999e-01
-2.501975995855786061e-02
-4.756756256866916388e-01
2.302235406848110733e-01
9.756863099073051493e-02
7.187846569470621727e-01
3.614109666151509720e-02
-4.356021105632013057e-01
-7.338297730641146766e-02
-4.537600275852848308e-01
-9.457676842689358154e-02
-3.453542157117912570e-01
-4.950424449976485453e-01
3.076137672451916272e-01
1.286136576467461490e-01
2.075668301711218189e-01
-1.490107738657649172e-02
1.844037790771832774e-01
-2.229666000796352021e-01
1.392566348549708899e-01
-3.043584077596601656e-01
3.918109258164935715e-01
-4.651668419170215674e-01
3.417143143331474731e-01
1.064549314757360088e-01
-1.445991648752922160e-02
-1.195977973158129926e-01
6.941892087428327973e-02
-1.730667511760894395e-01
-2.737016219161709715e-03
7.955071752737001567e-02
2.196261704151582506e-01
1.398436095281763714e-01
3.841866721063180723e-01
-6.272551594214445525e-02
-2.178466167711192447e-01
-8.617627806599811868e-02
4.425206838495748252e-01
8.031563936230874667e-02
6.025922887364341118e-01
3.527539896936050523e-01
1.319143873892043572e-01
1.653227097987174099e-01
8.234719312437085992e-02
6.377124088694083315e-02
-3.314210554835411715e-01
1.711634911148238458e-01
-3.262857241658927987e-01
-9.153779893121620492e-02
1.451982824024245777e-01
-2.496392604163723550e-01
7.455848922535843193e-02
1.439950786160470730e-01
4.553972103188898279e-02
-1.702650320492253289e-01
-6.043217250601493618e-01
-1.460934273041409048e-01
7.484188697589204686e-01
1.074417183698264111e-01
5.327290198761762685e-01
-5.196962985746087504e-01
-4.541343266755710206e-01
-3.855554015659091172e-01
4.033289034726645905e-01
-2.023479125368071729e-02
-1.288052936496412726e-01
-1.574963291971835377e-01
-2.011122963737714264e-01
1.143644724686621594e-01
1.579155320481432367e-01
-2.013930181984440598e-02
1.209712642814099459e-02
-2.505132314805207927e-01
1.136408612205385138e-01
4.583805627620789469e-01
4.679876671189480142e-01
3.282725679281387476e-01
5.321096744389424149e-01
6.628626221571983779e-01
-1.975437294058163262e-03
-2.888609299274194631e-01
9.105609843871532993e-02
-1.535015612501521576e-01
-7.622015837196703669e-04
-7.114886891069432950e-02
2.524351069137701405e-03
-1.552438024033724606e-01
-3.488958691484553287e-01
-3.726665530109833924e-01
5.130366157926042892e-01
