-4.243481357732321602e-01
-3.144484810565668226e-02
-5.465368630571051933e-02
-8.757193862682588481e-01
-3.140332951674701945e-01
4.343128998218198089e-01
-1.509628682478899586e-01
1.329922523447721883e-01
5.225043726048061998e-01
3.616687942633983743e-02
1.566670781613155872e-01
3.550040580967945281e-01
3.660794755922223281e-02
2.442403776283911393e-02
3.692896330452538622e-01
-3.819435825579299837e-01
3.508657564802465934e-01
2.808379117623585608e-02
-3.725054160400137482e-01
-4.995279583028384707e-01
1.639990627567183001e-01
-4.018772453696179414e-01
3.881743197865523132e-01
2.817755406188954259e-02
-1.725809865706311175e-01
1.867071820501867430e-01
-8.978993949683404530e-02
1.102088347002059959e-01
-6.535775753346435846e-02
7.758489499296278291e-03
-9.018341538973723148e-02
1.587008104907350059e-01
3.750974927631015587e-01
-1.021273328807669745e-01
1.279230421856311917e-01
-1.974986296643971295e-01
-1.170491426894748888e-01
2.261201361869845661e-01
-2.937078348281646489e-01
2.164006471739582382e-01
-1.503378224236259775e-02
-1.029053343639718121e-01
1.087134939236896747e-01
2.372625320068380561e-01
8.192197590993577361e-01
-2.332102495793728081e-02
-5.271649048528538328e-01
-3.128741647995270103e-02
7.164702518264242093e-01
1.305630194509940778e-01
-5.667136874895718490e-01
1.463417111143794913e-01
-8.849861631462785372e-03
1.160214997592873276e-02
1.857225414823184539e-01
2.588026932423723170e-01
3.462245491191414670e-01
1.302228636179934562e-01
-5.944699584592300079e-02
-1.935684819795923106e-01
-2.160664797079811517e-02
-3.990327428417362876e-01
-3.167934642761642827e-01
-1.431789829516626478e-01
3.770142732652407291e-01
-1.215417886909651024e-01
-1.035650510480279618e-01
2.394144963873804377e-01
-1.869018350861362254e-02
1.618823143916611473e-01
5.300597134515446784e-01
-4.577738610674216835e-01
2.368063902553569633e-01
8.009614807630358047e-02
-1.924233547062747379e-02
-4.924259113654734232e-01
1.102136028335706369e-01
1.079984516258049032e-01
9.989171958914767890e-02
-3.899660239066952139e-01
-6.409797175906821742e-01
1.488361268686773653e-01
4.484421885394839213e-01
-3.644660696102135500e-01
-9.430914097967725562e-02
5.586246504640830501e-01
1.946373100539178780e-01
1.909224960952444206e-01
2.804605644180228063e-01
-1.333555805523135573e-01
-3.986414103310999546e-01
1.400876145603782152e-01
4.534252621172273345e-01
1.010175548624814151e-01
-5.193809906137264454e-02
3.853654205796225307e-03
-1.130570057778720883e-01
-1.367077590866038750e-01
1.435910579519844577e-01
-3.857105921943095872e-01
-1.512995574658115572e-01
-1.101004556467728712e-02
1.063969161907866029e-01
7.310596389963093245e-01
3.580959554108728571e-02
3.648906621701160369e-02
-9.450094297929939602e-02
2.366078831175050246e-01
4.236706348799937349e-02
5.214279130522643246e-01
-9.133819700568908406e-02
-2.145680386169562248e-01
5.135240509902520012e-01
-3.119669264155392474e-01
3.196014858667181047e-01
3.198598194411638174e-01
-2.939982542639954510e-01
-5.919938148989787458e-02
1.729787200251103885e-03
-2.221704945199602377e-01
-1.081869602755795856e-01
3.097347928472121148e-01
-1.169019915673183418e-01
-6.169564021605098425e-01
1.601374010511195101e-01
-2.042216095302841483e-02
-3.435624904743548869e-01
-1.570015395866849461e-01
1.816416923860035837e-01
-1.573776363991670202e-01
-4.456711369756445884e-01
-4.776419650069790857e-01
-2.124814585895107855e-01
2.033995881269527739e-01
2.784309557367722343e-01
-5.238583620792771622e-01
-1.856886693856408255e-01
1.212572925724221262e-01
2.023271597488001117e-01
1.547884383243715856e-01
5.699217855249922859e-01
8.791795301622953862e-02
2.029927613991911184e-01
-1.893410260310076088e-01
1.931626056059638774e-01
-3.483074308735826241e-01
-4.488311262928704748e-01
-7.416598023513238935e-01
-6.660859734781504615e-02
2.350643105969542346e-01
-1.737105760352031791e-01
-1.002529984304009886e-01
-2.340197804864274644e-01
3.354991034765135716e-01
5.137381366136413441e-02
-3.504568853057411781e-02
-6.509892666332120492e-02
1.562596400493001525e-01
-3.693200452152272661e-01
-3.670199392759573298e-01
-4.068172198958317498e-01
1.547879353629231514e-01
5.561034671633432458e-01
7.479722766395452416e-02
3.710513313088186771e-01
3.211754978954982076e-01
2.364304862108762562e-01
-1.666380732332743975e-01
-2.092220586310733488e-01
-3.943852979140676229e-01
3.792528431811312828e-01
2.065071263795764944e-01
7.509749798938587517e-01
-1.233190165039847463e-01
1.475183511630312472e-01
-4.562413114712822459e-02
1.410773753696604182e-01
3.638900383351739709e-01
2.176279069445009318e-01
-1.255178783096949635e-01
-4.231480713641726232e-02
-1.512377651065051620e-01
-4.866354422079007813e-01
-5.173040283405939688e-01
-1.945867914614156646e-01
-9.298604335541117705e-02
3.297510237498118557e-01
3.908119437165134130e-02
-4.056857931230653525e-01
2.329918219275494695e-01
-3.145490080530464194e-01
-4.995692094490164492e-02
-4.496029063089825029e-02
-2.063520770284302253e-01
5.414888427353673483e-01
-1.399973060465214969e-02
-3.905504334514943721e-01
2.855315828883685514e-01
1.497149554955679585e-01
2.266265053257796591e-01
7.376882131877326998e-02
-1.559897276796164411e-01
3.182732833489945179e-01
-4.907885542692886349e-01
-4.691882189204882314e-02
2.981845968396378832e-01
-5.934727324888726674e-01
1.462162296396808947e-01
-4.349341807050132180e-01
-2.080801622530632500e-01
4.961753081281199129e-02
2.271517170952916942e-01
-1.022643884210241993e-02
3.768304848779392424e-01
-1.070478742879821810e-01
-4.937928792033339370e-02
-2.346874507080419225e-01
1.520198083018451662e-01
1.462741433579001493e-01
1.750699499747938037e-01
-5.178516181192949208e-01
2.082249263117212368e-01
8.207605952838084584e-02
1.506094260100410698e-01
8.349969880463087302e-02
1.263269797056015831e-01
-3.353637162032770958e-01
-1.893787732404938473e-01
-5.190981490417467814e-05
1.275756329632767028e-02
-5.901388251094252801e-01
1.875004609127210731e-02
-1.264313619677124856e-01
1.992118244217235268e-01
-2.205304641893835460e-01
-1.742084165185472378e-01
1.508277011273735924e-01
-8.285112722464457735e-02
5.629521981123859486e-01
-4.396571187062837116e-01
-5.077025071454677185e-01
-4.026592439905700149e-01
8.049855421644913633e-02
-9.299777865361937013e-03
2.665553570151563689e-01
-1.890046423534064157e-01
-3.990412842841509766e-01
7.432583461648156753e-01
-1.998458827413134853e-01
-2.353760005843316683e-01
-4.327547080630775311e-02
3.700823626269642008e-02
1.258450120013569484e-01
-5.426748043979150171e-02
1.120990102549185158e-01
-2.177321155707286904e-01
3.212658161836347004e-01
-5.334587924932471942e-02
6.243337651871266880e-01
1.735606693573291948e-01
-3.410261227966439046e-01
-2.441017862353710433e-01
2.311835065623022156e-01
-1.851954054121107973e-01
2.775437514709188647e-01
