1.666215459086449191e-01
-1.199552718049958999e+00
-1.330356114947427892e+00
1.673883359574994900e+00
-1.450652149118373702e+00
1.840047868814807641e+00
5.695484003059886335e-01
-1.024077227565351356e+00
9.405870481236366931e-01
1.113543080456411705e+00
-5.752561007814722682e-01
-3.146613306550598566e+00
-7.077415639592589125e-01
-3.780579559200242801e-01
6.697241386096970395e-01
-1.514775965209895103e+00
-1.964839112237374730e+00
2.618940979972668170e-01
4.851331465432231482e-01
2.828990244957039768e-01
1.210380317953234863e+00
-2.716343695569738426e-01
1.112706999530466589e+00
-1.046871714868066627e+00
7.160717158283480543e-03
-5.072652767802140472e-01
1.201708731027520516e+00
-3.232881821168405168e-01
-6.830637363028487785e-01
-3.806774386680417677e-01
-2.602167591127000357e+00
1.193882537631790530e+00
-9.155923032681733131e-01
-6.968537152410976265e-01
5.228147973355286027e-01
3.571708525009287261e-01
-1.259449621086229598e+00
-6.800868837542350942e-01
-7.360116120932338468e-01
1.247537404243821008e-01
-6.764101317786709311e-01
-4.707189624938455941e-01
2.457724431170003054e+00
-9.796079668022674714e-01
-1.434896164276191488e+00
-1.581077918752340494e+00
9.251211104771087101e-02
-1.027435794696806681e+00
-1.623399196959772306e+00
8.023573837561973066e-02
5.695172860496491296e-01
3.476566919035107173e+00
-1.106850661667656777e+00
2.463588268662100678e+00
1.541769386226085059e-01
-8.911511860607532753e-01
7.076662266303850313e-01
-4.512411481059611096e-01
1.218451312652479412e+00
1.942880885045119355e+00
-9.392337312728485377e-02
-4.867135701379493029e-01
3.271219633737800225e-01
-1.104676124540654003e+00
-2.056729249831766304e-01
8.489018617846412207e-01
1.802900359062026836e-01
-1.849401955593857894e+00
-2.857763165404009875e+00
-3.071256352793511057e-01
1.153543749836244414e+00
-1.109031670551214210e+00
2.305012039922660350e-01
8.690349009553155479e-01
-4.802003908832994661e-01
-1.627674636755026771e+00
-1.261590304279737174e-01
-9.622657220094883446e-01
4.795023703834969120e-02
-4.135964155234206352e-01
1.215605364687093903e+00
2.275044391854954107e+00
3.621242365490796589e-01
-1.373458851527971758e+00
-1.711664424212657187e-01
1.588143736125285921e+00
-3.379127920211209002e-01
7.681211007443374816e-01
2.440246072125732413e-01
-2.289457398719379810e+00
-2.253586884337449581e-02
-6.307120691031197213e-01
-7.392156096959434652e-02
-2.395719453962445566e+00
7.021197383577117979e-01
5.524447629125655013e-01
-2.012133795276333514e-01
-4.790220658735250270e-02
-3.798703045992434246e-01
2.125719223500758925e+00
9.419181395624185438e-01
-1.760373751424651467e-01
-3.660265055288760006e-01
-4.076065591563902135e-01
-2.134438496898686810e-01
2.052809840854440626e+00
-1.971782548954934544e+00
1.643496169117973249e+00
1.751640981033584232e+00
-9.472480292015921233e-01
-8.091000838642756765e-01
9.313713480093142039e-01
1.253016739286941572e+00
-1.063008737978639484e+00
-1.437561259164708671e+00
-1.659322293064699139e+00
-1.165042397542588315e+00
-2.420413683187535303e-01
-1.454444696154645333e+00
-9.036048909995673117e-01
-1.267500945954274538e+00
6.812686294763244943e-01
-7.867923780528485178e-01
-1.629103474934817442e+00
-7.741041004950998117e-01
1.099081131981607173e+00
-1.511180790871140101e+00
8.768082449260357070e-01
6.628124418202429036e-01
-7.529114760140706020e-01
5.245078611071363195e-02
-8.605260585723778499e-01
-2.022319138789001158e+00
-1.064820336796450606e+00
5.686546434450493459e-01
-1.052676258936749099e+00
-1.072683070208891420e+00
4.668174244925000771e-01
-6.380216513681116197e-01
1.479676100951695661e+00
-1.622929877577691693e+00
-8.985088824640566352e-03
-9.802932353963756951e-01
2.492561470559065406e-01
-2.439514375412900726e+00
2.608347778444579657e-01
7.066588894225876993e-01
-1.527866208430903816e+00
-1.711521054304453171e-01
7.250923955467751814e-01
1.234295601921717722e+00
5.400944187137005637e-01
4.508299328477981538e-01
1.573461562318403395e+00
7.632345885563773802e-03
-3.179424030866714324e-01
-7.773390294564672676e-01
8.358295416435731484e-01
1.815954115265248359e-01
-2.304324677509534958e+00
-1.050089814409094879e+00
-4.751481149729334663e-01
1.178114192172474706e-02
-4.157657946541235994e+00
1.642386132781578967e+00
-2.197385455809271360e+00
1.437662568903455007e+00
3.064745920006723967e+00
5.247908023829255253e-01
1.588065894464175676e-01
-2.094997646209607045e-01
-8.045083244663138178e-01
-1.721045379516075169e+00
2.036425705726997992e-01
-5.202064601397845545e-01
-1.690895345943331352e+00
3.001085555871776389e-01
-5.652577554379694114e-01
3.085672618033397652e-01
1.462307196974223844e+00
-1.339197593916110263e+00
1.547198653365637055e-01
4.080795396463471891e-01
6.346171008848907613e-01
-1.694299187715397004e+00
-1.228106312485384599e+00
1.442484048384884643e+00
1.922046658764068883e-01
8.875491466986903388e-01
8.717256424422707983e-01
-1.095791240639790859e-01
1.254180399368780563e+00
5.346264422209323630e-01
3.038341565176649883e-01
1.706753700799611140e-02
2.760773747608928907e-01
9.826244981421546065e-02
-2.283879989814179001e-01
2.186196449869693414e-01
1.013822332085130562e-01
-1.105668352897535844e-01
1.449110926597551474e+00
4.504164792777374804e-01
5.127869716291235669e-01
-9.328503339447883347e-01
-8.769145782476905904e-01
-4.286458085124292272e-01
-5.212967791960435027e-02
-2.475757252363059102e+00
-1.148694290299594245e+00
-1.890536376110233618e+00
1.309942157749604874e+00
4.022011830617642780e-01
1.278335542410466985e+00
-3.070864088542024084e-01
-1.196893703813454835e+00
-1.270491269467914353e-01
4.977692411077639933e-01
-3.538428327718277089e-01
2.797250164249328597e-01
-2.444774074144280274e+00
-2.780759266912323557e+00
1.018135752770934210e-01
9.941736019413202063e-01
-8.276222308363956337e-02
9.730896868962922441e-02
1.466395971574742552e+00
2.177098454052345256e-01
4.120868347093038508e-01
8.306660544535664492e-01
-5.103294095771681027e-01
-2.633357515257312098e+00
1.364076719408807925e+00
1.836586719576133397e+00
2.787843563909827571e-01
-7.999692941167011462e-01
-1.618080839502046064e+00
8.344469938258521902e-01
1.229768742033289008e+00
-3.377911476413629766e-01
-9.719602055931843010e-01
-1.250759951808857684e+00
-7.828659205011578859e-01
4.202803259012928283e-01
2.431690809641678108e-01
-2.718226203214466064e-01
-5.417188902677362305e-01
-1.427345101151042683e-01
-1.557155041906452819e+00
1.944932416616479420e-01
1.080805560033781809e-01
4.355237561247481404e-01
6.018219790138098491e-01
-5.734252682490847963e-01
3.226087800542463968e-02
-5.852056404845702720e-02
-1.731016714588513139e+00
-1.032273098366871977e+00
2.424406607881831599e-01
9.052303583060942183e-01
-9.354620549223260362e-01
-5.400895986619144162e-01
6.941498378399862945e-01
3.422749877725793088e-01
8.981114533590894844e-02
