1.003043358806096297e+00
-6.409260588916191326e-01
-1.061436993281207330e+00
-1.519645581704462955e-01
-4.174559122527923827e-01
3.314479533395907063e-01
-2.313238457596328845e-01
3.264414670384526151e-01
8.350732875272786071e-01
-1.068282527138660676e+00
8.445961479554126017e-02
6.366899573031371551e-01
-3.156149744189379880e-01
-2.688912402954915848e+00
7.966145520468250751e-01
-1.887728487701032298e+00
9.669622201732015476e-01
1.499342281240566011e-01
-5.154859206831616802e-01
-3.857176835516912261e-01
-1.570672862870372333e+00
-9.734900989901323909e-01
1.912889965941018400e-01
3.350695725661913205e+00
-6.862673178675453567e-01
-5.919657529498576487e-01
1.367585302195191144e+00
-4.147066673336897713e-01
-1.439086033342465987e+00
-7.698610311059623790e-01
-1.780309670421661716e-01
1.008453469167364336e+00
6.085200146848477321e-01
4.180601878529319748e-01
-8.778621813152059916e-02
-2.707071089796490249e+00
-1.539211236867993327e-02
2.378005369409014191e-02
-1.021505011752385617e+00
3.868655816676687675e-01
-6.506048386592895305e-01
8.718245342534933773e-01
-2.556706251903680394e-01
8.760156124272898415e-02
1.298859957952595456e+00
2.152678387605965471e-01
-4.352079277920429812e-01
6.632847031999915544e-01
-9.788750588004824227e-03
-3.980363037426210004e-01
1.322685947828420860e-01
7.349569529519839328e-01
-5.995970388578442112e-01
1.386117497437649448e-01
-8.291579600156319119e-01
1.032081792840858991e+00
1.520909693209080871e+00
9.861883968998501615e-01
8.122334864047292546e-02
-1.051688010003101859e+00
1.289393418947339387e-01
4.381372566264833401e-01
4.569004217032626713e-02
2.029834085452999481e+00
-4.263623081568150286e-01
-1.069352746604235183e+00
9.916757868210852589e-01
2.457734689425803420e-01
3.215399112877241894e-01
7.116523480981689076e-01
4.301782311454865892e-01
-5.521143272388194800e-01
1.708673496071330122e-01
4.294047936486592998e-01
1.348982219364476265e+00
-6.352959090100998019e-01
2.390171873226056842e-01
1.071350695074564235e-01
-8.360791865235299714e-01
-4.188526180660772091e-01
-3.167469078308354086e-02
6.169510688841869372e-01
1.670727629085634769e+00
1.022563696012927403e+00
-7.431286639035400432e-01
5.871169498345904514e-02
2.224643947164217650e-02
-1.320042487929097064e+00
-1.005123804051220260e+00
-1.862878936893056503e-01
4.330268894502997679e-01
8.265228379301078898e-02
1.441313543459908031e+00
4.810662133791632211e-01
-4.419530688398578544e-01
-9.623672250269346140e-01
2.979493121917951570e-01
6.907003249104128884e-01
-2.706780818033105440e-04
1.440166233329413514e-01
-3.953078453445060259e-01
-7.446146160916714551e-01
-7.936696449902317374e-01
1.064222682082144544e+00
1.046416412910782245e-01
-2.433896805151172793e-01
-1.388588785048990026e-01
-4.732895275810717894e-01
-8.561226016949085027e-01
5.474826938107514307e-01
8.699665686594867942e-02
-2.553900359955613153e-02
1.539468474848845858e+00
-2.126255986261874897e-01
-9.763165184214188663e-01
-1.269956490451453535e+00
1.598160712369848691e+00
3.385305369435430700e-01
-8.560406912647869904e-01
-2.569527777717445227e-02
-1.373673822442380787e+00
-2.869087137441408975e-01
-5.488326936052103644e-01
6.454053029856912094e-01
4.760285121097567740e-01
3.729131342088146117e-03
-7.813436483423790158e-01
3.093077281551929181e-01
-1.123957529315786852e+00
-1.370656165129353898e-01
2.377736680686922455e+00
-8.558148782377658081e-01
-2.925256854997652090e-01
-3.853720675153057273e-01
-1.436998511485406693e-01
-1.172738612636338829e+00
-1.698717593924947922e+00
-1.706836518489307286e+00
-1.139718521438617627e+00
5.659155479275282397e-02
-4.416049505791964647e-01
1.310345612831604889e+00
1.540591925512382776e+00
-9.128502847669569542e-01
4.044570675026937234e-01
1.666995994778562307e-01
-5.418724801564618332e-01
1.116406155644612541e+00
-1.951198156919506377e-01
-1.213909630221116309e+00
3.855684340108921360e-01
-7.102479585154422015e-01
-7.356041392490086928e-02
1.175551516739236302e+00
-1.637204237895076631e+00
-5.508679557180147235e-01
-2.005334429423610842e-02
8.852806475397350106e-01
1.140589303841814672e+00
-4.751456381023924092e-01
2.113511713734097519e-01
-2.185096684820851953e-01
2.707655687708078740e-01
-7.325856148345628593e-01
-4.467244487288288823e-01
-5.186372925525394306e-01
-4.550897991400006393e-01
-1.147723980832452417e+00
9.268425893297194129e-01
2.479049437947231649e-01
3.608226573063896825e-01
1.340807640705354187e+00
9.364634651606142945e-01
1.306203751548772996e+00
-4.903148491101055328e-01
-1.908726456202750388e+00
-1.680442759868281843e+00
-2.291106613729361641e+00
5.222322883365767554e-01
-1.910080974278966170e+00
-8.610978506080795292e-01
-3.686973237792662283e-02
1.446794146618023691e-01
-2.665383398759544775e+00
4.092395492549311675e-01
2.010972383219166160e-01
1.581167115055073513e-01
-8.630242797891740647e-01
-3.823544658829580722e-01
-3.838021728996301452e-01
9.405076161106509236e-01
5.951060263685625795e-01
9.758658504509938325e-01
-3.180265099947345853e-01
9.389597477511686385e-01
2.594845746937284869e-01
1.140356306318116020e-01
-2.048643613027043120e+00
-8.042729812797440037e-01
1.581468436377203357e+00
8.141840620305246246e-01
-1.738976565368677285e-02
1.132350345224210075e+00
1.150201170962043218e+00
-5.012725612869944891e-01
-1.337032892209185420e+00
-4.901617011915950228e-01
-2.183988519830479258e-02
-1.226839841392290964e+00
5.596721253328813539e-01
-1.942979712394035108e-01
-1.287715543193176937e-01
-8.910349562215474917e-02
-7.221975925499534155e-01
-3.193931800010879063e-01
-1.407000480903338180e-01
-2.199596244602668171e-02
1.671304810494352422e+00
9.084308239289803355e-01
1.062817574884818539e+00
8.443177117215378003e-02
1.181374739214170688e+00
1.353991628328351737e+00
2.172691256976946317e+00
-3.179623260597083112e-01
-1.198171286566693139e+00
1.143876122016859176e+00
-9.806358868052724720e-01
2.406738388545553997e-02
6.678788488570821524e-01
-2.625825032925699798e+00
-2.742249603055286311e+00
1.194561539281502771e+00
-5.412419131735386468e-01
4.038768462317198216e-01
9.010540545129700485e-01
-3.889654932618967220e-01
-4.429971884967729423e-01
2.352714839657860657e-01
-1.122503115876891888e+00
-4.909428690544880292e-01
-3.886990994357163443e-01
2.202911131792269495e-01
-7.434190727095180140e-01
-4.181885867317536309e-02
-8.849121992352436405e-02
-1.621146837958221676e-01
3.106341828424873941e-01
9.341472565317082699e-02
2.628740509467759612e-01
7.999038778558111851e-01
-2.007721589940770990e+00
-3.342091435233296992e-01
-3.006540590447532857e-01
-2.068683111468956781e+00
1.661558110227804086e+00
-5.253819629000771041e-01
-1.066204209847178452e+00
-3.188880495245154378e-01
-1.416225948742524166e+00
-1.011448693881633332e-01
2.899684953474138127e-01
3.734401253435654655e-01
5.434086291170233673e-01
-2.232605040910931593e-01
