4.967764414928731442e-01
4.504403719323031852e-01
3.554299252794370645e-01
-5.245098969918701171e-01
6.533467745561332141e-01
4.371045186904154445e-01
1.759427228055009951e-01
2.557186739120584362e-01
-3.343751520242083664e-01
1.247850116563569589e+00
-1.179065893534607667e-01
-8.441726581765762738e-01
6.611535942533180998e-01
6.485612985742437997e-02
2.813296102493519912e-01
-1.597747089556493361e+00
-6.715306388154004269e-01
1.021457871703875808e+00
-1.860178221277510591e-01
-5.111769487037770565e-01
-1.272513042347309803e-02
5.049155521914587830e-01
-1.547899968416624805e+00
-1.155317880745562853e+00
-1.042088828967821623e+00
1.105581911387557126e+00
-1.020618082364834756e+00
8.909317783623258435e-01
-5.935049682918486225e-01
9.395178338753057412e-01
-4.176082448092802712e-01
4.346084001046951473e-01
6.717274003116934233e-01
6.207795596268098626e-01
4.946278979621724359e-01
1.895141026284716257e-02
-4.552920114992295986e-01
8.425396703778493812e-01
2.528643027373300156e-01
6.985601792703743929e-01
1.116611846188917123e-01
5.394124903082101463e-01
5.346201595227311198e-01
-3.828478567115501940e-01
-6.411555268990672962e-01
1.063754437242852707e-01
1.268317323646306782e+00
2.125792857430402749e-01
1.452296145094895019e+00
6.931771086447318098e-01
1.535413410044573101e+00
3.100248513576123188e-01
-9.587933653924978206e-01
-1.431828171050247844e+00
-1.672591772661102538e-01
2.053404195474543836e-01
3.316465154143207750e-01
6.078259954729009484e-01
-6.870094130875487037e-01
7.618214970444285861e-01
1.309056360833459998e+00
1.219126407770242948e-01
5.180778839023076898e-01
-1.325351353759605555e+00
-9.917251535625835057e-01
6.946117319029136983e-01
1.297791575208050441e+00
1.919873530707447984e-01
-5.188525589466986832e-01
-1.340252844413247768e-01
8.065469549213861722e-01
2.774089352808115638e-01
-4.276339443262786588e-01
3.417641472053548624e-01
-8.077521828427324246e-01
-2.027705146156730365e+00
1.167235413248184805e+00
2.192678569796879806e-02
-4.293370216106389137e-01
-6.784021651506871864e-02
-3.582301225541489886e-01
-1.426469744403033868e-01
-9.190990265066548703e-01
5.610671064837942090e-01
2.677316363262479681e-01
-6.472075360809228517e-01
5.984869720037636065e-02
5.390917195881356205e-01
-9.977700354383751691e-01
-7.056728559904802689e-02
1.018539391118658655e+00
-7.684776556492727284e-01
9.987372167957451197e-01
1.066801438951194614e+00
1.190254957749920628e+00
-2.661013188821719222e-01
-8.075413080524921350e-01
-3.460864198448629359e-01
1.740195598756718309e-01
-3.136982860183266109e-01
-1.844270060220143947e-01
1.045220784533879899e+00
-1.139268205428401570e+00
1.334090148488229488e+00
1.319708900614457558e+00
3.390185654354439526e-01
3.156207194750269007e-01
9.542944460285279762e-01
6.510410295239937861e-01
-1.499718176131273673e+00
-1.015332828891075678e+00
-1.245341688000532798e+00
6.584284315577786373e-01
5.354215139907763099e-01
-4.981783676282887097e-01
-3.472176226166292512e-01
-5.805218208656717227e-01
-1.014166964172852570e+00
-1.050847464575784151e+00
-6.458899565289271116e-01
-5.778562095359615070e-01
-3.791771893339778154e-01
3.160383959730704850e-01
4.100771833433491942e-01
-5.261634753701598388e-01
-8.176029122138490646e-01
-2.224250899836713868e-01
-1.246879197760539126e+00
-2.419476595068072444e-01
-8.385456939612390137e-02
9.016728690139632629e-01
-7.375212091686814686e-01
-5.688639047114663061e-01
-1.128055558053127294e+00
7.922679085243164998e-01
1.050373661880201759e+00
-9.132605114386216361e-01
-9.433982892524160890e-01
-2.148231285586464923e-01
-4.676582632306900411e-01
3.894129419283525184e-01
6.438486930417206544e-01
-5.377552809069841011e-02
2.849127868809966935e-02
-1.376425272871073802e-01
1.293863010878559594e+00
8.237947858137468771e-01
-6.006514301211420825e-01
1.740866337857085444e-01
-1.092910453612417454e+00
-3.422237951459631278e-01
3.206506521357530004e-01
2.185792490963486268e-01
-2.493771399183974113e-01
-9.211994331337033382e-01
4.261826544925942928e-01
-1.445968614632427984e+00
1.822525349139944018e-01
7.774683721680457626e-01
-8.011369703035762235e-01
-7.694228807255516500e-01
-5.121640277153620691e-01
6.021484987756824392e-01
6.086507845963411434e-01
-4.911832264994003827e-01
-2.030608158492300253e-01
4.105514733705575847e-02
6.194592711600002133e-01
2.028703396388497338e-01
-8.708446191250482915e-01
1.588206418111858476e+00
-1.670675111461090989e-01
1.107851411912662010e-01
8.954555706837465934e-01
-2.048849677203541386e-01
-8.220593671654747858e-01
-1.188417135140469316e+00
-3.846737287530306859e-01
-1.581980749446323387e+00
-8.377999532405971950e-02
5.818545069434664097e-01
1.532032327459261323e+00
4.895640549989014323e-01
-1.019390447738159899e+00
-1.645401313861692749e+00
-7.668787774082826969e-01
3.431773184942644161e-01
4.157482905570198950e-01
-2.327159839487484283e-01
-3.558055461217910498e-01
-3.482409512737971724e-02
5.268551507656845656e-01
-1.728904491725304915e+00
7.915929120243532235e-01
5.178650355630634028e-01
-8.596531864646630994e-02
5.000126778541605921e-01
4.082762270337005894e-01
1.189607411386224972e-01
6.801314614333606734e-01
3.534818853370649272e-01
-1.108812563475611024e-01
1.421308966540670016e-02
6.994866259346923520e-01
3.334134488879659242e-01
-7.592518104076610985e-01
-1.767311095010106192e-01
7.577602838779190497e-01
6.561022446188162771e-01
-2.262084151628927231e-01
-4.756167826933241916e-01
-8.988611781695454717e-01
-4.818096453906692833e-01
6.170972074469113222e-01
-5.034795908162964517e-01
-1.230608646472440393e+00
-1.195236059137452789e-02
7.938841131333476131e-01
4.336444998481324697e-01
-5.285830406051665875e-01
-3.497943516266652786e-01
2.408281382201277188e-01
-3.538471917696001112e-01
-2.403418160654901548e-01
8.295874946600638733e-01
4.805960532832345145e-01
-4.399726321611656665e-01
1.560652432748049767e-01
-5.451767307493877723e-01
5.742360158128171355e-01
1.206308246416940566e+00
-7.297214926170061400e-01
-5.517437949641587625e-02
-1.273033966843905573e-01
1.639673800226115974e+00
-7.210586716765678972e-01
-2.431783390474946405e+00
-4.999535370103930787e-01
1.043881666180981049e-01
1.427437717986141941e+00
-1.145236996647743588e+00
5.303076662171185562e-01
9.867689752464561814e-02
-3.415921850740648025e-01
-2.738742827062313534e+00
-2.118048802506083128e-01
-3.856684170520491284e-02
1.584607757925458715e+00
1.199786154157375800e-01
3.584650204234882676e-01
-1.002981151426231676e+00
-9.076169051910452090e-01
1.900523704922356893e+00
2.248680202017537155e+00
-1.872868778273003576e-01
4.423332624946100244e-01
-7.306228595431232264e-01
4.380174234076235074e-01
7.620366907163799164e-01
7.346297087856674679e-01
-5.370984201463196994e-01
-1.245772457309606063e+00
8.747498809973572875e-01
1.617669885053761636e+00
-1.726632448506472794e+00
