1.006995469237426777e+00
6.174274833771786763e-01
9.289604635736680160e-01
8.445229680874259959e-01
-7.427760012984236937e-01
1.799874348196121021e-01
-2.999956498484352418e-01
9.073401876764288776e-01
1.216502947277085633e+00
-5.958683685772575567e-02
4.467803689883925733e-01
5.249249232050419156e-01
-4.953257470362955051e-01
1.757022157560433895e+00
-1.772991589362047093e-01
2.132167859202735993e+00
5.607098862969539521e-01
4.915859640110721296e-01
-2.555391881974926171e+00
-7.393350960365767666e-01
-5.472102125870734746e-01
-5.645873427894845253e-01
2.104995916831053082e-01
-1.011395004267013897e-01
1.978694479528931849e-01
-1.258714710573042073e+00
9.814827957885656762e-01
-1.287432673001539296e+00
1.516401511452234008e+00
-4.285023434550774279e-01
-1.388083461140454222e+00
-1.464179502320786419e+00
-6.461960770286183653e-01
-3.932937123524891665e-01
1.016609115478585235e+00
5.426938988126768226e-01
-5.778091403185297015e-01
5.408688078601333604e-01
6.549482607754426589e-01
-1.182191830735069699e-01
-8.399337282827970541e-02
1.407124266755421238e-01
6.866328119262362639e-01
-7.350288515054070881e-01
7.180039413767828060e-01
3.036732645808616349e-01
4.087510313177928900e-01
-2.284987374268418747e-01
-7.490342308559431173e-01
-4.094508736290289885e-01
-5.637065652933239690e-01
-5.788749506719987892e-01
1.322176868543129880e+00
-3.987498579551208011e-01
-6.654799037040167731e-01
2.129889654658882053e-03
-4.163827603464363980e-01
6.293217278372631451e-01
7.018094986874622021e-02
-8.603000163390062127e-02
-6.649395039331880142e-01
-1.075237732951590752e+00
-8.183250066802372213e-01
-1.046275370851760256e+00
-1.095965182779356617e+00
-5.698943450938405153e-01
1.523493567076323885e+00
-1.561075467448387100e+00
-1.655577600967582108e-01
1.302971056523463567e+00
-8.869985993228803045e-02
-4.599899341047334334e-01
1.601236523685922952e+00
-1.578832419518688912e+00
2.168770739092931166e-01
-1.738990156894523187e+00
-5.109998890734093191e-01
5.620215233452885428e-01
-1.293008821312794654e-01
-1.001386488277454245e-01
2.091902854970659753e-01
-6.044014144365811303e-01
-3.598030904579815892e-01
2.978150494500519940e-01
1.199834000761284880e+00
1.128164963840530000e+00
-8.663901727250788998e-01
1.011247891310345093e+00
1.055665514031337127e+00
-8.604019411735484013e-01
4.823619270803272130e-01
-1.227220388126241124e+00
-1.434871695165697014e+00
6.117263580805806789e-02
2.465897673884114016e-01
-4.456584154359435335e-01
2.202215220536491991e-01
4.206251757134515379e-01
-1.510799093933391513e+00
6.735843583196355899e-01
5.768335149942940276e-01
8.145232928847561116e-01
-2.052268666514380779e-01
1.677453711433671557e-01
-3.025447538347475485e-01
-6.320902568966062507e-01
3.038543070083894460e-01
-3.984720305780768412e-01
9.512841785704568842e-01
4.629642196750516914e-01
1.717302200587316474e-01
-9.611147243298904241e-01
-7.037888452379557069e-01
-2.109571037942937988e+00
2.380861255425496537e-01
2.898460972938943780e-01
8.080664527522689600e-01
-9.008900132868065125e-01
-3.571443251795675122e-01
5.877619364039067262e-01
5.854252222491350688e-01
1.366182958911742740e-01
1.016147492460382773e-01
6.467183746881919326e-01
1.290791107387951442e+00
-7.546303473446571708e-01
-6.010378621508027930e-01
-1.118536850352513268e+00
9.686568811631419695e-01
6.354933413956549426e-01
-1.306220343473468715e+00
-6.121859836925536147e-01
-6.464406131074107442e-02
-5.408806975367962400e-01
4.667745334609612606e-01
-7.442898779852574753e-01
-1.202670835437452679e+00
-1.033860332863721032e+00
-1.206061555657209849e+00
4.485036352805366056e-01
2.602220776733414898e-01
7.396303824623584600e-01
-8.408569844594023790e-01
1.176980522844345983e-01
-7.969987867069158183e-01
-1.681549898625919859e+00
9.071984670528945305e-01
7.452912414501666749e-01
9.738893287398190379e-01
-1.071331865365256153e+00
-8.396999454745779357e-01
1.794244820458947620e+00
-7.818229957242075479e-01
-1.411222538879561172e+00
-1.002336971855004810e+00
-1.097128266544576125e-01
4.892406486731805670e-01
-2.000544687055250570e+00
-7.755566427544888786e-01
6.487043018823632767e-01
-1.855816512765357251e-01
9.207918563233026266e-01
-1.651175312014315777e-01
1.003476266716555598e-01
1.124787089365924642e+00
5.210774338250888649e-01
-2.383449039632926647e-01
-1.028664008806629226e+00
1.481047952673055335e+00
7.799287407842243613e-01
-1.372145504180404485e+00
-4.904027298356581355e-01
-5.179849260328820426e-01
9.703697405083391292e-01
-1.033387037536206643e+00
1.194774213244091499e+00
-6.228201535945862011e-01
7.984520109014309197e-01
-5.050783931176833219e-03
8.420233922426383355e-01
-5.049889609040564276e-01
1.948029409704452319e-01
6.806311496248723669e-02
-7.230409577731580772e-02
-1.009141516468468946e+00
-6.993366639695228759e-01
1.942446112025000837e-01
1.690214618074929454e-01
7.224355344061458850e-02
-6.862261687890837125e-01
-4.670461060009787335e-01
3.539501542952898094e-01
4.547056237308719773e-01
-2.192012185348696518e-01
-3.675451579143969583e-01
-1.636419629883227311e-01
6.130768374928040609e-01
-3.264030021745769616e-01
9.368033613296452566e-01
4.536264384728843080e-01
3.315071272240000533e-01
2.948100005054993256e-02
2.471404252298692317e-02
3.439055127326469119e-01
1.285918855982598696e+00
9.746731720195986881e-01
2.446855056120840477e-01
2.925940649160537199e-01
-1.167077229520231629e+00
-1.633223697353332060e-01
-9.534250856909605165e-01
-7.270175229051500931e-01
2.124331552538355261e+00
6.755255739348869914e-01
9.712987893426336949e-01
-7.648932706246605040e-01
6.595120976732883333e-01
3.222797515925293066e-01
-4.233651347877198656e-01
3.263320843860538223e-01
-2.209118433289580519e-01
1.081975404467048207e+00
7.166720507784598571e-01
5.047203520969111290e-01
3.452189582683740099e-02
-6.767786537827984450e-01
2.621195099532201978e-01
5.196119234691561894e-01
-6.035213197312663258e-01
3.149140835437779229e-01
-7.361058249084891925e-01
-3.263530659501521214e-01
1.056373815617135836e+00
-6.267716823532170078e-01
2.553770852674001723e+00
-1.264156527702759991e+00
-6.173537920375580246e-01
-1.678739395977078885e+00
4.998122862798964339e-01
-1.512531695315165736e+00
-5.149570607781814857e-01
-1.607972999252695323e-01
1.049569427523175058e+00
8.597371572782572802e-01
1.830398596225432994e+00
-8.140127067699119978e-01
-7.780453545520334968e-01
-2.110170616405901423e-02
4.481910054872474403e-01
-3.535299049581742126e-01
1.492448888328138934e-01
6.726418199122166097e-01
-8.766882747670043941e-01
5.668668729335025747e-01
2.477067972744065205e+00
8.435979847515839847e-02
7.329200321128143125e-01
1.665009357734651974e-01
-4.837044514517782612e-01
-4.995080590836441514e-01
-7.471646204648955125e-01
-5.907917295932769708e-01
7.459236291076283276e-01
1.073468810290194142e+00
-1.472240875068606236e+00
