4.511134542442954262e+04
5.949228379755328206e+04
1.180977455355679558e+04
5.650849678608481918e+04
2.059311447158759620e+04
-9.958759925252870016e+04
3.580907676891294977e+04
8.650805852545940434e+04
-7.739667090663689123e+03
-7.530394985974737210e+04
9.633514978039238486e+04
-2.982987260377755229e+04
8.059750067198542820e+04
-9.373077048729776288e+04
-1.180058365270084323e+04
-3.961603044109274197e+04
2.254947600075391892e+04
-5.673541309938013728e+04
9.576237375539784261e+04
-2.100710519708567881e+04
5.517443966560656554e+04
5.430823438491548586e+03
-6.001476376768835325e+04
-1.390481647180375603e+03
-7.391525143325519821e+03
-9.009378276599942183e+04
3.213355440540663039e+04
8.966326647556186072e+04
1.382904809984502026e+04
8.688847078941711516e+04
1.507420286652867617e+04
2.215170583163736228e+04
-6.678119098472058249e+04
4.595797052293230809e+04
-6.179498351750797156e+03
8.155346953130060683e+02
8.741009737169159052e+04
-8.666102959514209942e+04
-8.483836149924511847e+04
7.952364210381700832e+04
6.275038527563076786e+04
-2.843519153234652913e+04
-2.307206896987835353e+04
-3.328476009050085850e+04
-4.577463546424268861e+04
3.659916375685574167e+04
8.361321339687667205e+03
-2.474890879325308197e+04
-6.135983519920939580e+04
5.438977757006364845e+04
6.873677834368120239e+04
6.410411280670221458e+03
-1.243011844612120512e+03
9.469874611874340917e+04
6.292867333382411016e+04
-9.396617719508775917e+04
2.888033295439415451e+04
-1.500483565211475070e+04
-4.905029552068531484e+04
7.388624087527517986e+04
3.598414612897830375e+04
-4.006961978109561187e+03
6.650151565540746378e+04
9.652309563755914860e+04
-6.934921924150671111e+04
8.094531940201045654e+04
-8.482788037401685142e+04
-2.815444756961829262e+04
-8.606935750969426590e+04
-9.551334291328555264e+04
8.551994296315324027e+04
4.702417061700449267e+04
-7.599683814494656690e+04
-7.813653942876770452e+04
-5.888821363536682838e+03
8.573469054894489818e+04
-9.435265297299307713e+04
-9.809188951031985198e+03
2.483522371965847560e+04
3.014571855035074623e+04
-2.176094176924713975e+04
-7.786954425709033967e+04
-1.996669355484072003e+04
-3.190057632179615757e+04
7.763846737286252028e+04
-9.634097802946795127e+04
8.399569534402892168e+04
2.429103448147049858e+04
-5.728192839588448260e+04
3.256857659719200456e+04
4.459355279801172583e+04
9.934834578851613333e+04
-9.770037233598086459e+04
-5.819468833130348503e+04
-4.846561353360007161e+03
-6.499817235021624219e+04
8.801747695241088513e+04
-3.474178229067412758e+04
-1.309239287336062625e+04
5.078533486792316398e+04
2.369839667305003968e+04
1.938447001610187363e+04
8.207298260089606629e+04
1.695867061774352987e+04
3.522025101620175064e+03
3.918558468511286628e+04
-6.751684968475282949e+04
-7.511714047597703757e+04
-9.579135271793048014e+04
-6.525547846010354260e+04
-9.236013177052079118e+04
9.292111570755218054e+03
4.690162680654251744e+04
5.551337334886228200e+04
9.206922215861269797e+04
4.362094101794489688e+04
-8.040287299263547175e+04
4.568641131996595504e+04
-3.941069911524842610e+04
-2.661932039539003745e+04
-7.396337615451891907e+04
7.262108717790714581e+04
7.793761774056617287e+04
-2.749093661707533101e+04
-5.917381140137425245e+04
1.939948603943477428e+04
-9.034173702231996867e+04
7.431964979296787351e+04
8.119481173301165109e+04
-7.861044304707183619e+04
9.137240411473765562e+04
1.286765733729983185e+04
1.408199872818017866e+04
-3.760431846511426556e+04
3.692676889366620162e+04
-5.643095435952755906e+03
-5.955725799977823044e+04
-8.171836972427743603e+04
-6.380604873792245053e+04
6.294956528892845381e+04
2.665169142998156167e+04
5.500442001649458689e+04
-8.950213897471438395e+04
6.183922150169417000e+04
4.579691051968435931e+04
4.319654528917648713e+04
2.998596516394127320e+04
-9.952589755365598830e+04
1.192195958619327575e+04
1.636006894887172348e+04
-6.413680103828586289e+04
-3.832457621815344464e+04
-9.367582386287853296e+04
9.092781453656559461e+04
8.201368476802697114e+04
-6.276995429718032392e+04
9.052940996313604410e+04
-3.126785970701100450e+04
1.715839434408687157e+04
-7.155995953774961527e+04
6.191329558868907770e+04
-5.504264201850010431e+04
4.731777080962691252e+04
-8.425370869034763018e+04
4.983780578334566235e+04
3.192319085384512437e+04
6.238829766426538117e+04
-6.593882860121698468e+04
-6.948130739522105432e+04
-3.583095860249343241e+04
-3.162476616361377455e+04
-5.053826342550804839e+04
-2.872741782144269746e+04
9.185957314339072036e+04
-8.033755184095478035e+04
-1.546892290380391614e+03
-7.483829252863682632e+04
-6.471862131649011280e+04
4.816935568730977684e+04
-3.682342191098145850e+04
6.589098107752893702e+04
3.366651894934360462e+04
9.873273212737675931e+04
9.680971666624158388e+04
6.061419212653916475e+03
9.639404070173007494e+04
-4.121395112573871302e+04
-7.965376169500095421e+04
-6.082516583407458711e+03
-5.173772699932668911e+04
5.334195515473738487e+04
7.094969692797555763e+04
5.515614448201986670e+04
7.881695475624078244e+04
-8.293540910960444307e+04
-5.283327035317891387e+03
-2.676422575799643892e+04
-5.976330166654782079e+04
6.047757709444234933e+04
-5.250685578974995587e+04
-8.391450687524536988e+03
-2.662559898038661777e+04
3.194846273187277620e+04
4.640735760090225813e+04
-5.447471469281939062e+04
3.883380741832860076e+04
1.423177402439874095e+04
7.939684113312950103e+03
-5.595446475526227005e+04
-5.904394912015493901e+04
-4.831442748997428862e+04
-8.150439616849838058e+04
3.263808943507313961e+04
4.602672754723018443e+04
8.099557057469007850e+04
-8.238958632262059837e+04
3.205876695366172498e+04
-6.374097029728937196e+04
5.862595424518545769e+04
9.848901795812293130e+04
-9.978204588473471813e+04
2.178720034404458784e+04
-5.889844583349808818e+04
8.429428852040892525e+04
-2.715133947364554115e+04
-9.834452476327084878e+04
5.944062921488044958e+04
-1.057464109167601418e+04
-8.409365409218260902e+04
9.874461905063937593e+04
1.264955650282651050e+03
-6.619842753579669807e+04
7.448570084110942844e+04
6.791076232522469945e+04
5.999753133271473780e+04
-2.102267709128283514e+03
-7.262408268787708039e+03
-3.197231460948384847e+04
-2.872841128739666965e+04
5.434981732458015176e+04
6.922595018698544300e+04
6.164182691907139088e+03
-7.230411118255830661e+04
9.190022871277878585e+04
-6.482430858016068669e+04
-3.223637650528730956e+04
-8.238828998848625633e+04
1.387881628027320585e+04
-5.176936973812763608e+04
-1.912368645866384759e+04
-8.377857321568558109e+04
-9.578422743455308591e+03
2.238046739220257950e+04
-1.899572820721533208e+04
-2.460531635800096410e+04
9.159930604452406988e+04
-8.360194321456602484e+04
-1.898655680723604382e+04
-4.258762073003994738e+04
-5.537476855551815970e+04
-1.502033884670886073e+04
-1.450042788127636595e+04
-4.674522537261110847e+04
-8.983041972725503729e+04
-7.514117844053686713e+04
