9.411590635804418707e+04
5.112642421013510466e+04
-3.720760027686406102e+04
-1.165248513221333087e+04
1.693735589031328345e+04
4.655171613002535014e+04
2.992105188050824290e+04
-5.927298852840060135e+04
5.726419190490270921e+03
-1.605689508888447563e+03
-9.258748933957992995e+04
3.131932805678349905e+04
2.344765623905012035e+04
7.409464737998809142e+04
-1.854859519291800825e+04
5.531001981298816099e+04
5.971327152126555302e+04
-4.723845429483232147e+04
-3.044773579545876055e+04
-2.542285786229302539e+04
-4.666826486594074959e+04
-6.625622583959509211e+04
1.695293373894496835e+04
6.016589211063129187e+04
7.662660092428831558e+04
-3.616294583679590232e+03
-8.176222989770740969e+04
3.190332017304649344e+04
7.465380620849691331e+04
-2.330805235849407836e+04
5.244712747611301165e+04
4.046588769072230207e+04
9.477914212132066314e+04
7.326167251138620486e+04
4.294957789606901497e+04
9.977774878568767235e+03
6.375703014948341297e+04
-2.547400684904461014e+04
-5.862571797230584707e+03
1.493678797309272340e+03
7.614493383748395718e+04
4.668105807717874268e+04
-7.498500236081560433e+04
-1.559291042309947261e+04
-9.721783999605930876e+04
7.159508619720663410e+04
3.600844944544452301e+04
-1.000217628523379972e+05
8.822194605644604599e+04
1.695872363281852449e+04
-1.818386091523476352e+04
4.826827923849881336e+04
9.857580763852079690e+04
-9.415657067273177381e+04
5.907710917428346875e+04
-2.176546874901687988e+04
-4.308280308389964921e+04
3.265507797822241628e+04
4.394890140581941523e+04
-9.726551981619290018e+04
-5.633373811503694742e+04
4.055564457961361040e+04
-7.248143449410112225e+03
2.738301230100561224e+04
-8.349846951352273754e+04
-2.988804480939300629e+04
6.114339826539638307e+04
3.903460807127964654e+04
-3.955907568272705976e+04
7.606743350998828828e+04
4.021190114516170433e+04
6.672037853858720337e+04
2.796354946422525609e+04
-4.355105759692833090e+04
-3.507884736835936110e+03
8.325019616795907496e+04
7.678646348682981625e+04
6.510502372374854167e+04
9.386903373086565989e+04
7.494982899666523736e+04
-4.504264094599911914e+04
-4.952577785651906743e+04
7.575017085208011849e+04
-8.347306332809131709e+04
-2.026236130729010029e+03
7.973995723354979418e+03
5.205182265838705462e+03
-5.459799676113112218e+04
-3.121778018271070323e+04
6.947783288768520288e+04
-1.345230782726377583e+04
-7.801780151879202458e+04
8.819029631246073404e+04
3.034518755404712647e+04
8.404196824837001623e+04
-3.402200223582554463e+04
-5.243626115982219198e+04
-4.317728354781509552e+04
2.765517977196964057e+04
3.013546369664472877e+04
4.245478376217352343e+04
-7.245771953784939251e+04
-7.899591912691044854e+04
-6.445246007473042482e+03
1.311837758265433877e+04
-9.674789805911200528e+04
-3.578168451211445063e+04
3.632675241681611806e+04
8.936598399034074100e+04
6.443382386288906855e+04
6.469029613071143103e+04
7.396100881809720886e+04
-7.183996616051449382e+04
-8.458722615279348975e+04
7.411988631287368480e+04
7.490352361097041285e+04
-1.061831351040785376e+04
2.492988174926316788e+04
-7.782438337184581542e+03
-2.354836579063269528e+04
1.194151212904907516e+04
9.295437268707943440e+04
-3.027305669883958035e+04
-9.978533109448221512e+04
5.082328282528382260e+04
-8.524913194005732657e+04
-2.255538018662255490e+04
7.755657679196241952e+04
-4.360670355653332081e+04
7.737749605408334173e+04
6.652158177114211139e+04
-2.232278585377980926e+04
6.827902117826380709e+04
-8.893888865554242511e+04
8.616812752229277976e+04
-9.004665335514185426e+04
9.770475972546312551e+04
-8.302404423861920804e+03
6.760323568548448384e+04
-8.385273384460670059e+04
5.296175484155126469e+04
-7.303260020733512647e+04
9.133500860743845988e+04
-5.164564176097879681e+04
-8.329400796993030235e+04
6.911842293108152808e+04
-1.921732862877342632e+04
1.586843468407992805e+04
7.821578883634772501e+04
-9.272278064170344442e+04
-4.773931128134789469e+04
-7.508318096703596530e+04
-9.009948747106533847e+04
2.019159912973302198e+04
8.884664607866894585e+03
-4.682708069685571536e+04
2.821790627412080357e+04
5.314006381835779030e+04
-9.432098707317418302e+04
6.436186103548619030e+03
7.395780669390612456e+04
-1.463587346137461282e+04
6.633510302951804078e+03
-2.844051463173871889e+04
-8.340606108379851503e+04
8.099114425963032409e+04
5.312110897533669777e+04
-6.872879516524431529e+04
6.011609878646023571e+04
-6.341589552397510852e+04
7.807109119767806260e+04
-9.111556867266944028e+04
-8.104440157473125146e+04
-8.664132357519649668e+04
8.312621238612034358e+04
8.168928426777300774e+04
9.409909786659693054e+04
4.174638668519127532e+04
-3.853465734402866656e+04
3.617773892180290568e+04
1.384069287335816807e+04
-2.798237359608065162e+04
7.577371681215842545e+04
-8.437749901567770576e+04
7.897279998063997482e+04
2.789396352135749839e+04
-9.834184537786435612e+03
9.798870713380537927e+04
1.179527664536532575e+04
3.309478522697260360e+03
8.547177706810257223e+04
9.934991021911939606e+04
6.373105580571698374e+04
-4.858083359444090456e+04
5.266876799055284209e+04
-9.028928978254178946e+04
-6.574022833457394154e+04
-5.763928633726073895e+04
-5.881483833003399923e+03
-7.386127889680743465e+03
3.269749083289231930e+04
3.286914122250457876e+04
8.613532876488416514e+04
-8.968744609765407222e+04
4.889822915027084673e+04
2.333436913893625388e+04
-5.092080830618218101e+02
3.732775447521259139e+03
2.482560901607859341e+04
-7.881395243369060336e+04
8.389585687662511191e+04
2.087347801226817865e+03
7.896608892184903380e+04
7.377320814112566586e+04
-9.305600480252652778e+04
5.417123071161366533e+04
8.014663297302639694e+04
-2.591657354499201392e+04
5.723052816772008373e+04
-3.108808411838384200e+04
8.051623097225768106e+03
7.572949049180602015e+04
4.764256147892837180e+04
7.156222183230101655e+04
2.601046473239906481e+04
-6.316863470512710046e+04
9.365393475663049321e+04
-5.705910577011007263e+04
3.579807779064374336e+04
-3.631919808324765472e+04
4.458235583079654316e+04
8.070081394087412627e+04
-2.436513470367576156e+04
-4.182083115251694835e+04
1.584684302924765007e+03
-3.859945607160088548e+04
3.123682258529130559e+04
9.085768365945329424e+04
-7.141246979521849426e+04
7.495397317568326798e+03
-3.788115930736964947e+04
-8.598372915184915473e+04
2.217800087830446137e+04
4.237347468595549435e+04
-3.106947873196430010e+04
-3.238227465205248154e+04
-3.966770351617725100e+04
-5.381949330200454278e+04
2.269793094864778686e+04
-5.325248268643310439e+04
-2.475331717088073856e+04
2.716004825601117773e+04
9.421575104648493289e+04
7.347423402717328827e+03
-8.128622082527181192e+04
-2.005484523912881923e+04
-5.765174238138605142e+04
-9.647485222026829433e+03
9.503529472393549804e+04
-1.934845158824875034e+04
-8.700442983510256454e+04
-2.137790962860232685e+04
-1.340159075685067182e+04
-1.079873305059907034e+04
1.642547079164509341e+04
