3.453528115156250715e+04
1.096531947022257737e+04
4.528703936119961872e+04
4.949475719490044867e+04
9.252206522251002025e+04
-3.054681252248998135e+04
-7.638851109141428606e+04
9.465277099535497837e+04
-3.209555055569713659e+04
8.459746692826588696e+04
9.935890058238623897e+04
-2.458798108145728474e+04
-1.340662553772029059e+04
-5.010915302819381759e+04
2.013620424509594159e+04
-8.779135327564978797e+04
9.910804874800176549e+03
8.261436861158721513e+03
3.637084158111345459e+04
-1.548940422818729530e+04
-3.356681247186664405e+04
7.634757747498682875e+04
3.954169680039135710e+04
7.673188187048905820e+04
6.433755450819590624e+04
-2.584696265043846142e+04
-3.490075552641229297e+04
-7.007460405923837970e+04
1.531824929925268771e+04
-2.792192416720497567e+04
3.369729165595945960e+04
-2.706187715407618452e+04
1.276780547444369768e+04
6.399091712844466201e+03
8.187049673054936284e+04
2.215585250152471417e+04
4.972168624887961050e+04
-4.057239237304652488e+04
4.939756280628385866e+04
-8.201174154829443432e+04
-3.645252278389657295e+04
9.521349088654313528e+04
8.767651810774979822e+04
3.541419709540474287e+04
-1.049588787089740435e+04
-7.197297443144371209e+04
-6.668641750700901321e+04
1.533627585954680217e+04
-4.139923831970312312e+04
-9.069449195380325546e+04
-8.059452950548712397e+04
4.419043102495995845e+04
8.564321502028884424e+04
-8.188788591446503233e+03
-6.827386337861265929e+04
-4.492748402632470243e+04
-3.839385270242180559e+04
1.172780434756784780e+04
8.699745734593686939e+04
-2.076019638095557457e+04
-2.507660588343440224e+02
-5.619343548276558431e+04
6.513939766934419458e+04
5.135241358411937836e+04
5.689411772332502005e+04
-5.220761003951682505e+04
-5.354482578180276323e+04
-9.053629370527404535e+04
1.963300842177937739e+04
-4.776328899619547883e+04
3.898058420622179256e+04
2.859483640239723172e+04
4.774871934175553906e+04
-8.391723291856165451e+04
-3.378467813495676091e+04
7.278608796198021446e+04
-8.960806074993732909e+04
-1.311649988370460233e+04
-1.922058289903045079e+04
-4.484762189792164281e+04
-4.980247598377418035e+04
6.563383562750923738e+04
8.679499573867754953e+04
-5.362306565893482912e+04
7.557763813562148425e+04
1.973436487371139083e+04
9.908191366842882417e+04
1.640244550072026686e+04
-5.359896803991830529e+04
2.025925661028759350e+04
-9.082608713697557687e+04
-1.484253725393311288e+04
9.611492915799119510e+04
-1.644039366807661645e+04
8.708293515640660189e+04
-2.241252338466932633e+04
-8.022155958588041540e+04
-3.609421883564878954e+04
-2.017695768845066050e+04
1.744585475717808004e+04
3.906785639059374080e+04
9.547885740747746604e+04
2.393746499119142754e+04
-4.083750536388222099e+04
6.585091258076719532e+04
-7.822670161723141791e+04
-9.094246645242307568e+04
-3.412720550654749240e+04
3.306169447086856508e+02
-6.719136544632508594e+04
-1.761537600133029991e+04
8.174004941844225687e+04
-7.204589018261973979e+04
-5.314026107908102858e+04
6.324126047130434745e+04
-4.551444639762167935e+04
7.641493055712434580e+04
5.921077789373884298e+04
-8.058083141555768088e+04
-1.205226211688582453e+03
-6.364483834386072704e+04
6.882859433473633544e+04
7.851600139315144042e+04
7.361017461141216336e+04
-4.174137018376636115e+04
-3.345457018675714789e+04
-4.862278046992549207e+04
1.897745156427497204e+04
-7.836409764109384560e+04
-5.836000112503013224e+04
-4.738463420187357406e+04
-4.618019545097219088e+04
2.379296751644942560e+03
-3.557074910690362594e+04
-1.594435416231366617e+04
5.890851949249087193e+04
7.385839349836172187e+04
-9.118454777075075253e+04
-5.189472084260783595e+04
6.241464529922326619e+04
3.101336081114577610e+04
3.543958324108408124e+04
3.284723743130331422e+04
5.858054758080815373e+04
1.000057269862706016e+05
-3.368937401551143557e+04
-1.673316754636501355e+04
9.658869192396414292e+04
3.321295953012049722e+04
-7.342449314830824733e+04
-3.804431292429411405e+04
1.742929511651665598e+04
3.898554386008303845e+04
-5.848165704267918045e+04
-4.316041848079729243e+04
-2.654881397891668894e+04
1.195179178287639661e+04
-5.880777214905931760e+04
-6.687947758017441083e+04
-7.192987967090873281e+04
8.026531606386588828e+04
8.823745549821924942e+04
-2.378800433319177046e+03
-4.130110789195117832e+04
3.038936763911483649e+04
-7.999048155039285484e+04
8.778039929715350809e+03
-5.374182760437832621e+04
-5.154621646915605379e+04
7.400160649349859159e+04
-7.315904956103461154e+04
7.248361966388244764e+04
-1.973563255741260582e+04
-7.005457755762025954e+03
3.110208050139675470e+04
1.851616185881293131e+04
7.291945870035709231e+04
-4.093564180242148723e+04
-6.682000109571538633e+04
-3.825154564174999541e+04
9.734655973212792014e+04
-9.365411791362692020e+04
5.385452711099048611e+04
-9.811280307069876289e+04
-9.467457547568368318e+04
3.155326751215605691e+04
-1.025774617574093099e+04
-7.004592746068467386e+04
2.870061409672650552e+04
-3.033601063731230170e+03
1.552845983401062995e+03
-4.214712426787809818e+04
3.705660681990093872e+04
-7.792551081562778563e+04
8.425169617890821246e+04
9.036154907264998474e+04
8.304196429753369011e+04
4.251995344989262958e+04
6.652433305401587859e+04
7.186034448150826211e+04
7.312084131301291927e+04
3.799186204080973403e+04
7.188591866808511259e+04
-2.644033248783466479e+04
-2.985919883839799877e+04
3.601269218458789692e+04
-7.560757771499735827e+04
7.040042812540118757e+04
-4.090628436580911512e+04
5.140217228099345084e+04
-2.874633615478619686e+04
-4.690838040773449029e+04
-6.586935846069980471e+04
6.266167147592513356e+04
-1.245841428000603082e+04
-2.930219321641190254e+04
4.896495298153556359e+04
-6.017890084142670821e+04
8.562361972796302871e+04
-9.474263511221304361e+04
-1.987753408042456067e+04
5.190224406742407155e+04
-4.707583953762360761e+04
6.699323888226937561e+04
-4.675828802077294677e+04
-6.872203383069088159e+04
6.490199812393572938e+04
-4.512848649539209873e+04
5.842339212885996676e+04
-2.737304715201780346e+04
-9.746900133790109248e+04
-3.752605715098596556e+04
-6.500803883941256936e+04
7.329295698915021785e+04
-4.213903786229662364e+04
5.791929129852878759e+02
2.440671074780022900e+04
1.911141421283005911e+04
6.840824648084159708e+04
-2.894726344504869485e+04
-8.769803859099591500e+04
9.558411215169813659e+03
4.760973134269065486e+04
3.693563384310065157e+04
6.491745017634631222e+04
-8.460290763103334757e+04
-1.780874341151131375e+04
4.662486954880065241e+03
-7.178877382592225331e+04
9.913827064360131044e+04
-8.255789693226013333e+04
7.659613956284619053e+04
-6.182595113763964764e+04
3.338454121768866025e+04
-9.258587639757686702e+04
-5.124616060087636288e+04
-6.480468060192984558e+04
5.226002065570527338e+04
5.618706410455624791e+03
-3.682011632998658752e+04
-3.865972988125405664e+03
3.380090899481761880e+04
4.565759039720002329e+04
9.095944189243581786e+04
-4.115049243288706202e+04
