-2.795436886577412952e+04
8.054396224231981614e+04
-8.397929661295782353e+03
9.793921109195089957e+04
7.301346820270690660e+04
5.937870300366588708e+03
-4.246873667482128803e+04
2.419634932245806704e+04
-4.029001940820980963e+04
-4.347161702948089805e+04
2.256362987878374042e+04
-2.923079050508702494e+04
-3.876381396570929792e+04
2.997934174708497085e+04
3.520101606285488378e+04
-3.816930366112479533e+04
-3.663848404719420796e+04
6.941047310460687731e+04
-5.407049496621233266e+04
4.776531508800753363e+04
9.568459443443462078e+04
4.450877850425455836e+04
7.405206653493184422e+04
-2.859648460319362857e+04
6.137080551413580542e+04
-2.260734237284112169e+04
-4.214222674717742484e+04
-9.874884666668494174e+04
2.245544059996605574e+04
1.772345189774199525e+02
-6.747444933684640273e+04
-4.003412352714353619e+04
-7.071169939258853265e+04
5.146957360016708117e+04
-7.720360391420598899e+04
7.985655572728395055e+04
6.671024820315993566e+04
-5.502771701318272972e+04
5.373616613857782795e+04
3.525402455110653682e+04
9.115743869286759582e+04
-9.469708134947821964e+04
9.413582167353978730e+04
-1.692145803384948158e+04
-9.066878890591986419e+04
8.548078521272976650e+04
8.875221089016598125e+04
-6.295979438023595139e+04
8.684328409444288991e+04
9.377934003406901320e+04
-2.687142922344189355e+04
-1.513977590258690725e+04
6.790251442359951398e+03
-3.387861335885574226e+04
-4.799529361069892184e+04
-7.941027815538759751e+04
-2.784876899565494750e+04
-4.096865090181103733e+04
1.617421134041932964e+04
-7.012708848609840788e+04
2.234853211581339201e+04
-1.482516939497587373e+03
-1.531636141244032842e+04
-1.833547348507883362e+04
4.416343759634722801e+02
-2.008539618671184871e+04
3.691427210396304872e+04
6.232423919280096015e+04
1.877341351183352890e+04
-1.791915463320232811e+04
3.578968877841265203e+04
5.371045310116597830e+04
-4.535076487204669320e+03
7.090796794002510433e+04
-2.410811342319876348e+04
5.553748446954741667e+03
9.111863706868632289e+04
2.539970637833857836e+04
-9.002781706879920966e+04
3.405604032288107555e+04
-5.080743305592260731e+04
4.065413880766667717e+04
-8.605219175004241697e+04
-2.380714435580117060e+04
8.770549462866640170e+03
-3.140528414110285098e+02
1.407774600666536571e+04
-6.755486356265685754e+04
3.069937326474282236e+04
2.762434777028081953e+04
-2.904860635287368132e+04
8.404614932069175120e+04
6.893330338970907906e+04
4.375200601251554326e+04
-9.546463432081258361e+03
7.799238192989975687e+03
9.695976660650002304e+04
8.409266195890739255e+03
3.216473786048151669e+04
-7.764441470667965405e+03
-9.822375247032588231e+04
-1.382170736168023359e+04
-5.886305864453947288e+04
6.801139441702613840e+04
3.066849353675726525e+04
-3.950097598706925783e+04
9.215993114632030483e+04
9.893130136313250114e+04
5.833793399891147419e+04
-7.573249409791933431e+04
-8.259642583085484512e+04
-6.887193294347150368e+04
5.979908978029299760e+04
-8.996456586095406965e+04
8.411411160438442312e+04
-9.983347331232076976e+04
-9.805658434778594528e+04
4.905892292565090611e+04
-9.812813223904017650e+04
5.206166452668509010e+04
-3.116831292094703531e+04
-6.890389126280584605e+03
-1.359873003385927041e+04
4.188329199261245230e+04
-3.195319253905085498e+04
1.352553526692698688e+04
-1.159718579551079165e+04
5.121522361304075457e+04
-8.893711534965617466e+04
1.146330397705397672e+03
-9.196087336562562268e+04
-5.179425784809517791e+04
-8.445907425002373930e+04
8.810986799033235002e+04
-6.109460478907555625e+03
6.091865568833171710e+04
8.966693278514414851e+04
-1.735748654703909051e+04
6.576949457108713978e+04
-6.715538505975004227e+04
-5.150271211256225797e+04
-8.815634498325867753e+04
-4.523119191648822016e+04
-8.809961947550858895e+04
6.911154075856206873e+03
4.403762927857189061e+04
5.415514169001075788e+04
8.729325046588596888e+04
8.041316140201577218e+04
6.700507719908066792e+04
3.571336883797079281e+03
7.004772223024735285e+04
-6.105148581742894748e+04
-6.953812474775845476e+04
-5.977131365416505287e+04
-2.448763727450650913e+04
7.595294160509115318e+04
-4.927627900224627956e+04
4.143199336124269757e+04
-7.525698110657955112e+04
-6.682351162020837364e+04
-2.733202230030119972e+04
-5.357881649048749387e+04
-7.254914346959172690e+04
1.816294305307808827e+03
-1.049896530141477524e+04
6.042626202392298728e+04
7.615272806153391139e+04
-3.282688119444465701e+04
5.579165920510431897e+04
-8.301876539539637452e+04
-7.969009992083656471e+03
6.142118467086178862e+04
5.150781867844618318e+03
5.161209789084744989e+04
1.696521380907997809e+04
-4.775316967229579313e+04
7.427871290400478756e+04
-4.062664117691649608e+03
-7.988360370507859625e+04
3.973544833256905986e+04
3.196539076748260413e+04
8.089541532881492458e+04
-5.098725740336861782e+04
-5.465787864567632641e+04
7.705079034244183276e+04
5.519834705653481797e+04
2.956907272020554956e+03
-8.284225896851642756e+04
5.272794374820280063e+04
9.655529718112949922e+04
-4.295201808179072395e+04
9.886285739197640214e+04
5.093127610613766592e+04
-2.866941614407574161e+04
1.858472906802721263e+04
-8.688408514469205329e+03
2.825051208240990491e+03
1.521217623355113392e+04
5.718975784774146632e+03
-6.920834910584581667e+04
-1.141440836952105019e+04
-3.998956732441960776e+04
-6.781041560771685909e+04
6.700267999110410165e+04
-6.304618159817506967e+04
-2.999557912021905213e+04
1.307501985949695336e+04
2.704838833913905910e+04
4.396329980329255341e+04
-9.926880390338084544e+04
6.594797976350545650e+04
-6.283278949728002044e+04
1.653288881233907523e+04
6.155960417583739036e+04
-5.333379739043659356e+04
5.859402056126970274e+04
4.520417852872080402e+04
8.012568211816828989e+04
2.728334055496223664e+04
-4.771294343786322133e+04
-6.426869914641373725e+03
-1.099894017434168927e+04
8.643638220969663234e+04
-6.400908777734266187e+04
9.006276497379364446e+04
5.768545218018749438e+04
-3.802632583741033886e+04
7.770510314458915673e+04
-3.075328347664403191e+04
-5.313316076740861899e+04
7.101010619091258559e+04
-2.868393586051835518e+04
3.380300512460480240e+04
-5.268988256965336768e+04
2.203931416034678477e+04
7.082152067170727241e+04
8.773769966886186739e+04
1.633249929759069710e+04
-1.302988561727965134e+04
-5.025159747038989008e+04
-2.067062753297963354e+03
5.846161137433905242e+04
3.113553853518376854e+04
2.942844870031561186e+03
-8.146775008549084305e+04
-3.207237726582565301e+03
3.958761001606683567e+04
-2.540070488525226392e+04
3.543356115514774865e+04
-5.221889880910755164e+04
2.053628877028165880e+04
-2.265656293284989442e+04
-1.056468935557300756e+04
5.527362603389863943e+04
-1.368204550823651516e+04
5.097986415223007498e+04
-1.488904238629738938e+04
6.385327394602051936e+04
3.936016396973824885e+04
-9.179872479369986104e+04
8.412698219732087455e+04
-9.100773985614303092e+04
-1.816027955392652802e+04
9.099205204510719341e+04
