-5.885297779087532399e+04
-3.871300489302929054e+04
2.205354103166730783e+04
2.134124134174131905e+04
3.801317681648113648e+03
9.305484887485177023e+04
-7.872858895387683879e+04
7.854273307018177002e+04
-8.599288134870032081e+03
6.443722211593770771e+04
6.551614982039836468e+04
-5.651648204335974879e+04
6.440760370814378257e+04
3.602361415224961820e+04
-8.714364333389996318e+04
-9.591725512698959210e+04
-5.219256074831743899e+04
8.588564557010619319e+04
-9.687989679427946976e+04
4.061780526219509193e+04
-5.022289892391354078e+04
-1.968498316979741503e+04
2.060054599479453464e+04
-8.794462812830434996e+04
9.723806326103842002e+04
4.307356075723853428e+04
-7.931590580668917391e+04
3.951255058944140910e+04
-7.090333403281314531e+04
-3.452389166376601497e+04
3.898204072930567781e+04
-5.651627735584590118e+04
2.816199822482695163e+04
-4.239741175889912847e+04
-2.348939523580286186e+04
5.431893116155467578e+04
-4.637631613929667219e+04
-2.228636200008062588e+04
-2.123814198356290581e+04
-7.410709615214145742e+03
-6.409659111293555179e+04
-5.998419735960238904e+04
9.847805804178395192e+04
6.652083400877370150e+04
8.282670494285447057e+04
-7.284319173464388587e+04
8.539493320361673250e+04
4.934873623144198791e+04
-8.978484963781283295e+04
7.560421727769396966e+04
-3.850514061757062154e+04
-1.357969552273137379e+04
3.716758198550765519e+04
-5.590144459202623693e+03
-4.268392758780930308e+03
-7.205916201291780453e+04
-3.589460737168906053e+04
1.405343016486411216e+04
6.330527403771673562e+04
-5.729230648800287599e+04
-5.381599337296620797e+04
3.812051388188824058e+04
-7.882822734813901479e+04
5.061578742736697313e+04
9.595622712511249119e+03
8.567492733445909107e+04
-5.008609131040691864e+03
9.369228806102860835e+04
8.240097637751069851e+04
-6.678814215961133596e+04
-4.607437006859151734e+04
4.230097631466790335e+04
-3.155873379278353241e+04
-1.080669258657564933e+04
2.244292387844331097e+04
4.286995775143921492e+04
-6.627411759721115232e+04
5.332765121452670428e+03
-2.056582803907120251e+03
3.051636617712258885e+04
4.028573481155061745e+04
-7.689766973758318636e+04
-9.964615259359311312e+04
6.328406555205129553e+04
-3.656923324461709126e+04
8.608513001798919868e+04
-4.011005179316369322e+04
6.478835609850380570e+04
-9.775222044800173899e+04
1.103491481860996282e+04
7.298023153781332076e+04
3.199620555599505315e+04
-7.902483831784789800e+04
5.571364299397252034e+04
-6.150120037038522423e+04
-2.939634900873228617e+04
7.006870950990493293e+04
-7.669421414311014814e+04
-1.744986715531753725e+04
4.679228098176402273e+04
-5.800414036263001617e+04
-6.881085918189538643e+04
3.150352939775140840e+04
7.528300091818929650e+04
-1.467499057631380856e+04
5.778905370516996481e+04
-8.941309268810373032e+04
-3.615894982034430723e+04
-7.806780579282100371e+04
7.088122225892031565e+03
-4.770731842094117746e+04
-3.921876365694773995e+04
7.326749658392497804e+04
3.054686753352169762e+04
6.724086854001902975e+04
8.543469366411375813e+04
-2.565270278016533121e+04
9.225789422493719030e+04
6.605441601604607422e+04
-1.461792987687942514e+04
-3.901855161371441500e+04
-6.278651012208926841e+04
5.490294752385190804e+04
-8.113203472615510691e+04
-8.046510490168404067e+04
6.063452030873886542e+03
-6.168018572603588837e+04
-5.308081414292115369e+03
4.547748701647730195e+04
-9.642544485225238896e+04
-4.689758781316406385e+04
-5.048893733991144109e+04
-1.797022008160340192e+04
-9.577056218373443699e+03
1.585306653037466458e+04
5.684250000316157821e+04
6.524927359514447744e+03
2.553497282487990742e+04
-7.150231095241836738e+04
-7.534143173731604475e+04
-4.626468629252871324e+04
7.466451748977488023e+03
-1.450800417599218781e+04
-6.215769717893342749e+04
9.286797851349003031e+04
-8.783724036008215626e+04
4.824154188555685687e+04
4.055951975841171225e+04
-6.177836641040856921e+04
-1.683257297586329514e+04
8.049480215762398439e+04
-4.783304446159444342e+04
2.771277549376766547e+04
-2.877694578454393195e+04
-1.734997477355384035e+04
-7.304986897575935291e+04
-9.373129024525363639e+04
3.869119144505931763e+04
7.671892950698616914e+04
7.268703627810993930e+04
5.401511411921374383e+04
3.035493996848668030e+04
4.989268358912674012e+04
-3.233409004515336710e+04
-9.873069226835451263e+04
8.899688089620997198e+04
1.106368866364148562e+04
-4.486795991663799214e+04
-2.388899192626061267e+04
-7.374619981276974431e+04
7.815712810947585967e+04
5.920490523544998723e+04
-3.892040496555608115e+03
6.393030197037264588e+04
7.181882192754425341e+04
2.838189047582386411e+04
-7.382535491335249390e+03
-5.382089848908226850e+04
4.050054760807487764e+04
-2.390089606326098146e+04
5.571074431383417686e+04
7.651658016255163238e+04
-9.278709165277272405e+04
-5.109120169825200719e+04
2.342729359146283241e+04
8.579652927128280862e+04
9.301744682078543701e+04
5.264194003976866952e+03
9.822361618133558659e+04
-9.879656556521041784e+04
-6.764878450862041791e+04
-6.280509039746044436e+03
-4.402808617248156224e+03
3.279152615848986898e+04
-7.844697198910743464e+04
8.155798361043326440e+04
-4.907750285912318213e+04
-8.832423400249665428e+04
5.056459860390881659e+04
-3.761193814300440863e+04
-9.940740301167828147e+04
1.856918873780370632e+04
-3.582206267699383898e+04
3.726274212949315552e+04
-1.024958384616261174e+04
5.527633809434555587e+03
7.182482752155364142e+04
-9.032642405692057218e+04
-5.383835324032721837e+04
-2.520206217603303958e+04
-4.639253704099193419e+04
-9.762675378578205709e+04
7.157333823129229131e+04
7.565465409147916944e+04
-4.138754107092056074e+03
-3.814275602801395871e+04
5.758738682896475075e+04
1.743573861969454447e+04
1.757179882190625358e+04
1.871315223267777765e+04
2.050793256730832218e+04
9.325233027823743760e+04
5.934223139033128973e+03
-2.855971190156367084e+04
9.140003401685939752e+04
3.149178211171051953e+04
9.861511808517819736e+04
9.292066119286936009e+04
-8.839050090484484099e+04
8.613605544905128772e+04
-7.651852819033883861e+03
-6.391411201364809676e+04
-3.626527182216294750e+04
-7.426234585822116060e+04
3.215259287209328613e+04
-5.558605102605727006e+04
-1.803275368413039541e+04
2.609447318683468620e+04
-6.450486486780306586e+04
6.590928825134775252e+04
-4.082736442208421067e+03
-6.687148008930249489e+03
5.049124165752297267e+04
2.023712170398639864e+04
7.448492403560079401e+04
-2.099033151481894311e+04
8.442631891705267481e+04
1.601511522112501552e+03
9.253498464553279337e+04
-3.514896035858866526e+03
-9.376919096532174444e+04
-2.089051236703046015e+03
-7.997944475285572116e+04
8.334630290462257108e+04
-4.492438482096585358e+04
8.902739275459156488e+04
-9.993572663965917309e+04
7.821588378803085652e+04
6.447900654870748986e+04
-7.127743286737226299e+03
-2.820135910632630112e+04
-2.088106085261124827e+04
-1.831838137079248554e+04
-2.730320552704630245e+04
-4.606023841165134218e+04
