-7.609857514024189732e+04
-6.000273855838089366e+04
7.442277937338521588e+04
-1.787075279682857217e+04
-7.544470887664015754e+04
1.230954226295197441e+04
-9.582229410538871889e+04
-3.709833185544695152e+04
-5.545139322299059131e+03
-8.386592610302541289e+03
3.094876939340939862e+04
1.425994400984658569e+04
6.116093248016224243e+04
1.028340701854751387e+04
1.136028540271641396e+04
-1.463047343011971680e+04
2.693315076440105622e+04
-4.514305769489119848e+04
3.555220689701064839e+04
2.749050526823756809e+04
-5.596934175826349383e+04
-3.708097468097795354e+04
6.006499472039641114e+04
-7.935711416847811779e+04
2.672970405268158356e+04
9.881342555607366376e+04
6.641389066700305557e+04
-4.062280164441942907e+04
-9.741661006253754022e+04
-4.447560625435404654e+04
5.474169988979015034e+04
-5.634131085265450383e+04
-4.698420441983340424e+03
-5.407618867115762259e+04
2.338793451677502890e+04
8.292690813427153626e+04
-7.246596890875298413e+03
-8.948827803206593671e+04
4.562194711538622505e+04
6.849102623823742033e+04
2.796776231099544384e+04
-8.394536576334267738e+04
-8.276789343901211396e+03
-9.577135417433051043e+04
-5.237553143662181537e+04
1.470764941068942426e+04
-6.945448977146617835e+04
-3.959445387296534318e+04
1.682361529733511270e+04
-7.659102486747248622e+04
3.633728208771959180e+04
-8.708164136331054033e+04
4.032010682038037339e+04
7.985728256924194284e+02
2.312861089360719780e+04
-6.854065202173733269e+03
-6.083987391698067222e+04
-5.261341231600553874e+04
-2.343631861599207332e+04
3.701896525859279791e+04
-9.437721417993026262e+04
-6.484258089893613942e+03
8.852461612876088475e+04
-8.437239927020024334e+04
-1.197853243327081145e+04
1.071802896864840295e+04
-4.007426692381195608e+03
-9.889571424055116950e+04
6.216782775383905391e+04
-2.543784088828100357e+04
-5.289974502383880463e+04
8.329200737463167752e+04
-3.342759614229855652e+04
7.465654218758924981e+04
5.457078003741815337e+04
6.793526737861332367e+04
-3.106222225903414073e+04
-8.106622176266915631e+03
-6.318167983446916332e+04
-6.157001594397189183e+04
-2.236059421485663916e+04
-9.433797499826963758e+04
-4.120042023947021517e+04
-3.164893858049482515e+04
-7.158482166826789035e+04
6.536519451213636785e+04
4.620068823459482519e+04
-5.772060148674409720e+04
2.521728296734829200e+04
-9.206935264492512215e+04
-8.321173990169074386e+03
9.359390825111095910e+04
3.769000697679605219e+04
2.369588344091520412e+04
-7.194213613368784718e+04
-2.085200912597902061e+04
3.508077693774559884e+04
4.185908005684384261e+04
-2.375504592586941726e+04
-3.246690348425161210e+04
7.559332280242015258e+04
7.927069791029507178e+04
8.266753572600285406e+04
-1.278467408460615843e+04
-2.786442524076701375e+02
2.938895463022994227e+04
-6.812618876344565069e+04
-9.093155623072506569e+04
-4.944165631722903345e+04
6.101135446530583431e+04
-8.472951156188393361e+04
3.292615907756585511e+04
-5.184227402482320031e+04
-4.795137265625863802e+04
-4.582322499214641721e+04
8.703039961937675253e+04
9.636186847600460169e+03
6.606140334191921283e+04
-7.722675517220122856e+03
-5.773807107349446596e+04
2.305116734640629147e+04
-7.087942847338315914e+03
-7.293161556939022557e+04
9.076130031096088351e+04
9.909712625735165784e+04
-1.313438331507969997e+04
5.758548160412919242e+04
-9.816730719184958434e+04
-3.346849251953580824e+04
7.532522895641133073e+04
-8.195675909149533254e+04
-1.368543418295313313e+04
4.188567613072169479e+04
-2.772418627234472660e+04
-1.557404186894166924e+04
-8.673236740642762743e+04
5.817172823827405227e+04
8.223417872958997032e+04
2.667808466710397624e+04
3.082864485632971628e+04
6.834121655339241261e+04
-9.152002556756600097e+04
3.269639211101090768e+04
-8.292670519567653537e+04
5.312585038295618142e+04
-8.247612229581788415e+04
-7.424598155560115993e+04
2.791463175592815969e+04
3.530500065539937350e+04
8.201758275712426985e+04
-9.130738597222944372e+04
9.689955477578737191e+04
5.176699054248668835e+04
2.089313101833945257e+04
-1.315325820652491529e+04
4.464329357637080830e+04
2.070672814814001322e+04
-5.508514587994917383e+04
5.613770160820102319e+04
-9.176115057059581159e+04
-7.294810753456960083e+04
-3.585740900497926486e+04
4.628678745688611525e+04
-2.153889399916031107e+04
8.475310868926378316e+04
4.421534289871371584e+03
3.678679960943359765e+04
9.806582725221104920e+04
6.456208434500423027e+04
4.970733911317479215e+04
-7.115127462553727673e+04
-1.677468910691808560e+03
1.699987417957266734e+04
-4.522952481852655183e+03
6.765674103565458790e+04
5.990710080809320789e+04
-7.329930029648919299e+04
7.150441815719159786e+04
-1.123348730445923866e+04
-2.892492679755837889e+04
-1.821422131363194785e+04
2.621208709485667350e+04
-2.730998154297239671e+04
-2.422504713951353915e+04
-1.052177283530826389e+04
2.547667906398125342e+04
-3.476628360614193662e+04
-6.614251188428350724e+04
-5.560220786358560872e+04
7.020997869717725553e+04
7.470717244859767379e+04
-3.108962595036008861e+04
-8.343305956807429902e+04
-1.664705817872307671e+04
-4.786754661212826613e+04
1.830829228033908294e+04
8.666029492429824313e+04
7.849574585453147301e+04
9.551817765335229342e+04
8.093732601845826139e+03
3.680291340055796900e+04
-4.198078669371074648e+04
7.835941271422230056e+04
-2.880993271723233920e+04
-4.946227516322516749e+04
-7.625180433210136835e+04
1.886919511948556465e+04
5.309163392654756899e+04
-1.018250821611359424e+04
9.928006508901028428e+04
-4.944317754800715920e+04
4.422822294365867856e+04
-2.724720911904746026e+04
1.829868985801548115e+04
-8.318778232296888018e+04
-5.542145032946381980e+04
-2.760783260861829331e+04
-8.417443681935235509e+04
-1.443817702778389503e+04
9.220628191393840825e+04
-7.856365341771014209e+04
9.710721660489391070e+03
5.943988759748754092e+01
-4.320056684195043636e+04
-4.882566233402536454e+04
-6.269704859534539719e+04
-2.186773312180594075e+03
8.637504948207500274e+04
-1.615866613509613671e+03
3.039203129087027628e+04
8.813580340886220802e+04
8.578077355324273231e+04
7.524232684302388225e+04
5.881187372317566769e+04
4.708370373555371771e+04
4.267633789470346528e+04
4.868681294166590669e+04
5.765662274433861603e+04
4.813309740852378309e+04
1.422795518863541656e+04
-8.090300242520467145e+04
-8.464093476763965737e+04
-6.919954407404593076e+04
3.944421064224338625e+04
6.218345508146617794e+04
-3.340737784135283437e+04
-4.406660035909588623e+04
8.461847858635295415e+04
1.144478968556507607e+04
-1.435551623004997964e+03
4.233712744658489828e+04
-4.651029076339956373e+04
-4.636053307409901754e+04
-3.622580890873814496e+04
6.151181905499772984e+04
3.104599975358688971e+04
7.405755892565700924e+04
-7.911950177037253161e+04
1.601795689540021704e+04
-5.164574189841090993e+04
5.955071233171242056e+04
6.780803613752280944e+04
-9.490012283750528877e+04
9.644162108730088221e+03
-5.039727558429267810e+04
