3.534142539909895277e+03
1.105144417262737988e+04
-4.865157269162625744e+04
1.264306568456013338e+03
-6.517163508675352205e+04
5.497534616330746212e+04
8.033530665350719937e+04
-5.636095921967352479e+04
4.075897047822093009e+04
-5.338351758497461560e+03
-9.700280964088336623e+04
8.263328106401997502e+03
5.479886535220008227e+03
7.139265285509554087e+04
-9.859615378116662032e+04
7.087928640168454149e+04
8.481417029975494370e+04
3.886448585811376688e+03
-2.927124026475110441e+04
-7.227419824351415446e+04
-1.372337278522973065e+04
-9.750075446026440477e+04
-3.636235203689082118e+04
-9.621144379430494155e+03
-8.817362909351458075e+04
5.226156645853820373e+04
-5.436467781250893313e+04
-9.922655372631755017e+04
-2.675988723101318465e+04
7.527806874893128406e+04
8.461082999530882807e+04
7.156936590381883434e+04
5.605421002878501895e+04
-2.919956492333365895e+04
-7.286050598800212902e+04
-8.036677785559778567e+04
-6.651518583592539653e+04
-5.040910510684222390e+04
6.967785912862693658e+04
-2.670074338987123338e+04
-8.984118488623262965e+04
-5.487686253512522671e+04
4.960204222081264015e+04
-3.835612884773625410e+03
-7.299371587233763421e+02
4.621553148657380370e+04
-7.045445825546761625e+04
-2.658747211030712060e+04
8.085182532189670019e+04
-6.591060231405893865e+04
9.566121133310883306e+04
3.676463389732758515e+04
-7.463902482918507303e+04
-8.933280350413150154e+04
-7.155983034017907630e+04
-7.277756181853030284e+04
-5.980808207468466571e+04
2.003887036915769568e+04
6.515597230129645322e+04
-6.869988361209728464e+04
3.348239101166211185e+04
4.791631283716627513e+04
-2.537692667578859255e+04
-1.206521675872930791e+04
-1.257020559305296047e+03
-5.170933056046456477e+04
-8.199340704418469977e+04
-6.034668282329686917e+04
3.869366872521396726e+04
8.255652333390302374e+04
6.034203838286473183e+04
7.934225770764940535e+03
-8.528688830279337708e+04
-4.834140190047115902e+04
-3.073151632759803033e+04
-5.212401816937164403e+04
-7.176252401592752722e+04
5.844450609577828436e+04
-6.830113769088426488e+04
-4.297693402867528494e+04
2.396756196207608446e+04
-2.678175537453294965e+04
8.767783480123771005e+04
-1.215801404303951131e+04
-4.477065655357405922e+04
-5.644712984756212973e+04
-4.098665547755357693e+03
4.074188307223358424e+04
8.366372344903714838e+04
-2.839869747526528954e+04
-7.035209079524909612e+04
4.132952507926095859e+04
-5.884937122464468848e+04
6.055213776791258715e+04
8.088738475100428332e+03
1.128453448538368684e+04
-1.447349395159209962e+03
-3.794577510052976868e+04
5.784626704835912096e+04
1.216221018679914414e+04
2.432854096342189587e+04
9.172895016060705530e+04
-2.496449725024990039e+04
5.647438258928508731e+03
4.812332050309481565e+04
-3.143277885560580762e+04
3.122868443024053704e+02
-1.469895578983632731e+04
7.516124886618403252e+04
7.961182700872115674e+04
-2.076805792439699871e+03
5.263522511089465115e+04
-8.249098005097681016e+04
9.543598842695922940e+04
-8.744504202841897495e+03
3.584868045683886157e+04
-8.302130009174186853e+04
5.961351009777918807e+04
-3.582520974418963306e+03
6.123125132182775997e+04
-8.732972025195520837e+04
-2.512057520352935535e+04
4.156472082659442094e+04
3.699171601285401266e+04
-7.587255782122851815e+04
5.732045486835451447e+04
-2.884937491048827360e+04
-7.987159827700258757e+04
-8.804168024342405261e+03
-2.482754769802837109e+04
9.223252641977337771e+04
-4.501744452976981120e+04
-5.470453687667051418e+04
-1.450915516812092392e+03
4.163498303916104487e+04
-8.416904824673729308e+04
-2.435487876820596284e+03
5.634062582287623081e+04
1.350423694528618944e+04
6.620250039221570478e+04
-6.767085043475154089e+04
3.508559508903679671e+04
-9.859830715955923370e+04
8.591998564422084019e+04
-7.361338221182538837e+04
-4.029118190054432489e+04
1.735927838408396929e+04
-2.131574815284348733e+04
8.020175086367366021e+04
-2.791574422233067162e+04
-6.850969773648072442e+04
7.995407571901677875e+04
3.832952389777021017e+04
9.355536563963131630e+04
-1.643097570668891422e+03
1.348141730991867371e+04
-9.814381332298862981e+04
5.899900858593810699e+04
-7.193460775840407587e+04
-1.735631115259276703e+04
-4.432213149740755762e+04
-7.955590136640984565e+04
4.360681411751895212e+04
7.329450799567333888e+03
8.631803010610587080e+04
-9.477130192210435052e+04
-4.357597381942641368e+04
-5.209625708629992732e+04
-5.223468564883804356e+04
-3.472984269751003012e+04
-2.196240821710029559e+04
-5.524518831263174070e+04
-8.248705665969253459e+04
-6.372858807941559644e+04
6.223745251520737656e+04
-7.116473259959311690e+02
8.139933238600671757e+03
-9.678803934277997178e+04
1.103689158041667542e+04
8.924959325767130940e+04
-5.530948475987999700e+03
-2.937057698033076304e+04
9.637874412078407477e+04
-7.076699390386074083e+04
-2.337755382185496273e+04
-7.862457479652787151e+04
8.009864262607265846e+04
-6.100388909947689535e+04
-6.836135076226381352e+04
-6.312136284442248871e+04
-4.452226345090301766e+04
5.094548615494041587e+04
6.184155219666191260e+04
9.773012662030992215e+04
-7.488547855804520077e+04
8.246793342550317175e+04
-5.313320941656194191e+04
6.351689572981884703e+04
4.894237402150424896e+04
5.975092332082093344e+04
-8.953183545099598996e+04
-7.375079375551547855e+03
-3.713435264665330033e+04
9.692193775370344520e+04
5.493435978568610153e+03
9.362330690711425268e+04
-3.842764856398916891e+04
8.485388982297584880e+04
-1.315016817751294002e+04
4.474998995762510458e+04
8.776690535049542086e+04
9.434161895702301990e+04
-3.382354535017815942e+04
6.587870905401007622e+04
-6.351876320253240556e+04
3.302683558776907739e+04
-2.098289719395848806e+03
3.365130574589391472e+04
-3.335988327590763220e+03
-3.898299066979693453e+04
-5.829200378410604026e+04
-7.396808695938764140e+04
8.230621141818803153e+04
-9.045376235411938978e+04
9.580667945764685282e+04
-4.237080724202990677e+04
-6.779838324500742601e+04
6.191589341837985558e+04
2.519343297923495993e+04
7.510869234581259661e+04
-3.801403355995589664e+04
5.891048210864912835e+04
6.783047150880476693e+03
-5.414493334745216998e+03
8.636653247851566994e+04
8.385324101562859141e+03
6.237402919158182340e+04
-9.852578812041156925e+04
-3.680304104347866814e+04
-9.559721945028626942e+04
-3.959952617794071557e+03
-7.471892436398637074e+04
-6.415748649940142786e+04
-9.373574016663075599e+04
6.052919812528038165e+04
4.780792075127750286e+04
2.007842816776968539e+04
-9.041896349196809751e+04
-1.562520055720752862e+04
9.483576950233170646e+04
4.527889726457200595e+04
9.882909690821793629e+04
3.358212721713399515e+04
2.389570316446156357e+04
-3.509468388870693161e+03
-9.744955270681279944e+04
-6.983348541356658097e+04
-4.989477360395208962e+04
1.953008207259174378e+04
-3.894035923285601166e+04
-9.101894004682586819e+04
-5.341665487580367335e+04
3.678299486032774439e+04
2.483286587427849008e+04
6.770745063906142605e+03
