1.750001849042568938e+04
3.787462013185981777e+04
-3.843764806150384538e+04
-1.990249911698262440e+04
1.801177604243456153e+04
7.517143952587500098e+04
-7.466115446009756124e+04
5.580750741218071198e+02
8.490066159524241812e+04
-1.639489297975951922e+04
-6.768692832058810745e+04
9.054264965202481835e+04
-3.547895007177861407e+04
5.474211432662076550e+04
-4.671855572398273216e+04
8.866766126395936590e+04
6.473778905277728336e+04
-4.084823005043398734e+04
2.359655161948325986e+04
2.492154150517418748e+04
-8.075113614735040755e+04
-1.630129534917857382e+04
-9.122591085946933890e+04
9.595674464226359851e+04
8.242839988346127211e+04
6.875125149187742500e+04
-1.526722795235000376e+04
-4.471850989760759694e+04
-5.575834709277327784e+04
5.451011579677960253e+04
-5.363419235915738682e+04
-3.041051507682746160e+04
-6.299032866100855608e+04
-1.035952092708740383e+04
-7.776848683555208845e+04
1.813973928236617940e+04
5.060975780335743912e+04
-3.446243635920163069e+04
-1.869524032367752807e+04
-4.320582296973028133e+04
7.431384280670763110e+04
8.867395710748454439e+04
-3.276190776419987378e+04
5.059101057905628113e+04
-3.403453919562844385e+04
8.047603455142263556e+04
-1.312316250795072119e+04
-1.286154779401406995e+04
-3.504893088025140605e+04
8.752344500252057333e+04
3.647455294594276347e+04
3.414523550414000056e+03
6.811476120857833303e+04
-2.351021908698312473e+04
8.446594049167219782e+04
3.225582489443977829e+04
1.702297399059138843e+04
9.114858888563219807e+03
-8.317997760619204200e+04
-6.798492610646647518e+04
3.112519473879018915e+04
1.261402765226802148e+04
-6.713990317067854630e+04
-7.762302072098305507e+04
-2.327724066484245122e+04
1.201978962618377409e+04
-9.003354451918634004e+04
4.992577004292915808e+04
-5.660931847790759639e+04
6.086697504125523847e+04
-6.978678573739292915e+04
-5.484171729563247209e+04
6.555920620685449103e+04
3.128146281838274444e+04
-9.904728537451384182e+04
-1.504603929029086430e+04
-1.983729835972980072e+04
3.073025845714707975e+04
2.240464634517616651e+04
5.607319953844344127e+04
6.232182836071937345e+03
-5.054374224208972737e+04
-6.418145093619007821e+04
-7.885034915557032218e+04
-6.699784318058358622e+04
-2.448148182251215621e+04
4.051727881914225873e+04
9.372835886262843269e+04
2.243542580290290061e+03
2.912385724032699363e+04
-1.521641910770341929e+04
6.295757743103115354e+04
8.771085605143496650e+04
-1.321147567796423391e+04
9.811594676730816718e+04
5.513842420348312589e+04
-8.486958796100430482e+04
-1.273019458603803650e+04
-1.834446270802055369e+04
-7.712992759729863610e+04
9.034355388300737832e+04
-5.003473138538974308e+04
-7.982191942979299347e+04
1.441884724195387389e+04
-7.725431690830622392e+04
-2.933367740467003023e+04
-3.131183360654662829e+04
1.142237029263938894e+04
-7.545239819715739577e+04
2.587057292108707770e+04
2.241408983308658935e+04
6.435452994581297389e+04
5.135187339249849902e+04
-8.632278992283667321e+03
8.462939956868399167e+04
-7.329614534538047155e+04
8.447846615769804339e+04
8.269830996034969576e+04
-5.743518407035672863e+04
-1.929999662699310284e+04
-7.506692176306528563e+04
-5.491752338619028887e+04
1.776246949891933764e+04
2.249576640093224705e+04
-7.485977349566514022e+03
1.737768111320681055e+04
-8.278601251883932855e+04
2.491931309156597126e+04
7.037331447450778796e+04
1.765329146729002241e+04
-8.869787786545376002e+04
9.511850866372318706e+04
-7.948493447086011292e+04
-4.267629657137932372e+04
-2.377999699982893071e+04
4.682766386318299919e+04
-7.092814585147517209e+04
2.989557383857261448e+04
-4.724900752413163718e+04
-6.767050023568823235e+04
-9.310561930330588075e+04
1.301406473642347555e+04
6.729661342310620239e+04
7.642561511141859228e+04
4.125317848408027203e+04
-6.375342251211664552e+04
5.683861215677569271e+04
9.101616963534289971e+04
1.529504643389812554e+04
6.029432247287911014e+04
-2.834433755394871696e+03
9.133027769435019582e+04
3.623253935372925480e+04
-5.472852734242202132e+03
-2.475824340763108921e+04
-2.858133761426841374e+04
3.987600485945396940e+03
-2.941860027980964514e+04
2.724034682076459285e+04
-4.438192633602464775e+04
1.223628381729895773e+04
-9.305632348147765151e+04
-5.233213446780322556e+04
-8.382090109548343753e+04
-6.972653066638870223e+04
-9.795122470886392694e+04
-1.485829651616544288e+04
8.223298367045479245e+04
-7.904475988612664514e+04
6.815614933017364820e+04
-9.898501365783132496e+04
-9.428719276099049603e+04
-5.611943552847511455e+04
-2.979010901962437492e+04
-5.893950783621348819e+04
-4.835227872576519439e+04
-9.753879111835612275e+04
-9.025242848646031052e+04
-4.706145062581230741e+04
1.081199333614362695e+04
-8.873877475614994182e+03
6.014636466744475183e+04
4.470249052676113206e+04
1.835387881232258223e+04
7.729374589663694496e+04
5.989632493945592432e+04
-2.753758224606415024e+04
-8.350453892631939379e+04
8.497550114796840353e+04
5.120903063656200538e+04
1.906723843910693540e+04
7.323549873314108117e+04
7.748386499382162583e+03
8.936689269584231079e+04
-2.018287797373863577e+04
7.913668147623777622e+04
6.094661633256814093e+04
-5.446479980417549086e+04
-3.331420769566234958e+04
-9.010808766569824365e+04
8.008974724472104572e+04
6.910646934906748356e+04
4.909992427312736982e+04
1.463658123652919312e+04
-3.301320916189366835e+04
6.639739759158849483e+04
-8.204943417484650854e+04
-3.388748219001654070e+04
8.927241956545048743e+04
-2.729363909988045634e+04
-7.705002857200964354e+04
1.017210701513962704e+04
-1.968940787560300669e+04
-9.471837225497157488e+04
-3.411666955406202760e+04
-2.209393403029021283e+04
-8.109353165871804231e+04
-3.375853465670846344e+04
-8.398329119698886643e+04
3.020399637010808510e+04
5.976343953811810934e+04
6.625769388833877747e+04
-4.340956646297810948e+03
7.686698462705372367e+04
-7.864916188985254848e+03
9.246258401768404292e+04
-1.763015086583165976e+04
-9.677489297788319527e+04
-8.902269770347586018e+03
-3.026514012108328461e+04
3.710294393864125595e+04
1.262703300698043313e+04
8.665631182405413711e+03
9.643997759310461697e+04
-4.615479906012427091e+04
-2.501309984603911289e+03
-7.867094160639811889e+04
-3.724645357408466953e+04
-4.108343444236113282e+04
-3.796982114285940770e+04
-1.746591354210764985e+04
6.290550220083256136e+04
-7.918545708273687342e+04
-3.479172812218253966e+03
2.869778470574972744e+04
-7.436958813658752479e+04
3.533344488621686469e+04
-3.551724969516129931e+04
6.637214458282029955e+04
-5.247417657855797734e+04
7.032273828368313843e+03
6.569432030047455919e+04
9.776063551710773027e+04
6.151076970454721595e+04
-5.568836363252640876e+04
3.305130081465581316e+04
8.911124508892660378e+04
-1.998754302384282346e+04
-4.436051404962939705e+04
4.232990977138365270e+04
-5.662628933822835097e+04
5.175815508198124007e+03
-5.049600488000898622e+03
1.029793646805439494e+04
-7.843712097554103821e+04
