-3.153755830687246998e+04
-9.974841226225985156e+04
6.109433103447566828e+04
2.705833878346032361e+04
-2.317094112660851897e+04
7.401909592850295303e+04
2.712518247334793705e+04
3.563819351960835775e+04
3.589316343300809967e+04
-8.700070523325503746e+04
-7.368729130112967687e+04
-1.682301791564200903e+04
4.154987769512854720e+04
9.738925831629311142e+04
-3.725652033138652041e+04
1.535612458551580312e+04
6.163651419594985782e+03
2.952864473951988202e+03
-8.617675078794024012e+04
2.637405663101302343e+04
-5.217435664009387256e+04
5.634218575281885569e+04
4.511448736720395391e+04
-9.490312414608793915e+04
7.164130651595641393e+04
-9.658841156761103775e+04
4.273137342470214207e+04
6.232392313910669327e+04
5.119071240597979340e+04
-4.531232075139315384e+03
-2.806175712466527693e+04
1.263311272766080583e+04
-5.731052747179517610e+04
-6.838323144570445584e+04
6.528383937329825858e+04
3.462820755089932936e+04
3.811549748989533691e+04
-2.747719383345738970e+04
-9.457214855308862752e+04
-8.507450513593923824e+04
6.038457927305598423e+04
-8.276477847294934327e+04
9.779818093166446488e+04
1.427434154455928729e+04
9.083687060074257897e+04
-3.984733880256274279e+04
-6.267533208214775186e+03
-3.458446759184513940e+04
6.748869002599638770e+04
-1.308185978148524555e+04
4.115707745652565791e+04
1.708839412582787918e+04
5.722028614194186957e+04
4.635706262915225670e+04
2.574243455942518995e+04
4.884094295485896873e+04
1.195718583133830361e+04
-7.327624783804676554e+04
-7.360102693395066308e+04
4.885778963611107883e+02
3.796243135385604546e+04
-6.593531607659817837e+02
-9.317220621859891980e+04
8.548108198810441536e+04
-4.175431383812311105e+04
2.939027672523414731e+04
-2.811049743696205769e+04
-7.600127911355243123e+04
-6.456632954578496719e+04
3.773944768115429179e+04
-3.049679446668033961e+03
-2.999173829844419015e+04
-2.626671438276646950e+04
-1.216525024690716236e+04
-4.379431479405290884e+04
-5.753171497246772196e+04
-1.851414914232031879e+04
1.824963349409594230e+04
9.869074695487358258e+04
-2.076741906871590618e+04
-4.154381207639940840e+04
-1.711300948672131562e+04
-9.293232693295172066e+04
5.613842945642483073e+01
5.820590157325746259e+04
6.502350723603856022e+04
9.102592994485070813e+04
7.004638883091176103e+04
2.949396877677307566e+04
-2.758496992869199312e+04
7.161376996702031465e+04
-2.498555799746448974e+04
1.032318481673683709e+04
-9.917075573460194573e+04
-9.318001165984106774e+04
1.464191039293175527e+04
-6.324638132324202161e+04
-3.243309094598412048e+04
-3.957899873310837575e+04
6.778560409357532626e+04
4.290351610657347919e+04
-7.744949525310310128e+04
-8.391633990580982936e+04
7.538918904855709116e+04
1.832303069946402684e+04
-1.648186444378762098e+04
4.975597559804658522e+04
-8.309986401096830377e+04
1.381895188008226432e+04
-6.067738443514511164e+04
6.840079981433869398e+04
8.470678517662582453e+04
-1.067897268383636765e+04
-4.308321675655232684e+04
-8.141173468663319363e+04
8.663995589171080792e+04
7.160132743199422839e+04
-4.933434700736326704e+03
3.784438359612452768e+04
1.687887248962120793e+03
-5.192302774885589315e+04
2.973522938940252061e+04
-2.271851174924075895e+04
2.717995276687446312e+04
3.940884801456254354e+04
2.498089587827389551e+04
-2.996353907078611519e+04
1.234153955565551405e+04
-9.725055814566189656e+04
-2.019294159025225326e+03
-4.854434555838923552e+04
4.766428346251335461e+04
5.601038567237465759e+04
-6.517558240141850547e+04
6.444836558338165196e+04
8.599202434744004859e+04
-8.312833043828648806e+04
-7.912266056012900663e+04
3.588341482528106280e+04
9.132282463415578241e+04
4.264155024323335238e+04
6.994460789827560075e+04
3.192782283722281500e+04
-4.886536166866141139e+04
-6.920504511775789433e+04
3.273018711783044637e+04
2.657228032228934535e+04
7.517899359969918441e+04
-4.137845114859220485e+04
3.939799092928271421e+04
8.380324603845072852e+04
9.162146340558990778e+04
4.338568033482339524e+04
-2.410262700882424724e+03
-9.032019693350356829e+04
-6.747574454495290411e+04
-6.740871659631545481e+04
-3.748904686890069570e+04
9.654403909896426194e+04
5.970247458120184456e+04
-7.211100615865988948e+04
5.088897600453879568e+04
-7.929557650793828361e+04
-3.567510034646154963e+04
9.843928265571461452e+03
-2.033989615781271641e+04
7.328250047529462609e+04
-9.335473849123661057e+04
-2.503113747659412547e+04
1.730079273922688662e+04
3.366466142194438726e+04
3.957307995387147821e+04
-8.531591023889888311e+04
-1.375315279184887368e+04
1.237317779889457051e+04
1.273611623377432261e+04
-5.963962125069681497e+04
-4.552938655637052580e+04
1.705058392497786190e+04
-8.965892943712005217e+04
-8.410977793098347320e+04
-2.835334726618798231e+04
-7.236151880613990943e+04
4.943231155459934234e+04
2.505838895031684660e+04
-6.571146323266469153e+03
2.003478495049891717e+04
1.869553202573458839e+04
-3.913169394820628077e+04
8.737547104654012946e+04
-6.981198216084569867e+04
-1.688920831351978995e+04
-4.549492893682157046e+03
1.743168742093059336e+04
1.877478530947281979e+04
6.330541721655911533e+04
-9.847160351078959138e+03
5.573615942009986611e+04
-8.892638176179527363e+04
3.088840093437262112e+04
1.456954258665742054e+04
5.414651978740257618e+04
-9.963551596824679291e+04
7.544776380815517041e+04
3.617702453121459985e+04
4.553254589174509601e+04
8.814126826546405209e+04
9.158982429272704758e+04
-6.884187576614874706e+04
-4.634209819187959511e+04
-5.550504191399976844e+04
-2.626507337296718833e+04
6.641781405803532107e+04
-7.886837709930953861e+04
-7.392640664837686927e+04
-7.700245007564485422e+04
1.180146380618010517e+04
1.497360811302469665e+04
3.629782132156558509e+04
8.533011087190255057e+04
-6.360390704261574137e+04
5.145209821943975840e+04
-2.766605949760541989e+04
2.263031765376521071e+04
5.384025183226932540e+02
4.285051884581726335e+04
-3.572926063599638292e+04
5.022694557553911727e+04
7.660867153517784573e+03
4.122469060196580540e+04
5.528055580868458492e+04
9.725946493920456851e+04
5.713398842944319040e+04
-7.256599113240788574e+04
7.127959754362999229e+04
-8.098195739822987525e+04
-8.884363916580435762e+04
5.363603735208629951e+04
-9.971032939526376140e+04
-6.518388625712657813e+04
-6.568738658593632863e+04
-8.839770000287472794e+04
1.582368568962311838e+04
5.391756587535338622e+04
5.099976122651770129e+04
-7.127079467757053862e+03
-3.012268125558026804e+04
-7.707627575255960983e+04
9.862842051912796160e+04
2.781998371790143938e+04
2.026405518877486247e+04
-6.394027787077214271e+03
7.442588692625789554e+04
7.604809219420273439e+04
-9.166283758221990138e+04
-4.685780354552840436e+04
2.832249042171675683e+04
-4.967864892081350945e+02
-1.523993267187492847e+03
-4.574252527277675108e+04
9.458961458649576525e+04
4.767268819942059781e+04
-4.324867293451690784e+04
8.249702072588472220e+03
-4.301336108253086422e+04
