1.416986066135129659e+04
-9.312054750684397732e+03
-3.235607998096839583e+04
8.253893928564251109e+04
-8.621996579701330120e+03
7.913424809076350357e+04
5.964709759856069286e+04
-7.766302767657792720e+04
-4.436078616880399204e+04
-8.205959676173608750e+04
7.458311138608393958e+04
9.423491364996824996e+04
-3.216819707733724499e+04
-8.089244470306747826e+04
-3.274288791411110651e+04
9.650142176265349553e+04
-4.876915444554869464e+04
-4.319018341381027130e+04
1.532255825252703289e+03
3.053025542014378152e+04
-3.125564073861394718e+04
6.622146293927147053e+04
-5.721339446552383743e+04
-3.749313032989920612e+04
-5.882954700392312225e+04
-4.635470309011572681e+04
5.349780566607090441e+04
-1.458745357998660074e+04
9.925980718351856922e+04
-6.447282022585453660e+02
9.960022852946232888e+04
-1.084259757644967613e+04
-6.861559452004983905e+04
-1.420908473568872068e+04
8.848775312714814208e+04
7.301244406144946697e+04
-1.301296994362883015e+04
-6.319874742446952587e+04
-2.803029432570636709e+04
1.696825030857777529e+04
-8.355349986014510796e+04
1.004195824241275113e+04
-9.466305129867694632e+04
-2.689331990363368823e+04
6.749737951899939799e+04
-8.107807045363665384e+04
3.648738417240602575e+04
-8.478020713185341447e+04
2.302727880623363671e+04
2.532600694576464957e+04
-3.943420633928126335e+04
-1.722105657836365208e+04
-1.011431964984258775e+04
6.360783749188745423e+04
-2.868077263871043760e+04
4.422441177558468917e+04
-6.825895778510926175e+04
4.750475073224598600e+04
-9.169686247805731546e+04
-8.681233864173057373e+04
-3.256384374636162102e+04
-7.869248185829504109e+03
7.911949441550664778e+04
-3.159072838942863382e+04
1.631497315742031969e+04
5.527989669654173485e+04
1.829958028021033897e+04
8.181471222833399952e+04
9.264503115957563568e+04
9.992225162894118694e+04
4.080535768601162545e+03
1.793275853546710277e+04
-9.273802094941906398e+04
-1.573671147897483934e+04
6.002611354740109527e+04
-1.226540719050665939e+04
6.650129519524135685e+04
-9.536198678164133162e+04
8.441973887793326867e+04
3.344300261649405729e+04
-8.924698977180352085e+04
-2.967071455523101395e+04
-5.524881873631938652e+04
-7.963809625687701919e+04
-8.489673084029824531e+04
-4.089838690311506070e+04
-9.053448320581769804e+04
5.760722992420956871e+04
-7.235222821822108926e+03
9.898968453123595100e+04
-7.528237494390702341e+04
-7.422964584140134684e+04
-7.864601625714950205e+04
-5.173914342340006260e+04
3.545535671758066019e+04
3.592658137335736683e+04
-1.861189893538613660e+03
8.861288773021195084e+04
3.056613571360416245e+04
-5.020467561189905973e+04
5.122796389688979980e+04
9.768114489185519051e+04
4.861584411068931513e+04
5.421401388280637184e+04
-5.577576606349969552e+03
1.902417988870760746e+04
-6.470520921429716691e+04
5.380021965289076616e+04
2.371769650329055366e+03
6.984045660180015147e+03
7.040797672705902369e+04
9.831133074943815882e+04
-9.053405343157207244e+04
-3.570774820409082167e+03
-6.620858032780756184e+04
5.655885309286116353e+03
-8.767047137428603310e+04
4.517863017113625392e+04
-5.518882201690089278e+04
4.238122779920131143e+04
-5.128282975828103372e+04
3.677991279174197552e+04
5.401680051755864406e+04
-4.572633630375855137e+04
-6.708853374899904884e+04
-7.308808010135115182e+04
-4.504291396183832694e+04
2.867842315860476901e+03
-2.728080554037131151e+04
-7.978742984592837456e+04
-3.209417616414610529e+04
3.565033523976044671e+04
-9.810954649965743010e+04
-5.568951542375553254e+04
-3.319511302673268801e+04
-6.122470449532070052e+04
-3.974098783307508711e+04
-2.158550247052315899e+04
-4.656556775834520522e+04
-8.797728290901731816e+04
-1.081642943197269915e+03
7.580586687589657959e+04
-3.620577331209356635e+04
-3.674000956478448643e+04
-4.731422238951962208e+04
1.370079061968816131e+04
-7.471082141411300108e+04
4.422158816805575771e+04
4.473886585971360910e+04
-3.552099675958345324e+04
7.901805328732517955e+04
-4.831018894937587902e+04
-3.349351920077554678e+04
4.785013492878906254e+04
4.048722936768677755e+04
-1.228844627431349727e+04
4.019872351538791554e+04
-6.087479059022256843e+04
8.263987083045420877e+04
1.001233349636383537e+04
-5.220578338363210787e+04
3.367014859163144138e+04
4.360572417526495701e+04
-8.608845414098745096e+04
-2.762218440479536366e+04
-9.240838182600199070e+04
6.439081837481580442e+04
-9.444137532822234789e+04
-3.748435899049365980e+04
-3.909217608758556889e+04
-6.145391578591646066e+03
-3.982626763386961102e+04
8.799052442742229323e+04
3.764184487981851998e+04
-5.477795055237213091e+04
4.582629177557757066e+04
5.883493218977006472e+04
2.336885410016484093e+04
3.571191214696384122e+04
6.262620019281108398e+04
-1.940420168484017631e+04
-8.311496698490722338e+04
2.584385746934108829e+04
-4.218822772903499572e+04
6.376907320744521712e+04
1.006024208396140057e+04
2.640137990056121271e+04
-8.975596438420565391e+04
-4.109133856147310144e+04
5.288394413165609876e+03
-2.477408582246861261e+04
-5.157776018918714544e+04
-9.673849878457571322e+04
3.649272295766983007e+03
6.627981792696281627e+04
-2.559430787728004361e+04
9.505851234213932185e+04
5.685970909444955032e+04
5.312328331635287032e+04
9.836747475034107993e+03
-5.468788869353059272e+04
-6.960812857069022721e+04
9.297483172755772102e+03
-2.806157972486322251e+04
-5.343956457797779876e+04
6.989282443630493071e+04
6.083227537109800323e+04
-1.543173706396050693e+04
-1.073997144697026124e+04
-2.376736067775956690e+04
-7.232213780478062108e+04
-4.434152179781516315e+04
-6.333067587308753718e+04
6.065504729481570394e+04
-6.981685645829488931e+04
3.603501616655472753e+04
5.886285998838204978e+04
5.683996559073351091e+04
-9.651541847523413890e+04
5.465477276807328963e+03
-1.256199751789744550e+04
-9.685526981064070424e+04
3.955710796013318600e+02
2.415854640667885178e+04
-2.620185702274649157e+04
-9.908349176351794449e+04
-6.490910492420158698e+04
9.854712942798079166e+04
5.786547075381151808e+04
-1.975978907208174132e+04
-8.432531228896726680e+04
1.590929720107198955e+04
1.500093635103221641e+04
-5.032571623025341978e+04
-6.557022043307356944e+04
-2.829092539387591751e+04
6.138792820576123631e+04
-4.333790723551925475e+04
7.068978236662382551e+04
4.785115112362654327e+04
-6.033935270725331065e+04
-1.996222092586131112e+03
5.266031527549416205e+04
2.343052839262720590e+04
-3.941477177458580263e+04
3.457455519720981101e+04
-2.625418698134629813e+04
-9.747839606561197434e+04
1.077440847087111933e+03
8.456464950944906604e+02
-8.315709462027687550e+03
7.785330041852589602e+03
-7.561648636737161723e+04
-3.348654847037928994e+04
4.260418990511662560e+04
-5.088676387171815441e+04
-2.885043075599108124e+04
9.168990680410420464e+04
5.173919005123874376e+04
-7.101409126226439548e+04
-6.384168014602583571e+04
4.194567496625424974e+04
3.752716627085716755e+04
9.994252144862234127e+04
7.577231257699255366e+04
