-3.994795250932276394e+04
-6.857623873334594828e+04
-2.381631470053621888e+04
7.506412314391654036e+03
9.069001344764287933e+04
-4.874730512587440899e+04
6.409837212206043478e+04
-6.121778636776632629e+04
5.131224667910996686e+03
-2.310212760468243869e+04
-8.464000464818674664e+04
4.052206293776760140e+04
-9.714994802948619679e+01
-2.261370891157851293e+04
-8.284480343376535166e+04
-7.821541805810642836e+04
3.825195714522938215e+04
4.362399280307934532e+04
-6.401491347915276856e+04
-7.856645001419947948e+04
-5.298236829094258428e+04
-6.875220845062333683e+04
-3.806433063791794120e+04
2.562677251711777353e+04
-5.517462260850094026e+04
-3.377204670373319095e+04
1.613315670060720004e+04
1.750875665475167261e+04
3.462584175019003305e+04
-5.508858744733937056e+04
4.025130523657613230e+04
6.534772345792398119e+04
-2.272840293846691930e+04
5.929329531907782075e+04
-8.262110147440130822e+04
5.745385186947428156e+04
5.316403973371537722e+04
8.772288169241523428e+04
-5.534969181645085337e+04
6.415749834271458531e+04
5.508268858330737567e+04
-2.567862279722159656e+03
6.841868347384947992e+04
-1.705206155104978097e+04
2.702794240509242081e+04
-2.268991938412619857e+04
-2.037674427405249298e+04
-2.513362087927951143e+04
-9.313292002425316605e+04
5.172871687886865402e+04
-2.497581397144144648e+04
3.780667905032775889e+04
8.677901434765693921e+03
-1.175286093157226787e+04
-3.404144185362382996e+04
5.541529411787450954e+04
5.596868151372789725e+04
7.605740269961979357e+04
-1.994637841121857855e+04
1.404160032892287563e+04
6.955932718836596177e+04
1.537836775800237228e+04
-2.748833756502243341e+04
1.036020858160529542e+03
-6.496283493972941505e+04
-6.489001549420467200e+04
5.701257842663331758e+03
2.016233933935891173e+03
3.937045828595923376e+04
-3.772827627621627471e+04
-3.229331385858940484e+04
1.144351755888888511e+04
-7.769853222717931203e+04
-3.019227313340480760e+04
-3.830616026063850586e+04
5.820047466090847593e+04
-2.391473158054153100e+04
-3.125569050709881049e+04
1.552093498535995059e+04
-7.080290558661627983e+03
2.939478127537207547e+04
-9.030705187652970199e+04
1.561757826152865346e+04
-3.831769228212380403e+04
4.360232050257993978e+04
-1.496620633253493179e+04
-4.045000803330390045e+04
-3.912026752712684538e+04
1.975800713013876157e+04
3.969062386427444380e+03
-4.244148836227779248e+04
-1.286139640005478213e+04
2.080491573239562058e+04
7.148601048753505165e+04
-7.732219390908771311e+04
-5.252250446339558039e+03
-4.184833286826490803e+04
-7.453891491569871141e+04
-2.855903588124298039e+04
-8.751244217885065882e+04
3.869734229506022075e+03
-3.859732743362552719e+04
3.108198111876022085e+04
-7.157990352808452735e+04
-5.117747805564956252e+03
-2.283017845270987527e+04
4.354203012030960963e+04
-5.358123262367895222e+04
2.078533621303832115e+04
3.522700758253787353e+04
6.160635357107711025e+04
-1.787500096785749338e+04
-3.347114372795190138e+04
1.835416203599723303e+04
4.235585909281114436e+04
1.275652710846451555e+04
6.309114777953157318e+04
4.794411958867641079e+04
6.152158147810442460e+04
-5.950789625811191218e+04
7.767674340696100262e+04
-2.890157658415078458e+03
-6.641161780201269721e+04
4.041662634868743771e+04
-2.878312089291433949e+03
3.768197131890795572e+04
-7.223190709714892728e+04
5.333322035701943969e+04
3.968567848337237956e+04
7.024799689063406549e+04
-4.607716166438510845e+04
-7.609370611569895118e+04
6.361742514075744839e+04
2.616042007828186252e+04
-1.709423796036190106e+04
4.010068790946575609e+04
3.491128555909454917e+03
7.157686469864138053e+04
-6.968210641374331317e+04
7.855398230593361950e+04
8.891333811993816198e+03
-3.193621557524555101e+04
6.147286043175091618e+04
2.119967830672088530e+04
-6.005817850094041205e+04
3.583584364702754829e+04
7.691242381168689462e+04
5.984626717416544125e+03
4.334541621443627810e+04
6.774833737951658259e+04
3.052615757185845359e+04
-8.900283618008694611e+04
9.045283328858464665e+04
2.361488253836191507e+04
4.532688589175219386e+04
4.450297375897197344e+04
4.000219499641694711e+04
5.938882039695644926e+04
4.520811726023389929e+04
5.555880417594529717e+04
-5.897711415419688274e+04
-8.618378635990229668e+04
9.137359510171042348e+04
-7.666864669719440826e+03
8.479710817805318220e+04
2.975880443227557043e+04
3.605452771918522194e+04
-3.087100027964151013e+04
-2.556115136886719847e+04
-3.612811311963546177e+04
4.807058779896928900e+04
5.110936666258337937e+04
-1.382994628296277915e+04
6.875115520718348853e+04
-6.684724588121697889e+04
3.806562579612171976e+04
1.307636410949398851e+04
-2.929294162379493355e+04
-8.742125040421412268e+04
2.668640157156133137e+04
5.477374653261434287e+04
7.139759365619721393e+03
4.662648471740380046e+04
1.657963045255294128e+04
4.336515739772160305e+04
-7.266843400922270121e+03
3.839036048500068864e+04
-3.268326776892177077e+04
4.950894239747018582e+04
-2.890642943914767602e+04
-7.333424410312778491e+04
-5.774455159227257536e+04
5.695446965730679221e+04
-7.789600430706732732e+04
2.956768740827844522e+04
-9.090785336373327254e+02
3.040872806517837671e+04
-3.556322860455938644e+04
1.680864893310507978e+04
8.377212092592602130e+04
-6.655457720242982032e+04
-1.954567268461380445e+04
4.939877969808523630e+04
-3.021744782454055166e+04
-4.818869868775174837e+04
9.675811799704926671e+04
4.295926666689681952e+03
2.796918432790560837e+04
2.654684714714747679e+04
8.599726507122784096e+04
1.287135852726860867e+04
7.166519830724461644e+04
1.447883853872914733e+04
9.040505148936033947e+03
-1.539806226376308223e+04
8.061378841977086267e+04
-5.050223473333280708e+04
-5.649486517934623407e+03
7.821885847702105821e+04
5.265578898072760785e+04
-1.543141732904244782e+04
-7.656957884237199323e+04
-6.209129504073247517e+04
-2.980348565868482183e+04
-7.963529755774200021e+04
6.096629701863096852e+04
-4.206300627597938001e+04
-3.611886023608710093e+04
-8.320482898676954210e+04
-2.806801549623606843e+04
-5.359589686306155636e+04
-7.407302135662663204e+04
-1.280457638863539250e+04
4.407578668611008470e+04
-2.750096167624463851e+04
-6.465744959097546962e+04
1.097281631068232491e+04
5.984716335530854121e+04
2.605479469070632695e+04
-7.009931673950304685e+04
-6.192541295237102895e+04
7.421692399849259527e+04
7.267219230688171228e+04
-4.828865961113190679e+03
-2.782209756982266845e+04
-5.524802765385399834e+04
-6.207937442936622392e+04
1.922520858774782391e+04
2.211363747701960165e+04
-3.422990945887626731e+04
1.661411792663494271e+04
-4.494067804891875130e+04
5.530072957673168276e+04
-7.287900121504795970e+04
4.083827851571593783e+04
-4.582793529431937350e+04
6.760276114467905427e+04
7.493743644725589547e+04
9.385026502161088501e+03
-5.036448785262501042e+04
5.121535533870736799e+03
-1.763009520836503043e+03
-2.798684218906425940e+03
6.776889848998299567e+04
-1.148236326289053613e+04
