3.403150216316443402e+04
-1.118008644603451648e+04
2.350730204113896616e+04
-9.602837950015566093e+03
-3.706691218261402537e+04
-2.251032800288782892e+04
4.843480939336347365e+04
4.269578621105694037e+04
-5.308937455227770261e+04
4.384517534778853587e+04
-2.048208706873086612e+03
-6.281024076312679244e+04
1.570946596245292676e+04
-1.798887980000926109e+04
-1.387208406824452504e+04
-3.350397443248224590e+04
2.346072185892717971e+04
2.789581069116541403e+04
6.942811059826199198e+03
6.400018488873087108e+01
6.120784473834088203e+03
2.190403154289284794e+04
-2.475438584972314857e+04
4.065167185914972652e+04
2.621419191826476163e+04
3.811588050313096028e+04
-4.686792779989477276e+04
2.459279255586305953e+04
4.366822706317323173e+04
9.228873905986647515e+03
2.007156706709262380e+03
-9.804545280411610293e+03
1.002871797543090679e+03
-1.135061676831109435e+04
-5.841879537667835393e+03
-2.167025787446810136e+04
-5.104055388191477687e+04
3.056821216091200404e+04
6.299050050387404917e+04
-1.563260596590597925e+04
6.106902827936525864e+04
3.646613129434153234e+04
-1.473933713268350175e+03
-4.784399511524411537e+03
6.284074006830640428e+04
-7.599657782434405817e+04
8.783024586384903159e+03
2.067582975701702890e+04
-4.249923300988589472e+04
6.343034144688282686e+04
1.484182347167378066e+04
1.474484424893217147e+04
3.319774434166949504e+04
-2.375294344671293584e+04
-2.447771137114375597e+04
-4.906954209824770078e+04
3.465440886496028543e+04
1.722284277892237151e+04
2.995913649507650916e+04
1.810039035889508887e+04
-2.409659118116133413e+03
3.844405805970323854e+04
5.888301270823932282e+04
2.862650663284088660e+04
2.278868973370638923e+04
5.737612381531399296e+04
-1.702072510694551238e+04
2.374378132350437954e+04
-5.334267151390566869e+04
6.304582599547561404e+04
-5.487217442299585673e+04
-6.328949081891273090e+04
3.311961999690284574e+04
-9.364216798484965693e+03
4.512174682535748434e+04
-4.900273641431701253e+04
-1.303547191327926885e+04
4.067220116079157742e+04
4.575609345407237015e+03
6.017431506249772065e+04
-3.899454581951894943e+04
4.473211882280062855e+04
-2.896370312087497496e+03
-4.346150248291474418e+04
1.370913992038809738e+04
6.516725793949935178e+04
4.246900073788542068e+04
-7.902547054646694050e+03
-1.126015637246650476e+04
2.664453002267840930e+04
-3.893510898343507142e+04
-6.626375491408412927e+04
4.577508924759133151e+03
-1.858724507803577944e+04
5.617162322407505417e+04
-4.682790240931697917e+04
3.463223176125645114e+04
-6.310562966258521919e+04
2.281701730202050749e+04
2.532406201717586100e+03
5.954732462503016723e+04
-1.041560735213737644e+04
-7.986797473334633651e+03
2.619388611238200247e+04
-1.217571921888849101e+04
1.802750180713076770e+04
-1.606681047978203787e+04
-1.509781054868578758e+04
1.964824671376371407e+04
2.425174348767048650e+04
3.883841989405200002e+04
5.166986038048860064e+04
8.832491032669156994e+03
-1.563333360478401119e+03
-6.046172263491858757e+04
4.426339912509193528e+04
-1.779194150646337948e+04
5.999855247062987473e+02
8.076116318833813921e+02
1.231110910175170466e+04
4.753917074778986716e+04
3.587423422279993974e+04
6.377860605860428768e+04
-7.372552790340542742e+03
-3.263762496355487656e+03
4.470477005678526621e+04
-2.753951060566219530e+04
2.765673973808799201e+04
-1.703790814511251710e+03
3.970086021287205949e+04
7.792354490742249254e+03
6.003586842210874602e+04
3.746305816115460766e+04
2.567523874093977156e+03
1.488886544041571142e+03
5.689695061993932904e+04
-2.061046037160183914e+04
5.909964099402962893e+04
-3.864514438186555344e+04
7.980310572292763936e+03
4.362469681080719602e+04
-2.851050853917825225e+04
-4.526141918131040438e+04
-3.034533493036649088e+04
4.458576565094180842e+04
-4.953926120170309150e+04
7.365591710782277914e+03
1.625088687292527902e+04
-5.314291872531305125e+04
3.806647640577930724e+04
1.442592485266081530e+04
3.912179726677239159e+03
4.271317086746716814e+04
-1.608932743464864689e+04
-4.771155508592149999e+03
-9.672842533667595490e+03
2.037502594299739576e+04
6.194258093138527329e+04
-1.863324574548043529e+04
1.067642589894729826e+04
-1.529558914712806654e+04
-6.433056770049216766e+01
-2.351925484227744892e+04
3.544326612306353491e+04
-4.244634673859126633e+04
1.460953641148834686e+04
-7.292109354781973525e+04
8.053525019453006098e+04
-4.984610116042570735e+04
3.396530370657869935e+04
-3.992842575995880452e+03
2.307437863861089863e+04
-1.543400073589868043e+04
-4.130921016110228084e+04
4.220663690856077324e+02
-1.236777881590820289e+04
-1.376253190306168472e+04
-1.268759860695414136e+04
2.605264265080719269e+04
1.291917274701512724e+04
-4.186101588070733851e+04
-2.267580831740152917e+03
-3.239345693982927696e+04
4.131899836347102246e+04
-4.300822732518774865e+04
1.879687815125860652e+04
-1.369296704836251047e+04
-4.049252066992944310e+04
2.452343893076387758e+04
6.787371190310893871e+04
-4.019918278899285360e+04
-4.775577318529239710e+04
4.311287297031892194e+03
-3.202455781964162452e+04
6.021238447219343652e+04
-1.413564169023934846e+04
9.326962619715663095e+03
-3.492851816710401908e+04
-4.060687845492646011e+04
2.447766706507714116e+04
-2.583850183296791147e+04
-3.733873307564293646e+04
-5.906744622623292526e+04
-2.219859056939496440e+04
-8.159217476689151226e+03
-4.115365439319935831e+03
4.215953018026801146e+03
1.111117316520526856e+03
-1.685898656443418076e+04
1.655412514787457621e+04
-3.795865516253455098e+03
4.017131903924137441e+04
2.351931191884256623e+04
3.626097087361459126e+04
-2.324969298575507128e+04
3.562867844934265304e+04
3.989464076755335554e+04
-4.158223581160209869e+04
1.239157359936707144e+04
-8.613704677445755806e+03
-2.779573111458241328e+04
6.173184381408460467e+03
1.661185830003175943e+04
5.286119615258491103e+04
2.161356173383704299e+04
-2.431939137819335883e+04
6.372281567955891660e+03
-1.254986835376844465e+04
-3.145640666477159175e+04
-4.541896240213905548e+04
3.410242976236708637e+04
9.092133349362855370e+04
-2.845413540084160195e+04
-6.290506211969539436e+03
1.687837250694156683e+04
-2.676402854977411334e+04
1.430850703150678055e+04
9.929637623743401491e+03
-4.152481314709346771e+04
2.576898051211090933e+04
-3.748801848980948853e+04
8.917981383957134676e+04
6.419445953627432027e+04
5.655676774509082315e+04
1.056622838081520240e+04
5.967289794292160877e+03
-5.309532628987809403e+03
6.156009593374375982e+03
5.412295758199074044e+04
2.161237291450069097e+04
1.513543762930374032e+04
1.150742664037219765e+04
3.295833353568249004e+04
1.162120772916045098e+03
6.461708785430940043e+04
1.202730758845893661e+03
-2.516089125551411053e+04
-7.846351417937469705e+03
4.450352801243467547e+04
-1.120020393753864118e+04
7.562520456757716829e+02
-4.246101156166430883e+04
4.334920800235243223e+04
1.352955279654089645e+04
1.534077775257731673e+03
