3.600684195741973235e+04
1.763710902990900286e+04
-2.849043236869031898e+04
2.238078743695217418e+04
2.644748538918272607e+04
6.110550144045827619e+04
-1.531499620296428839e+04
-3.969847309829056030e+04
3.671612307020229491e+04
6.291043679048618651e+04
7.275314125231058279e+04
-1.127830994496655421e+03
-4.272020365214187768e+04
-2.602559629990652866e+03
3.833609485062374006e+04
1.902998607002946665e+04
-3.513005340355337830e+04
-3.896157300879764807e+04
5.129217446510386799e+04
2.845424204836150602e+04
5.338325198523312429e+04
-3.184770858860080807e+03
-1.861093897788352479e+04
2.618243216338511411e+04
3.214430061332924197e+03
-1.958239606515691048e+04
-1.693294382034206501e+04
2.432801333602995874e+04
1.260602428571288510e+04
2.875920210689802843e+04
7.535251736203746987e+04
-7.217480618812714965e+02
-3.802150646280429646e+04
-1.849526265083152975e+04
7.404385008748972723e+03
-5.689576207707695175e+03
-3.031055423161848739e+04
4.626088331052935246e+04
-1.778100285598681467e+03
-4.601875089773658692e+04
-5.022741629519700837e+03
1.452119962544408008e+04
2.078664786787952107e+04
-7.291193869165516844e+03
-1.122878833913609014e+04
5.245281758187637752e+04
-2.649906578063847701e+04
3.546005081980313662e+03
-5.233141573791833798e+04
-4.878994087826293980e+04
-2.867898770570979104e+04
-5.782394114915153295e+03
-6.173610392198576301e+04
-3.436103881584650662e+04
1.630889029466368629e+04
-2.066523097451545618e+04
-2.901477899176453138e+04
5.265259468623923567e+03
1.318047364380321233e+04
-1.813096024208500603e+04
-4.004326439507574833e+04
-2.605881110176537550e+04
1.712117669699263570e+04
1.227682353759440775e+04
7.053124419727716486e+03
3.432127486274429248e+04
-5.349167791801976273e+04
6.768734895510169736e+04
-7.991303030328785098e+03
1.845926312161615715e+04
6.870887154731345072e+04
-1.143943453701602630e+04
-2.365191305762360207e+04
-3.218427939631258778e+04
4.666861721857271186e+04
-2.796936719716427615e+04
-1.224861222219779120e+04
-3.188331385469514134e+04
-4.444372739714194722e+03
5.339955060888064327e+04
-7.052720469251739269e+04
3.643373608283012436e+04
-1.198519823582789468e+04
-4.116983826230822888e+04
3.381913355456353747e+04
3.327652550800031895e+04
1.294750888202958595e+04
1.562801907623059924e+04
1.929010168900916324e+04
3.782813256761925913e+03
2.322433247361234680e+04
1.335938024970695187e+04
-2.539720318849162504e+04
2.220887867512230514e+03
-4.024111470478924457e+04
-6.888985185611215456e+03
1.377641480455574310e+04
5.890077857944683637e+04
3.416046787457252503e+04
1.090069111219214210e+04
2.705887799922238264e+04
6.415706019335106248e+03
-1.471439824613089877e+04
-3.655846896071312949e+04
3.480922703118852223e+04
-2.194519459237110641e+04
5.283668970247446850e+04
-1.156873163668981033e+04
4.249513818668240674e+03
-1.989299205679253646e+04
-2.835976750529776837e+04
2.330004856982929596e+03
-6.614995558149019416e+03
5.788988853078919783e+04
-2.495834011787049349e+03
3.434037884315048814e+03
1.395785103651693316e+04
-1.495517623621953135e+04
-4.165414303109661705e+04
2.804526929744948575e+04
4.978086595841165399e+04
2.325068660290252228e+04
4.799259163289516437e+03
6.220109621330296068e+04
1.437367782224181974e+04
6.947935688406559348e+04
-9.605483019720051743e+03
2.555277596633786743e+04
1.367306630693471561e+04
4.550873936017360393e+04
2.600027014105234412e+04
-6.681582461055815656e+03
2.893102399525556393e+04
3.435886665367057140e+04
-6.665091279655028484e+04
-3.561625985373994627e+04
-2.768913663166313199e+04
2.321757554037820591e+04
7.349120485130317684e+04
-1.818736928730315776e+04
-2.369964680094441792e+04
-2.503382078979222206e+04
4.562834538508484911e+03
4.071619284150780004e+04
8.534614232861196797e+03
2.985128559608555224e+04
4.907501248721309094e+04
6.513750404387650633e+04
1.808170223829699808e+03
6.342743609215203469e+04
5.188967791603429941e+04
-2.962500377014348487e+04
1.086481210111746987e+04
4.178506831356926705e+04
-4.902426538163823352e+03
-3.779954254617472907e+04
3.558013159944735526e+04
2.039410242304925487e+04
-7.428314659674872928e+03
-7.176542026053082736e+03
8.000400783138397856e+03
-1.067081669290583523e+04
6.217881761689862469e+04
3.942794480156485224e+04
5.712229588028282706e+03
4.048099782795670035e+04
-3.158975348382067386e+04
5.329973099551127962e+04
2.416312682297554784e+04
-4.406141604239922162e+04
-2.564840266918046109e+04
-3.090806377219829665e+04
5.630539957738229714e+04
-1.545626890136271504e+04
-1.060300795501942957e+04
-2.207196134745608560e+03
-4.782271076830201491e+04
-1.271132298310082115e+04
1.514978200431356527e+04
3.225921741387703878e+04
1.016187308821723309e+04
-2.856873015615141412e+04
-2.028211170046925690e+04
-3.577060372120294778e+04
7.573865799796635110e+04
4.596972762521242112e+04
-8.716518874253137255e+03
-2.818719887774851304e+04
-4.473019525841492577e+04
-2.896439311156053918e+03
4.033567737992230832e+03
-4.329086664239107631e+04
5.796928476408061397e+04
-5.420879271246125427e+03
4.465945279448076690e+03
4.375009673603323790e+03
3.336077179141162196e+04
-5.146429991056276049e+04
-4.124832193468855257e+04
2.317201135703136606e+04
-1.610558636689920422e+04
-3.907281201459564272e+03
-2.615631888522881127e+04
7.384007765579136503e+03
-1.770940125021422500e+04
-3.872760294790989519e+02
-4.830286409125084174e+04
-7.389126274279223253e+03
4.139670813572324550e+04
6.929800520363557735e+04
-2.213901830061025066e+03
1.825576771641222513e+04
4.335320109281852638e+04
-2.878587588478166799e+04
-5.121187573673392762e+03
6.517752461052912258e+04
3.098985455556534362e+03
-1.171653754194710382e+04
-1.939889937075118360e+04
9.704311746773253617e+03
3.872382390566211598e+03
-6.899705327258861507e+04
-6.901478922065918596e+03
-3.933890841541732516e+04
-4.521776846837286575e+04
-4.397206512586144527e+04
1.752556089249689830e+04
-8.404905731661690879e+03
3.023750046781269339e+04
-3.262141444192525159e+04
-1.602436130108367024e+03
-4.980434711920887639e+04
-9.073542745997832753e+03
-4.362082436197931202e+03
-3.640421933665272081e+04
-1.040940798311696744e+04
1.040396976548497150e+04
1.804937794358772408e+03
6.599485489956295351e+04
2.562655490232074226e+04
4.243273190755191899e+04
-7.375025583615362848e+03
3.641674071135215490e+04
1.639608997776022306e+03
2.190289472385452245e+04
1.198923646180195192e+03
-2.199507362316781382e+03
5.138541703609823162e+04
-1.055128920697122703e+04
-1.482428613883295657e+04
-5.592071459527031402e+04
5.775346805995965406e+04
5.380114299110820866e+04
1.159909493038183973e+04
6.376604981185761426e+04
-4.506035744590220929e+03
7.543624726926023141e+04
-4.173068790780384734e+04
6.741394722670495685e+04
-1.913910787246609107e+04
-7.206390691330934351e+04
-2.831271077926100406e+04
-1.776785773058442646e+04
-2.492427153463006107e+04
-4.784074584658053936e+03
