-2.687335543831352334e+04
-5.017650504038528015e+04
4.407466098207447430e+03
1.819930365956123978e+03
-2.625060277214177768e+04
-6.081123357031492924e+04
1.288590562010738904e+04
-1.298078789780305442e+03
-5.587836868208325177e+04
-3.098338286815029278e+04
-6.424489371217437292e+04
-5.465221381708408444e+04
-1.165862551108952903e+04
-9.440492227851187636e+03
-2.699483538535806656e+04
-2.208251270973171631e+04
1.090665826519176881e+04
1.196242430525964483e+04
6.074590439651101042e+04
7.679187295865196211e+04
3.746027807046682574e+04
5.112209276333027810e+04
2.930207592333797584e+04
-5.086226138742158219e+04
-6.266243207800745586e+04
2.481177749484534434e+04
-5.009498142600266146e+04
-6.393243608308577677e+04
-2.835368034170935061e+04
-4.534305118185262108e+04
-8.119964670845285582e+04
-3.312299153306354128e+04
-5.838839351914968574e+04
-7.589027285395124636e+04
-7.284527376017186907e+04
-1.722986733143877063e+04
-4.361702769722247467e+04
-3.770447921458519704e+04
-2.183745102728597340e+04
6.713691167656950711e+04
-3.382895061908583011e+04
-4.534808996143287368e+04
-5.653971346374547284e+04
1.607351194995659398e+03
-3.147557803953186158e+04
-4.819093622445974324e+04
-5.944853679466091853e+04
-1.934240202165244045e+04
6.984325688946401351e+04
5.473571152592075669e+04
-5.293650451025908114e+04
-1.580905604993206362e+04
6.264952369783677568e+04
7.198933513830548327e+04
-1.189269797643832135e+04
1.884749351246064543e+04
4.509550403255152924e+04
4.461004474408948226e+03
-5.768201695542365633e+04
2.358757911306392998e+04
-2.994831582686415277e+04
3.319936002150637069e+04
2.072279653536809565e+04
1.259308631577317465e+04
5.453215622939933382e+04
-1.575858240049039523e+04
-3.946631109058395668e+04
-5.513664881933831202e+04
-2.742540320459804934e+04
1.214846214504125055e+04
3.087809632167524978e+04
-1.849925399238210957e+03
-5.421801467222400970e+04
2.734757810184093250e+04
-4.749732864399692335e+04
-1.666133490286808592e+04
-5.982202567897545669e+04
4.747509996526058239e+04
4.407583900627626281e+04
2.417386439537895421e+04
-4.132072304099060420e+04
-1.244818869208565957e+04
5.210602354758553702e+03
7.823885932806532946e+04
-3.847149436621255882e+04
-4.764626629305726055e+03
4.119921061356904829e+04
-3.306493162952409330e+04
6.361721094577050826e+04
7.843423973416550143e+04
1.677205475642446254e+04
-4.746753516031987965e+04
-5.540710956207423442e+04
-6.869644023864952032e+04
-5.433631732711807854e+04
-3.709266137412179523e+04
-1.675993756982422201e+04
1.426530829636047383e+04
-2.056542600691147163e+04
-2.605585588699829532e+04
-5.383670221836364362e+03
7.548574032805208844e+03
-5.824919985011321842e+03
-5.811674465202372812e+04
7.053472992022125982e+04
-1.869608522092897329e+04
2.533650721445853560e+04
-8.591731478637586406e+04
-3.997276420245132613e+04
3.327451722081183107e+04
7.937271824122589896e+04
2.241457514576009635e+04
4.001483327403239673e+04
4.781777727139998751e+04
3.585932490513561061e+04
-6.465923405280548468e+04
5.453662681502417399e+03
-4.312766888364076294e+04
-1.171801447978661599e+04
4.138906724852685147e+04
-9.599437630159500259e+03
3.081514957495320050e+04
-3.608378729892548290e+04
8.283553489173088747e+04
-2.766655534423501376e+04
2.987878764322384450e+04
-8.903531111715983570e+03
-1.383116103798813310e+04
4.497226054255207418e+04
-6.157761654854632070e+04
6.369286000064527616e+04
5.603974302830993111e+04
-1.105100337121322627e+04
2.683024026254910859e+04
3.385624457434684882e+04
2.356745259477214404e+03
-9.835470462858139626e+02
9.698649964011734482e+03
-2.372522172366912127e+04
-1.350148235525886957e+04
-7.048472471088590100e+04
-3.505400476074578182e+04
5.694272053483816853e+04
-1.438399935262811232e+04
1.234827018353667518e+04
1.722882761797916100e+04
4.550921088278573734e+04
-7.442657330043773982e+03
-1.553386339484963719e+04
7.140234673928831762e+04
-2.453532477948216638e+03
-1.001085082821465403e+04
-5.668336495589916740e+04
6.641196429835641175e+04
-3.151574513733183267e+04
-3.400249208766360971e+04
4.644413448113198683e+04
-5.677477728764415951e+04
-1.193172182183035147e+04
-5.701682524049367930e+04
7.253894167357338119e+03
1.361503636931976507e+04
1.189538749680963701e+04
6.239840599328698590e+04
-3.349991571686994121e+03
-6.126201916346065263e+04
1.049485242426858531e+04
-5.141326090243036015e+04
-5.334967416258888261e+04
6.321982728987091832e+04
-4.018303136656850984e+04
7.157696553690099972e+04
-2.228702856003059060e+04
-9.177499737611759656e+02
-3.650433415590089862e+04
-8.613141274512163363e+04
-5.910117233921407023e+04
5.686752584551439213e+04
-3.866020640204106166e+04
4.571349133658179198e+04
-5.210790843598758511e+04
4.418258617304002109e+04
-7.701938529827703314e+04
1.207386374663673632e+04
3.984897009215689468e+04
2.163924599751524875e+04
-7.794647355061555572e+04
-2.420242478894253054e+03
7.148833435220790852e+04
3.342247953568981757e+04
-2.325570203653281351e+04
6.190209950102571020e+04
-5.193649407689810323e+04
3.200415494069016495e+04
-1.021864488086926144e+03
7.039829246280767256e+04
5.507203006811965315e+04
-4.009406557925578818e+04
-1.330348041824857319e+04
-8.419915226132696262e+04
-4.467909684206326347e+04
-5.696888748421733908e+04
-2.869385765450296458e+04
5.103599867576806719e+04
-5.173904433103566407e+04
-5.538734744880811922e+04
4.069614421895639680e+03
-2.919456040540819595e+04
-5.757901813394898636e+04
8.671108927310943545e+04
-4.039255919390646886e+04
3.297052130569133442e+04
-1.958566096929188279e+04
3.381858949677907367e+04
-5.086907404119706189e+04
3.328990089316283411e+04
2.896433614481165932e+04
-7.228192066336155403e+04
-2.966845717416451589e+04
3.639477136804143811e+04
-1.993812325331574539e+04
8.105091035944077885e+04
-7.226683421282957170e+03
2.215207788845978212e+04
-4.535523922966307873e+04
-4.154723283801780053e+04
5.803739261061784055e+04
-2.369756371597510224e+04
-2.763857622986853312e+04
5.341438580073969206e+04
2.241293155874293461e+03
9.632099943139355673e+03
-1.129044071389001147e+04
5.574204548010832696e+03
7.494241701516986359e+04
7.949390781106903160e+04
9.387752408975753497e+03
6.894390752052729658e+04
7.550853916900408512e+04
2.631430700767771486e+04
-6.476513929087903671e+04
4.285962085351252608e+04
-4.934450061888768687e+04
8.836974620334240899e+04
6.297615780371450091e+04
3.869340220752885944e+04
-8.680947027996074758e+04
1.449612543977461610e+04
3.929908148517788504e+04
5.700461440536016744e+04
1.222864129697146382e+04
2.790000766492609910e+04
3.774712304304228019e+04
-2.160479833868283822e+04
7.460077924061019439e+04
-2.992070275956171463e+04
1.986082667389095150e+04
-2.493982674727982521e+04
6.746494721623057558e+03
7.562041663095200784e+04
1.892526135945283022e+04
-5.510194347645368543e+04
2.809969140279620115e+04
-1.226151671464713581e+04
6.330754882421753791e+03
