-1.633879119291541429e+04
-3.201903685853229035e+04
-2.362284700471435281e+04
8.625991737107289737e+03
4.750710068489859987e+04
6.789987219697554247e+04
-3.363156630921737087e+04
-3.459800475835551333e+04
2.109125494621456528e+04
-2.413006115477704225e+04
2.892362190649864260e+03
-6.761117494157295732e+04
2.199379824897936851e+04
-6.085422911257537635e+03
-6.661791659593977784e+03
-2.658841533670791614e+04
3.532550822512910145e+03
6.941133288947549590e+04
-1.011388982077510445e+04
3.390159676720674179e+04
4.117398089651393821e+04
3.884274008827682701e+04
9.641735139931801314e+03
-1.762755996724687577e+02
-4.194586138768230012e+04
-3.631415838183084270e+04
-2.553163898103386600e+04
-5.298127837456863199e+04
-4.533596877586162009e+04
-3.159067159397280557e+04
4.682297397106626158e+04
-7.515261463455847661e+03
-4.009549802861093212e+03
-8.044820404932613201e+03
4.187538175275026879e+04
-6.978779615353011650e+03
2.134565638564476467e+04
-1.249249311102757747e+04
-2.542630748846953793e+04
-2.110577485252199040e+04
1.290549876811527429e+04
-3.948676957442110142e+04
-5.199567449666584434e+04
8.437170479334372430e+03
6.076044975241689627e+01
1.777803502859809669e+04
2.045873752284139482e+04
3.240044697039106904e+04
2.502289192301833100e+04
-8.520244408676850435e+04
-4.422930084362967318e+04
4.251526129467691499e+04
6.307927389689866686e+04
-2.475687366793536421e+04
-1.320452922620489517e+03
5.790930037294927388e+03
-1.652362942088155978e+04
-5.216195399590261513e+04
4.269716675914093503e+04
-3.493689495582767904e+03
-8.132749635952980316e+04
-6.526730612885117444e+04
1.226147350022329874e+03
1.110961150596869811e+04
1.508751052547346626e+04
-7.281695522337319562e+04
4.770167574001893081e+04
2.169979421176969481e+04
-1.979301209639591434e+03
3.332126933347369777e+04
3.646002643354148313e+04
-2.176997697095682815e+04
6.045506860466577200e+04
3.127027446491293449e+04
4.887872212181731015e+02
2.825589330440969206e+04
-4.000876345001190930e+04
-4.228430360929199378e+04
6.636618857949415542e+03
3.196040336548786581e+04
-1.966612345707136046e+04
7.386029545399677590e+04
-4.082512049189536629e+04
-1.526179076201089811e+04
-2.885665236329126856e+04
-1.152680139619254624e+04
-5.070960031925907242e+04
4.769078979200148751e+03
2.260418922736209061e+04
-9.631085337907414896e+02
4.915923493839203002e+04
3.842889581423834170e+04
-4.736810237141472317e+04
-1.501720047846874149e+04
-7.207028763941778743e+04
-7.742465843433194095e+04
3.509236535195980105e+04
2.088264261135562265e+03
-2.463184556026436439e+03
7.137597799621177728e+03
4.866392585359706572e+04
3.332891343067912385e+04
3.872723981055144122e+03
-3.413396915123096551e+04
1.102241269565617586e+04
4.773112662605285004e+04
-3.918758645320983760e+03
3.210016203129875066e+04
5.990692101271272259e+04
-1.214860847183024271e+04
-6.451948741127755784e+04
-3.468284324127206673e+03
4.737215997216622782e+04
-4.418325408820135635e+04
5.102318790017515857e+04
4.621366552907517325e+04
3.951056763508018776e+04
8.379515983778009058e+02
-1.251454382162823458e+04
1.545662669271408595e+04
-3.944323109234100411e+04
7.258120418063635043e+03
-6.024418946920565213e+04
2.497927471112773492e+04
1.148110500143428362e+04
-9.406531995293355067e+03
-1.584224487378779486e+04
-1.599324127183621385e+04
2.072634292433440351e+04
-2.014213320779903370e+03
3.085829262390644362e+04
6.230041338058776091e+03
-3.763014054459220642e+04
4.307749526531299489e+04
-3.144392580339758206e+04
6.004425742349581014e+02
-1.029165474300257119e+04
-1.858803233142573299e+04
-1.757965758282674869e+04
-4.148391830442613718e+04
-2.575025084741232786e+04
7.871291572005666967e+04
-7.691516434660986124e+04
2.744737114820080023e+04
6.154242027309547848e+04
3.645072631780593656e+04
-1.129133311814401350e+04
-5.546675057009205193e+04
3.078431622715893536e+04
-1.057554633474786351e+04
-5.898770040131024143e+04
7.093708967494159879e+04
3.773690181203298562e+04
4.607016102468228200e+04
-5.698122082535141089e+04
-1.225398645464669062e+04
3.229129470062354085e+04
8.845647531756747412e+03
-6.207839160555988929e+04
4.611335289617550734e+04
4.769790954446762044e+04
6.194206235260914400e+04
-5.934896029406652815e+04
3.927177283499564510e+03
-2.418953188384632085e+04
5.409804027275767294e+04
1.443206936198056974e+04
-8.373302665455809620e+04
-5.046083986614329478e+04
4.647806225978412112e+04
1.370673569453423806e+04
-2.075940739118469719e+04
4.158052064944540325e+04
-2.693205791372204476e+04
-3.809819794587369688e+04
-3.147186091710290202e+04
-2.210292107786503766e+04
3.452167936241420648e+03
-2.808664835335381213e+04
8.015756897042801938e+03
3.160685578779299249e+04
3.204668874233912902e+03
-1.573197956471881844e+04
1.739630457602593378e+04
-1.756240731712718116e+04
-4.574745875874227204e+04
-7.998134344546942884e+03
1.172890725882547849e+04
-3.426225013015070726e+04
3.579395769010538061e+04
-5.108061364483890793e+04
2.248873402230223292e+04
1.571780274086445843e+03
6.711431003127319855e+04
3.576716690221770477e+03
1.940274784505975913e+04
-6.467016437085875077e+04
-2.420932303173372929e+04
6.859084679548081476e+04
-2.218832475980187519e+04
-9.070395569884885845e+02
-2.553116601134094162e+04
5.210161306437403982e+04
1.965399138789935751e+04
-3.451909807681173561e+02
4.087638456768440278e+02
-3.512635907400259021e+04
-1.744568014059582129e+04
-4.153088123056341283e+04
6.014940447441777360e+04
-2.978976762410202923e+02
-4.187279043191644450e+04
2.062215938972605613e+02
1.897276836876423113e+04
1.388275312385890174e+04
-5.419980353816824390e+03
-3.791141571835867944e+04
2.137009259546428439e+04
-4.440449370970737073e+04
8.955920159689096181e+03
3.481739587053482683e+04
8.602837907522110618e+04
3.899630176376486634e+04
-1.004068430729666579e+04
1.597606843314656180e+04
7.334678110174744506e+04
-1.342194494831103157e+03
1.461054395227292480e+04
-9.041186209857083668e+03
-1.210763304788922323e+04
-5.513431307761285279e+04
9.488894141539261909e+03
1.741473395912934575e+04
2.961695146524671873e+04
9.224674634195353065e+03
8.522965816539169464e+04
-6.757284269087166467e+04
-4.612584630857324373e+04
7.643014134159708919e+04
-3.115436893114755094e+03
-1.121067894692293157e+04
-1.790735918277882547e+03
4.442761786428198684e+04
-2.184049258395933975e+03
-5.552723801828701107e+04
-6.648089193011136376e+04
1.033442723319683137e+04
-2.781227361825087792e+04
-2.804273330206684841e+04
-4.679663861501933570e+04
-2.496547608442808269e+04
-7.204471668250240327e+04
-1.173737317222908860e+04
2.908057329434288113e+04
-6.528564488625150261e+03
-5.024183369916654920e+04
-2.788658765791418773e+04
-4.613220959158553160e+04
3.023152186527494450e+03
-7.740067716173046392e+03
-3.657224332257035712e+04
-1.507031182633407752e+03
-1.388416764912999679e+04
4.690609832423094485e+04
7.865411537652689731e+04
