2.029408982221702900e+04
-5.625281959200454003e+04
-2.176370432820221686e+04
-3.790912979257434199e+04
-2.759738570327003617e+04
4.865529502984444844e+04
-2.710141142423715792e+04
5.472433152577597502e+04
6.523385915771469445e+04
-2.085766720097695725e+04
7.618303415028953168e+04
-1.997532547730607985e+04
-1.086709169578230103e+04
6.414815501564853184e+04
2.617866008996031087e+04
7.253131961164613313e+04
1.228890072440613585e+04
6.741006324632267933e+04
7.721640234461055661e+04
-6.373993368764088700e+03
-7.338164318516293133e+04
-6.959859148639331397e+04
-1.820645336493012110e+02
-6.194227763781237445e+04
-5.130250836046228505e+04
-3.729140654603052099e+04
-1.175340604563587476e+03
-2.841962169500945674e+04
-3.334950986453264704e+03
-9.084747642399570395e+03
7.657450726673309691e+04
8.152161396209399391e+04
6.170432683753871243e+04
-3.709937945007225062e+04
-2.488743517650969807e+04
4.429709487091891060e+04
3.942094363640712254e+04
-4.668409919947222079e+04
-3.617772912124134746e+04
-7.688953448172200297e+04
-5.839126848827442882e+04
6.531030429813453520e+04
3.816778928778108093e+04
-1.262913287332289656e+04
-7.926781560969832935e+04
-5.152965488296969170e+02
6.880397376928394806e+03
-4.458442849903544993e+04
-1.767626252861634930e+04
-2.853095961986241673e+04
5.452411331409807462e+04
1.183387151213148900e+04
-2.889455710421518233e+04
5.720194196123398433e+04
-7.710417696274947957e+04
-1.010335253460952481e+04
-3.525782331946431805e+04
6.938510244456159126e+04
7.676430359295397648e+04
-6.600724408457735080e+03
-5.851568077854185685e+04
8.838620026203790621e+04
8.057884959752773284e+04
2.061801311916008854e+04
-7.732912456593941897e+04
4.440940101119042083e+04
-2.632326155400142306e+04
3.696020307100834179e+04
-6.240341401258265250e+04
2.388625535301279888e+04
-1.930951597061204302e+04
-7.880868892342515755e+04
-8.084167431967153971e+04
-8.822699899107475358e+04
-8.414863530485386946e+03
9.172250992589113594e+04
-4.331989884731856000e+04
3.979020284669668763e+04
3.485692452142311231e+04
7.226258391316427151e+04
-3.369342827493767982e+04
-5.001893857413158548e+04
-8.021533276256282988e+04
7.566929365831190080e+04
-3.433562581255997065e+04
-8.047181759564296226e+04
7.405477393101964844e+04
-6.064697025123673666e+04
4.612810881608346244e+04
7.676118413129814144e+04
2.219963953155915442e+04
7.555676663002584246e+04
-7.150742224197954056e+04
7.119503172920677753e+04
3.427179218160390155e+04
3.311128137953171245e+04
-2.540042103702833265e+04
-8.370604245962989808e+04
-8.734172644630190916e+04
6.127829235407712986e+04
-5.863519281506686821e+04
9.207302925393317128e+04
2.578005519440751232e+04
-8.130078583578098915e+04
2.958734340805415559e+04
5.564936946733477089e+04
8.379957314968634819e+03
-2.847447583829527503e+04
1.633250286802650771e+04
7.758543470966523455e+04
5.623912696139529726e+04
6.214199566821186454e+04
3.933842236915502872e+04
1.789955293605486440e+04
7.793586245580390096e+04
-2.359625464043898683e+04
-6.201536850727472483e+04
8.077630661584057088e+04
1.516600174527666240e+04
5.015328413675061893e+04
1.635220103125697824e+04
-1.501710310567640227e+04
-5.083456572763439908e+04
7.923242587858391926e+04
1.070525021995457428e+04
-7.362952376181470754e+04
3.197937340570715605e+04
1.829143986248422607e+03
-8.020397306712145109e+03
-5.391534251211571973e+04
6.751054658616559755e+04
-8.154262700015757582e+04
2.806578846292442176e+04
-6.348223202796972328e+04
3.160389993150285227e+04
1.655157918426567630e+04
-2.243050869121807409e+04
6.940524042815374560e+04
1.727598820628680915e+04
-2.818144036201247582e+04
1.676177147171929391e+04
7.872955606201243427e+03
-1.692574961410590186e+04
5.682668378372626648e+03
-3.249367992359499476e+04
7.148753992231376287e+03
1.417441006189352993e+04
5.863161006804733915e+04
-8.881083876285434235e+04
-7.430457618999859551e+04
8.168858240338548785e+04
1.637130808365566190e+04
3.912936374367144890e+04
6.483882188816960115e+04
-3.581040337906890636e+04
-8.398251043941031094e+04
4.057992812807535665e+04
-8.897154369800482527e+04
-8.107410985673415416e+04
4.706692756990256748e+04
-8.410600448304333258e+04
2.977902377146304389e+03
7.828169444071521866e+04
-7.372817137428061687e+04
-8.938851891996063932e+04
-6.319103265312302392e+04
6.911777665057052218e+03
-2.241682890292326920e+04
8.900509723887954897e+04
-1.379724635918862259e+04
7.317051894005437498e+04
-1.582246278157440065e+04
8.301970882151137630e+04
3.305514717088809266e+04
-3.958439418847254274e+04
1.474961388796874235e+04
2.051894890403112004e+04
-2.957086316013948817e+04
-1.610522893240086523e+04
5.107469548505892453e+04
2.523162037679799687e+04
6.149003438101085339e+04
6.218173013848139090e+04
-3.693390924731050472e+04
2.786774802503824685e+04
-4.457509383410783630e+04
-8.869058510750650021e+04
-6.561656908506847685e+04
6.895622613895859104e+04
-5.744217012461309059e+04
-6.840043892972763570e+04
9.006806187459934154e+04
-4.511745988246263005e+04
5.897048202574449533e+04
4.697947963580233045e+04
-9.444772592673260078e+04
3.046993228482964696e+03
6.379653667152497655e+04
-1.575308026631099528e+04
-2.502045802486572211e+04
-8.402403192868585757e+04
-1.324775751021618635e+04
-4.790327326959043421e+04
-9.875327810633963963e+03
-5.576142771897805505e+04
-7.906734568208342534e+04
-8.331382034439589188e+04
5.478735288238659996e+04
-4.045453491784899234e+04
-2.982997288174996720e+04
1.261022780631206660e+04
8.049583642110096116e+04
-1.281749810027004969e+04
3.721392785992621793e+04
7.194652042722073384e+04
-5.851520440723545471e+04
-3.098101227326089429e+04
5.772523223628653068e+04
4.233260035374687868e+04
-5.939368593367761059e+04
6.058248797806425137e+04
1.844666774537041056e+04
-3.601988858284350863e+04
-9.805340180703626174e+03
6.111571769833021972e+04
-4.947046146765759477e+04
2.200219981616040968e+04
-3.183778943318862002e+04
8.785439755394791428e+04
4.170043204888556647e+04
5.189033648913512297e+04
-1.339711445001367247e+04
7.646254982900734467e+04
7.163423785105440766e+04
-9.891177598426143959e+03
-3.583785360563015274e+04
-2.876942446088317593e+04
6.366325505137867003e+04
-7.581443223208576092e+04
2.540419990183859795e+02
1.160069588853309506e+04
-7.363733859648412908e+04
-6.434624301364528219e+04
4.045905646421996062e+04
-7.292822947854566155e+04
7.864162182079048944e+04
5.706143416774911748e+04
-9.753563343998820301e+02
-5.855293808302300022e+04
5.821946304171270458e+04
-7.179671682461023738e+04
-4.456276720173701324e+04
-3.985698905110992928e+04
-1.461149048077493171e+04
6.123165622697736399e+04
1.645948176338710982e+04
1.156278869604356623e+04
8.057472892738069640e+04
-5.237136312572919269e+04
-6.290483442575748541e+02
-7.487866900993238960e+04
-3.890996786096745200e+04
-7.448102527908692718e+04
5.361636982269497094e+04
1.573264128529670961e+04
