-3.178265603761120656e+04
-2.205504661521374510e+04
-5.230524488653805747e+04
-4.997740472827976191e+04
-5.827237186221776710e+02
2.102780662087301607e+04
-4.136760796056901745e+04
2.827583295973996792e+04
-7.955816613464886905e+04
-2.717797391177036388e+03
4.963105570369183624e+03
2.781996993060578097e+04
6.188988010018035311e+03
7.037766331505522248e+04
5.249431778954812762e+04
-2.646488241093007673e+04
2.886025403415750770e+04
4.824418395253914787e+04
3.194448932880299617e+04
-7.008705207600588619e+04
-7.055348762114440615e+04
4.883033216966488226e+02
-7.503660880163034017e+04
-3.089836094888193111e+04
-1.205552057163500649e+04
7.122954106600863452e+04
-8.198123141361064336e+04
6.556746499617835798e+04
4.047944587604892149e+04
-5.641237891067404416e+04
3.761253152558020247e+03
-4.783712529433529562e+04
4.723314497720776126e+04
-8.912826516558564617e+04
-5.455864195056003518e+04
-7.127429762534311158e+04
3.039953044533425054e+04
6.365376058368943632e+03
-2.593819363268944289e+04
-2.943035475095177389e+04
-4.711472586110311386e+04
2.899283855272416258e+04
-3.754825867965904035e+04
-3.797175811067110317e+03
-5.714953244893751980e+04
4.712758598120253737e+04
8.492779711721606873e+03
3.231129782790030731e+04
5.941164203050166543e+04
-3.408610007327896892e+04
2.057194899151128629e+04
5.889625040588145202e+04
-3.601698418430320453e+04
5.138679829745043389e+04
-1.098273570363204817e+04
-9.270001515602923519e+02
4.128743664994869323e+04
7.845426962923994870e+04
-2.530890513929261579e+04
-5.939186960687642568e+04
-3.806472921487874555e+04
1.425738792583942268e+04
2.803070286414471775e+04
2.069379905033529667e+03
-7.256478303268157470e+04
1.914708124828683140e+04
-1.837312006866925367e+04
-5.218178423800936434e+04
5.710722233310563752e+04
4.194949820584103691e+03
-8.023701166033283516e+04
-2.647006519738530915e+04
8.122389968874119222e+04
1.541343595316241817e+03
-5.595029610931982461e+04
-3.101411913341532636e+04
-5.094402684901550856e+03
-4.802600670927274223e+03
2.300794827288700617e+04
7.576448182111434107e+03
1.192337861396908193e+04
-6.184245980137168772e+03
-3.199080346517252838e+04
5.189028574226208730e+04
-7.888211875817969849e+04
5.903445699852849066e+04
-6.691354395642144664e+04
8.637343171297645313e+04
3.456848415597178973e+04
3.446936331361066550e+04
6.655561591871597921e+04
-5.243229845916044724e+04
5.904032909721057513e+04
4.680338829509497737e+04
7.226039245242199286e+03
5.444584093193409353e+04
6.522393420940054784e+04
-4.366356297245401947e+04
2.154553134825677262e+04
7.766137549386093451e+04
1.808359189308888745e+04
-1.535764583467540979e+04
5.110343534251531673e+04
3.212601894531500875e+04
-3.361960698615758156e+04
-1.285551632244466418e+04
3.448039305825725933e+03
-2.111049850130990671e+04
7.538072511165396463e+03
-1.095991670434513435e+04
3.261499405243504589e+04
5.581731576297117863e+04
-3.079143647565052379e+04
6.481797302781163307e+04
7.013689217471874144e+04
-6.449994360172343295e+04
1.057577794418647136e+04
7.658566180238942616e+04
7.543440077512511925e+04
3.547551229205750133e+04
5.371177324713742564e+04
7.327804884648877487e+04
-7.241970344868808752e+04
-8.353658201090864895e+04
-6.878912142160799704e+04
5.320905808273149160e+04
1.675642210322842584e+04
9.581390765549087519e+03
2.746302375920033955e+04
-4.954353354697868053e+04
-3.128030713121335680e+02
8.476992343625823878e+02
6.731421649271326896e+04
-7.767527466636603640e+04
5.309906883984526212e+04
-7.408073823246455868e+04
8.354185730702309229e+04
8.552484269215103996e+04
5.828859507941151969e+04
3.126299655504601105e+04
-4.075603100106314378e+04
3.674307467497551988e+04
-4.748007535718999861e+04
-2.194792513020502156e+04
7.880153527322116133e+04
-1.678403765047414345e+04
2.725679896145076054e+04
5.738192172574818687e+04
-4.554899734494398581e+04
-2.680677603066221855e+04
1.009893590073040832e+04
6.256740809190795699e+04
5.554443593343538851e+03
6.482237360799741145e+04
2.439823215521633028e+04
1.710809481003312840e+03
-5.227404905699531082e+04
3.962161854154712637e+04
-1.905315494421400217e+04
1.818512848184389895e+03
-1.695070553087411099e+04
-2.357620500837824875e+04
8.923458238888099459e+02
5.083149310247466929e+04
4.484630116821791307e+04
2.946083363763297530e+04
-5.044497012256135349e+03
1.318034606826468189e+04
-7.161933149599128228e+04
-6.284436677839035110e+04
3.469472690929820965e+04
1.173338474911341473e+04
1.256227070922321036e+04
6.308936960336387710e+04
-2.517978012605602999e+04
7.619571738074212044e+04
-4.451541329009952460e+04
-8.781511212115732633e+03
1.421974305674314746e+04
-7.200914286938424630e+04
-4.171349772242033396e+03
-7.662103994180115114e+04
6.168829070002537628e+04
-6.896188479442420066e+04
-4.300916961191753217e+04
-5.707750960273559758e+04
6.757402809916106344e+04
-4.510629107926390861e+04
3.769954480884832446e+04
-4.433963413140383636e+04
-3.915839290937850456e+04
3.621364653569573420e+04
1.330279822053969656e+04
3.141124038373915027e+04
1.511765298914630148e+04
3.480711494503517315e+04
-6.448806737372725183e+04
-3.247455070911825169e+04
5.093227842459394014e+04
1.207301444871763488e+04
-1.001472279368594536e+04
-7.840942441353051981e+04
-3.756059188898633147e+04
-2.986153118322711452e+04
-2.752947988056701433e+04
3.451174330343850306e+04
5.317207857047710422e+04
2.180379020200897503e+04
-4.869161339021400636e+04
6.962597504783596378e+04
-3.350601196681273723e+04
7.279001050722872606e+04
-3.429367586920577014e+04
2.240586682653354364e+04
-2.536087044667184091e+04
-3.721984430449976207e+04
-3.145050592744942696e+04
2.290389825584050050e+04
-3.674886129830883146e+04
-6.016243078979643542e+03
1.500970441259030167e+03
-6.027304012290970604e+03
-6.592498183788229653e+04
7.524594734504523512e+04
5.195852737753667316e+04
-4.469758354329520807e+04
-2.684758425208691187e+04
2.679346754588441763e+04
-1.216457219011793859e+04
-7.910338522773862678e+03
-3.692720294445496984e+04
-2.004900187962316340e+04
-2.851601088384710238e+04
-4.010535033841848053e+04
-7.280821072563143389e+04
-5.637374205346000963e+04
-5.229516390525773750e+04
1.578476953137942473e+04
-4.994251743731540773e+04
3.120186873706876213e+04
6.840670936797629111e+03
3.908000034771526407e+04
2.740783936753974194e+04
-3.492155988325086946e+04
6.999827662290527769e+03
2.649773544790671804e+04
4.848940963329484930e+02
-5.430037177795454045e+04
1.600885861035201560e+04
-4.850547168505520676e+04
-3.037110555091251808e+04
3.637578713657223125e+04
7.917158081758446315e+03
9.909137563383033921e+03
-4.904087717704816896e+04
8.141436316220591834e+04
6.549043807378167548e+04
3.636388895201222476e+04
1.252098929368603422e+04
-2.207274956983305674e+04
-1.048631626085505377e+04
-4.940675121021898667e+04
3.621880981915816665e+04
-1.790746804241213613e+04
6.055141796018007153e+04
