-9.404086397062681499e+04
7.907063010604435112e+04
3.963606992820947198e+04
4.905489304377509688e+04
9.341627685738014407e+04
-9.566292894908055314e+04
1.010468534979692413e+04
4.109594570408794971e+04
-3.253567324597594052e+04
3.150838072527173426e+04
2.193195469020595920e+04
2.905204551257684216e+04
-2.231232619713832173e+04
-6.903406976064923219e+04
-9.566028857717251230e+04
6.190139093292654252e+03
7.308574356298740895e+04
6.315144843830138416e+04
5.854628252779610193e+04
2.421923341044363769e+04
-6.006769495589784492e+04
2.007283202530715869e+02
5.120043151572743955e+04
6.040028193362017919e+04
-3.987962007252088370e+04
7.649368839650570408e+03
1.307520593036110949e+04
-9.492103953481267672e+04
-6.695436922503144888e+04
8.499800996183909592e+04
9.349866737515253772e+04
2.578373013803868162e+04
1.223499306555547628e+04
9.471669075230976159e+04
-7.116981368936946092e+04
-6.714995217726769624e+04
9.899976163489875034e+03
-5.249174405493574159e+04
8.575016819432054763e+04
-6.168391962513777253e+04
1.007047800320376336e+04
6.418366779912611673e+04
7.381176350068762258e+04
-8.112847019004960021e+04
-7.928571965107381402e+04
9.553776389629695041e+04
9.896661846664616314e+04
-7.130202100708919170e+04
-8.218444011423600023e+04
-5.432631608317374776e+04
6.010472889577480237e+04
-4.491307301750658371e+04
5.544844468886437971e+04
-8.597018674311231007e+04
-1.081077838593800880e+04
9.456184600290145318e+04
6.961400799768617435e+04
-4.243375606182986667e+04
7.227888162831228692e+04
8.506648349292381317e+04
-1.647760048206033844e+03
-3.123687449635712983e+04
-4.943017328098793223e+04
-9.120333348160136666e+04
7.263125932529658894e+04
-1.074067997846058279e+04
-3.079310966340112645e+04
5.540596340653626248e+04
8.870750681272048678e+04
-7.186619636313854426e+04
5.490161332444231812e+04
5.113007871381595578e+03
3.595447549774021809e+03
-8.930877932517549198e+04
5.907812241348028329e+04
5.897618455362618988e+04
-5.069630053820786998e+03
7.374837423129803210e+04
-5.626101564551888259e+03
9.507068039020092556e+02
6.850013134318405355e+04
-5.616604621864444198e+04
9.653390550135180820e+04
2.118321478023810414e+04
-8.275800134763446113e+04
9.603583097006396565e+04
2.550733428676839321e+04
3.596547913315039477e+04
7.525919185889083019e+04
4.362052860411431902e+04
3.866297604488782235e+04
3.022223310233080338e+04
-1.344423268668866694e+04
8.875258846041046490e+04
7.808599010456127871e+04
3.894966271473123197e+04
-2.122475098987379170e+04
4.636875338202111016e+04
5.940565376235356962e+04
-2.343520905808797033e+04
2.716191496650012596e+02
5.185568149864277075e+04
-8.102497396683794796e+04
-6.781751007741056674e+04
4.253891261891041358e+04
-5.181647989569514175e+04
-6.012302345970988245e+04
5.884146557219212264e+04
8.248811536919918581e+03
3.191006809551299011e+04
-5.738152699080236198e+04
-6.852045745239967073e+04
3.199333725355344541e+03
7.477707921194087248e+04
-4.745159739201268530e+04
5.586908112972793788e+03
8.107105949761880038e+04
-9.282331684598879656e+04
4.424351307690802059e+04
-3.816572808072727639e+04
8.744114654152184085e+04
-3.922395570496040455e+04
7.344142927101826353e+04
5.715907360266889009e+04
5.148957521781783726e+04
8.109678067141016072e+04
1.869234345723978549e+04
1.397101907621460668e+04
-4.021931569611810846e+04
2.388811392095440169e+04
5.469223595925902919e+04
2.854222190583614429e+04
4.138257709867134690e+04
5.527188072587873467e+04
-3.968418200963233539e+04
7.847601764251745772e+04
7.759097766841533303e+04
-5.669453060317989002e+04
-8.039019858602496970e+04
5.280453610609766474e+04
5.530188818181269744e+04
1.523342328258963789e+04
2.162368201449517801e+04
-9.732126030955399619e+04
-9.838432261785617447e+04
5.229111077422049129e+04
5.972477363829015667e+04
2.987025255580192970e+04
6.151255563194889692e+04
7.761646728580529452e+04
8.373256993353406870e+03
4.156021233099445453e+03
-5.529450977310830785e+04
5.056105989230538398e+04
9.643457388163053838e+04
-2.449658457116196587e+04
-5.299552566503865819e+04
3.003296245996803918e+04
-9.599377685057403869e+04
3.105026335437035959e+04
8.284091090010675543e+04
5.624297057869101991e+04
5.950698698364962911e+04
2.709384036673938317e+04
8.608622445379881538e+04
6.148342327449948061e+04
4.169331761443956930e+04
-5.935265726643385278e+04
-5.279244662441043329e+04
3.610311708483548864e+04
8.845105570076803269e+04
-5.171231903855162091e+04
9.787972485645985580e+04
8.293300469055157737e+04
5.409257483514538762e+04
2.022367226261186079e+04
-5.069947659111535359e+03
-1.163560783604067547e+04
8.925560105471475254e+03
4.643352910713849269e+04
8.259578122586774407e+04
-2.986746859572637550e+04
-9.528863197105504514e+04
7.561441383526652317e+03
5.464716277162254119e+04
-4.414620768746593967e+04
-4.513828545253036282e+04
9.506339718705858104e+03
3.863054152467691165e+04
9.084757446414198785e+04
-9.595389513419286232e+04
-4.879378348218346218e+04
4.396220374000901211e+04
1.159597416601200712e+04
9.096807275659759762e+04
-3.040617244886040567e+02
9.712630331626108091e+04
-5.493489123784135700e+03
-7.221796063327378943e+04
-9.164746625208354089e+04
-5.566562471772969729e+04
-8.601999033959329245e+04
6.736021872665273258e+04
5.323635820146218612e+04
-1.140956678371241651e+04
-1.774162238331087428e+04
-1.835989091364790875e+04
8.191243317987497721e+04
8.219957928337474004e+04
1.587668873037325466e+04
-9.247062243376299739e+04
1.741126646106212866e+04
-7.472593869656912284e+04
4.405290138626783300e+04
7.208816817085526418e+04
1.967947019692070899e+04
3.197326685427907796e+04
6.405491578860609297e+04
9.597991710299432452e+04
-6.001640747465331515e+04
9.487385828767321073e+04
-8.821668543308301014e+04
1.706301465197452126e+04
9.471059382803943299e+04
-6.643579071721602304e+03
-6.955990416542110324e+04
5.836827148324778682e+04
9.913547554681338079e+04
8.196044075501577754e+04
4.219003196081578790e+04
2.807906625677525517e+04
-7.796325769872892124e+04
9.778448856903916749e+04
-8.938788399572772323e+04
-2.566276644752134598e+04
-4.552634163967116910e+04
-4.507475668687949656e+04
-1.530600813507844214e+04
2.787325817560519499e+04
-7.000637173592699401e+04
4.169679568251153250e+04
-2.135902261375536182e+04
9.165982778779944056e+04
1.507501864915263013e+03
5.444959710155471112e+04
-4.602272018987566844e+04
4.015862753285559302e+04
6.838840623967260763e+04
-2.969377166697700886e+04
4.556449025461496785e+04
4.907429498650068126e+04
2.767627485770476414e+04
1.963204618656899402e+04
-7.924988543853460578e+04
-1.302807754604306501e+04
-3.602526644033797493e+04
5.280070755080487288e+03
1.556120222698777616e+04
-3.224152249010533342e+04
-4.205610743666249618e+03
-5.135904468244101736e+04
2.856568585930914196e+04
-2.367001637728869537e+04
6.358396558694131818e+04
8.227941989095234021e+04
