-7.588468910333543317e+04
9.151749005975747423e+04
7.122052656183013460e+04
-5.643351296519856260e+04
7.085161312213845667e+04
-8.227358676255491446e+04
-4.424998032975821116e+04
-1.350764399741639863e+04
1.613892877123013568e+04
8.049385189550310315e+04
-5.502543876563417871e+04
-2.437234901543509841e+04
-8.641478601875658205e+04
1.369233870177091376e+04
-9.717043278270165320e+04
8.848123566133194254e+04
3.151621004605363851e+04
2.578345895523420768e+04
-8.815496079937284230e+04
-8.581524845942195680e+04
-7.751119132129978425e+03
-6.831081735152420151e+03
-5.437966603685079463e+04
-6.252328731934078678e+04
8.529518250575680577e+04
8.322670572133032692e+03
-6.318359016207491368e+04
-9.616917850044823717e+04
-3.494011885063056980e+04
-4.185353925938485918e+04
7.118846020642301301e+04
3.307863046489363478e+04
-3.457449904086755123e+04
-8.493148139275453286e+04
-6.471134146565395349e+04
1.349744191306667744e+03
7.596092650014552055e+04
-5.294836397918498551e+04
-7.215008534858362691e+04
8.252601493558805669e+04
7.257368548908957746e+04
-6.692804708707923419e+04
-2.347623496471665203e+04
8.130614676029092516e+04
-8.128783445898676291e+04
-9.120856380815565353e+04
-1.228872963637493376e+04
-4.304912199990999216e+04
6.687404030545854766e+03
7.693579407512064790e+04
-8.971452058133849278e+03
6.165422916811559844e+04
7.880410941020268365e+04
7.910424170886757202e+04
-9.480845465783106920e+04
2.564050971171245237e+03
6.559243416121981863e+04
5.426866039737243409e+04
-5.290649858283418143e+04
-8.202289772691327380e+04
8.574031000805685471e+04
3.218493151094645555e+01
3.879208926797837194e+04
8.075984975164485513e+04
3.858022350796128740e+04
1.797838515563775218e+04
-8.896321966753406741e+04
-6.175679260738744779e+04
-6.824236448502825806e+04
-9.452611862671405834e+04
1.259321362273944760e+04
-7.673599584994452016e+04
2.357476473267149049e+04
-6.988924213047216472e+04
3.001188544409626502e+03
-7.852243952785666625e+04
-5.083771147096530331e+04
1.204308480701801091e+04
3.435367620602554234e+04
3.367045957015623571e+04
-6.498797462856500715e+03
-9.017115720790547493e+04
5.205118740214972786e+04
7.901076106664695544e+04
7.265382204941737291e+04
7.881349040040309774e+04
-7.849913394926201727e+04
-3.544784872874173743e+04
4.414438956239365507e+04
8.747230436268917401e+04
-7.202000558127656404e+04
9.672427094685492921e+04
-3.454351184374194418e+04
-2.547854513428968130e+04
-2.973929371622205144e+04
8.725647093849387602e+04
2.579710948003915291e+03
1.261175296244163064e+03
8.829659017398432479e+04
-1.654502429498375568e+04
-7.584267307835393876e+04
-3.196476391105434595e+04
9.524474229830922559e+04
7.412510689977317816e+04
-9.573007481979027216e+04
8.016428761901282996e+04
7.324814140366950596e+04
-6.399147869755713327e+04
9.449582618955879298e+04
-3.741781514041960327e+04
-1.963025377238350120e+04
-7.952569456342668855e+04
9.538361492539179744e+04
5.537260391747333051e+04
4.779410163061105413e+04
6.293172123523386836e+04
-7.627944104000614607e+04
6.225556291485767724e+04
-5.810449559642489476e+03
5.267517821988318246e+03
1.028604974634830432e+04
5.529689401643777819e+04
2.710012942944457609e+04
3.640186649415863030e+03
-7.235171421235785238e+04
-2.022372937267512316e+04
-4.392544567845919664e+04
-3.563980260189733235e+04
2.569516608650287162e+04
3.565566974173621929e+03
2.071094713441113527e+03
9.519535075003927341e+04
8.351439139866178448e+04
-2.181016115709305450e+04
6.204977205920084998e+03
-9.185053309497243026e+04
3.976886146229127007e+03
-9.711633159095578594e+04
-8.558140750139384181e+04
2.298146097703243504e+04
-5.263765681277911062e+04
-4.081644838326064928e+04
-8.694229705160202866e+04
-3.600010433892579749e+04
3.535468248837363353e+04
-9.396922356914276315e+04
3.821660075235486147e+04
-1.175158820968477085e+04
6.045628074318409926e+04
9.816689925048862642e+04
7.491013717151220771e+04
-2.152922150091454751e+04
6.381246876595371759e+03
-1.752872827214359495e+04
-2.372541077848287750e+04
-4.374849750375626172e+04
-9.235783130268366949e+04
7.918701979921849852e+04
-4.826139251198637794e+04
4.577504618857699097e+04
-4.030949381074086705e+04
5.642081725238673971e+04
-7.219195693076173484e+04
-9.407706642643544183e+04
7.792018872678636399e+04
-4.573435492012839677e+04
7.829565862184470461e+04
2.255099594726023497e+04
-2.793097625343630170e+03
2.041312466780129398e+04
6.129799255895001988e+04
2.936709192582824471e+04
-4.559694915194759960e+04
8.861369682165456470e+04
-5.120915017052483017e+04
-7.825716607144630689e+04
-5.998235229001908738e+04
-8.400561684655970021e+04
8.648780751541910286e+04
-1.303819168440408066e+04
-6.266825276516071608e+04
1.885137284366095264e+04
5.699877497831828805e+03
1.955138667276485285e+04
9.297756708877920755e+04
-2.261963715692864571e+04
4.948862463267577368e+03
8.708891366990639654e+04
5.017417505006025021e+04
1.145688471305257372e+04
2.007884001157723469e+04
-3.632500615703121002e+04
7.462870761783953640e+04
-5.523204938660950575e+04
-8.065965125481826362e+03
-4.965197968946009155e+02
-5.283821733585247421e+04
-4.402935307167885185e+03
-7.178722370923943527e+04
5.758764102151663246e+04
5.904960965891840169e+04
-3.416103407968147076e+04
2.555628509269504139e+04
8.659477314027199463e+04
-2.020360489460874305e+03
1.500655803033238590e+04
6.014443879436819407e+04
1.575205719435015817e+04
2.420948015550749460e+03
-9.338122492701896408e+04
-6.189553882781113498e+04
1.638546714038114806e+04
-9.608644383285631193e+04
2.538488479434015244e+04
8.914003952753635531e+04
2.555694029955852238e+04
8.482231161419830460e+04
-8.162724915686220629e+04
1.028270437890596986e+04
9.589021794431886519e+04
-9.894672383776436618e+04
1.834210077234961136e+04
7.953587086613349129e+03
3.164414729973339490e+04
-6.106660553936586075e+04
-9.719414254454580077e+04
6.429910704631374756e+03
9.447128855034099251e+04
9.913642336831566354e+03
2.519584023181498924e+04
4.936191672148346697e+04
2.839289630995738480e+04
-3.527537780234104866e+04
8.697037579949822975e+04
4.191761843735472939e+04
-4.617445676400500815e+04
-4.141594474881274073e+04
6.116880335186709999e+04
7.276015239337307867e+04
7.150648677118090563e+04
-5.202722274799796287e+04
7.684386385239280935e+04
-6.126776041715617612e+04
4.947269581078919873e+04
6.466508178320150182e+04
9.250318062588215980e+04
3.829344926451279753e+04
4.608101470228299149e+04
3.438821321805755724e+04
4.351717201992707123e+04
-5.987357516400966415e+04
1.394283871613065639e+04
-4.254331487356443540e+04
-8.254517603712907294e+04
-8.827751741857898014e+04
-8.417224709311417246e+04
-2.119595969498695194e+04
4.846043066222858761e+04
9.482205276172791491e+04
-7.876654396662722320e+03
-2.843586478409987831e+04
-5.937894880895833921e+04
-4.954300688192968664e+04
5.807691606601080275e+04
-5.976279082974555058e+04
