-3.336229836901992530e+04
2.548396218775025773e+04
-3.328625056625798607e+04
-4.295343528997250360e+03
-2.211738317911226841e+04
4.061277226351932040e+04
2.502377763252077784e+03
-6.955930580612918129e+04
9.355636932602975867e+04
-3.351201536071777082e+04
-9.036109199441297096e+04
-8.873197740385294310e+04
4.698182144626747322e+04
7.196478299383967169e+03
7.769687875560556131e+04
4.632886622875458852e+04
9.029192022203495435e+04
-7.569664189276298566e+04
9.791480146876226354e+04
-5.511880604664503335e+04
-4.214530842234928423e+04
-7.409155514677261817e+04
3.032505811815426114e+03
-2.680401140474846034e+04
6.880226822884603462e+04
7.345103819091095647e+04
5.590423122802461876e+04
3.611571876210185292e+04
-3.458826417199993557e+03
-6.444915528687909682e+04
-9.821898721054718771e+04
-2.914227325754936464e+04
-4.293792654182093975e+04
6.597181918217889324e+04
-1.323769320136414899e+04
-5.244916994723780226e+04
-8.679848929755162681e+04
6.719947165756017966e+03
8.375841419699332619e+04
9.160762775237277674e+04
5.715567456053540081e+04
4.705779686685490742e+04
2.300135013318520578e+04
-2.047275424615712836e+03
4.935272471225861227e+04
5.600820496245197864e+04
5.701438131496973801e+04
-2.573856363786556813e+03
-2.135108065996811092e+03
7.780524621652386850e+04
-5.923782564995252324e+04
6.195313160937523935e+04
-3.063194269945950873e+04
-2.430140393206355657e+04
3.935215017522437847e+04
-7.591353713411536592e+04
-6.510534529508266860e+04
8.173447775828318845e+04
-8.702304979250380711e+03
6.033612602442585921e+04
9.006899401666309859e+04
8.798869777982060623e+04
-5.049861881176754105e+04
6.164543125390905334e+04
-1.307486315405883579e+04
-8.748213698516858858e+04
8.962200479513395112e+04
-1.581815041077543901e+04
-9.171490588451293661e+03
6.285618153790813085e+04
3.878072066775545682e+04
-4.481748773639165847e+03
-6.740912853235614602e+04
-5.989137624575880182e+03
-7.723651894341084699e+04
-4.012880282200122747e+04
-5.812435716081234568e+04
-7.435438427265394421e+04
2.527793984083748364e+04
-1.537922366901887244e+03
4.660611353471290931e+04
5.613194407962034893e+04
1.155678868567824975e+04
7.136960101838433184e+04
3.859879615985428245e+04
9.150195968385717424e+04
-2.116685882764337657e+04
6.521535069281385950e+04
9.288908667638110637e+04
-3.857973600726122822e+04
-8.856253710113758279e+04
-3.146371576088550137e+04
5.907906413148617867e+04
-7.283270111452783749e+04
-6.356079593167649728e+04
-4.709021575184171525e+04
-8.198878195720867370e+04
-8.041196614116492856e+04
-3.763020273603294481e+04
2.425993913547995544e+04
-2.533330186576529741e+04
-3.203296473739963403e+03
3.796359642899674509e+04
-4.569450986615022703e+04
9.373390499965373601e+04
-4.189311334117884144e+03
-4.596413203850511491e+04
-5.601248188230461528e+04
-6.157252677879231487e+04
-2.913604369268424125e+04
-2.312973220302614936e+04
-2.096796943608339643e+04
1.054879391709986703e+04
9.293663729317122488e+04
-4.950612707672710530e+04
-1.324898949731975335e+04
-8.934776603277525282e+04
1.739203401931328335e+04
6.259254722152330214e+04
-5.398065384808227827e+04
-3.944204628710443649e+04
2.157107564739502777e+03
-7.660394124065338110e+04
-6.189160456926555344e+04
4.600848865073086017e+03
-6.711808282130058797e+04
8.170969546368875308e+04
-3.525367817508706594e+03
-3.319419711654385083e+03
-5.858937050452769472e+04
-1.818038138399464151e+04
-8.696626767849878524e+04
4.429860317857327755e+04
4.791616812739605666e+04
4.450900615517610277e+04
-4.278097871477851731e+04
1.499322608362205983e+03
1.920160891142839318e+04
4.284526496097677591e+04
2.180073566456526896e+04
-1.063914852704332407e+04
4.294779089478831156e+04
-3.259981391899924347e+04
5.393434638853431534e+04
2.922796541777959646e+04
-6.570982010883167095e+04
-8.873745762223337078e+04
-9.817389726009115111e+04
5.555648904927980766e+04
4.171570816429337719e+04
-5.681128937076575676e+04
4.824104883732317103e+04
4.007137902752085211e+04
6.655567885189423396e+04
2.526369912960570946e+04
-8.084422762201020669e+04
-2.846389284381453035e+04
2.862116799434448330e+04
-9.660646420223616587e+03
9.547854654060000030e+04
9.278484829184506088e+04
-8.776719267271978606e+04
-1.781874062844983928e+04
6.978594024577150412e+04
4.509883483370847534e+04
-5.639315049101809564e+04
1.506612348094883782e+04
-9.076406743949129304e+04
9.296482541273966490e+03
8.463795164141981513e+04
8.524991781426282250e+04
8.997942656978334708e+04
2.040812319435576501e+04
8.872351342411391670e+04
7.254640967885681312e+04
-7.668059324325575290e+03
-4.525037256380335020e+04
8.752352479979567579e+04
2.693478317293007422e+04
-4.004054268027327635e+04
-8.735617595592311773e+03
3.664643408731756062e+04
-9.287493260857723362e+04
-1.343683720324379465e+04
-7.723837105287732265e+04
-2.058982447549680364e+04
-1.269931423769431422e+04
7.210466036945088126e+04
-8.250195750968062202e+04
8.462726754046378483e+04
6.314740683060992887e+04
-1.253932892153145622e+04
-4.812417182439345197e+03
-1.133369755283901213e+04
7.009959068135732377e+04
-4.497716204213799938e+04
-1.650888452718728513e+04
-2.779195824796109446e+04
8.756073578715993790e+04
-1.691344018392113503e+04
-5.517818553787921701e+04
-8.983720185889249842e+04
-3.476795324827489821e+04
-9.178215723754338978e+04
6.994841534260625485e+04
-8.700551343187049497e+04
-7.759799303969858738e+04
-1.209710713849201238e+04
-2.033476792466963889e+04
2.215517726194869829e+04
4.473565740565398301e+04
5.655038013639722340e+04
-1.801560284380820804e+03
-4.444108789602723118e+04
-6.127325084619542758e+04
6.678063316217067768e+04
-8.866538268992569647e+04
3.995812664410421712e+04
8.079929837851620687e+04
8.101738065615847881e+04
-7.644392389674011793e+04
-1.787583863938052309e+04
-4.855910827020058787e+04
9.868699516528823006e+04
7.516150973100960255e+04
6.755357723579704179e+04
4.285346603184776905e+04
-7.860870806447956420e+04
-7.360383270512850140e+04
-9.050153704553047646e+03
2.112524135359685533e+04
2.249270681316540504e+04
-7.161963272015233815e+04
-5.977491130410299957e+04
-5.398196963225253421e+04
-5.578498951002733520e+04
3.140511104583642737e+04
-8.340722738534133532e+04
9.287129006969393231e+04
-6.812127783644983538e+03
9.339100395806960296e+04
-6.913196150043550006e+04
-7.188896419141643855e+04
9.583076322808602708e+04
2.982109428429814216e+04
-6.216222951388743240e+04
8.832608023672735726e+04
6.351517355634387786e+04
-4.579191175252576795e+04
8.935683923670665536e+03
-3.608129058221633301e+01
2.181254524601384765e+04
4.284612894199813309e+04
7.314979425823842757e+04
-7.939640833938906144e+04
-2.262212488331133500e+04
-2.110813485878261781e+04
9.042127281419285282e+04
-2.481526925523020327e+04
3.293517279554603738e+04
1.829899978488884153e+04
6.619290421025340038e+04
-9.241951022442460817e+04
7.066537572713162808e+04
7.940214223185792798e+04
