8.948006431982730282e+04
-9.513897264806952444e+04
-1.491992753603727579e+03
-5.428922306339170609e+04
-8.356744973992773157e+04
2.359849327958466165e+04
1.585099766169816576e+04
-9.202890063303451461e+04
9.183073396318667801e+04
-6.022371788504932920e+04
-6.577981379250508326e+04
2.523816685996345041e+04
-2.697204970266111559e+04
4.087265135659177031e+04
2.529412436634931873e+04
6.406458956964648678e+04
-3.793378678292129189e+04
4.195049139602162541e+03
6.597998961159199825e+04
8.694114976857430884e+04
4.758497971454561775e+04
-9.843370934595634753e+04
-7.327203607445763191e+04
1.202834898680905462e+04
-5.212636511969871208e+04
-6.955850737457025389e+04
-3.290503705324744806e+04
-7.848774640932235343e+04
-7.091913899733124708e+04
-4.034244289929387014e+04
9.587663035770626448e+04
3.524063157851944561e+04
-3.878385757503053173e+04
8.194901039991511789e+04
9.286464412873001493e+03
1.460345904258240080e+04
2.611584005845040156e+04
-5.700834797688511026e+04
-9.640569593980518403e+04
1.983475726466980996e+04
9.201641581223197863e+04
-5.421522295779665910e+03
-6.167548072506938297e+03
-4.416436714731486427e+04
-9.204725708954756556e+04
-4.260051019484431163e+04
2.749561280940555298e+04
-1.052061633530839572e+04
1.434906761691062638e+04
-5.832840525302892274e+03
-9.560301616906889831e+04
1.703569568349376641e+04
5.654476115526455033e+03
-9.454984119797944732e+04
7.673629472187094507e+04
-4.747539869267186987e+03
-1.474223593341960986e+04
-8.160003660329844570e+04
-6.705444154898027773e+04
-4.883946208445373486e+04
9.794895583753417304e+04
7.397415741598040040e+04
6.705971360952597752e+04
7.083894967614352936e+04
-5.915811776837975776e+04
-4.396901215039307863e+04
6.222448397558351280e+04
-4.310616486912770779e+04
-1.658575638831159813e+04
6.369996832285493156e+02
-4.952061966658127494e+04
3.605022075018363830e+04
6.632252115331338427e+04
7.144998925671566394e+04
5.308889328516096430e+04
2.079254232657820830e+04
4.177184524043941929e+04
-3.929093485677191347e+04
8.995204828051498043e+04
5.681937098073737434e+04
5.126035836623379146e+04
6.658944485492230160e+04
8.454396419503843936e+04
4.393033012031365070e+04
-6.566104458530344709e+04
-1.417342130919116426e+04
2.118708355753479918e+04
-1.766483480210232301e+04
-5.052098132950452418e+04
-7.315617496523352747e+04
-3.122290291536093719e+04
8.147078818440781106e+03
-6.905445575250327238e+04
7.135106553577825252e+04
9.731569565995750600e+04
2.329306728573360306e+04
1.028670018345918288e+04
-3.279226075808355381e+04
-7.425583448004579986e+04
-7.468211262593095307e+04
-1.867054766826100240e+04
9.229087604518987064e+04
-3.417584876064167474e+04
4.882893633204542130e+04
2.519926199418089527e+04
-9.543884470345753653e+04
-3.858405283077490458e+04
5.164298890739318449e+04
4.639271192813394009e+04
9.307450800014821289e+04
9.813854160668342956e+04
-4.509508529259658098e+04
4.902920802805269886e+03
1.093476528389325904e+04
-2.104719454621908153e+04
3.993257697675754025e+04
-3.331105689168656681e+04
-5.375475940273592278e+04
-7.115066679671751626e+04
-3.681669356111845991e+04
-1.823643695236573694e+04
-6.746811759522999637e+04
-2.539273890252257479e+04
5.222228461456328660e+04
7.331447099987423280e+04
-7.815892060209461488e+04
7.561398795526874892e+04
5.086656096139116562e+04
-2.633980202443141025e+04
5.515909207960847561e+04
-4.941749918049154076e+04
6.511532678589745046e+04
-8.518953291082629585e+04
-6.927131247524327773e+04
-3.225266405276770820e+04
3.983982196873101202e+04
2.970656815715933772e+04
-2.842299833322409904e+04
-8.699801679878463619e+04
-4.350726966185195488e+04
1.693899835398288269e+04
7.556676673951222620e+04
3.765972000088267669e+04
8.218387088153151853e+04
-6.504979956150152429e+04
3.685430164939015958e+04
-8.444996744687612227e+04
5.316026055431347777e+04
9.848666563010703248e+04
-8.613172696818932309e+04
-5.592345992229761032e+04
4.458193732456675934e+04
-6.530264875468293758e+04
-8.425458289194144891e+04
5.373531312503237859e+04
-5.314258369556957769e+04
6.514124795172006270e+04
4.543296067031082930e+04
5.203043548254761117e+04
-1.506887251382161958e+04
3.795005716799893708e+04
-7.241493747705155693e+04
-1.107973517800284208e+04
-4.766674738704148331e+04
-6.507081216752810724e+04
-2.409952009599909161e+03
9.395846679717939696e+04
-3.111749284968648863e+04
4.514050332233830704e+04
7.641003569430354401e+04
7.682340689610311529e+04
5.276016869683507684e+04
6.016529115113463922e+04
-4.390661354099102755e+04
8.128934539478729130e+04
-6.242904832087469549e+04
-5.564823239576406195e+04
5.112633699659928971e+04
7.949450280469881545e+04
-5.984559065122684115e+04
-6.624415239869410289e+04
8.878897945617036021e+04
9.706326889359617780e+04
9.242614040982919687e+04
-4.744314873626887857e+04
4.331257356575484300e+04
9.407775444644324307e+04
4.797706639122188062e+04
-8.015014880957452988e+04
5.158357277444918873e+04
-3.574983453353812365e+04
3.265554794174586277e+04
-2.625331638085155282e+04
4.623194788080453145e+04
-6.773421147109502635e+04
6.278782291813146730e+04
7.041296364688411995e+04
-6.241000358297841012e+04
-2.353029895980466972e+04
-7.154625814954258385e+04
3.956509509870285910e+03
-3.447120178115560702e+04
-8.818363903246234258e+03
2.003411294873874067e+04
2.784278240493173143e+04
4.481593454141768234e+03
-8.738797480190705755e+03
4.203646801532364043e+04
-1.118377021384971340e+04
-9.168040984871635737e+04
6.588094390894845128e+04
-9.268770798134755751e+04
9.411013648300977366e+04
5.482804917335016398e+03
4.987242484598424926e+04
-7.611373587783508992e+04
1.856912739244518525e+04
-3.560522462368432025e+04
9.211409587066862150e+04
4.537137356507751247e+04
2.045112011118531882e+04
8.776739385016012238e+04
2.323055310626396022e+03
4.907004661931953888e+04
8.222042385401741194e+04
3.019428695055866046e+04
4.061078655761796199e+03
-2.344399378665876793e+04
5.051097519944152009e+04
-3.172739945380822974e+04
-6.440509074482756114e+04
-2.658383868204825922e+04
-3.264206484753714176e+04
6.595922178759404051e+04
2.966692284992838540e+04
8.660775698531686794e+04
-5.437768605756090983e+04
-3.954917754075561243e+04
8.042875502951280851e+02
9.452170724309378420e+04
6.037548707169442787e+04
9.401766359892445735e+02
5.665231110201744741e+04
4.641855830319819506e+04
2.280717436243534848e+03
-5.925719097593579500e+04
7.654851892573352961e+04
-5.186620993587126577e+04
-1.148445405991195912e+04
-1.209546066609825539e+04
-2.483164974770042681e+04
1.098821000967014697e+04
9.776446361063676886e+04
-8.287961834591184743e+04
-1.159569092334055676e+04
-8.904009196344150405e+04
-6.825071593885346374e+04
6.781002285385222058e+04
8.032565533576837333e+04
-8.106328591237070214e+03
2.990243439643502643e+04
-2.553940630581788719e+04
9.423018519887341245e+04
9.124368207256628011e+03
-8.610774422883246734e+04
