-2.138218564681158285e-01
-5.412737496558477357e-01
-2.468929352137008981e-01
-4.047661339472762299e-01
-8.431552903690872625e-02
-9.133122804032482722e-02
-4.065297541811248583e-01
1.156088013750821153e-01
-8.553774078448004303e-01
2.009162476197691449e-01
2.157587685129979393e-01
-6.028751112275473334e-01
-6.837374927136781189e-01
-1.160754491209082362e+00
-4.067771776189955668e-01
8.781875665664204966e-01
-2.134364067613730986e-02
-5.941639684612171068e-02
5.743531754358591757e-01
2.316456289700520865e-01
3.244263912356945556e-01
-3.416458756498194638e-01
3.927557683374081204e-02
1.678497716117306748e-01
3.639216406080742483e-01
3.656549180168735536e-01
7.282595575627449636e-01
-8.633564645700514406e-02
1.566971756843139607e+00
-1.121438677777056997e-01
5.109033276487642272e-01
-4.560482055972934212e-01
9.893259757116105169e-01
3.005856593922541231e-01
-1.653075238564530314e-01
4.483588828271703464e-01
4.394511971426358632e-01
-6.213401689540531958e-01
-4.402991955836904614e-01
-2.883432050361764976e-01
1.178846453850105336e+00
-2.862073155289787674e-01
-5.702268212231789007e-02
-1.305163681888102389e-01
5.186534197000152169e-01
1.355349630508206893e-01
1.562485430030506328e-01
-3.528545235445592620e-01
-3.078803940563059061e-01
-1.628852133714550898e-01
-4.244716596736304859e-01
-4.921100493373045670e-01
2.371626390062678558e-01
2.511022115284006206e-01
8.591649021585828772e-01
-3.185465386162479595e-02
6.688717271785513674e-01
6.513224448263431610e-01
1.503993994936292933e-01
3.766426511114970843e-01
-4.770886403616981797e-01
-1.642556418127568030e+00
1.848588568946462896e-01
-5.355055246944691316e-02
-2.923707051918196867e-02
5.319374533998872945e-01
-7.724197887636685689e-01
1.202273623261522623e-01
-2.075530732313851656e-01
-3.737478965731822478e-01
1.760685561651330888e-01
9.464462526644370488e-01
-1.438915869947950676e-01
1.217014933979665425e+00
1.062028837002823911e+00
-8.486536315377140038e-01
5.152956516200910553e-01
-6.252577741487370666e-01
2.890958889366256335e-01
-6.133727564837769819e-01
3.033597159581828406e-01
-1.154850275140018312e-01
3.103880224117707143e-01
-3.530142607999859905e-01
-1.296291131778258554e-01
1.199852250707319934e+00
-2.574997747112232060e-01
-1.320197660179186050e+00
-4.338122448624970318e-01
-1.838533428011676352e-01
-3.013185144412660055e-01
5.527821932926584303e-01
1.680843239984816107e-01
9.258323185063936922e-01
1.116109860215051874e+00
-8.800170517848662222e-01
-4.591790748926205534e-02
7.251032543494679850e-01
-1.004499027598720895e-02
-4.707275716171276936e-01
-3.353044668356880420e-01
3.704256101716641991e-01
-2.167121722512745929e-01
-2.997113183064823438e-01
-2.415956654074473964e-01
-1.777865641834723218e-02
-1.073194315700448431e+00
-5.353254040302194428e-01
8.743467017153763177e-01
6.418849900697756738e-02
1.306364784522179967e+00
5.629712499071323761e-02
7.797579424821494687e-01
-3.036737825706724569e-01
-1.007511534990153251e-01
2.401789401874188656e-01
1.659881024805057725e-01
6.243522269403846137e-01
-6.781358387509255348e-01
-4.603638089072006334e-01
6.944393061001487288e-02
-5.428907494548640411e-01
7.610171550364870363e-01
3.528607947057960659e-01
-6.296045913101726565e-01
-1.019560696466528804e-01
-2.262022377739222878e-02
-1.818722637790640695e-01
1.914301978081208166e-01
-9.340630120809019221e-01
3.137432211761860268e-01
6.014393820150356618e-01
2.977761474490180360e-01
-3.137922399790015748e-01
-2.891043677225229591e-01
-5.080534356553711994e-01
-5.217435183967131795e-01
-3.641779825586902164e-01
-5.152320261823825076e-01
1.553210349315836403e-01
4.851910374100279477e-02
2.695445738170952898e-01
3.237599340280279403e-01
-3.263933840590483859e-01
-2.167359651192161674e-01
4.096797312431705446e-02
-4.940085499862647000e-01
2.106406548229328157e-01
-6.845470362986582069e-01
-4.470047495573498675e-01
-5.986830430860856644e-01
-5.275604745356633485e-01
-1.570694698574861548e-01
-3.508779118817401677e-01
2.247089720464543472e-01
-2.337364609855756559e-01
-3.112734343286735483e-01
-2.005312025209645965e-01
-5.816190275910417817e-01
-1.676137485551876805e-01
-3.008358260043392240e-02
-3.233096351754075060e-01
5.469402372674032620e-01
-2.327618974242865457e-01
1.323090072236136339e-01
-1.618329664859377015e-01
-1.904720800272717562e-01
-3.117886134964296951e-02
1.726281400363665133e-02
-3.994820689561834337e-01
7.009132144552053800e-01
2.367024707533171846e-01
7.154182461960204575e-01
6.227927020463332186e-02
-2.274902560573529575e-01
8.926161874157745313e-01
4.062211822077652079e-03
-3.484144324931478520e-01
-1.056119199516679930e-01
-3.895834291490510859e-01
-2.982888604701683377e-01
1.285115768450869056e-01
-1.959070464126503874e-01
3.189097833672130955e-01
-4.410507454767090274e-01
2.567195991043106362e-01
-3.220334842028947930e-01
-1.107898604982595625e-01
2.294098605236475907e-01
3.315782872259053216e-01
-2.464390964367554893e-02
-1.239965303517484990e-01
9.224050805550196852e-01
3.709250529680670483e-01
4.791822422091930878e-01
-2.763393386048594857e-01
2.387708330464554107e-01
4.278198580322162270e-02
4.409922256124987894e-01
-2.312487051851755404e-02
4.306903871717561172e-01
3.937871064574754998e-01
2.931242530932425261e-01
-5.629890867114484276e-02
-7.780037165823247003e-01
-3.957741035776908278e-01
5.053165044125625949e-01
4.005609794649337418e-01
1.035335385213956849e+00
-4.693525989661537223e-01
-5.427954093785819500e-01
-9.238111568641134141e-01
-2.676956279280551798e-01
1.039508380134107179e+00
1.158853945284568976e+00
8.008387808095512872e-02
2.028388440134195891e-01
5.645063744447784693e-01
1.893539855427098240e-01
6.097422804595521439e-01
-4.728464901809976695e-01
-1.463653158095983509e+00
2.754095014294355437e-01
2.861507581716623561e-01
-3.968678895002019091e-01
-2.617984038364762345e-01
4.948279355955681469e-01
9.373118571221172868e-01
3.555191972292731650e-01
-5.987145406654768021e-01
-2.591456516347254713e-01
-4.333287542417492144e-01
6.088645607740508225e-01
-8.059148414341151812e-01
7.383759809867326274e-01
-5.551133443047264748e-01
-1.453065419530011226e+00
1.160641108702552771e+00
6.201799833733984135e-02
1.095802166265463506e-01
6.316048120077351058e-01
1.190789840755928086e+00
5.376605260512551387e-02
2.513698790261005844e-01
4.169804080368585963e-01
-7.105074463153133735e-01
-2.386199113333254962e-01
-4.054646804977619645e-01
6.140293763088219281e-01
3.802771639334054932e-01
-6.836970359918149998e-02
-3.151706043031074489e-02
-1.819334955940812293e-01
2.995702589370579094e-01
-6.374006988047018485e-01
1.528399153097906027e-01
1.302469948697888125e+00
6.847442997885666571e-02
4.325447120812017654e-01
-1.733959465996999239e-01
2.853580018333275875e-02
-7.756487163041956290e-01
7.947476072698177185e-02
3.324820392118014722e-01
1.464887764508208956e-01
