4.518414520815899338e-01
2.337530279582389348e-03
-2.559376956948833381e-01
1.677831156397263102e-01
-1.364300308764009317e-01
-9.393845725109897238e-01
-1.087226392334948111e+00
2.239634394598807171e-02
4.378556179597046238e-01
4.930106466398258558e-01
2.840177926627168170e-01
-2.679189818581513283e-01
-2.778995077865930030e-01
-6.002381897411104283e-01
-5.428468729698603390e-01
-6.962281933994237670e-01
8.218938719581270202e-02
-5.101933292737417802e-02
5.458468686382594859e-01
8.279174582738346722e-01
1.111126978359592843e-01
-3.112415185849710664e-01
-8.448355882958308305e-04
2.397476306438767746e-01
-4.508551288022533132e-01
1.197568976505408861e-01
8.189411426741801669e-01
2.248540703553897346e-01
-7.600228149410690470e-01
4.204137436596683264e-01
-2.401934381302760491e-01
1.818931408372775893e-02
-7.370938007391303337e-02
4.460411288410279229e-01
-9.315575653265939504e-01
1.157571851103285088e-01
1.822625771264880234e-01
-3.417014771407380636e-01
-1.560428792353533156e-01
3.681670644880344900e-01
8.407755787150936189e-02
-2.389606870776234127e-01
-4.277913264454117348e-01
-9.748028652648608183e-01
-1.554352164302431616e-01
-7.866478060333162992e-01
1.567239211365233920e-01
4.923721107233985927e-01
-3.848703637722675208e-01
3.475807419501348305e-01
4.655729550272201811e-01
2.497397216084644711e-01
-2.134190062304992253e-01
-2.467430550366454534e-01
1.023583833247122266e-01
6.041103189885351776e-01
-4.325264543629904201e-01
-1.152499914188183538e+00
-1.218300541683429161e-01
-4.772668397182524558e-01
4.127886308586397046e-01
-4.099890546731876917e-02
2.476182536510645460e-01
6.955811376253950851e-01
4.500996764144886697e-01
-4.257653327078217420e-01
6.367975990666849828e-01
2.365558643943341532e-01
8.953000321030282205e-01
-3.891316789059807713e-01
-9.812535087659371436e-02
7.023592974539210054e-01
-4.007323479970304470e-01
5.309672668783484983e-01
1.194851564217106199e-01
-2.294046217300520565e-02
9.671213700462763518e-02
2.736138760749509125e-01
1.157769212082262744e-01
-7.724544471658285894e-02
-4.644479969465902247e-01
-3.774820034651938383e-01
4.455127917926362535e-01
-7.598417318139778498e-01
-9.089997007282439867e-01
-2.478055660463706067e-01
-1.901518949886816384e-02
7.016152093423615455e-01
-5.991787461801302284e-01
3.371753907648909476e-01
-8.330323165737139046e-01
1.748646229248260187e-01
-1.432147297300504635e-02
3.614126530687359340e-01
5.588571842679131985e-01
5.545836905773299241e-01
-4.288884928582817335e-01
-5.319205226641086082e-01
4.242717274357154511e-01
1.363835946360205109e-01
1.906992654432780876e-01
-3.032177281741223196e-02
-9.986219598516665741e-02
5.279267065634363210e-01
5.352493047306299268e-01
-4.138496280999308663e-01
7.890471580188440637e-01
4.892081094067942115e-01
-4.270676084584528742e-01
-6.286798042935248798e-01
1.004102845125818683e-01
-3.171584545405823907e-01
-4.294760396765873178e-01
-9.539041905815863753e-01
-4.916970711790398796e-01
2.133324935390240040e-01
3.786227011240792528e-01
-3.115757432556120476e-01
2.723885755710407364e-01
-2.373241362340169913e-01
4.532848136057009980e-01
-2.718283906189461474e-01
-3.469571757303058224e-03
2.595545991768550276e-01
-7.481935374001086325e-02
2.314759806818831589e-01
-1.306542655793873076e-01
5.209248791606220230e-01
-3.493737041834577006e-02
4.936881677842216987e-01
-4.324932713554597297e-01
5.023556943385814044e-01
-4.886896525434250571e-02
-6.883456013217940095e-01
1.222377666962071174e-02
-2.043409895259282738e-01
-1.919050589514933319e-02
-5.554042850260397790e-01
1.204354700807524353e-01
-3.228677475264903896e-01
7.449864475650010975e-01
-5.067521934242409376e-01
2.688558024076769803e-01
2.620413231795223896e-01
-1.346598906427335929e-01
6.928387599973097055e-01
5.628952600301080356e-01
4.572274964431460864e-01
4.526003297320585483e-01
-1.077081710226332062e-01
3.109629125406900285e-01
3.490741057819365389e-01
-5.137233564874037484e-01
4.472348729148956092e-01
1.209156128023128884e-01
-4.910350231171303759e-01
2.525439849272269610e-01
-2.975506325485064441e-01
-5.319228445201700239e-01
-2.107842952635848310e-01
1.341739362936133495e-01
1.017241310047587027e-01
-6.838253413210020337e-01
6.092096634710681968e-01
-2.434815565373868451e-01
1.541852175584084994e-01
-1.382988673069399654e-01
-1.712172309777866830e-01
2.067700230673118478e-01
-7.401110252549887303e-01
-1.021267283020270256e+00
-2.243610575157872489e-01
-6.015773561646150513e-01
7.524723086436438946e-01
4.502842798115033740e-01
3.743970863505969859e-01
-8.568529962700896507e-02
-9.073878253321863152e-01
-3.244299818060991658e-01
-2.186425661580750357e-01
6.459105697962227444e-01
-3.999914217445194042e-02
-1.011687847714897587e-01
-1.338730313156209495e-01
-4.962506804336502819e-01
-3.145512315660314862e-02
1.013081361564733412e-01
-5.888127791893777996e-01
-5.772080080586912132e-01
3.638035309234753933e-01
3.450823956009982929e-01
2.527998435473036709e-01
-5.402774426686656195e-01
-3.842576086256489498e-01
5.114018344795184801e-01
3.615364546344694840e-01
4.471010692101646256e-01
-5.034771754278650757e-01
6.327570024440992702e-02
-2.991080323723904755e-02
-1.576716564876295967e-01
-1.950616001113384956e-01
4.006124966488334160e-01
3.183966380107793870e-01
-8.402203041885547563e-01
1.774371103418241891e-01
-1.687874710884699481e-01
2.032060317144707140e-02
2.981009044936394625e-01
1.661614967690615285e-01
-4.124533581821379635e-01
-7.636740109806485766e-01
5.232408909475483316e-02
8.103494679218929964e-01
-1.475167261862673218e-01
-2.596556887215052400e-01
9.144289161309374081e-02
4.429471249098163588e-01
3.202144937023566618e-01
-3.877025736334801520e-01
-1.099659371060590196e+00
-9.582373261892560556e-01
-2.965254535183686757e-02
-2.170208465533714493e-01
-2.380682497689949259e-02
-2.239274373016588160e-01
5.943935037823938616e-01
6.843777851722262495e-01
2.722576653881905173e-01
4.275967680902040824e-01
6.282785199068899318e-03
-3.149263456853732546e-01
5.531440087367668346e-01
-3.319733702709419532e-02
-7.138059192536991282e-02
-8.478140131282321246e-01
-1.046034710856330152e+00
-2.830288691512574673e-01
-4.566592560664882172e-01
3.068113443197162393e-01
6.522521256045508975e-02
-1.155866081220912500e+00
5.434656955387043298e-02
2.084730617235736605e-01
-4.646340275164621003e-01
-2.590669218156699261e-02
1.466884772258670644e+00
-2.436533221674905547e-01
1.013385580036402500e-01
1.056539653852206495e-01
-6.355773265662231775e-02
1.293611564499498989e+00
8.444373755812906168e-01
1.220379044106012056e+00
1.468104343153874558e-01
-8.283082679956867145e-02
-7.780351841816307568e-02
2.721257507298624478e-03
4.537029270642264356e-01
7.512447438851298509e-01
1.314567049011927391e-01
3.297045583873853269e-01
1.244467630273670133e-01
-6.203191807020563830e-01
7.110120763419592871e-01
