2.035434065980934065e+03
5.833620538628307486e+02
2.122354297440773007e+04
-2.017901549360179342e+04
1.788309329649271240e+04
2.364477080053341706e+04
2.892624988282555933e+04
-1.731051459961355795e+04
2.247750543614382423e+03
2.920398340233647104e+03
1.391156501210231545e+04
2.272418757881606143e+04
1.753012798801529698e+03
-6.870477357591527834e+03
4.349879340170155956e+03
2.099035096237579637e+04
-1.484101198466060669e+04
3.173485037441439999e+03
-4.199018972598981236e+03
1.869694044086040594e+04
9.062524190746686372e+02
-1.200376763983511182e+03
-2.762956479154913904e+04
5.571257099307747012e+03
2.792577611149365839e+04
-7.563335593769703337e+03
-1.527771194991478842e+04
-7.225558363136830849e+03
2.110299883490612046e+04
-2.203257731726162092e+04
-7.658819729017192913e+03
6.052913455479723780e+03
-1.996047032916264652e+04
1.274272219352475804e+04
1.657501523955745506e+04
6.292102261049631551e+01
2.309875594706902484e+04
1.491228491445665895e+04
1.885450184408781070e+03
3.882630135550047271e+04
2.058336174865522844e+04
-2.434273493305722513e+04
-5.855000359889849278e+03
2.902298184498105184e+04
-4.717548513343404011e+03
1.719619103966695661e+02
-1.210296465183403370e+03
-1.294533350103316297e+04
2.105628227778992004e+04
-1.800908860740037562e+04
-2.329440024094673572e+04
-2.485058058670029641e+04
2.378148619575834800e+03
-1.148489339059254598e+04
1.357126800512338014e+04
-3.033606737433189483e+04
-1.413059078032382240e+04
-1.480598090666426469e+04
1.273745877477668364e+04
1.338129659344406264e+03
-2.336998768294171498e+02
1.136175194216231648e+04
-1.130616592136519284e+04
-2.984747745309481616e+04
1.330164825927508355e+04
9.126850215238595183e+02
5.760766464081017148e+03
7.659466841211133215e+03
-2.909091611141036992e+04
1.538826919304180774e+04
3.508176384670070547e+04
4.124496094790930510e+04
3.974178829089589999e+04
-1.180600244031794864e+04
6.841005430060554318e+03
9.072970624952475191e+03
-1.606818518331987889e+03
1.374668778526193591e+03
2.336297967173808502e+04
1.589052858013819969e+04
1.255344792410869741e+04
4.187127121230860212e+03
-5.824357278045449675e+03
9.652952590678163688e+03
-9.982765885544877165e+03
-9.224252025567897363e+03
1.714953185043544863e+02
1.486183630341947537e+04
-8.147664537756583741e+03
2.276001706912345981e+04
6.497368179533659713e+03
2.063690917928844647e+04
7.764697790722124410e+03
-9.811414583917570781e+03
1.711233351657391722e+03
2.233058895986260268e+03
1.431927939099870855e+04
1.049599076051335942e+04
-2.319235173954244601e+03
2.451222570087373606e+04
-4.738594151752834478e+03
-4.295785062702435971e+04
6.102282146010032193e+03
6.436441206814095494e+03
-1.781470000411507863e+04
-2.355442689039901779e+03
-1.874951011446870689e+04
6.023348720490306732e+03
4.814000416954350499e+02
-3.375156122290596250e+04
-1.831141324238622838e+04
-2.071299804510911054e+04
-2.045972540280066823e+04
8.284592332087295290e+03
-2.104933731089378853e+04
-7.495490539488298054e+03
1.062249333064581879e+04
2.483560434706496380e+04
-5.698449770173460820e+03
-5.969701748981234232e+03
-4.286970468578900181e+03
-8.150940817846244499e+03
-1.690850994011633156e+04
7.907991172802083383e+03
2.943527923995149831e+04
-6.688457568996805094e+03
-2.054404445645609303e+04
2.472326366367550509e+04
2.207383894602971122e+04
7.763832502276792411e+02
2.271986408757892423e+04
-2.271949027964551988e+03
9.879261370447919035e+03
-1.506718885058849628e+04
1.962558604504390678e+04
3.592946011282786003e+03
3.255443486242662857e+03
8.280821336295713991e+03
5.584106557495794732e+03
-3.698622354900004575e+04
-1.628405532868166301e+04
2.215032098292214141e+04
-5.014637104654060749e+03
8.463807787992031081e+03
1.645587479882482739e+03
-8.448785913395242460e+03
-2.437141097830450690e+03
-1.180626421722788791e+03
1.766648309750337648e+04
-7.896324522873124806e+03
-2.704904211410778589e+04
-1.117788600746099655e+04
1.097631917008078017e+04
-3.280586968810151120e+03
-1.130689382371291686e+04
1.367152994138757640e+04
-2.103192096777943152e+04
-9.530878145047276121e+03
1.963047555055894691e+02
1.856460971682870877e+03
1.960886244537185848e+04
-7.641265051346336804e+03
1.134135464164320365e+04
-3.979248659689672058e+04
2.546512850191147209e+03
-1.936090645339442926e+04
1.121849986592406458e+04
-1.169070037701339425e+04
-2.490188990904901584e+04
-9.844112619296944104e+03
3.525140476812024644e+03
-5.601100268038378545e+02
1.874270081634922826e+04
2.668340512571550789e+04
-3.463020354889491500e+03
7.409257385773830720e+03
-1.036648477983392513e+04
1.428024733017444851e+04
1.380881916045777871e+04
4.486459028392931214e+04
3.502033952121827042e+03
2.258629686713014598e+04
-2.867497513085776518e+03
1.866276424216190571e+04
1.655689833612565781e+04
2.152005881235414563e+04
2.485145490340352262e+04
4.224243704052229987e+03
3.125545665937096055e+04
-1.487891175234842422e+03
1.778034724338294109e+04
-2.748652673110889373e+04
1.183609187493423997e+04
-1.011291951457502591e+03
-1.645548699241014401e+04
1.231915160037460191e+04
-1.773912345799658942e+04
6.836560277021945694e+03
8.168194565122829772e+03
1.626304251978348839e+04
-1.636981690176365555e+04
-7.767972768792741590e+03
-7.717424733312326680e+03
-1.683721360275584084e+04
1.282155463739065999e+04
1.146319868692120872e+04
3.939557566033187322e+04
-1.293578501624896489e+04
-1.462971632012436203e+03
1.127748027763171922e+04
-1.667497760354165439e+04
-1.352449359528281275e+04
-2.947681328282839604e+04
3.604621366843743544e+03
-3.109583399092992477e+04
7.345082874020559757e+03
1.690700681357904614e+04
-8.378996850184821596e+03
7.729930648361842941e+03
2.937705489287288583e+04
1.453317147637241942e+04
2.684758435409274171e+03
-2.746419235213871616e+03
-1.318339537964194824e+04
-2.510489319446163063e+04
8.525064994359137927e+03
1.476997098866722990e+04
2.298112801136830512e+03
3.890127020190446638e+04
-2.569708807231425089e+04
-1.322848950266355860e+04
9.162533224435379452e+03
9.941568654954213343e+03
1.900873096602545775e+04
-1.407559768236405034e+04
-1.117440184875267732e+04
2.684748782784312061e+04
-5.696073608337638143e+04
1.781652011209511693e+04
2.424025514650541663e+04
1.710764300240401781e+03
-4.065948942365950643e+04
-4.569065257475750741e+02
3.538289336216186712e+03
-3.290600482287441264e+04
-3.163481776098514820e+04
-3.007012793722052811e+04
3.974005399895532901e+04
-9.633844516179480706e+03
7.874580651481554924e+03
-7.070106220266254240e+03
-1.286606579115032036e+04
-1.803917084691721902e+04
2.596788321823919432e+03
-1.571455568309981754e+04
1.319818029276726520e+04
-2.496015077135157117e+04
-4.909888431117352411e+03
3.293914625111716305e+04
3.483674299348707427e+04
-1.175794458302602288e+04
-1.395362291119632391e+04
-3.677223875465222227e+04
2.762483307005849201e+04
1.607202718735156122e+04
