6.651335053257226718e+03
3.181986991548657898e+04
-1.479430228025730685e+02
-9.901491756308847107e+04
1.232640618377869396e+04
8.281495615300568170e+04
9.684812540325787268e+04
1.059466872505858373e+04
-9.700404391504114028e+04
-9.174507887436755118e+04
-8.088387495330224920e+04
1.653219063870172249e+04
-1.199197552895989065e+04
5.919534731320448918e+04
8.364066220627873554e+04
6.465045714541849156e+04
4.442803897359984694e+04
-6.314724689730854152e+04
-8.880581210834048761e+03
-1.504709267491250830e+04
5.493039179778897233e+04
-9.795655943011700583e+04
-5.900419241349487129e+04
8.667945086230419111e+04
9.707502695848619624e+04
3.778111023550003210e+03
4.480396917627219227e+04
6.994846398802155454e+04
-8.490884701355615107e+04
-1.251739747762669867e+04
-2.089501793444850045e+04
4.812765666436985339e+04
-5.704607087818189029e+04
3.809292493328295677e+04
9.073648431710898876e+04
-4.584373499102630376e+03
2.094665586091898149e+04
-7.954315985741194163e+04
7.259766705483695841e+04
6.639527892488588986e+04
5.194480705293704523e+04
2.801245900019519831e+04
2.213435025390777082e+04
-5.697084145096662269e+02
1.701982177866195707e+04
-6.176137007811049261e+04
-1.184078806202206943e+04
6.714016643401359033e+04
-8.085258058291046473e+04
3.109970651848741545e+04
6.878504401596623939e+04
6.238612409945043328e+04
-4.178245231136392249e+04
8.220684491171360423e+04
-8.779956764526551706e+04
-1.811268816551803320e+04
-8.295049964414514761e+03
7.253182574859786837e+04
2.442222129983172272e+04
3.221693480790361355e+04
-7.075654369413583481e+04
-9.797894638282453525e+04
-5.054268738246454450e+04
-2.011508846833743883e+04
-8.987370286027097609e+04
9.107738633228970866e+04
-8.764206478821595738e+03
-2.598679986486486450e+04
-1.592800974045714611e+03
4.917651992212490586e+04
7.668739772180731234e+04
-1.070499803067791618e+03
-2.624447581131916741e+04
6.843946205592808838e+04
-9.690657870935225219e+03
-3.587339382371419197e+04
-7.163181593325246649e+04
7.862928186491000815e+04
9.660603339931438677e+04
4.670791500297835591e+04
-7.813826276868606510e+04
-7.959884514168728492e+04
6.161222891265497310e+04
-4.599596955908597738e+04
6.128274158287673345e+04
5.066976874289573607e+04
4.823910269768939906e+04
-7.022349941085865430e+04
7.565116331466092379e+04
-8.686386159774975386e+04
5.173361287069607351e+04
-6.843446020657653571e+04
-5.647207053417962015e+04
-1.798010548230882341e+04
-1.192908783566422971e+04
-2.671457339713053079e+04
5.818161760049972509e+04
-4.954469817980640801e+04
-2.597092121303094973e+04
-7.717244319269848347e+04
-6.561156416332548542e+04
2.429613608706190280e+04
-6.987451424221512571e+04
3.326025046918455337e+04
4.381644047147387755e+04
-5.551577852686597907e+04
2.744493263015977391e+03
4.520735950944902288e+04
-9.894134861568648193e+04
-1.302454161640478333e+03
-3.018210580197076706e+04
-4.460929747390282864e+04
-7.643405694236884301e+04
-3.097692997703191213e+04
9.161510776660818374e+04
4.475741503254786949e+04
-3.439526381825702265e+04
2.481074929814070492e+04
-6.890502128324331716e+04
5.895435981044326763e+04
9.903282431323503261e+04
3.320584114306729316e+04
-7.733450021875869425e+04
4.391174471787927178e+04
-9.715733987486499856e+00
8.768391603132283490e+04
-2.608569979191026869e+04
-8.212801787121333473e+04
7.506043820261281508e+04
-1.014599952258207486e+04
-7.717147440598926914e+04
-9.052076488516636891e+04
-7.084042007555779128e+04
-3.169256795858063197e+04
3.258581553305820853e+04
7.307952812047065527e+04
-3.787205765489702026e+04
2.055738965610196101e+04
7.704759519854855898e+04
-8.018138894333511416e+04
6.067256813253070868e+04
7.721522498231523787e+04
-7.380104762229904009e+04
-9.491050054189653019e+04
2.896682379743379352e+04
-4.774190691905374842e+04
1.088368175987330142e+04
7.210216179153423582e+04
-1.677890419595850108e+04
-7.358048862716276199e+04
-7.586421987113867362e+04
3.630650153485323244e+04
6.249516785484700085e+04
9.043945355018523696e+04
7.488150052109669195e+04
4.940186834750173148e+04
-2.780473922689492611e+04
4.856871694602958451e+04
-2.555371909086138112e+04
4.230541571632859996e+04
2.382800246654618968e+04
2.445760574852097852e+04
-2.649095975873457792e+04
8.596409183458249026e+04
8.931265146502210700e+04
-4.309158863682848460e+04
3.513926627382419974e+04
-2.892993968013472841e+04
8.266243192659669148e+03
1.517957088135171580e+04
-9.657349868057196727e+04
-8.050875348767139076e+04
5.534808291252022173e+04
6.830080713957092667e+04
4.900010648390366987e+04
8.618757755042184726e+04
1.112666876087865239e+04
3.677622782612682204e+04
4.603842242388403247e+04
-4.544971829654485919e+04
-1.948814846123813550e+04
-9.154424580981582403e+04
-9.007242267302003165e+04
7.806295681475439051e+04
8.193871546179302095e+04
2.193577028444299140e+04
-8.856052689695441222e+04
-1.540023614732011083e+04
2.383114137900567584e+04
6.398472227536375431e+04
1.418144454750827936e+04
6.127363241772876063e+04
-6.878387527841530391e+04
-7.290870094624518242e+04
-2.770262382926582359e+04
-6.475636855611067585e+04
-8.708311219693269231e+04
4.666634259125770768e+04
4.451516904074002014e+03
-6.094881339836354891e+04
-2.643519600972363696e+04
6.261012489791198459e+04
6.314774800307017722e+04
-5.320726772890311986e+04
2.229821696368735502e+04
4.436557597820464434e+04
7.392145929577740026e+04
9.911781552432270837e+04
8.866282682033727178e+04
-2.495036936349856114e+04
-8.680772598546855443e+04
-2.339016842451392222e+04
-9.113096768843875907e+03
9.611789243872252700e+04
3.524501827381165640e+04
2.564987519094421805e+04
8.693939133981103078e+04
-7.942642214235318534e+04
5.354711076466079248e+04
1.150374657926227519e+04
4.770077205398611113e+04
-2.702230295147151992e+04
8.732506396415634663e+04
1.160372658388109630e+04
5.618534929461694992e+04
-7.086483218180826225e+04
-2.401977827029475156e+04
-8.984779678598282044e+04
7.255220327631267719e+04
7.128558208795246901e+04
-8.967384366062689514e+04
-3.036991061129248919e+04
7.208406814865836350e+04
-1.006659661716693677e+03
-2.951237273798918613e+04
7.438443494407260005e+03
8.044917637896609449e+03
1.059924275662697073e+04
2.350901696371299113e+04
3.948288902605266776e+04
1.983529772094081636e+04
8.543724141869496088e+04
8.119891371482626710e+04
9.478417658112787467e+04
-2.399887150842245683e+04
4.206365930330811534e+04
1.411981976759119243e+04
7.597738948315849120e+04
-5.595998347841655777e+04
-9.443863398877534200e+04
8.674554261016283999e+04
5.141738267140858807e+04
9.107332838063999952e+04
-1.313881623397895964e+04
9.109750607058529567e+04
-2.133710710471918719e+04
9.036256676945176878e+03
1.108884549213867285e+04
-7.207071256947348047e+03
-2.705302668339455704e+04
-7.369634959001358948e+04
2.746951234016045055e+04
-6.621145417049727985e+04
-3.092262439228527364e+04
1.661768860175453301e+04
