-5.182315614137336524e+04
4.394028964718533825e+04
7.086684142634797900e+04
7.157409466065579909e+04
-3.461077146942358377e+04
-3.535026408462456311e+04
5.004374157675181050e+04
8.485491377393418588e+03
-7.523069142486933561e+04
-1.779883094839759360e+04
6.465975209111077857e+04
8.424036214103120437e+04
-4.733804387346745352e+04
-5.988582015196360589e+04
6.397600656408068608e+04
-9.399201457905891175e+02
-9.381248583990120096e+04
8.832489698034821777e+04
6.455981278387831844e+04
-4.507618703755919705e+04
-1.180501589633243839e+03
4.235827714496195404e+04
3.918514206184797513e+04
-2.316756197161415184e+04
-8.200650485744742036e+04
1.913387102658438016e+04
-3.212897116094666490e+04
-4.753848707654188183e+04
-8.338842931186962232e+04
-8.745400102287398477e+04
-5.727262132834032673e+04
-6.010396392388749518e+04
-2.056074594524289932e+04
1.627146014845696845e+04
-3.416975264504345978e+04
-6.058258116578968475e+04
2.797292415249932674e+04
8.044046730246421066e+04
-8.651534024883924576e+04
-8.873206227246322669e+04
5.133154671158207930e+04
5.642350284728681436e+04
-5.991171005269431771e+04
2.148246333130621861e+04
-5.599145347797499562e+04
-6.482673782126206788e+03
8.772661075411879574e+04
6.891661692846968072e+04
4.694660086717686499e+04
-5.083898340330192150e+04
-4.364801144019140338e+04
7.468172255099311587e+04
-6.814730064861656865e+04
1.341569725326001753e+04
-9.310149469987188058e+04
-1.392900099247986509e+04
-6.753993728272772569e+04
7.570540517996554263e+04
-2.109886852952476693e+04
-4.798303768151113218e+03
-7.990331554674376093e+04
5.824830910876369308e+04
7.386062941716301430e+04
4.647069293830761126e+03
2.362147054852734072e+03
7.758314501585408289e+04
6.959057655917580996e+04
6.165115307807004137e+04
6.680203597643814282e+04
-5.659381078357102524e+04
-6.994203948421865061e+04
-4.057145303340083774e+04
5.412696647402943927e+04
7.281016758124138869e+04
7.863152123876765836e+04
-6.697136988354455389e+04
-3.839151689053516020e+04
-3.679108772790140938e+04
-8.543642510314557876e+04
-3.937854814700854331e+04
7.838190888037408877e+04
9.743301896300768931e+03
1.606622406194147698e+04
7.708629765481375216e+04
5.668357690143710352e+04
-1.190718706183970426e+04
-3.708182940186201449e+04
-9.741000358405784937e+04
-8.683143133291878621e+04
-9.517883767406265542e+04
9.750958223076544527e+04
-4.744420473216391110e+04
-5.225654400156660995e+04
7.409694829627667787e+04
8.807071347037919622e+04
1.097350764820948280e+04
-9.139943121458284168e+02
-8.344936504439682176e+04
9.192612694819103126e+03
3.879827557224826887e+04
4.309674001850148488e+04
7.622940795328553941e+04
7.450975966099934885e+04
-1.517616579477954110e+04
-9.477339732488365553e+04
-3.046525882333533445e+04
-9.722614147936752124e+04
-3.810559401591157075e+04
7.902402734209048504e+04
-6.984310189138496935e+04
-4.394568500839491753e+04
-5.747690878640263691e+04
-7.233149535547327832e+04
-1.872157401248587348e+03
3.471416483066983346e+04
-3.875074508806638278e+03
-5.335794024279863515e+04
8.968367747688449163e+04
-5.291917675234970375e+04
-3.485747977644936327e+04
4.323031912408525386e+04
-9.804322471094907087e+04
-5.754085048548663326e+04
-4.152452497886565106e+04
-2.051977827487080503e+04
4.161460919797598763e+04
-8.618274173202207021e+04
8.776422026622081466e+04
-9.007925691699316667e+04
-4.027462422676324786e+04
-1.845555278284606175e+04
-9.303003640977358737e+04
1.449560378321825010e+04
8.737272941132822598e+04
4.138242143598914117e+04
8.760074682496584137e+04
-8.821416488085318997e+04
-9.831874419032441438e+03
1.253452380933959103e+04
-5.915113938037856860e+04
-2.526591551600787716e+04
-1.602543621120605167e+04
-6.064551822237467422e+04
2.080155501419516077e+04
-6.077919910885993886e+04
7.363654135347563715e+04
-7.227127653902820020e+04
-2.254907364941635387e+04
2.898864629844418596e+04
5.492224159916214558e+04
-9.186018264705283218e+04
7.705323379904065223e+04
8.963344753823320207e+04
3.126935422331668087e+04
3.632293194608988415e+04
9.947776752382966515e+04
9.753278776830671995e+04
-5.924136833212095371e+04
9.124556349250211497e+04
3.768187327032397297e+04
-2.625834703692403127e+04
2.871750354586284811e+04
-5.232435226115555997e+04
8.390714745095049147e+04
-1.539001481511841348e+03
-8.534656153156566143e+04
5.968034444562885619e+04
-5.237834866977346246e+04
6.160408309245442069e+03
4.944710209465064509e+03
-1.121061589584122157e+04
-7.796390638712210057e+04
-8.197921282261560555e+04
-8.836808357657353918e+04
-5.656833940438582067e+04
-4.691158579276798991e+04
3.753443800427512906e+04
4.987988035996610961e+03
-1.985111470160257522e+04
2.534720740546958041e+04
2.798337718017388761e+04
-1.261706534523259324e+04
6.233673109399644454e+04
1.194804423384880829e+04
-2.869769266561353652e+04
-2.479796277258141345e+04
-5.688752882210943062e+04
3.076655725108427214e+04
-2.264805230685405149e+03
-8.137790629379737948e+04
-8.073369076818162284e+04
9.319336136805142451e+04
-3.864271748974392540e+04
-8.024573369454625936e+04
8.902284628750792763e+03
-5.275763836794105373e+03
-6.770513804176752456e+04
-1.483866328344338626e+03
-2.532105458679494404e+04
5.393208543655442918e+04
-6.441188818877729500e+04
2.688781217778037899e+04
8.027276150757720643e+03
5.030653962395694543e+04
7.614543180534073326e+04
4.213936186210475717e+04
6.954876669862646668e+04
-9.343802031797134259e+04
-1.885831461051857696e+04
2.291255706399450719e+04
-5.474910669947665156e+04
-6.260972859822462624e+02
-5.410369910979080305e+04
7.041582513283121807e+04
9.358295528658610419e+04
7.645848944115810446e+04
-6.894627408071680111e+04
3.728028190433989948e+04
2.547018375948449830e+04
-3.234123411977184514e+04
7.809546444077572960e+04
-2.068953017662031925e+04
-1.836490414082787538e+04
7.367990881329255353e+04
7.659270962678428987e+03
-3.500534755143297662e+04
6.050963286268754018e+04
8.951852707833290333e+04
9.176557091536364169e+04
6.735051337649917696e+04
2.713939554203495391e+03
-4.543841490958396025e+04
4.789786323481892759e+04
-6.080014038324505964e+04
1.233229078316435334e+04
3.070517280701278082e+02
2.668930511767027929e+04
-1.539714600115480971e+04
-7.863176722083817367e+03
-1.858473100821200205e+04
-4.221477390026771172e+04
7.907183805505986675e+04
-7.988918752997748379e+04
1.810308863263803141e+04
7.726965847410679271e+04
-4.275715948481663509e+04
-7.900756335544724425e+04
-1.191765057094705662e+04
7.787526806175184902e+04
-2.681487837372184731e+04
-5.776891377358093450e+04
2.554996865547770722e+04
-7.416671567430112918e+04
3.525713616399869352e+04
-1.486778975072304274e+04
-9.938468951245439530e+04
1.419761072966512074e+04
-5.827897730141541251e+04
7.068410811926890165e+04
-9.458951171816626811e+03
2.632516519279104250e+04
-6.385163013613281510e+04
-8.690894766412947502e+04
-4.130047848798528139e+04
1.954952660972881495e+04
