7.926634153636403789e+04
5.847589613948191982e+04
-1.090146635972825607e+04
7.548987591520330170e+04
3.564948174353632203e+04
8.483095771804428659e+04
-6.320420810582798003e+04
6.797864512032290804e+04
-2.862992700174142738e+04
-9.949506191606198263e+04
9.639584006295631116e+04
-6.435041609763394081e+04
2.352975320970653411e+04
-9.309732324890665768e+04
1.929927801260795968e+04
-9.308261288552805490e+04
3.439448264338871377e+04
9.355869616815890186e+04
-3.773936159511168808e+04
3.382833941546826100e+04
-7.425450179220222344e+04
-8.816313397558673751e+04
3.335767108877108694e+04
3.602096937815308047e+04
-7.450595970790441788e+04
9.052897140116193623e+04
-1.939779347928947391e+04
-6.442700228849350970e+04
-3.863765684670823248e+04
4.476827174579469101e+03
9.992663694381272944e+04
6.796704071305258549e+04
-7.987460365846370405e+04
3.355066570258853608e+04
-7.937206961540399561e+02
-7.104146291962906253e+04
-2.366005024412607600e+04
-8.531882424535322934e+04
-7.369837688167821034e+04
-1.881459271300117564e+02
3.993243025922198285e+04
1.704720103362017471e+04
9.950174597074971825e+04
-4.968006181486943387e+04
-3.515092690132758435e+04
8.761409322767375852e+04
4.863044974039348745e+04
6.383443875869912881e+04
3.244596189279004102e+04
-4.410864894048855058e+04
-9.439692457305484277e+04
9.696764355220763537e+04
4.715435083550656600e+03
4.911723970372641634e+04
3.281010167599572742e+04
-7.672947309440071876e+03
7.443649219943085336e+04
3.225800025482029923e+03
3.175462503475824269e+04
-7.957813044480932876e+04
-7.422733936372963944e+04
-8.423941505944936944e+04
5.734402354921214283e+04
-2.461372857733620549e+04
-1.339010145334771005e+04
6.110223948423953698e+04
9.613165684335783590e+04
-2.611491715832933187e+04
-5.766564352229872748e+04
-2.108992039337571623e+04
1.531507713157976468e+04
2.230595943428953615e+04
-3.276388160656603941e+04
-8.146984548976502265e+04
1.691435649107334029e+04
-3.854182485242069379e+04
-8.586844971068177256e+04
8.781122862035431899e+04
5.454227223862997198e+04
1.217186971760328561e+03
-6.589638528758269968e+04
7.019501349146303255e+04
-2.161747559568281940e+04
-6.593838938365479407e+04
5.657972876935113891e+04
-7.821712507461688074e+04
1.356266308193109126e+03
3.823899829871304973e+04
-3.799322579059286363e+04
-1.295077625848401476e+04
9.685229957784916041e+04
6.429776003929060244e+04
1.665713884850085378e+04
7.053015501156191749e+04
7.355295252815615095e+04
-3.458653930262311769e+04
2.943457928753001397e+04
-3.948838747834433161e+04
-8.589914746298101090e+04
6.354711210493544786e+04
-5.778893248656713695e+04
-6.438173214522740454e+04
-3.161342098987552163e+03
7.370587337226941600e+04
8.200045032894761243e+04
-2.972999886891307324e+04
-7.562662103199990815e+04
5.236324066325350577e+04
-4.724688325086206896e+04
6.903856061326364579e+04
-8.361891294044943061e+04
-6.889600270716492378e+04
6.333167687605018727e+04
-5.983494346461229725e+04
-8.188519755739247194e+04
-5.490742684308259777e+04
1.176854368111763142e+04
-4.874724977566790767e+04
-2.625857264871625375e+04
2.231774845949785231e+04
-2.218164064579952174e+04
7.753279590506930253e+04
4.315221277716061741e+04
-2.121378110682171246e+04
-3.121766647992541766e+04
-5.350429121170482540e+04
-3.778892816890901304e+04
6.751872714514491236e+03
1.268984788272190417e+04
3.683942923170609720e+04
5.911216164223194937e+04
9.463550294844782911e+04
7.659439433377370005e+04
-3.982808176514694060e+04
6.295754123501855793e+04
6.824615021207036625e+04
8.333807371453951055e+04
-9.570437524371802283e+04
-5.001880006239203067e+04
5.420606506015721970e+04
-4.514105534510827420e+04
1.671146709435754747e+04
5.850772134365069360e+04
-6.610730291000141005e+04
-1.546463511093542002e+04
1.956286008942349872e+04
6.766899038477489739e+03
-3.178990150704580446e+04
-5.716323910981664812e+04
-9.764018690595529915e+04
6.620384228332579369e+04
-9.837544128176964296e+04
-9.319219417023628193e+04
2.307989784709951346e+04
6.301907404849450540e+04
6.812688819155599049e+04
5.976977702501992462e+04
-6.286994497480517020e+04
-4.259229319690976263e+04
4.745624847073374258e+04
9.041081974924026872e+04
7.184634773084679910e+04
-4.151570439942849043e+04
-4.539036773357570928e+04
-9.608136836573680921e+04
7.426567234382104652e+04
7.767383925772328439e+03
-5.611783717944959062e+04
8.459406833591626491e+04
7.789544482224030071e+04
5.033584968291701080e+04
8.794510448439595348e+04
-8.260099804888061772e+04
1.010190051105422754e+04
7.716200632740816218e+04
-2.721767451004438044e+04
3.175105833551149408e+04
9.714374225732639024e+04
6.631683412538107950e+04
-9.987341323458244733e+04
5.455013812956863694e+04
9.737936193791592086e+04
-2.378773631225565987e+04
-2.038542951035516307e+04
-7.886722863475403574e+04
-4.487120204294086579e+04
-2.480496488906065861e+04
1.330959925039287555e+04
-1.611964579596637304e+04
2.342326650847156634e+04
-4.938128367863400854e+03
8.188076268612704007e+04
-4.411739226335158310e+04
-2.554618410254799892e+04
8.810504348872648552e+04
9.056177712898308528e+04
-7.164440779065714742e+04
-5.975504582260300958e+04
-8.646366118141678453e+04
-2.984736424105846254e+03
5.902267004549833655e+04
-2.647528449315629769e+04
2.364913468419276251e+04
-6.899341593808984908e+04
-6.587353607753830147e+04
-4.279990596575813834e+04
-6.535356707911031845e+04
-4.498529378653084677e+03
7.229261250680816374e+03
1.209460930291952172e+04
-1.399915832321670905e+03
-3.592388383588531724e+04
5.570868161397477525e+04
-4.847307746918849443e+04
5.694754228671921010e+04
4.407845242083640187e+03
5.354657054717958817e+04
1.824766277149230882e+04
7.559030941515244194e+04
-2.249919199661171297e+04
-7.496654881348423078e+04
1.899362338718735555e+04
-1.628208789126426200e+04
9.251366555151120701e+04
-7.663812706257264654e+04
2.578837223986055324e+04
4.196569011965167738e+04
-2.591524596788133931e+04
5.427232860598998377e+04
-5.650696472182006983e+04
1.265717450935272973e+04
3.398351067099404190e+03
9.200061087606393266e+04
-6.679822561521330499e+04
2.448199893123601578e+04
-8.038982141159237653e+04
9.753878410909394734e+04
4.449417228746410728e+03
8.781984554912452586e+04
-8.330563383468538814e+04
8.279929393522565078e+04
9.217881409264737158e+04
5.114470959453935211e+04
8.180704235724038153e+04
7.114764584849866515e+04
-4.120156510487757623e+04
3.454275694862634555e+04
7.142559786167100538e+04
3.525937291541146988e+04
-4.813711200115180691e+04
9.549688916978528141e+04
3.257072274525286412e+04
1.743429785703736343e+04
-4.888247223847104033e+04
4.955862582565555931e+04
4.487346475350492256e+04
7.488502138589056267e+04
-6.366113077247818728e+04
5.150615004047963885e+04
1.561910846960778326e+04
-7.556500148757969146e+04
1.010357728328560734e+04
-8.714784189346652420e+04
4.795846084122380853e+04
9.695358687790138356e+04
