5.117937279610149562e+04
-9.927820417426218046e+04
9.576232324162237637e+04
-7.600292879950114002e+04
-9.288504710402723867e+04
8.960630298952909652e+04
8.815757479684634745e+03
1.247420748779351925e+04
3.620070722862969706e+04
3.518963149239982158e+04
2.384489359670399426e+04
8.686816016259262688e+04
5.391022085447826976e+04
-7.391801754462902318e+04
7.663326729358696321e+04
2.388395839928279747e+04
2.394492003303588353e+04
-2.365424385452996285e+04
-1.098729948732119010e+04
1.122718261813341269e+04
5.950827040572918486e+04
-6.312271978386734554e+04
3.265756992913856448e+04
2.015346116720112332e+04
-1.615307818902196959e+04
-2.130753056929034574e+04
4.499427436038884480e+04
8.095296518344005744e+04
3.494896353187118075e+04
-6.029968062412133440e+04
1.023889210901476872e+04
-4.411847023893658479e+04
-1.538348181696241954e+04
5.841405851966798764e+03
7.160060316990269348e+04
4.887230606087288470e+04
-8.967629199785509263e+04
-2.822986456871806877e+04
4.449027584168199974e+04
8.310594136268060538e+04
1.736178473558349879e+03
-2.997755521238626534e+04
-3.323992336481188977e+04
-8.687650727452976571e+04
-1.547929205231488777e+04
-8.401073853342235088e+04
9.792412102556542959e+04
5.036337472018969129e+04
-3.495461415380001563e+04
4.709375220198785973e+04
2.257552887164109416e+04
8.542492262743833999e+04
-3.622642791200847569e+04
-2.190639699942753214e+04
3.179168109923766679e+04
4.223897335883923370e+04
-1.028183365402103846e+04
5.938051728113681020e+04
-9.286070212605077541e+04
-2.975657590375440486e+04
3.429951684049765754e+04
3.434666400836466346e+04
7.403499792460074241e+04
-9.799553990644094301e+04
3.643753287181819906e+04
-5.830612639734887125e+03
-9.613483295216601618e+03
6.801991889027773868e+04
-2.176209874200175545e+04
-3.508331026763239606e+03
-6.887197786989179440e+04
3.633188125645674154e+04
5.336339940625170857e+04
4.871609119866280707e+03
-1.641719439725647362e+03
3.435230994509134325e+04
-6.495713654294342268e+04
-9.129733978828106774e+04
4.406242290654929093e+04
-8.569697049113601679e+04
-3.081392988960877847e+04
3.571985322170334257e+04
-5.964554768414263526e+04
-3.304924714083657454e+04
-8.959174293734849198e+04
-9.436885868961448432e+04
2.150770843094285738e+04
-4.743378438021093461e+04
8.090110405256520608e+04
-9.002095518756918318e+04
2.481716154151220508e+03
7.225028320616141718e+04
-3.176324075573506343e+04
-9.941996812985993529e+03
4.902194326388661284e+04
-1.160605554136065803e+04
-4.770604961195524083e+04
-9.011366713676696236e+04
-1.419049319372668651e+04
1.949590849422521205e+04
-5.696820449005535920e+04
6.699639984397043008e+04
-7.599749207503312209e+04
-1.808630189480939953e+04
-6.971209491182983038e+04
2.236102598451127778e+04
-3.505707846089332452e+04
-9.777360939773732389e+04
-9.052396416361900629e+04
5.030409778625264880e+04
-4.596200538907241571e+04
-7.305802657737518894e+04
5.811602450441056862e+04
-9.315433131716593925e+04
9.806865915420859528e+04
1.361023242435143948e+04
3.136638690977432816e+03
2.995592235006575356e+04
8.144254526958119823e+04
-6.447410203054959129e+04
1.316394576831068844e+04
5.384495166207254078e+04
9.570989143763032916e+04
9.608212498091987800e+04
-9.608260332702672167e+04
2.178674883596639120e+03
-1.243669340085234580e+04
1.687959769681067701e+04
-8.580309579219363513e+04
-8.782859289025708858e+04
2.365739518193898039e+04
5.458791788487930171e+04
-5.131593938894330495e+04
-1.442512339187106772e+04
-3.369838690155789664e+04
7.356434422442638606e+04
6.688222172879244317e+04
-1.065128093398224519e+04
-9.834406889368064003e+04
-9.446793634766057949e+04
6.176033227399642783e+04
-8.504210585203237133e+04
-5.451491031809864216e+04
-9.752929752203102908e+03
-2.868945028624957195e+04
7.006974720834344043e+04
-3.463297109372701379e+04
-9.010349180799290480e+04
3.508163753710667515e+04
-6.556234066196033382e+04
-5.777308456219944492e+04
-2.840053861508572663e+04
3.892931246603643376e+04
-5.246973270396357111e+04
8.452031550940322632e+04
-3.462308923076586507e+04
1.702968423100006112e+04
-7.194437848015078634e+04
3.876035046432220406e+04
6.187824409710412510e+03
9.685514372962957714e+04
2.531567640828052026e+04
5.583416894327523187e+04
8.695653509194163780e+04
7.153857617246477457e+04
-6.019050952322113153e+04
9.435430754353414522e+04
2.496876504038301937e+04
1.390950116821124539e+04
-4.910122352986591432e+04
2.659063084011688625e+04
-2.756229494632538626e+04
-3.988633374272851506e+04
-7.016799380072331405e+04
1.707177571232877744e+04
-2.692891150451776412e+04
6.323905284506889438e+04
8.856334340632100066e+03
-4.977092239836962835e+04
-2.648306875476617279e+04
-1.187423459800126693e+04
-5.939936021907346912e+03
-2.543716812065339400e+04
-9.506899222119161277e+04
1.900353126856426388e+04
5.152984851830317348e+04
-2.026371509028296714e+04
1.867551831504542861e+04
-9.206027059357552207e+04
1.091110692678756459e+04
1.669006921598726331e+04
9.417719299741990108e+04
7.201692184768125298e+04
1.394135923142630963e+04
8.974451418859504338e+04
-8.336021719105906959e+04
2.550074120881398994e+04
6.716266492691402163e+02
9.593852236100967275e+04
-1.844570944925598815e+04
1.146010785200608188e+04
5.500633593110702350e+04
4.214678784674697454e+03
1.092938122596583162e+04
7.432844186669820920e+04
1.643493279790569068e+04
3.973113309843938623e+04
-9.096008777341429959e+04
-3.382009628746907401e+04
7.539287516673907521e+04
-5.359377671345268027e+03
5.897390214449879568e+04
-5.666154940415301098e+04
8.125650088496584794e+04
2.443725744208267497e+04
8.158740136342619371e+04
-2.960924517792989832e+02
5.946860827652235457e+04
1.722623130436526844e+04
9.631806187375506852e+04
-6.283781333682107652e+04
-1.123749959781311736e+04
9.404545198318421899e+04
2.644584261684763624e+04
7.011191746833018260e+04
-7.364475118643981114e+04
-8.123586455938317522e+04
4.675945384965778067e+04
-2.400857269272770645e+04
2.465275363317117808e+04
-9.165935225983042619e+04
6.395576019362315128e+04
-3.533979024687488709e+04
9.994900121838354971e+04
-8.543926693782590155e+04
-3.651137690520096658e+04
-2.787354617218167186e+04
2.909020694492383336e+04
6.409214199943174754e+04
6.595992173934905441e+04
2.096489569359011512e+03
8.424175015453273954e+04
-2.668685374463594053e+04
-1.554662038915092489e+04
-9.870417202478036052e+04
-9.292614760545214813e+04
-7.602196813459794612e+03
9.662366231090674410e+04
-3.044783189295211741e+03
2.289603290422064310e+04
5.392985847697751888e+04
-8.664445627532519575e+04
-6.035365873615316377e+04
-3.290747830374423302e+03
-5.273428247613013809e+04
-7.077498273051326396e+04
-9.253880572166922502e+04
3.969173790196162008e+04
6.491726856731547741e+03
8.783925882535515484e+03
-8.789810419451934285e+04
-2.142124982978923072e+03
7.238576982002879959e+04
2.853658611154741448e+04
7.054448128076948342e+04
