3.882301077355504094e+04
6.898897761171494494e+04
6.624883340865495848e+04
1.250161165343388632e+02
7.405584545031420930e+03
-4.549553450831359078e+04
-2.530787196321753436e+04
-4.784707104119435098e+04
-8.638020944764213345e+04
-1.868245670390607120e+04
5.825233453061791806e+04
4.177917186577851680e+04
9.408850698215505690e+04
-2.312294338830497145e+04
8.038495925861627620e+04
-4.432568439539722021e+04
-8.136822963656167849e+04
-1.232861292556065382e+04
4.619273190670213080e+04
8.826693256112607196e+04
-2.853668078553662781e+04
-1.955423880964683485e+04
6.463782849049458309e+04
-1.394146910359402500e+04
6.507067801003473141e+04
-7.949042332741971768e+04
-2.215101992197497020e+04
-5.477836939334618364e+04
-4.456850746945811261e+04
-8.473416088665064308e+04
3.151680111639196184e+04
-4.855912733210759325e+04
3.274264203425813685e+04
-3.408045734726367664e+04
9.505681391367664037e+04
-9.218724541745714669e+04
-7.119345153684054094e+04
6.415841596668087732e+04
4.638117897020500823e+04
-3.026465729719672709e+03
5.692752876412710611e+04
2.540372860538307941e+04
-9.373466552195824625e+04
-9.322296144087091670e+04
-1.575986053387074571e+04
-1.861018764828046551e+04
2.339980637393266079e+04
-4.861917778658592579e+04
-6.528802522694376239e+04
8.378576619096896320e+04
-8.790141574532163213e+04
8.234269990786483686e+04
7.226790108695969684e+04
8.597035285103309434e+04
-7.333954787750139076e+04
-5.775112282997532020e+04
-5.825984586572951230e+04
1.617286512870325168e+03
6.336644611294113565e+04
-5.827170829890097957e+04
-6.656264646703584003e+04
-3.716413333634332957e+04
2.712862920857285280e+04
9.348607328626578965e+04
-9.638372068490240781e+04
-4.897814045022287610e+04
4.673330255418486195e+04
-9.817701623622619081e+04
3.111144218414800343e+04
-8.733464147086242156e+04
2.350174765724718964e+04
-1.870526619464092801e+04
9.119283854516103747e+04
-6.364924661009483680e+04
-5.714692643922506250e+03
4.661108456911503163e+04
6.017055848319863435e+04
7.210485537063895026e+04
-3.670489938376030477e+04
-3.566448760993498581e+04
4.071939076474381000e+04
-2.802331964143489677e+04
-9.349323049216941581e+04
-6.841587629541927890e+04
8.812269754959107377e+04
-7.602555589346989291e+04
8.115397467979555950e+04
-7.258382648926260117e+03
4.914080747546368366e+04
-6.868258316010895942e+04
-4.964464234187884722e+04
2.974497940718890459e+04
-6.536394691913196584e+04
3.865058997640325106e+04
-9.188613220281062240e+03
-5.927502982787880319e+04
9.073626409750133462e+04
-8.319624998153909110e+04
-3.091964183519479411e+04
2.907744911616449463e+04
-5.100575619307919260e+04
-9.464761878606818209e+04
-2.815618665424622668e+04
9.236177613060493604e+04
9.654707363724499373e+03
4.741089718201231881e+04
-4.008607426748476428e+04
-2.582455218509232873e+04
7.422464388250893535e+03
6.918940769700253441e+04
9.513358898931578733e+04
6.039543333859687846e+04
-8.419617410200841550e+04
-8.395115575060545234e+04
-8.710818613198435924e+04
-3.095919853266821519e+04
9.156693673899640271e+04
3.453002282460103743e+04
1.634533493124693632e+04
1.455465166370588486e+04
-1.317135335108421168e+04
-2.137053208952719433e+04
-3.050600804289566804e+04
-4.885705888438849797e+04
1.198681648206413593e+04
-5.584046917944039888e+04
-2.109547876313048982e+04
-9.718649023499706527e+04
-5.889413316338146979e+04
8.084174835973583686e+04
7.663345026536071964e+04
1.327247650530919600e+04
-7.308692562933161389e+04
-4.448963768834261282e+04
-9.149450237024671515e+04
3.263949013102581375e+03
-9.633422762371963472e+04
3.680195759629574604e+04
-4.634322493928310723e+04
-7.017217355035021319e+04
2.105502529409254930e+04
5.185907818445430166e+03
-1.877524518154203861e+03
1.488288694182769177e+04
-6.211643050184815365e+04
-5.178603045770146127e+04
-7.149093198426872550e+04
5.379302040559684247e+04
-4.040371905271178548e+04
-1.210359815068817625e+04
-2.604789521680275720e+04
-6.780402480782476778e+04
2.409170077430022866e+04
-1.451151333269947281e+04
-3.555458069854170753e+04
-6.719636117677524453e+04
8.380295380318454409e+04
-3.007310449884268382e+04
3.752019689763447241e+04
9.926010980099110748e+04
-8.366224272886569088e+04
7.419518981100636302e+04
-6.086598003346077166e+04
-2.644280222473049889e+03
-6.128584465745917259e+04
-9.304010346286835556e+04
6.195212560264777858e+04
-2.147764683568980035e+04
-6.505938983483135235e+04
-9.618566969133320526e+03
-9.385968519285552611e+04
-8.595627188546351681e+04
-6.564875906841497635e+04
1.906585551727784696e+04
-6.774505374284097343e+04
-2.102290491526393816e+04
-1.464390317868896818e+04
6.476154508847760098e+02
-1.749962615715470019e+04
6.525733312000386832e+03
-2.448755866388351205e+04
6.322971982436516555e+03
6.746998454844514526e+03
-2.016243734222741750e+03
9.599659398704742489e+04
-3.516904267026510934e+04
8.289099624660196423e+04
4.788436070668845059e+04
-3.079016180178173090e+04
7.626788721604502643e+04
9.564901676671513997e+04
-9.907233403824361449e+04
6.549353170376548405e+03
-4.357366496008588001e+04
2.309858574379535276e+04
2.800739034323644228e+04
-3.742081533049765130e+04
-8.799693256798268703e+04
3.480640286763499898e+04
8.952715417239350791e+04
8.066964081623351376e+04
6.204052096925334627e+04
5.385056053805740521e+04
1.283316836420937079e+03
2.407363093639531144e+04
7.218937661839991051e+04
-9.421187861154266284e+04
2.099584582528704414e+04
3.259368828489814769e+04
-8.331376076361973537e+04
-5.985860256081346961e+03
-3.002093857696600389e+04
5.028066652494434675e+04
4.018713802327716257e+04
4.837849911890142539e+04
2.020309870306690573e+04
3.044839076492398090e+04
-8.624054264603096817e+04
7.199901785261281475e+04
2.021553477858447513e+04
-5.509616707070131088e+04
-6.796797241173050134e+04
-7.853870906006527366e+04
-5.951980647587748535e+04
-4.930626369453053485e+04
9.445980030236351013e+04
1.931852360959351427e+04
9.001252066438457405e+04
-7.064628570617249352e+04
-9.183381786405309686e+04
3.997164611004758626e+04
1.816417693440125367e+04
8.813903309150079440e+04
-4.596157415804807533e+04
-5.501580010755278636e+04
6.639192483688073116e+04
-7.551318743157685094e+04
-4.161274871776826330e+04
4.910766320146559156e+04
-4.077996075960995950e+04
-5.178621517037106059e+03
1.743051619646594918e+04
-6.996203426966779807e+04
4.196087833740790666e+04
8.963388688010406622e+04
-5.890313580639658903e+04
7.960710114020550100e+04
-8.869501921306877921e+04
7.442566739109109039e+04
-7.750049092660081442e+03
7.991168188139151607e+04
-2.161921768122704088e+04
-4.828325163051131676e+04
-8.811463027978142782e+04
8.169177820790401893e+04
7.430666175184568374e+02
-2.670391898376435347e+04
7.565971497783115774e+04
-7.629433454320354213e+04
-3.587722289049376559e+04
-3.697743450887031941e+04
2.667639246987858496e+04
-1.285980953616986517e+04
7.532642768378095934e+04
4.937454974136200326e+04
