2.082389473268674919e+04
4.849170410516196057e+02
4.534730146211721149e+04
-6.200533403441658447e+04
7.044659216427794308e+04
6.246857366056960018e+04
7.225986819443463173e+04
7.609371029750934395e+04
3.371995533491367678e+04
-7.769917537999042543e+04
-7.301912068606907269e+04
3.241020051625170890e+04
-9.139095218053134158e+04
3.424074594357497699e+04
2.795188808080474701e+04
-5.647509130318892858e+04
5.427023697239197645e+04
-1.982841798561859832e+04
-1.650829584307249024e+04
-8.571503613414087158e+04
-6.275575693167326972e+04
-6.752625528889300767e+04
5.035738495593796688e+04
-8.144564697743418219e+04
1.193232792353371224e+04
-6.331378022169640462e+04
6.726068580923102854e+04
1.917311087295143443e+04
-9.303452213344548363e+04
6.670909932885035232e+04
-4.490651627059160819e+04
-6.657561620638609747e+04
-3.194535910196788609e+04
2.450369332378104082e+04
-9.923408045863635198e+04
9.563328146832839411e+04
-9.698762757394039363e+04
4.944019125726605853e+04
5.894553380589538574e+04
-2.149688687795321675e+04
4.932061187548277667e+04
9.787314024852195871e+04
1.579241535457211739e+03
3.312883291208391893e+04
5.069314630521835352e+04
-1.681744715529908717e+04
7.384695750423830759e+04
6.317054157044350723e+04
6.575158546246317565e+04
2.656398570405575811e+04
-6.557363487830519443e+04
-9.324084147341277276e+04
1.284417202831579198e+04
2.240906807878457039e+04
-3.891649539898964576e+04
-6.224968339193081920e+04
3.904293715301204065e+04
-8.839840567389941134e+04
-7.056949117399751231e+03
-7.226314023377394187e+04
8.974371622337978624e+04
-9.623628616132003663e+04
1.863875035354226929e+04
-3.133505171958770734e+04
5.010945813237806760e+03
7.497491703073131794e+04
9.797743893652982661e+04
-6.260521680893327721e+04
-3.478440315653115249e+04
2.395883979916910175e+04
2.718904681162933775e+04
9.157660723344009602e+04
-5.092379169094360986e+04
4.677534063495545706e+04
8.328933673794841525e+03
-6.555771903245615249e+04
9.445766942281230877e+04
-2.365300544424251348e+04
3.152859398091289404e+04
-7.202422815843908757e+04
8.577497226275883804e+03
-1.058594285066139855e+04
-1.852688326987534310e+04
-7.615096251994070190e+04
1.181771512107978924e+04
4.757107932431621157e+04
2.489136516682544971e+04
-5.290025712748316437e+04
3.248257130167586001e+04
5.246252010890917882e+04
6.716138888922319165e+04
9.932743139576131944e+04
3.490178860248464616e+02
-3.388063083311665764e+02
8.915481822431554610e+04
8.923130791075556772e+04
5.041457267993019195e+04
9.349369823223304411e+04
-6.864251608683991071e+04
6.379157022354986111e+04
-7.105979150875848427e+04
-4.235474614983391803e+04
-2.718980823609418439e+04
-7.138603786297806073e+04
-9.481282899314218957e+04
-4.614257048060072702e+04
-3.462456166537310492e+04
7.148484960069098452e+04
9.728831007728479744e+04
-6.283048742832443168e+03
8.162730466490858817e+04
-5.336523684666166446e+03
-9.685929224440008693e+04
4.368981800848233252e+04
5.267362368140181206e+04
-5.421318434682772931e+04
5.049869487979975383e+04
9.706348666893668997e+04
-7.085786531784106046e+04
6.060768419209940475e+04
7.442838395771149953e+04
-1.115632237319246633e+04
-4.204822095442053978e+04
-7.174431273399676138e+04
8.455568084113923760e+03
-4.282099408083481103e+04
4.192090497757647245e+04
-4.719739303798880428e+04
-4.049561457778426120e+04
5.348703744186396943e+04
4.646054619060976984e+04
-9.891266883350785065e+04
3.233506871666762163e+04
-9.003467424828546064e+04
-7.378911375276626495e+04
-5.592784771587439172e+04
6.002494761765300791e+04
-2.540607333940448007e+04
-1.040611843920410683e+04
9.218035686324897688e+04
8.184281546606612392e+04
-2.056594915716501055e+04
2.733587163965245054e+04
-3.241452029722232328e+04
-7.947483049911231501e+04
2.274576900912107249e+03
-5.435548076283354749e+04
4.858446788033722987e+04
7.442318694874105859e+03
7.466525900648700372e+03
8.305929032349240515e+03
-6.020021836150492163e+04
8.838497924145663274e+04
9.338070441611787828e+04
1.535061233867765804e+04
2.242494816763509152e+04
-5.621217057293287326e+03
-8.469518550492286158e+04
-4.935598329458013905e+04
-8.820687470345718611e+04
-2.676040285506145665e+04
6.967813139130330819e+04
-6.510487785451523814e+04
-9.111868602978325725e+03
-9.379192835342984472e+04
9.044244923421968997e+04
5.869259990532261327e+03
3.320596868548302155e+04
-5.876886650464691775e+04
2.405203608990547946e+04
-7.561592079292700510e+04
1.051110539600870470e+04
-8.757823732213462063e+04
6.281716081848715112e+04
-7.692033314416719077e+04
8.085965436975467310e+04
9.657319060672984051e+04
-7.638474132831769566e+03
2.772351882183800626e+04
-8.004701966585853370e+04
2.332319402999640442e+04
-3.457840716010572942e+04
-1.233446893778415142e+04
-4.788929613832342875e+04
4.198402220288790704e+04
5.065689877384347346e+04
1.025587588618736845e+04
-9.811365266333831823e+04
-9.520568623847985873e+04
8.947175115681701573e+04
-7.095089438835385954e+04
6.917787635912043334e+04
-5.217264233338443773e+03
3.197404762039143316e+04
7.493261501082872564e+04
6.832399962791743746e+04
3.239326823846710613e+04
-7.930669209143464286e+03
8.096355108914482116e+04
5.579147870191278344e+04
3.240903576217834598e+03
7.496578764738552854e+04
-6.299167073274693394e+03
2.868105987372490927e+04
-2.246984092083550422e+04
5.499052735406102147e+04
9.243406137592204323e+04
4.774484429185634508e+04
-4.073113425362410635e+04
-5.087978935914687463e+04
-8.944053596923267469e+04
-7.888159260093168996e+04
3.413023341756343871e+04
8.498905927508694003e+04
-9.307265164049882151e+04
3.900899995431146817e+04
4.041750403144733355e+03
-7.217022563884383999e+04
4.774053651392606116e+04
8.856553587227902608e+04
2.502775724659982006e+04
-8.053197457398650295e+04
-4.759675678749314829e+04
4.288696219974863925e+04
1.817640553483666736e+04
-7.015078360827412689e+04
9.905579506807187863e+04
4.261205074839143344e+04
-7.011676058862519858e+04
8.995334971349766420e+04
7.071717556763945322e+04
-4.675141152501955366e+04
-5.086523826658968756e+04
-8.239345333026607113e+04
3.484535081969317253e+04
-9.717562864511933003e+04
-3.880130123459673632e+04
-5.420377456217580766e+04
1.784891010447531153e+04
-5.895179335806577728e+04
-1.203458972114723474e+04
5.719245472818240523e+04
6.714920169376806007e+04
4.143080610510060797e+04
4.185053121033228672e+04
-9.463691810469706252e+04
6.431580078135685471e+04
1.079092569094482678e+04
9.220879343711432011e+04
-1.688645021360878673e+04
-8.421320558628992876e+04
-6.316536488252218987e+04
-2.951553362114521224e+04
9.944295947563566733e+04
3.998706787241660641e+04
-9.266043953987088753e+04
4.679207854354789743e+04
7.418391851510043489e+04
7.161787611436669249e+04
-2.744227238382313590e+04
6.018857621162912255e+04
9.423666244359767006e+04
6.798402782124692749e+04
1.723985462449576517e+04
3.761060773777926806e+04
