-6.185611541181433131e+04
-5.152900356297301187e+04
-4.383820259355340386e+04
-3.751681501741163811e+04
2.544389654721247643e+04
8.478465769031277159e+04
-3.047682408625006792e+04
-3.060592113572834933e+04
-3.313298057316531049e+04
-3.740294135482413549e+04
6.102739395724867063e+04
3.138513276763692556e+04
9.783293906944479386e+04
7.404320815844189383e+03
4.826550009298690566e+04
6.897471172040273086e+04
-2.948879857177476424e+03
-4.773276050665134971e+04
-3.240077895093986444e+04
-4.742948233561129018e+04
9.392040656997129554e+04
-5.469796173590773833e+04
-2.573847942387013245e+04
-5.551918612002427835e+04
2.694503169104799599e+04
-9.174318055272189667e+04
-5.612730046105002657e+03
2.792907543357812756e+04
5.369584795029891393e+04
3.224283760808248917e+04
-8.759655087435082532e+04
4.638036795579301543e+04
-1.933482941248227871e+04
-3.850348737715285097e+04
-1.589950414469666248e+04
5.492112808005911938e+04
1.049967713113215905e+04
9.208586779711413328e+03
-2.179282068158879702e+04
4.378284193295297155e+04
-3.208571534927748144e+04
-4.130341860654157790e+04
-1.481355810511158052e+04
8.798470020821354410e+04
-1.082743239701077619e+04
5.464773758738327160e+03
-5.177560726313164923e+04
6.123317628928516933e+04
-7.122564339098347409e+04
-9.478572927486235858e+04
-4.401478706041239639e+04
-3.311845025205068850e+03
9.739983930706471438e+04
7.656706538802341674e+04
-3.615820885274883040e+04
8.512826918443464092e+04
-4.853743139813492598e+04
-8.635068339798492161e+03
8.319293339968695363e+04
-5.906174699639574101e+04
4.705731704841909959e+04
9.205969173311546911e+04
-1.604386271876140381e+04
9.412188182814860193e+04
8.300009392147097969e+03
8.918613209780947363e+04
-7.397382561250946310e+04
-5.159174023663651315e+04
-2.214122726138505095e+04
-1.394355856230532117e+04
-7.957437776442401810e+04
-3.295703764704285277e+04
8.878631437774262167e+02
8.574977365065993217e+04
2.887462432934775734e+03
-6.415462458761793096e+04
-6.175155271272711980e+04
4.875761094457269792e+04
1.803029458595573306e+04
-6.343262370391835429e+04
5.764241518262612772e+03
-8.023683567531406879e+04
9.820015596690373786e+04
-4.614621603280937416e+04
-2.566468754635126606e+04
5.829904521677541925e+04
6.105008042674232274e+04
-4.393215034078658209e+04
-7.421675257900620636e+04
-4.842580745648717129e+04
7.389275927263949416e+04
-8.284241669159394223e+04
-4.039000213483386324e+04
3.964224257621507149e+03
5.302936484450111311e+04
1.816948144496296663e+04
7.472646573425394308e+04
7.526754684088562499e+03
3.913774730073977116e+04
3.799956496605889697e+04
5.708400563145255001e+04
4.387139732703919435e+04
-8.205654493554882356e+04
1.767801607204885659e+04
-4.599729260566503945e+04
-7.352815939214195168e+03
8.713096356673109403e+04
8.884569930387458953e+03
-8.067300478821179422e+04
-2.661989308214575885e+03
3.991510048595390253e+04
9.943861017659710342e+03
1.896348141386401767e+04
6.240420304388258955e+04
-5.028703802739216189e+04
1.220705995066038486e+04
-4.703100763586922403e+04
-4.103151660482871375e+04
7.682617665425030282e+04
7.462911843576072715e+04
-1.847079100798717991e+04
5.228769185872367962e+04
3.337629788666220702e+04
-1.165616037438527201e+03
1.208497046294406942e+02
-2.487577968594688718e+04
1.527595726949988784e+04
5.512601435557354853e+04
-9.152438807352763251e+04
4.412389535389113735e+04
7.822813869919367426e+04
8.725781393969092460e+04
-1.026739451019731314e+04
5.836579309467204439e+04
6.373648248189087462e+04
1.543673778744466472e+04
5.060791910917114001e+04
9.688017930935342520e+03
-9.905540926018923346e+04
9.200658209050956066e+04
-7.722883841043095163e+04
-5.329307118859083857e+04
-8.389874266952517792e+04
8.651145952092150401e+04
2.593416951345299094e+04
-2.290640424911025184e+04
-2.374498718234830085e+04
-2.641483531424146804e+03
-9.643334290968379719e+03
1.421194222427415480e+04
3.280137593725277839e+04
6.555061737992000417e+04
-2.719542443165619261e+04
-9.612691300451541611e+04
9.524767800460400758e+04
-1.875822260039085677e+03
6.695950272614530695e+04
-3.670823966979944817e+04
-3.563951021768175269e+04
1.092532183314113172e+04
-8.726710923923004884e+04
7.264459268111390702e+04
6.700266258078803367e+04
-7.701030702094610206e+03
-2.185521994076996998e+04
1.078585258245428304e+04
1.559933562643856931e+04
-3.167416365154542655e+04
-8.440979515799648652e+04
9.947216219918296702e+03
-6.706426122148334980e+04
-8.760493851589142287e+04
5.635361881827468460e+04
8.085743364623568596e+03
-4.051624132684431243e+04
5.454756536487597623e+04
-4.463466333657805080e+04
-1.501052137164089800e+04
3.017764041234824617e+04
-4.433605398245771357e+04
9.792335458423421369e+04
4.703823388979252195e+04
1.194837144448868276e+04
-5.742626000698727148e+04
5.156223757969537837e+04
-9.360470212288702214e+02
-1.690282111587831969e+04
-6.582750057497271337e+04
-8.721120997118188825e+04
-1.712190362851402097e+04
-3.566726193730485193e+03
5.554616113796932041e+04
-8.236501480930244725e+03
6.443721561910717719e+04
-9.451207255154472659e+04
-3.364913992754296942e+03
5.849653233000740329e+03
-7.444449238523376698e+04
-8.758720523344042886e+04
3.128812602133263499e+04
7.963647255133518775e+04
2.784509109515200180e+04
2.901893514679578584e+04
-9.854478979159188748e+04
1.391025223703538541e+04
-9.625894633370352676e+04
5.874482183489340969e+04
-5.567513812654887442e+04
-4.215487471696153079e+04
6.687549321441874781e+04
-9.942038813975916128e+04
1.428960865137671135e+04
-4.538781924725084536e+04
5.317106824214597873e+04
-8.076751009749596415e+04
-2.168420683177760293e+04
-9.658962229678359108e+02
-6.322773740578598517e+04
-1.648306175054525374e+04
4.810458190289611957e+04
-2.680721317428267866e+04
-1.480123003049034378e+04
3.134655237821781338e+04
-5.750222407790915895e+04
9.954419464031879033e+04
1.365317078249332917e+04
-8.281909703393105883e+04
7.613931908494266099e+04
1.035075251116720574e+04
9.640661904112092088e+03
-3.252452294271160645e+04
-1.686458909669349305e+04
-7.755054793323436752e+04
3.686901627729649772e+04
9.531504263476272172e+04
-5.853827388193541265e+04
-1.797197527638379324e+04
2.419348921711240473e+04
-6.063988856359645433e+04
-7.464664867094685906e+04
2.763995854394701018e+04
7.100661854629925801e+04
-2.248961565474565577e+04
-5.214235618796591734e+04
-6.399143069305629069e+03
-2.110160888880679067e+03
1.519475138180142130e+04
-7.959281819683083449e+04
2.675526060044725455e+04
-3.652983967511209630e+04
-4.990528869466377364e+04
9.301490648298163433e+04
-5.825227038296899264e+04
7.860680958334577736e+04
-9.799920457848793012e+04
-4.278113700816056371e+04
9.277923237319012696e+04
-7.559742892541245965e+04
6.425518966047574213e+04
-5.522250052570820117e+04
3.512779162223455933e+04
-4.726990985795446613e+04
5.989769439338762459e+04
4.316560631379146798e+04
1.706140150155322408e+04
