1.545725527307507264e+03
7.946938964274202590e+04
3.893507962606759247e+04
-6.497554688244031422e+04
3.466911843313656573e+04
3.448475468064962479e+04
5.831657889777285163e+03
-9.966837806470846408e+04
1.332400779752088056e+04
-1.956047042014365070e+04
8.898121582902218506e+04
-2.022639962901687568e+03
-2.928958846708021883e+04
9.402427639086295676e+04
3.442174452275160729e+04
3.869744919145159656e+04
-9.683250274482309760e+04
3.203761228517859126e+04
-8.550749797631567344e+04
6.665099108443177829e+04
2.619818721777981409e+04
1.657488377244630465e+04
3.796185828695024611e+02
4.089043571896799403e+04
-1.198424624394854072e+04
-9.297054218752785528e+04
7.028391782164706092e+04
-5.530720932243068819e+04
-5.253170955182203033e+04
-2.728431854620599188e+04
4.061792993497638236e+04
2.528361049535032726e+04
2.201564346323037535e+04
-7.950595407858904218e+04
2.588576568125700578e+04
3.837972104427790327e+04
-7.811836555499391397e+04
-1.584091755203613502e+04
-3.088737187699907736e+04
-5.435744738617183611e+04
5.106581354046118940e+04
-7.817395858343422879e+04
-9.102995188483619131e+04
3.788618384813024750e+04
2.805235733885602531e+04
-2.299130307540702415e+04
6.507756988312819158e+04
-6.128770018550573877e+04
8.571823748580797110e+04
5.001380965093620762e+04
-7.727148490767112526e+04
7.912248195315619523e+04
-9.319103759329209424e+03
3.721926065241547622e+04
-3.294963872154685669e+04
-4.337971661713707726e+04
6.301622134458676737e+04
-6.178902763896126999e+04
-1.200313060784800291e+04
9.323463566977072333e+04
2.790319078165409519e+04
-3.568443145886804268e+04
8.355609618102057721e+04
-7.880868041012498725e+04
5.562844780821125460e+04
3.847093386506033858e+04
-9.536334904590825317e+04
-6.799619000142357254e+04
-7.061240859974717023e+04
-4.423013653942190285e+04
-1.784524970045038935e+04
6.815319498616790224e+04
-2.031472390997231923e+04
2.888057276429772901e+04
1.615553646282957016e+04
8.762532453312678263e+04
-9.719992172144228243e+04
5.870528448593551730e+04
7.520085313104931265e+04
-5.340745937238613988e+04
9.696436339861222950e+04
9.862106773228591192e+04
3.420761022098537069e+04
-3.332086699804648379e+04
-2.258138538192659325e+04
-2.835117343076073303e+04
3.527015997532475012e+04
9.261283143000271230e+04
-4.972862284141730197e+04
-4.233027451693403418e+04
9.928690554881883145e+04
1.631329043006174470e+04
-5.746348707326837030e+04
-1.908719256967046022e+03
5.551583614436026983e+04
-3.003407349890837213e+04
3.440631342778530961e+04
4.634749616478879034e+04
-2.421381194933557344e+04
-1.862894934431547154e+04
-8.626783323378735076e+03
-8.670510405186313437e+04
8.819715281755822070e+04
-6.868211392300114676e+04
7.033341136674385780e+03
-5.952768615524519555e+04
3.790903325647018210e+04
8.299470081865663815e+03
8.093144996253425779e+04
-9.575309162175550591e+04
-8.830086670504412905e+04
-8.393928805463828030e+04
-2.743059345947121255e+04
6.696391896728187567e+04
-2.759736063971402109e+04
2.483432508084900746e+03
-1.246894858977364675e+04
3.756214610208555678e+04
4.281677762711451942e+04
-4.956479675669713470e+04
-8.752851628217240795e+04
8.366471098616048403e+04
-1.566328815969254356e+04
-5.958494357912527630e+04
2.159511007936610258e+04
-6.298375041398243775e+04
7.036234267616448051e+04
-2.089429788750127773e+04
-4.321826818769936835e+03
7.761629945749705075e+04
-7.045546934047889954e+04
-6.256209044271065068e+04
1.658511259001222061e+04
1.895860739891585035e+04
-5.100150935889119137e+04
6.167377662007055187e+04
-5.344812824909649498e+04
7.967852091559862311e+04
6.645006462531183206e+04
6.259744901622259931e+04
-6.966833391768111323e+04
3.211942263289646871e+04
6.613642185476979648e+04
4.319455395030495856e+04
-6.650510187965731893e+04
-2.344465617790320903e+04
-7.925660285854936228e+04
9.851868809089218848e+04
-9.691807476686003793e+04
-9.044947141181718325e+04
5.090806425335188396e+04
5.756169582843593525e+04
-4.050097047624261177e+04
2.518493226310929822e+04
1.984978754419824782e+03
7.945298471107086516e+04
6.727969886724304524e+04
9.053013832781511883e+04
-7.871547741565198521e+04
-3.394339867256837897e+04
9.785573158103504102e+04
4.523135169925303489e+04
5.928408659516766056e+04
7.170046269124227365e+03
5.862509765433007851e+04
-4.182534658402238711e+04
-1.437108633613205166e+04
-1.224255364113367068e+04
4.593411913141197874e+04
5.469541972358711791e+04
3.877114445760280068e+04
-3.086856375321041196e+04
9.685300624012404296e+04
1.643197104455239605e+04
4.814500147514244600e+04
-4.167104463787886925e+04
-6.220637201950640883e+04
6.948567971013518400e+04
9.362068852055500611e+04
-7.164217586041122559e+04
-5.499461257312422094e+04
8.115647815699536295e+04
3.412245563081950240e+04
-6.465431735667372413e+04
3.904390977579715400e+04
-6.076793324320204556e+04
6.091770118072412879e+04
2.317358022488440474e+04
-7.835725278592365794e+04
8.966308834708308859e+04
7.348366584512336703e+04
5.103961675077078689e+04
-2.187203167915546510e+04
-7.767269950620647251e+03
-4.756879744916378695e+04
-2.320980984423482732e+04
-3.977700802814979397e+04
5.356644243038359127e+04
6.487672773491392581e+04
7.802288551565055968e+04
7.128928737608430674e+04
9.476294594456777850e+04
4.687959666436590487e+04
4.008670848357308387e+03
5.075582494077796582e+04
6.122379692220428842e+04
-9.944310586059407797e+04
-6.611347909143997822e+04
-8.488342781954277598e+04
-9.272393409139905998e+04
-8.909318988968411577e+04
-9.106270920604483399e+04
9.137910163292044308e+04
-1.990564228653409737e+04
1.258322513666240229e+04
2.304371788241010654e+04
-2.228920059600384047e+04
1.572052389743935964e+04
2.703433340301444696e+04
7.146724725340532314e+04
-6.684150685948204773e+04
1.195631339686272986e+04
-3.312518032498820685e+04
3.506958363868846209e+04
1.852980796348030344e+04
-4.968890174232525897e+04
5.708826684747101535e+04
1.737276910579656396e+04
2.676487782941521073e+04
-8.117875493492493115e+04
-6.762177790949498012e+04
-6.778892673869947612e+04
2.774230198530812049e+04
3.102570403390737556e+04
-4.968289944246560481e+04
-3.269154984542959210e+04
-4.992677403011763818e+04
6.973383047768480901e+04
-6.108173723562883970e+04
9.915055356334464159e+04
2.651772615160861096e+04
1.118445734404026916e+04
4.696201883995313983e+04
5.470940217452429351e+03
-5.834049888908091816e+04
-3.461091600747724442e+04
-8.028046254804093223e+03
-6.797914542019268265e+04
2.850017537074079519e+04
-3.316731237352281460e+04
5.103628874116277439e+04
9.819307491883948387e+04
-8.010339987926943286e+04
-6.148464587148392457e+04
1.664035074606593116e+04
-8.146064835284501896e+04
3.118889772737521344e+04
-2.984788335139252013e+04
2.709480070330293165e+04
4.237111720609937765e+04
1.656139921351124576e+04
-6.336322089801243419e+04
-2.619057288423760474e+04
-7.949749897265901382e+04
3.647111686632368946e+04
