-5.120918861081328942e+03
5.577842130204392015e+04
-6.533775329815034638e+04
6.391671633213732275e+04
-5.074262324779279879e+04
-3.991906302466637135e+04
-1.690259021407797991e+04
3.351699123043741565e+04
-6.058750520246565429e+04
5.685748077067619306e+04
-9.315286143140510831e+04
4.885936237909758347e+03
8.021248888883288600e+04
-5.597627174430699233e+04
-4.817965477930519410e+04
-6.516245880805922206e+04
-8.130523030634046881e+04
-9.872226096421110560e+04
3.884863990613259375e+04
1.919058416839838901e+04
2.904588078237377340e+04
-9.175723416182748042e+04
-2.878811855881624797e+04
-6.419286407442794734e+04
3.442147601612890139e+04
-2.721051248412695713e+04
4.241692750430840533e+04
8.117247219164768467e+04
-9.961835205117407895e+04
-1.596314952935275505e+04
-9.720371614403955755e+04
-7.721135906883346615e+04
-9.623992882595925767e+04
-2.052940089235972846e+04
-9.622316086800757330e+04
5.470456019745007507e+04
-9.205074491390987532e+02
8.316349751149278018e+04
-3.381914153980740230e+04
-3.153084630248867325e+04
-4.772806099802935205e+04
-5.721668144761109579e+04
7.802447587889558054e+04
-6.733136781893161242e+04
-1.091723944463318912e+04
-5.139908005358422088e+04
1.467673526644636877e+04
-5.750413350109835301e+04
-9.200070959487203800e+04
4.192764537375760847e+04
-6.512641499383869814e+03
3.753497650040293229e+04
-5.229103143284454563e+04
-4.498368160798764438e+04
4.982799113028429565e+04
-4.834354736113492982e+04
-4.986511448149000353e+04
1.748679968745105725e+04
7.112035608534351923e+04
6.772141498956052237e+04
5.438665126097336179e+04
4.823214125036293990e+04
3.472436383593143546e+04
-1.887138864922830544e+04
-4.198407122525968589e+03
2.930481670358711563e+04
-3.746343738579122873e+04
3.495931253006443148e+04
2.575614061306641088e+04
-5.073322521300711378e+04
-4.625165023619524436e+04
2.960881796700769337e+04
-5.201016115832464129e+04
5.580948026152633247e+04
-5.517428482783650543e+04
-2.931909747882535157e+04
-5.633386680001728382e+04
-8.434249238858323952e+04
-3.782456557614788471e+04
4.039112962805817369e+04
9.765992526499190717e+04
-5.506995404210015840e+04
3.204643545384940808e+04
-4.270928142802054936e+04
4.252903655161723145e+04
-6.640874433071439853e+02
-7.445839715491351672e+04
9.092867151950261905e+04
2.131703316830167023e+04
3.961937995987528120e+04
-8.266077389714933815e+04
4.136941255197461578e+04
9.829309959105422604e+04
1.406573545632677269e+04
-4.219833150423346524e+04
-7.667278863237025507e+04
3.861017646561132278e+04
3.600184773937484715e+04
-1.535116484946630953e+04
5.783123216214322019e+04
8.141638734754821053e+04
2.485127486322609184e+04
-3.601046513684555975e+04
-3.854051620298007037e+04
5.288698315696278587e+04
3.269856203721705242e+04
-9.351815538388896675e+04
-5.073413479793320585e+04
6.685512120754810167e+04
8.377213827294216026e+04
3.347945780145667959e+04
-2.765730638152071333e+04
-6.123181782709394611e+04
1.031868919097811158e+04
9.439980071496524033e+04
6.836247159321553772e+04
-4.198216775921775115e+04
-8.037030871803822811e+04
3.783124800057098037e+04
4.197234678145754151e+04
-3.115112400742943282e+04
4.737403237526799785e+03
7.698338540418099728e+04
-5.632470271998619864e+04
8.835165998793073231e+04
-2.317546100326764281e+04
2.487336700125524658e+03
-1.837561579285231710e+04
6.203808309650825686e+04
-9.196901594883805956e+04
3.541624431418691529e+04
-4.597716522995854029e+04
7.371260575126449112e+04
5.547380947698082309e+04
-1.033475500658391684e+04
-7.064661424606943910e+04
-3.927438336557162984e+04
6.231335437744515366e+04
9.807338032430311432e+04
9.101454313887088210e+04
-5.294041028814100719e+04
-8.452445488865482912e+04
-6.764401357334750355e+04
6.473581015660893172e+04
8.630859128664276795e+04
2.657892711390441400e+04
-1.849652176722709555e+04
-3.762605474288898404e+04
1.363581388712687476e+04
-5.755377893737394334e+04
-7.507823239326527982e+04
3.265330870307242731e+04
-1.883954633748432389e+04
9.986829979666191502e+04
-3.285041630021974561e+04
-8.241822943165367178e+04
-5.909151288204230514e+04
-8.783581752338082879e+04
2.861686012146165012e+04
5.997589115111270803e+04
1.048498989091113617e+04
-5.638625463310840132e+04
-7.251548511127592064e+03
3.028517260310435086e+04
6.608392474414152093e+04
3.740775960045677493e+03
3.949762329622381367e+04
-1.472112966093188152e+04
-8.645897271571711462e+04
-1.675830088655144209e+03
-2.799883805820526322e+04
1.825188090962290880e+04
-2.988076762468044762e+03
5.302086914250758127e+03
2.272196967166142713e+04
8.364351170024558087e+04
-2.947722129144276551e+04
6.097980349987046793e+02
-5.246998980893810949e+04
-2.479301824095236952e+04
9.167763974249738385e+04
7.902436654408040340e+04
2.053449405335162010e+04
9.987913724356837338e+04
-6.707890300571091939e+04
-2.701968452514702221e+02
4.872060902587088640e+04
1.453701626904604200e+04
4.923071466401687940e+04
-5.756397247118903033e+04
-3.802642464898739854e+04
2.414616112798349059e+04
3.995895793039858108e+04
-8.880811149715572537e+04
-4.531950798796155868e+04
7.417235500188893639e+04
1.271320552874346322e+04
7.673165834438512684e+04
-6.008048686657028156e+04
5.185987374202234787e+04
-6.270022073568206542e+04
2.133958084146423789e+04
-8.173925203126166889e+04
6.989157126648971462e+04
7.404066956202685833e+04
9.358779697556447354e+04
-2.881811462383570324e+04
-3.589781584522633057e+04
9.732733960772454157e+04
1.381565372926123382e+04
-3.910117411870727665e+03
8.565955676023135311e+04
-7.422815094954187225e+04
-3.289132930010861310e+04
-9.491282097437237098e+04
6.919942508085892769e+03
-5.546530201300081535e+04
1.089968923187101609e+04
9.352278602089887136e+04
-9.255937696431169752e+04
7.404888606733042980e+04
5.052194193080303376e+04
-3.106984728772632661e+04
-4.135561190076370985e+04
3.420155983721569646e+04
-7.958468649794220983e+04
-2.441756045971589629e+04
2.978687048736803990e+04
1.560728092229197500e+03
4.433605729952600086e+04
-5.240506241808784398e+04
-6.077915120150573784e+03
6.635245357534673531e+03
1.202239710160289542e+04
-3.558181531763329258e+04
-8.355969680692485417e+04
-2.007446523882129986e+04
3.610603163688071072e+04
-6.881745828684879234e+04
8.835341553363934509e+04
2.109195267162084929e+04
2.113410368130600546e+03
-4.139063394500093273e+04
-7.463070531786684296e+04
-5.445361688787859748e+04
-8.386180645275280403e+04
-6.338157999144016503e+04
1.194206630562154169e+04
-9.784652958504061098e+04
9.078038753447198542e+04
-6.109677726325375261e+03
-3.868696558795747842e+04
6.026396777985637891e+04
2.054407539430276665e+04
-2.775412766979483422e+03
-1.328101697110284294e+04
3.370169652038105414e+04
8.984585211217281176e+04
-7.651872970492012973e+04
-2.539202115606758161e+04
9.390108526836641249e+04
-3.788938663440739765e+04
9.962857940161327133e+04
7.469261974427133100e+04
-2.097412542878782551e+04
