5.402032856393282345e-02
1.167186893073073328e+00
-3.270133442574928440e-01
-3.359874864340543499e-01
4.173578012747201083e-01
-2.366086133156128923e-01
-6.876698028873491353e-01
1.546818354994234923e-01
8.407412848645200443e-01
-4.932321979637774856e-01
-5.422091900683647658e-01
-6.959938809803687398e-01
-2.670530818895221481e-01
1.047320901027700563e-01
8.282812067117386601e-01
-6.088275836416198183e-01
-5.755818243611849905e-01
-5.794039864483223612e-01
-4.571448160661287230e-01
4.331290939610067392e-01
-9.196962829003734186e-01
-4.491908042877063578e-01
-2.479815432056206304e-01
6.717315342399905465e-01
-2.271876727444674393e-02
2.633882939151555025e-01
2.252336912430812355e-01
-7.387853252754786881e-01
-1.156162732585764408e+00
8.401768106105576006e-01
5.794122224645470443e-01
-1.304236792135335943e-01
-6.699524156777998396e-01
2.754309079606226951e-01
-4.228094075428731613e-02
-6.362682228903180359e-01
5.305356800650223859e-01
-7.936844709146920751e-01
-1.432463991124566516e-01
-9.398303646524774901e-01
2.815266363481836454e-01
3.195231197287182190e-01
-3.302245643626454674e-01
6.636547543995825471e-01
1.081499103360662017e+00
1.219829488872947731e-03
7.974471350293605987e-01
-1.359224952906350925e+00
-9.842473085609322325e-01
-1.869919344234530767e-01
3.745143196060723434e-01
8.713390406420824519e-01
8.777360873508085470e-01
-6.473156238694010023e-01
-5.720013446751064379e-01
1.202071724962628041e+00
-2.673183324640768799e-01
1.472176422215217828e-01
8.417491492685320598e-01
-7.247724320611441673e-01
3.599504235826055387e-01
-1.038596520893187103e+00
2.409790031635475061e-01
4.299052810048781259e-02
1.187377612788861336e+00
-2.105099896156711059e-01
-4.903114567788000033e-01
-1.620914870749843861e-01
-6.014718821151523453e-01
7.504970913686784262e-02
5.535859862664984643e-01
-2.585818859090483479e-01
6.013318682325510256e-01
-7.885131288031689556e-02
2.903066966406408489e-01
-1.114014528398533932e-01
-2.744215686174980573e-01
5.934310639624461592e-01
-5.409568475287929168e-01
5.223073782996571213e-01
-9.616469065024143559e-01
1.823130920180554559e-01
-5.569980959714557756e-01
-4.439211665263694817e-01
5.238650432537588220e-01
-9.525603302462164468e-01
-2.846539733783993165e-01
-1.280769055961451741e+00
-2.047014617774944867e-01
8.494605139463208276e-01
7.411694318835746476e-01
2.986354059003752948e-01
-1.018365635796411039e+00
-1.471805652403146147e-01
8.855625846976453164e-02
1.222848642176814771e+00
9.144588776239803707e-04
4.324363116190124146e-01
-9.793774540470256973e-03
-7.511851929021664542e-01
2.591520960202834956e-01
-3.745762013319034467e-01
2.467565785683143997e-01
1.465996561856106051e-02
-5.139504337039445536e-01
-7.275569436424206282e-01
-4.325549680954706711e-01
-2.442810516261528786e-01
-7.488481551504864164e-01
5.487705765176864592e-02
1.147954605887969715e-01
-4.818319751377002358e-02
-2.519379981667513313e-01
3.249540826589063514e-01
1.535437818269162480e-01
-7.738306343382791996e-02
-9.602164045088282807e-01
-3.087187181734789565e-01
-1.097823506616619760e+00
-1.613581225289494880e-01
-9.276195160909220805e-01
-1.139214620537358225e-01
4.539581777237394200e-01
1.152680274072956479e+00
4.073332291917367565e-01
2.715626721356909079e-01
-6.616698926974874384e-01
-9.539851750266876984e-02
1.577566604931179839e-02
4.074683060688849556e-02
-4.654793294743101995e-01
-4.542953973637559040e-01
-4.462867993352343521e-01
3.225570741848703404e-01
-4.581394097530661069e-01
-1.309856070944031003e-01
-4.080025808491022365e-01
8.421351041451250463e-01
6.347351690721858564e-01
-2.592958995622151597e-01
2.048934292303385696e-01
1.965763841599070527e-01
-1.241971403960514392e-01
3.337552866965892151e-01
8.516749000060334085e-01
1.478312255581870627e-02
-9.621246080728775851e-01
-8.719259735214746065e-02
6.908643031497097020e-02
3.068038674852850423e-01
-7.296476657652943565e-02
2.538588768643427196e-01
2.213400581297010339e-01
-2.431181940219477866e-01
9.621267702576341563e-02
-4.435274704657370393e-01
-5.105035301639616607e-01
1.284242228148128939e+00
8.999659023393289381e-01
-4.527589318224755632e-01
-9.176118529530142426e-03
-4.063357082662990560e-01
-2.460197076139008510e-01
-7.986962319560738655e-01
-3.245477479010738797e-01
5.243455478798988434e-01
3.523198168633041027e-01
-3.688457867980616811e-01
-6.499174462103955718e-02
1.109195451422189560e+00
3.963747425134620528e-01
-5.252231082538521001e-01
4.389131172521922863e-01
-8.897201718138775250e-02
-3.102558477358784428e-01
4.647639234348837078e-01
6.331346527090894183e-01
-3.580000401623922301e-01
-2.806949267069017706e-01
5.334622279485515262e-02
3.615991451353553487e-01
-2.110729390251008919e+00
-4.811706456773641172e-01
-5.447613698006958938e-01
-8.729170329466759970e-01
1.296748501304217649e-01
-9.221107167055166975e-01
-1.591559628097839463e-01
1.389038681777737261e-01
1.226734130268307132e-01
2.777860637586154202e-01
8.748963296027076897e-01
-5.524329164955189553e-01
-1.020733788815186838e+00
-5.915307282278690071e-01
-4.036831131319261745e-01
-2.697624987967138788e-01
7.599808620427437322e-01
1.383497166090803088e+00
-2.567884658557579858e-01
5.566726560957324654e-02
-7.699011236228331390e-02
-7.867274151579096708e-01
6.710878954073909997e-01
-1.105916322416891084e-01
-4.004143735739592591e-01
1.410603421881307107e-01
1.452400071166254358e-01
-5.333339503040928076e-01
-2.202668804487017407e-01
-4.012842460560225866e-01
4.433868349912396534e-01
1.768077311064097101e-01
6.150544135855458006e-01
9.253678974308603422e-01
-3.661368552486841677e-01
-1.293520926610350452e+00
-4.400889843538837720e-01
3.384797448056182656e-01
-6.054515982255832540e-01
3.489553999561011977e-01
-9.226809715945918366e-01
1.243760060113664911e+00
-2.853687978664563030e-01
8.773990077022173484e-01
-7.325403321012395885e-01
-1.363927664529806627e+00
1.266332267511819376e+00
-5.308428436130435690e-02
2.089822970714969030e-02
-4.223257859207319997e-01
7.711731018820147110e-01
2.988812284443276290e-01
3.974714685530376101e-01
8.758974685445365671e-02
7.708958132723878198e-02
1.423086007365672589e-01
-2.197025595121888109e-01
-2.097542849523991171e-01
2.395544638677976623e-02
-5.950388734451356187e-01
-2.225488919709972258e-01
-4.371374778999608246e-01
1.812755173647410956e-01
-1.911309778032666551e-01
-1.528408420120071776e-01
-3.856788386991985562e-02
7.222968488469354575e-01
5.159529516626768508e-01
4.947239448039723042e-01
-7.343179087843542119e-01
-6.997499738436838701e-01
2.119927727669159156e-01
-6.511930541753536972e-02
-4.726869042466143034e-01
6.513174812812952408e-02
-1.126839495696772886e+00
-3.263499419068013330e-01
5.667362584346511412e-01
8.382628581771419674e-01
-6.699254810128214555e-01
7.910105300741692158e-01
1.827287799542355873e-01
8.073830548389434592e-01
-7.883345992255189061e-02
