4.672700730537086929e+04
-6.604020605321704352e+04
1.070393229587987116e+04
-7.035151328700965678e+04
3.906399206640270859e+04
8.628120459083486639e+04
-7.394019102492911043e+04
-6.716252134367061899e+02
-6.068654903754129191e+04
6.404968957392055745e+04
2.859112899197967636e+04
9.173275731747447571e+04
6.448960759737921762e+04
-6.736486054150175187e+04
-6.682280355687064002e+04
-1.463328231379113822e+04
2.931556861042858145e+04
4.880345174645951192e+04
-7.763127786924074826e+03
3.396388635534423884e+03
-3.019119249594451685e+04
7.257755360959439713e+04
5.902513167003378840e+03
5.145068584750763694e+04
-6.834433110611482698e+04
-9.637311562848274480e+04
3.116101473016127420e+04
5.075031192859728617e+04
8.705155246294499375e+04
2.364560644901636260e+04
-4.440815108084677922e+04
-2.429338148013593582e+03
-2.269664341529327794e+04
4.841691804350313032e+04
1.355754701446279796e+04
-4.956419231144716832e+03
-7.364842657754210813e+04
9.599301000625851157e+04
5.774182159808135475e+04
1.422921241699568236e+04
-7.779854903093710891e+04
2.445335514234846778e+04
9.988280113812666968e+03
-5.095090829412959283e+04
-2.155186923273189313e+04
4.851915452298736636e+04
-1.400159291749101430e+04
-6.866316179817813099e+04
3.590166164523398766e+04
-2.469088652822688528e+04
1.057805734613929417e+04
-5.666835606487075711e+04
-3.559283306493372220e+04
-3.377742847999073274e+04
-5.207952491980521881e+04
5.860344271853554528e+04
-6.833563557206504811e+03
1.455906840945756812e+04
1.549242681060065115e+04
-7.855950982351800485e+04
1.347835412415311112e+04
-8.373153608610179799e+04
-6.025909134504011308e+04
-5.673932043751354286e+03
9.468273188125625893e+04
-2.570976622452490574e+03
7.824800561024568196e+03
3.515612203226991824e+03
3.480471028204826871e+04
-1.451102866154324693e+04
-4.698849478468247980e+04
-9.345485479879428749e+04
-1.819850004755865302e+04
-6.006508501810996677e+04
-4.175106932253734703e+04
8.073804413004592061e+04
3.621116777465216728e+04
-5.975823916930543783e+04
1.807518086072518827e+03
-9.663517853371730598e+04
7.848949491439161648e+04
-7.431895972861775590e+03
7.094325580267210898e+04
1.149844630783502907e+04
-4.987624795561272913e+04
-9.627432618558351533e+04
-8.099257345338846790e+04
5.017416458331173635e+04
-3.342663125112807029e+04
-9.042834657434310066e+04
2.531179969779995008e+04
2.828426896568016309e+04
-2.334576920733378938e+04
-1.890399361508449510e+04
-6.399656004822064278e+04
-4.287271983799477312e+04
1.796121910471540832e+04
-9.450884505460443324e+04
-1.639172172749768833e+03
-9.812520695849161712e+04
1.729636517422814359e+04
4.700810821360774571e+04
-3.498828135119421495e+04
-7.692018016114809143e+04
-7.630759885854074673e+04
3.442886808382489835e+04
-4.678148923245861806e+04
2.333452254123602324e+04
-3.212776659373153961e+04
9.694719778327007953e+04
3.484212415119715297e+04
-5.800589671713269126e+03
-8.197872690401774889e+04
-5.681616793411786057e+04
-3.905206307046491565e+04
-3.197773240967230231e+04
5.131511819142093736e+04
-4.111006072483894968e+04
-6.208775451336093829e+04
-4.671637716604379966e+04
9.672791637073754100e+04
-8.217843476264139463e+04
3.487724223425895616e+04
-3.153390901102659336e+04
-1.271676898034398135e+02
-2.596926170060247023e+04
3.106949686225179539e+04
8.945244643437335617e+04
-5.045219834480541613e+04
-2.129199277246428392e+04
3.625317398765467078e+04
3.403328917447163258e+04
-4.550560734946626326e+04
-3.574877279381966559e+02
4.164872607718067593e+04
6.101237174176143162e+04
-4.234506282736256981e+04
-6.487540357131039491e+04
-1.848217121665811646e+04
2.604302442070560210e+04
8.645646778998698574e+04
-7.959728767625578621e+04
4.975794386559488339e+04
8.880021367373845351e+03
-4.933286092168687173e+04
2.051718019968749286e+04
8.450941788954353251e+04
7.078731781079428038e+04
3.950836381130913651e+04
-6.112322679586527374e+04
-2.076530581001280552e+03
-7.617276523228906444e+04
5.505364589413053181e+04
-6.233674487796730546e+02
-1.578010399534534008e+04
4.565975389619196358e+04
-8.104465546623235241e+03
-9.383726623420772376e+04
-9.723668264878599439e+04
3.116428262178227305e+04
-1.687715845934382742e+04
-5.715187267237783817e+04
-3.571422608979008510e+04
-7.776867000792156614e+04
9.021889406059798785e+04
7.469186636862321757e+04
-9.492157033060261165e+04
-6.581456938767421525e+04
-7.372236371479154332e+04
-6.515748840858223411e+04
-4.537263046246616432e+04
-1.695064289331857799e+04
1.848912706554227043e+04
-7.007998968462445646e+02
-7.337557892905896006e+04
-8.943561139501893194e+04
-5.203275115709311649e+04
3.350078251700507826e+04
7.288861808732824102e+03
-2.855500140313663724e+04
-1.862700805212718842e+04
7.042046489415259566e+04
-6.201676308492838143e+04
8.338848935998925299e+04
8.645632716795451415e+04
-9.031325472908803204e+04
-8.488053605458902894e+04
3.575771749434965750e+04
1.156741681072191568e+04
-6.275786779371375815e+03
-9.418462435999774607e+04
-7.374803409226659278e+04
-4.905165284454108041e+04
8.395873118223327037e+04
1.070263655261099484e+04
-3.594168443166301586e+04
-1.119243586526616309e+04
6.725792632372606022e+04
3.051296529440615996e+04
-7.847573709277412854e+04
-2.885068331668528481e+04
-2.287811408365649186e+04
-8.561129740671106265e+04
-9.789591498804689036e+04
5.740504937484653783e+04
3.194654031079743436e+04
1.819349624369947924e+04
-5.005974495359217690e+04
-7.938133964218354959e+04
3.388800991660498403e+04
-5.259342333865379624e+04
-8.111516279633759405e+04
6.308866290169472632e+04
9.181893593174859416e+04
4.420006155739773385e+04
4.500513849865506199e+04
9.775353389983515081e+04
-6.390545870208124688e+04
-4.992651063137960591e+04
-8.668916989026158990e+04
-6.367949441033440962e+04
7.510064532992754539e+04
3.789763396829249541e+04
-3.459185607143574452e+04
2.328673584676609971e+04
4.175261462825878698e+04
3.522584910742448847e+04
-2.965733014941821966e+04
-8.946029122435348108e+04
8.107801024317799602e+04
1.921585117809256190e+04
-6.121229676856206788e+04
-7.315184752312033379e+04
1.405371695261720015e+04
7.702183775791528751e+04
-5.367581260640412802e+04
2.159992003782657412e+04
-6.334166535241952079e+04
4.338161105753584707e+04
-1.684674204060516058e+04
-2.158020268909890729e+04
-2.263379144527831886e+04
4.666848515289523493e+04
9.979558005218418839e+04
-7.860066088679707900e+04
-2.274144689895343981e+04
4.134001607513029012e+04
2.932345644337894191e+04
-2.687880011111815475e+04
-3.364675979995120724e+04
-3.936243466729738884e+03
-3.799634012557403912e+04
-1.847283684554659339e+04
-7.307521625530860911e+04
1.730445108317141057e+04
-5.021723014793740731e+04
-8.052450033064403397e+04
-8.984559947247845412e+04
-3.474094813397404505e+04
4.862618128584965598e+04
-1.678356118577894085e+04
1.695705283018816044e+04
2.948363099287209479e+04
-2.685370083357625481e+04
2.053365537913853768e+04
