9.892187188008986413e+04
4.898024607810290763e+04
6.390203272108852980e+04
4.903947664370640996e+04
2.820990147107222583e+03
-7.384114016859997355e+04
5.914569828304287512e+04
9.264975447213486768e+04
-6.299074090397589316e+04
-3.621647038072446594e+04
-8.611319667950243456e+04
-1.253401158666504489e+04
9.506858394361447426e+04
5.365115835790484562e+04
7.048474588150432101e+04
7.360342196071619401e+04
-2.900046771942336636e+04
-7.807716902794170892e+04
-8.483007610526699864e+04
4.991317698225550703e+04
3.569503774857835378e+04
-7.285394331283553038e+04
4.517666287619047216e+04
2.988284712899316219e+03
-4.580035699785094039e+04
-2.713193592517334037e+04
-6.834445225479324290e+04
7.299406876225853921e+04
-7.572270976970478659e+04
-4.784804220177245588e+04
4.219249449887679657e+04
5.689168627739200019e+03
7.204019894198293332e+04
-7.723004180080298102e+04
-9.679877177410121658e+04
1.731924521140355500e+04
6.403460238190673408e+04
-2.047911655593659088e+04
-1.496525646108630463e+04
9.110619029280298855e+04
8.905836773391903262e+04
6.104090015620787744e+04
-3.703358247941921582e+04
3.662639385731529910e+04
-4.458761057064108900e+04
7.805494658154324861e+04
1.757412723303928215e+04
-5.833499392656087730e+04
-9.323946613533000345e+03
6.140177375791926170e+04
-9.538629541376359703e+04
2.771781187401125499e+04
-5.289148997441326355e+04
-2.492011217541484802e+04
2.650561800302925985e+04
-7.615606651628663531e+04
3.769843213059686241e+04
-3.093315187593312294e+04
3.624828872981804307e+04
3.119935471811745083e+04
-8.142348600071303372e+04
-5.935455323706404306e+04
-9.457852405275095953e+04
-6.642275642358508776e+03
-3.508737979427003302e+04
4.127531746284192195e+04
2.063213859669811791e+04
3.045613781034534622e+04
-2.032798491386268870e+04
-1.015569268883937912e+04
5.162504086420839303e+04
5.138505665785432211e+04
2.394914374324277742e+04
3.505492531336174579e+04
-8.652602688853967993e+04
-5.041528055239364039e+04
-7.997119828034937382e+04
4.795150686448227498e+04
1.425163243099865213e+04
3.282806169143627631e+04
-5.971790952976186236e+04
6.496104847340917331e+03
-9.054218847901896515e+04
-7.968990940899247653e+04
-8.615567558210328571e+03
-1.746226897180787637e+04
-2.604913921126714558e+04
9.980354351392237004e+04
-8.278144180230217171e+04
-4.159518658774104551e+03
9.776625415150891058e+03
-4.836174287629546598e+01
-3.359065886092110304e+04
-8.342571067814392154e+04
7.211649038133464637e+04
-2.617496415835156222e+04
4.147137362999902689e+04
-3.242866727220700704e+04
-8.575799751425259456e+04
4.439124512091494398e+04
-8.596519616996108380e+04
9.576567820882541128e+03
9.124494132991661900e+04
1.425077471139277623e+04
5.217134493614546955e+04
1.856045987373169919e+04
-5.357056950368148682e+04
2.705027179481885105e+04
-8.202528987329358642e+04
4.747399115598964272e+03
-5.785576123700127209e+04
-9.822677460980022443e+04
9.349290951287280768e+04
6.061244858895568177e+04
6.519471223850717070e+04
-1.777792090410532546e+04
-4.125738923104944843e+04
5.898636464814783540e+04
-6.026798034337363788e+04
-8.959813944285239268e+04
2.415763711848162347e+04
9.738104852912135539e+04
3.625127710894079064e+04
-8.702371339912249823e+03
8.841585425564009347e+04
-1.746641597087153059e+04
-9.942816981023321569e+04
3.921624783316155663e+04
7.729892303829596494e+04
1.880755291630557622e+04
-4.792807184033343219e+04
2.849885979880526429e+04
-3.646022508824418037e+04
9.795174236376822228e+04
-7.647995794546847173e+04
2.561466292300027271e+04
5.198243171721627004e+04
-7.607249523629182659e+04
1.026498335877028876e+04
-8.167557301809778437e+04
-9.966406479126146587e+04
8.669608582161739469e+04
-5.775037542391288298e+04
-9.889872807555046165e+04
-5.637215404533458059e+04
2.042967648129124427e+03
-4.218717444592223910e+04
9.456125061134912539e+04
3.963980008580669528e+04
4.350186436424541171e+04
6.292804002908067196e+04
-6.359938844824688567e+04
2.126272726396030339e+04
8.358687969139212510e+04
-5.360316112275507476e+04
8.124218327034308459e+04
2.322800169227154402e+04
-3.657122302061109076e+04
7.117908571154129459e+04
-3.705556389973585465e+04
-1.589246622181679413e+04
-5.029673378456880164e+04
-4.113021798949834192e+03
-3.044995659454821725e+04
-3.497833342222773354e+04
1.229858933474984951e+04
9.716674291737881140e+04
7.860774754686836968e+04
-6.187070051457759109e+04
-1.821685855035965506e+04
-9.655936731719505042e+04
-1.852748407763509022e+04
3.350170800527205574e+04
-1.183768690074284677e+04
-9.555998081721659401e+04
-6.255649025522667216e+04
-1.295498506585399446e+04
-5.040019610718584590e+04
-7.483597800539653690e+04
-3.143353953216894297e+04
5.576053562450114987e+04
-1.239219292201261851e+03
-7.907788141175190685e+04
9.433555254735020571e+04
-8.777895263252708537e+04
-6.234599354925738589e+04
-6.127406152793566434e+04
-5.575659926961502788e+04
-1.288564380096481182e+04
1.971307393572846195e+03
3.253783238942656317e+04
7.642650794569990830e+04
1.919112489238216949e+04
-7.787566564974910580e+04
6.427717490278664627e+04
-2.291662173953407910e+04
-9.612338848030671943e+04
-9.149300489105709130e+04
8.529562452972205938e+04
6.074574113345224760e+04
-4.713707306467513990e+04
-6.744108470232516993e+03
1.515090563847591693e+04
-1.596592445890247473e+04
-3.735043129409980611e+04
-4.444773656653304351e+04
5.130602990116665023e+04
3.005707019042008324e+04
-2.362178208851537784e+04
-7.141414828000220587e+04
-6.355377723364486155e+04
-1.725255360296451545e+04
3.553720396445534425e+04
-4.442301920856977085e+04
5.207430035252892412e+04
-1.463557107377806096e+04
-3.755778841992778325e+04
9.892585590634855907e+04
-5.941611034670814843e+04
9.972140329192468198e+04
-1.746400749813434959e+04
7.774204108044126770e+04
4.567804307012280333e+04
-1.546335851419846585e+04
4.448410504261107417e+04
-2.996895796592195984e+04
1.214714593717789103e+04
-2.450100696678453824e+04
4.700042199507629266e+04
2.985729019752761815e+02
3.584387633437311160e+04
-4.100510842215994489e+04
-5.853881460073231574e+04
8.070081360997370211e+04
5.254496417706608190e+04
4.932119793066626880e+04
-8.101165590043072007e+04
-2.035361015265453898e+04
2.728441672315711912e+04
9.292970978089750861e+04
3.067991601639505825e+04
-5.547385722911459743e+04
-3.060318427473588963e+04
-8.202337271838035667e+04
9.385536622592664207e+04
-7.718128479582740692e+04
-7.987192437138073728e+04
-8.478680754068701935e+04
9.863022794817760587e+04
4.507565687048246036e+04
4.663853521044645458e+04
3.423410209553490859e+04
-3.013798339869873598e+04
3.946517049040013808e+04
-9.515650216158811236e+04
4.701405398995050928e+04
8.065502204312922549e+04
5.521216450215250370e+04
3.971244004740318633e+04
2.629686748645183980e+04
-2.396894725998090871e+04
-7.249326098111273313e+04
6.881481045339297270e+04
6.389834234087637742e+04
3.735618142022675602e+04
