-1.224996343136425276e+04
4.256330802911506180e+04
4.281191022378270281e+04
7.524597537989940611e+04
-7.676026860615726946e+03
-6.554354156343589420e+04
3.793184564960532589e+04
5.026285945652389637e+04
7.651437774466235714e+04
-7.482568267221638234e+04
-3.419382429837945529e+04
2.122022591705305967e+04
-8.304652996549756790e+04
-2.955158757591672475e+04
-8.044579413929226575e+04
-5.224896367846937937e+04
-4.313836463309302781e+04
1.647214036656149619e+04
-3.271900365610387598e+04
-9.818178323915312649e+04
2.535500492612093876e+04
-3.991192905477688328e+04
4.203445854792101454e+04
-6.552263366375129408e+04
-5.355390309891510697e+04
8.466819138012547046e+04
-7.214859670233479119e+04
-5.610006741945775866e+04
5.749667515535208076e+04
6.789052985518228525e+03
-4.847594880225220550e+04
-8.788110810690200015e+04
8.278239986321968900e+04
-3.723809821968802862e+04
-2.587263103237966061e+04
-5.988419620438654965e+04
9.951407406770477246e+04
3.267824071874364017e+04
1.256833209697606435e+04
5.262815031195046322e+04
7.341341247506532818e+04
1.148855212576612394e+04
1.166896045349526867e+04
2.544738454505280970e+04
4.575438114884434617e+04
-6.324944594530549512e+04
2.917135920385557256e+04
8.233681512579339324e+04
2.245720756260322742e+04
-1.878019601243242141e+04
5.164201999900583905e+04
6.493452357590005704e+03
1.414104673731604817e+04
7.267328425011424406e+04
3.237409099558743765e+04
4.080469290859070315e+04
-7.065196809397909965e+04
-1.879849329080474854e+04
8.275919209056851105e+04
8.449427924270891526e+04
9.863964105382710113e+04
-3.061145138989526095e+04
9.846966634190990590e+03
9.610982021239220921e+04
4.853590964517957764e+04
6.991061439147028432e+04
-7.708533084062744456e+04
-7.104490988182151341e+04
7.383084374338990892e+04
-8.888577058412744373e+04
-8.580885896960597165e+03
6.259312056107522221e+04
-7.417201857057999587e+04
8.870534352028196736e+04
8.694713451874064049e+04
-5.659489547142983065e+04
6.198013307183866709e+04
3.482377337362227991e+04
6.093006630038096773e+04
4.041935472649412077e+03
1.313416001898095965e+04
-9.865750794766885519e+04
4.806922726865896402e+04
-4.052794569830939145e+04
-3.975875642556295588e+03
9.747804608440802258e+04
-7.042263780657025927e+04
-9.670421569383497626e+03
9.524237643094698797e+03
-6.614727771367724927e+04
8.049145568519357766e+04
5.898285109395501058e+04
7.140510493517915893e+04
8.644932752493864973e+04
-7.247258395603892859e+04
7.702822653860693390e+04
-8.777029601902952709e+04
9.170583754495886387e+04
3.653465736831487447e+04
-8.787940943535334372e+04
9.778123735517055320e+04
8.457601587182559888e+04
1.292086228044730160e+04
6.177188991921104753e+04
5.109975846092399297e+04
-6.989615945815801388e+04
-3.854579367337503936e+04
-1.615488568162917909e+04
8.420133038481762924e+04
-7.663470931160623149e+04
8.207552647214004537e+04
8.739453242728907207e+04
-5.142838210651745612e+04
-2.147011752377850280e+04
6.903335813209696789e+04
-2.379348475932480505e+04
7.287891354534045968e+04
3.878770075827335677e+04
-6.408782292359141138e+03
5.024966699948087626e+04
4.065604349183353042e+04
1.852584696651776903e+04
2.863315741080076987e+04
9.533432931241476035e+04
9.827247035997563216e+04
8.427090918128447083e+04
-4.440103054557887663e+04
2.619872007861444581e+04
6.437323063567256031e+04
3.865379044841824361e+04
7.977784491365918257e+03
-7.161323252829560079e+04
-7.098070189138258866e+04
-7.117098740767406525e+03
8.159678251772707154e+04
-7.495651363699712419e+03
-7.993261199180339645e+03
5.412493379611839191e+04
-7.491939705888762546e+04
3.557285564731327031e+04
-1.750281035781456012e+04
-2.349437420148749152e+04
7.368704222979322367e+04
-1.012291946676901898e+04
8.708304815030971076e+04
8.792945596945798025e+04
-4.172376687589219364e+04
-2.285775555384171457e+04
7.074689492971163418e+04
8.288457147870586778e+04
-9.190093902865466953e+04
6.566938669995967939e+04
4.464687669192182511e+04
4.907571682323813548e+03
1.862385595119878417e+04
3.032794463092142541e+04
8.422098957090644399e+04
-1.114952945008831375e+04
7.264070307322093868e+04
3.222004107247997672e+04
7.476731407045379456e+04
6.581882813694131619e+04
-5.265685364503936580e+04
4.412749958893186704e+04
9.339242594377338537e+04
3.741671377037979255e+03
3.025308474131871480e+04
-7.203879567195093841e+03
-8.968072521597323066e+04
-9.629312697677989490e+04
3.444422899531541771e+04
-2.203114219712307749e+04
-1.628537468684548548e+04
8.469564173925913929e+04
-8.481576864201214630e+04
9.023109658055266482e+04
-2.402423175804536731e+04
3.261850135490372850e+04
5.695459182924627385e+04
5.809799446454938152e+04
2.711656138595739685e+04
7.570504098994245578e+04
3.852854447936516226e+04
4.716098672216098203e+04
-5.707855744425699231e+04
-5.034961398400452163e+04
-7.886391388940067554e+04
8.193254169543631724e+04
6.348380689546692884e+04
5.081837997856926813e+04
-7.455544838658619847e+04
-4.673293951723551436e+04
2.009005490252956588e+04
-2.673475735549039746e+04
7.216781179011339555e+04
2.290199468384371721e+04
7.305955508867899880e+03
-1.876012991952782613e+03
5.974271111867521540e+04
-7.949685966552980244e+04
-9.909775209214814822e+04
3.771225253641596646e+04
-8.829171000797662418e+04
-2.272617659387176900e+04
6.315110198678328015e+04
-3.007621748259309970e+04
2.771222575100400354e+04
2.740127052662461210e+04
4.627059532265507005e+04
2.091106750372951865e+04
-8.797578910464138607e+04
2.053159488128557496e+04
2.436503981142127668e+04
-6.087352339172134816e+04
6.094008965093830921e+04
4.054047153213046113e+04
-1.650692040883507798e+04
9.923228844199299056e+04
8.148860357570312044e+04
-1.457267972431847375e+04
5.749212160308704915e+04
5.087664843662891508e+04
-3.732413070550811244e+04
8.758015762652004196e+04
8.780443261850405543e+04
-2.294546931565034902e+04
-2.584574544327230979e+04
4.553633412412247708e+04
2.338632338925988006e+04
6.646116913054590987e+04
-7.375326355071576836e+04
-6.498656316866866109e+04
-2.508377061843559204e+04
9.425424281210842310e+03
6.242811737786437334e+03
-9.944118163378500321e+04
-4.525581076773314999e+04
-2.955827848727223000e+02
9.464951554202029365e+04
2.048114758325870207e+04
9.316294516829348868e+04
-8.148212679394740553e+04
-2.685354766785880929e+04
-7.641554366508322346e+03
3.180851969766725961e+04
9.674960844685318079e+03
1.981275190954542632e+04
-2.692191666549108413e+04
-1.256812877351335374e+04
1.029922707440102386e+03
-1.455658347240147123e+04
5.417678196602684329e+04
5.951043541408697592e+02
8.871749389092490674e+03
5.854084886944997561e+04
4.442955557207637321e+04
3.049575372844487356e+04
9.837286143232605536e+04
-8.558496371402339719e+04
-2.743390110680869111e+04
8.971753443320401129e+04
-1.380547137613150880e+04
4.212557424936200550e+04
1.567988552892818188e+04
8.748779467157891486e+04
