1.456981672151452813e+03
-4.787473665146767416e+03
2.561622435345355825e+03
6.137854031634325656e+04
1.768477826361560801e+04
7.849942628297860210e+04
-2.496105681032718348e+04
-2.284422178346332657e+04
-7.549060346181798377e+04
4.267712339903144311e+04
9.939598039970648824e+04
-8.211672342506526911e+04
-2.152604972876409010e+04
6.758857580562225485e+04
-7.907564218971943774e+04
2.475164566231710342e+04
-7.196786274393468921e+04
9.349418003952200525e+04
6.970270199532594415e+04
8.509416054848890053e+04
-5.944243243346421514e+04
-7.741671684726703097e+04
-8.002415430130247842e+04
-7.955691568322385137e+04
9.058184836891839223e+04
-2.400173529475700707e+04
-5.352946622737254802e+04
2.321342881593275160e+04
-7.920181783637646004e+04
-4.211170502783036500e+04
8.092576503601191507e+04
-2.446321836967646959e+04
4.609397186941334803e+04
-4.100274194481604354e+04
-5.083523147428030643e+04
1.591469248608403859e+03
5.970654864422937681e+04
-9.615288132951683656e+04
-6.670858521104777174e+04
1.892767925247294625e+04
3.941097290112925839e+04
-8.420070036784636613e+04
5.773223596689125407e+04
-3.391122145462532353e+04
2.256318289447930511e+04
-1.988284993471299094e+04
9.779390620313913678e+04
-3.902001439244794710e+03
-3.224579550086260497e+04
3.604470306726151563e+01
-3.545464032305371347e+03
8.392688466594512283e+04
-7.679566807959647849e+04
-3.148385081896774500e+04
2.040758092345982004e+04
-5.021717480808957043e+04
-9.361364505931537133e+04
2.157796682292837068e+04
4.341127948293647205e+04
-6.470308328618343694e+03
4.508433600756186934e+03
-9.350422529144934379e+04
7.477800744039611891e+04
-4.621723081839499355e+04
-7.395818788517710345e+04
5.736912121749385551e+04
-3.172542683642950578e+04
-8.511383402545868012e+04
-4.035412496814310543e+03
8.266319355269541848e+04
-4.240524733414889852e+03
1.266265092687510514e+04
-1.387563361323832396e+04
-4.324089116450837537e+03
7.088255925682933594e+04
-5.355980219288449734e+04
-6.353590560646828089e+04
-2.949016225908621345e+04
4.661923156028407539e+04
2.096516788276217630e+04
1.066759300229789915e+04
-5.039394964443189383e+04
-9.319070867509074742e+04
-8.436828559142333688e+04
-7.801094263486462296e+04
6.044061737867008196e+04
-4.118806886419739021e+04
9.017069800634859712e+04
-6.955387091398712073e+04
-5.988988441806762421e+04
1.794724288744809019e+04
-7.264593412369896214e+03
-6.387262479973382142e+04
-9.500831036342695006e+04
-9.640154250415817660e+04
4.398265972708515619e+04
3.311810274651540385e+04
8.068528041369412676e+04
2.841964409026624708e+03
8.510570422916907410e+04
4.080554629567787924e+04
-9.966762031678794301e+04
2.916647716201451112e+04
-4.515954556465154383e+03
4.618614372412546072e+04
-9.408143448474461911e+04
-5.473367540295612707e+04
6.566913156720700499e+04
4.168459314432583778e+04
4.825804727151336556e+04
8.343448437270705472e+04
-6.175619869205248688e+04
4.889125405396271526e+04
-6.711601379420475860e+04
6.827207112202153075e+04
4.050586514920502668e+04
-2.969804322200843671e+04
-7.514176035121442692e+04
-9.263138471785593720e+04
-7.004876187378703617e+04
3.292738674010406976e+04
-4.556991470739441866e+03
-5.778585507793480792e+04
-8.586862254742876394e+04
-8.410484648628789000e+04
-9.265036424998796429e+04
-2.104285524882184291e+03
-3.026002474325002186e+04
-6.499564913229742524e+04
-2.806669483504467644e+04
9.340353820079831348e+04
9.855403306093881838e+04
8.327912253298267024e+04
1.128261547509839147e+04
-7.806149125577899395e+04
4.962325430836364103e+04
-9.410524873942138220e+04
-4.230120026296151991e+03
-3.496397291784751724e+04
4.689332933207277529e+04
8.360404013690019201e+04
7.610300836077684653e+04
6.985076662704320916e+04
2.054052538456116235e+04
-6.363716215935722175e+03
-7.713633003845659550e+04
2.205920271485087505e+04
1.545575677923358489e+04
-3.707123466996255593e+04
5.954297734806904191e+04
-5.266762262230185297e+04
-6.965282120608584955e+04
-3.924867229986222083e+04
5.326352436792996741e+04
4.310108738221645035e+04
9.090076606642243860e+04
-1.744390833296291748e+04
1.721755885548898732e+04
4.063944783717143582e+04
6.592141058335629350e+04
-3.175336531388260119e+04
7.674357564933160029e+04
1.385034403264954562e+04
-2.014312275971966301e+04
7.593784085257427068e+04
8.642582278243397013e+04
-7.586695319494506111e+04
-9.989520310185299604e+04
-2.079111551384995983e+04
-6.771938336483217427e+04
5.844908826493960805e+04
-8.193198689274005301e+04
8.039136713817485725e+04
4.827325005776852777e+04
7.311961649482665234e+04
9.003519622425349371e+04
1.334531644119178236e+04
4.740929298937051499e+04
2.711049489495968737e+04
-7.694143640362650331e+04
8.444356188919358829e+04
-4.320861798831692431e+04
-2.344932132092877509e+04
5.026381718334437028e+04
8.971785879349836614e+04
9.706229283313115593e+04
-9.863404443282567081e+04
-7.978917864222385106e+04
3.026305622236082854e+04
1.616826546556572794e+04
5.254457604092590918e+04
8.775596847477099800e+04
1.170402261354628172e+04
-8.525066324903698114e+04
-3.169608438706197921e+04
-8.021797402375955426e+04
2.654887876904118821e+04
4.962690230235050694e+04
6.711934427323745331e+04
5.783995657525621209e+04
4.747519128761536558e+04
4.581122167232139873e+03
-9.554958725488804339e+04
-8.863183373702852987e+04
-7.440330808549586800e+04
2.802976081808044182e+04
-9.677662314951335429e+04
6.718359391302401491e+04
2.259835506640361928e+04
-8.649601429756221478e+04
-5.866621305823492003e+04
-1.974799260331550613e+04
4.225537034756314097e+04
7.947019215194883873e+04
1.659402143176352911e+04
-2.854685109665760683e+04
-4.493957827630890824e+04
-9.059420965944405179e+04
2.640685733372221148e+04
4.123817127990964946e+04
-1.248594548327898156e+04
5.105228597142859144e+03
-2.125754082432155337e+04
6.856735014041564136e+04
-7.513802493764327664e+04
-1.177237881635477788e+04
-7.076110834307721234e+04
-9.867165561185544357e+04
-8.736271492267948634e+04
-4.288134716137620126e+04
-6.511135587401599332e+04
6.235517691232584912e+04
6.073720740009045403e+04
7.983610423769746558e+04
-9.168038972914987244e+04
3.011907511742527640e+04
9.216664332104050845e+04
9.328294883580383612e+04
-5.851970069462015090e+03
6.707030043507026858e+04
3.922056322333485150e+04
-5.354102792788214174e+03
1.162553247104030743e+04
-4.562441045327279426e+04
6.820855151772037789e+04
-7.228589191598989419e+04
9.838038953117364144e+04
9.224943068869838316e+04
8.057472275727194210e+04
6.233641916766738723e+04
-9.519923084841750097e+03
5.619590646611058764e+04
7.556442251516545366e+04
9.155516684794565663e+04
-3.125640330682312538e+02
-5.819491054233664181e+04
1.981016473495823448e+04
6.743912276811728952e+04
6.716158038251793187e+03
4.236988934272991173e+04
-1.716362614865472642e+04
5.646881782522523281e+04
7.437731679127340612e+03
6.367938483270403958e+04
-6.243789620856635884e+04
