-3.869926603345859621e+04
-1.100439148955245764e+04
-4.158750140605935303e+04
-5.765737434927822324e+04
-2.615422278032431677e+03
3.522607012905050215e+04
5.496869334607338533e+04
-3.747904646785220393e+04
-4.515753303559453343e+04
-2.020197051762861520e+04
2.148033354206337754e+04
-9.040856680836455780e+04
-9.645390065368590876e+04
-2.016451213521405589e+04
9.637061716540636553e+04
-7.009957718376342382e+04
9.690477137523805141e+04
-9.999832263909895846e+04
-4.819727247420864296e+04
-9.494527448211955198e+04
5.616374862207552360e+04
1.597524799890987015e+04
7.401893440192013259e+03
-5.323296888468414545e+04
7.312676402537386457e+04
2.910212220786913895e+04
9.403073465556972951e+04
-9.292870693400007440e+04
4.861092235125337902e+04
-3.945282790061669948e+04
6.912347540246265999e+04
3.059431350637894138e+04
1.437744405170431673e+04
-4.422041311204352678e+04
-9.071446766073091567e+03
-5.547182366034821462e+04
7.127634603485029947e+04
-9.285381791169746430e+04
-1.799626328961155014e+04
-5.119658648493680812e+04
-9.910286886040141326e+03
-5.485177883234746696e+04
-8.457155900570048834e+04
-2.356144684676594625e+04
8.067531032401797711e+04
-5.053883555564025301e+04
-3.758197324776579535e+03
-1.165147977667505802e+04
-5.692848131160409685e+04
-6.124999456922342506e+04
-4.677546646814626729e+04
7.626546878193700104e+04
-6.829282171335241583e+04
9.439553878804274427e+04
-1.847832335290239644e+04
-5.867609491444098967e+04
4.282174359174142592e+04
-2.160212775156453063e+04
-3.861827088875750633e+04
9.546847796964320878e+04
1.702624969818136742e+04
-6.500861470603368070e+04
-6.054877707614808605e+04
7.651148239919255138e+04
-4.496985221148315031e+04
3.403171590577182360e+04
5.728856754824534437e+04
7.909308718045269779e+04
6.655190431388569414e+04
-5.919153413714551425e+04
3.214945168801517502e+04
7.122027831654896727e+04
-1.707766978070103505e+04
4.540843782536070648e+04
-4.825401605288346036e+04
-9.302697630807384849e+04
3.625484498875262943e+04
-7.691070467143555288e+04
-9.419630272447649986e+03
4.964575746725009230e+04
-7.583143771046219626e+04
-8.413022433454937709e+04
-6.250917787709659024e+04
-2.880160836462487623e+03
9.237748723242455162e+04
6.240683169922423986e+04
9.010108785725622147e+04
8.318860588359035319e+04
2.896811426731503161e+04
3.055879733767568177e+04
-6.288477938203426311e+04
8.308213594305016159e+03
-3.407371423008597048e+04
-4.552197465596927941e+04
5.172703266934678686e+04
5.685713484813308241e+03
7.337508222196459246e+04
8.447705132797885744e+04
-4.060796221553006762e+04
2.799784975199194741e+04
9.095629710447930847e+04
2.139061281511745619e+04
7.107430333022898412e+04
4.447299816823709989e+04
-7.910564333385659847e+04
1.735994051004329958e+04
8.879129154846689198e+04
-8.457330456100691663e+03
8.706982503545552026e+04
7.390899958404075005e+04
-1.089426461102171743e+04
-6.579768566124109202e+04
8.364147536320336803e+04
-3.577437423554280394e+04
7.502419991506480437e+04
7.477580759120476432e+04
-9.649834631294212886e+04
3.772369595018193650e+04
3.204283783354312982e+04
-5.653348651976059773e+04
-3.627147674957849085e+04
4.082464875225061405e+04
9.161933914259888115e+04
-9.514380928968083754e+04
2.911896450404985080e+04
-8.901177989550452912e+04
-4.524590309144883940e+04
5.446876187772493722e+04
-9.534384012590265775e+04
5.539620886631579197e+04
-8.104509805704493192e+04
-4.096155242506031937e+04
4.364146226358365675e+04
-5.619590607959497720e+04
5.260316023584231152e+04
-4.799183604460975039e+04
6.000061654222823563e+04
-8.181456157574192912e+04
8.969936578082847700e+04
9.922144068953352689e+04
3.481233863149059471e+04
8.210394730101303139e+03
6.665720404460246755e+03
-5.331518633401741681e+04
8.621504670815616555e+04
-1.668351075343341654e+04
-1.367715976621371919e+04
-1.354368921150767346e+04
1.690397168605325714e+04
-8.938332532710331725e+04
4.269731698083540687e+04
-4.787152693799453846e+04
6.235718048469145742e+02
-7.233136271212818974e+04
-8.939936494017839141e+04
-5.861930954101598763e+04
3.999995739859821697e+03
5.217106666511426010e+04
1.422362669045602343e+04
-5.555102119772984588e+04
3.325467716003548503e+03
-3.830019341877174884e+04
9.782244087054298143e+04
-4.866950107062060124e+04
-1.882335764088245014e+03
2.384380200660732953e+04
-9.291373187264066655e+04
4.165638263074332644e+04
7.456081095191001077e+04
2.138765815953327547e+04
2.323418754047760012e+04
-2.311699368148891153e+04
3.883748165698978846e+04
-7.068525103471303737e+03
3.601271733111558569e+04
-9.965134081301574770e+04
9.965284922905087296e+04
-9.476930465309182182e+04
-5.084952310614805356e+03
2.237450247026640136e+04
-7.289956625436477771e+04
-7.259232570458789996e+04
-3.726894903475487081e+04
-6.251007915132407106e+03
-1.427900488026240964e+04
-7.238963658519927412e+04
6.366164343894013291e+04
-5.306795717840349425e+03
-5.368611143544572769e+03
-7.077055959913143306e+04
-9.338572983052064956e+04
6.586035197829235403e+04
-6.789352206437672430e+04
-6.194146797301655170e+04
8.331793436026871495e+04
-4.983478347435600153e+04
1.402030427401764973e+04
-8.981758893448901654e+04
-4.697956499083833478e+04
-5.721411610437130730e+04
-7.526936018442988825e+03
-4.591243064569418948e+02
6.801004101168966736e+04
-2.434714718629641084e+03
6.844473569564854188e+03
-6.860965995535672118e+04
1.977811310082943965e+04
8.409345639319821203e+04
-1.077897557817667075e+04
-9.044332314720601426e+04
-4.368821427890456835e+04
7.758030978789899382e+04
8.893822920601213991e+04
6.808018356631264032e+04
1.655536531950651988e+04
2.048083522544064181e+04
3.645483748810603720e+04
-9.905739383415483462e+04
2.813659772484949281e+04
2.455897797406303289e+04
-2.291896055523699033e+04
9.582888150050814147e+04
-7.852202542960997380e+04
1.619919882207517185e+04
7.232858118488127366e+04
8.999471935236059653e+04
1.156126836576057030e+04
-1.230402489598851025e+04
-1.897217295662389006e+04
-5.643295406862201344e+04
-5.482238471682168165e+04
-3.455042288486709003e+04
-2.247471865289485140e+04
3.342094239331343852e+04
-9.957884286601457279e+04
-7.655236930315020436e+04
-4.664220536434129463e+04
-7.665647888512641657e+04
4.104210961638297158e+04
-4.476980695452425425e+04
-3.273650694552985897e+03
-1.514299895058496622e+04
4.890353168457803986e+04
-3.175988435160956578e+04
1.398317277498404474e+04
-7.407786043706978671e+04
8.974258951764821541e+04
1.845533395818051531e+03
7.413475027987768408e+04
-9.089877867551016971e+04
-2.170667643140862128e+04
6.201692591210758837e+04
-5.088424547993896704e+04
-2.991689743309081314e+04
4.968581352244423761e+04
-2.625996663175815411e+04
-3.315010117639554664e+04
-2.683125347776203125e+04
-2.116273747495728458e+04
-2.091639091821924012e+04
1.034649090850639368e+04
5.299302166960603063e+04
4.235945971690357510e+03
7.010700405636479263e+04
-3.798785478073813283e+04
