9.476923137057812710e+03
-9.029160311892163008e+04
-7.420935512273880886e+04
9.041206276709550002e+04
2.369602682293671023e+04
3.197633691112252200e+04
-8.378872861201551859e+04
6.620285695448543993e+04
-3.237771965305455160e+04
-8.517204257607224281e+04
-6.639863857254080358e+04
6.937630105297280534e+04
7.653490061220202188e+04
-5.199927341324351437e+04
3.379147300563508179e+04
1.711357142414693953e+04
-7.559731082448158122e+04
-6.736501867993008636e+04
4.325450130952661857e+04
-4.614749640900871600e+04
4.851271134766941941e+03
-9.130499382709279598e+04
1.948089729625592008e+04
-5.231007663790559309e+04
-9.381988565783145896e+04
-5.813007811051124736e+04
-4.231737004434909613e+04
8.874280027881097340e+04
-9.373602145591453882e+04
-6.373411269651652401e+04
7.963452219004095241e+04
3.186584692745543725e+04
3.612628095892105648e+03
2.094124165150268527e+04
-4.345992079092299537e+04
1.841677212598170809e+04
3.453812819380653673e+04
6.960630234641692368e+04
9.657466870693766396e+04
-4.150268747520126635e+04
-8.845889600315399002e+04
4.354997275377815822e+04
-7.693675333321675134e+04
2.932696015854505094e+04
-5.536927826511261810e+04
-5.625098635083826957e+04
4.713224952715795371e+04
-3.353401046640017739e+04
-7.606212460067872598e+04
4.694090941706037847e+04
4.053722205815121561e+04
5.619632567724897672e+04
-2.873164135287596582e+04
6.699125953645155823e+04
-3.173960398140910911e+04
-2.039098087487627708e+04
-4.441765859433303376e+03
6.951893450917248265e+04
9.819953387094489881e+04
2.954987166150097255e+04
2.149629168854902309e+04
-1.535216658614761036e+04
1.359209937061180062e+04
-3.265998788382564817e+04
-8.864214575104861069e+03
-2.130610329206085953e+04
5.272228373792258208e+04
2.073162942816626673e+04
7.439299309593261569e+04
-7.116921475643507438e+04
-7.152467922625833307e+04
4.476179725438299647e+04
-5.747407287641253060e+04
5.759953028077112685e+04
-6.520556378321631200e+04
-3.489427728404790832e+04
-9.527565453974621778e+04
2.399713228377276755e+04
1.422909530166534751e+04
-2.640060803742858116e+04
8.060333194288780214e+04
-1.810683093115845622e+04
-1.473047472416192704e+03
-1.983797160497177174e+04
4.850952135376290971e+04
-4.704577312443911796e+04
-3.490695683895015009e+03
2.208263741201042649e+04
5.425517196310430882e+04
6.820465245368171600e+04
-5.273065117099716736e+04
5.109245890250246885e+04
8.622745929117134074e+04
8.289431669131963281e+04
6.375460022755838872e+04
-7.097976630390256469e+04
-1.150386974854813889e+04
-9.541996027310440695e+03
1.004148177035995650e+04
-2.102750539356658237e+02
-7.179071560830580711e+04
7.995768520565425570e+04
-3.413090696845735511e+04
-1.701101227501163066e+03
-1.757188420083659003e+04
-5.842251593618610059e+04
8.758743396459869109e+04
-5.448934043085297390e+02
1.835577871822671659e+04
4.607083145824648818e+04
-8.229208503615866357e+04
-1.563328636623944476e+04
9.925768494455830660e+04
4.638268360604134068e+04
-2.113892286532965227e+04
-8.655556499724385503e+04
-5.861313687661995573e+03
6.761011577961452713e+04
9.253143598536981153e+04
2.470680037571190405e+04
-6.028578129299220018e+04
7.187578530723530093e+03
3.471466640510961588e+04
7.721313797541673694e+02
-8.035357828502758639e+04
-6.557409399413890787e+04
9.287462708140451286e+04
3.746117820297742583e+04
-1.856488171549037361e+04
4.749780211021957075e+04
-8.540048679168135277e+04
9.323057324405120744e+04
-8.510640154033904764e+03
-2.631947147313494497e+04
-3.859238141145056579e+04
-3.377627947350356408e+04
4.621078814961928583e+04
-5.678591251923235541e+04
-4.640094824483434058e+04
-2.970968787903768316e+03
3.329754854506041011e+04
1.319616961836894188e+04
2.160300706692449967e+04
-8.345036486332595814e+04
-4.496957352334033931e+04
-4.525543950852062699e+04
6.757901707111585711e+04
9.258130555337544138e+03
2.322483890649952082e+04
7.022332106562041736e+04
7.166679888759015012e+04
2.337964376442030698e+04
9.821957120211256552e+04
-4.944332344758934050e+04
-4.704753071076452034e+04
8.238819485409982735e+04
8.312967370068623859e+04
5.786845727650218032e+04
3.549720896015821199e+04
8.381245063777564792e+04
-6.806294245252282417e+04
-9.806037476919240362e+03
5.046967066623158462e+04
1.626652051301450592e+04
-2.199012109271026202e+04
-9.348241960742938682e+04
-9.560132363852126582e+04
-3.078712594841135797e+02
-6.145406917357950442e+04
-9.849423932042349406e+03
7.482820496854469820e+04
1.748029059539875743e+04
-9.488068349250275060e+04
-5.289103703433833289e+04
-8.126591048807404877e+04
-7.358114743466160144e+04
8.593478704078804003e+04
-5.943237748766866571e+04
4.860427120557182934e+04
1.376053600145798737e+04
2.762107912891228989e+04
3.254508004751531917e+04
-6.526503067150694551e+04
-4.304153880198967818e+04
8.139761946961139620e+04
3.099640256063685592e+04
-3.513414670532963646e+04
2.073230607303585202e+04
-6.885410132455377607e+04
-8.025354889129681396e+04
-3.444285760088171082e+04
5.815724035718272353e+04
4.332093162060100440e+04
-7.472286397238681093e+04
9.390233140476282642e+03
4.208766332020011760e+04
5.625390897618464805e+04
-2.527010441314695709e+04
4.378521099029488687e+04
-8.271689224349922733e+04
-5.150013657802087255e+04
6.444326167804282886e+04
7.138023632805832312e+04
-1.975213776011713708e+04
2.626736340752479919e+03
-6.590400504262172035e+04
6.429287852315479540e+04
-8.118731685894765542e+04
-3.869222680941617000e+04
8.087233735981331847e+04
-1.816015637613278886e+04
8.852726446089493402e+04
3.174347195333258060e+04
1.240546584208678178e+04
-9.591544785429873446e+04
1.062890114409888702e+04
-3.629359322534161038e+04
6.442741847830525512e+04
5.539107647048153740e+04
5.937965050761318707e+04
-6.994449086542706937e+04
1.616197930023614026e+04
8.413927092111417733e+04
6.604867790086158493e+04
-9.315083233717795520e+04
-4.993145985061371903e+03
5.511377729923402512e+04
-9.367573055728308100e+04
-5.403953696721095184e+04
4.446195437090381893e+04
-5.170374164331940119e+04
4.881382933893660811e+04
-5.554287713466259447e+04
-8.087025174209501711e+04
-5.900434852557607883e+03
-6.129775141384320887e+04
3.208902837291112519e+04
-9.396221860612362798e+04
2.477027233076838820e+04
-5.598018417398328165e+04
-9.616809418415864639e+04
-3.263867191236699728e+04
-8.484235626122515532e+04
9.697318626172056247e+04
7.326315459884324810e+03
-5.518283604313390242e+04
8.640073902085513691e+04
-1.984736794443853432e+04
1.715923624671025391e+04
1.692575168974345797e+04
5.147978838326277582e+03
-5.516305916214954050e+04
2.815450316821082743e+04
-1.761012703066305767e+04
9.992276123283221750e+03
8.088287067230841785e+03
1.406278592769617899e+04
4.778867321513472416e+04
-8.769041152781699202e+04
4.200624859365778684e+04
1.384775837925474480e+04
3.331977310867268534e+04
6.319833270901029027e+04
8.571136848364396428e+04
-3.683975590800612554e+04
