-5.683859592773903387e+03
-3.333075210390135180e+04
-6.404807274199157109e+04
8.723865462319205108e+04
9.144713742792737321e+04
-2.918474456310849291e+03
-2.825871523851410075e+03
7.972300956312102790e+04
-6.788067759663442848e+04
6.847670532947863103e+04
-5.599472873774373875e+04
-5.335763080688130867e+04
5.667887120984798821e+04
3.812407228274110821e+04
8.624180036929545167e+04
9.013574668031677720e+04
-5.809458254203030083e+04
7.191792089870841301e+04
-5.179036493234357476e+04
-5.481285447647080582e+04
-9.635228931145108072e+04
4.609032208217022708e+04
-2.792100912445642098e+04
4.853535125840914407e+04
-3.405602430317108519e+04
6.367087032866225491e+04
3.639285370867566235e+04
-6.901623207727607223e+04
3.351637962509075442e+04
7.739452045219516731e+04
-1.254157637445069849e+04
-7.210355746682849713e+04
7.358363720310652570e+04
7.804495674238840002e+04
3.267118935826987581e+04
-7.691185582416066609e+04
-5.490699660652759121e+03
-4.860363673695693433e+04
6.968412700734083774e+04
9.823711485453570276e+03
-5.065032333192636543e+03
1.402721715286423932e+04
-8.471817799547975301e+04
-4.390943886526602728e+04
2.606993881312968369e+04
1.654409400578363420e+04
5.022956608263214548e+03
8.177006631853105500e+04
-4.377930709276859852e+04
7.888055327663793287e+04
5.868999878051474661e+04
-4.653716323274230490e+03
3.260799722663010471e+04
-2.310345321326440899e+04
-9.820750050985960115e+04
9.308149899124371586e+04
-8.937002998281539476e+04
8.302927088646373886e+04
-1.571590901407345700e+04
-1.118830689291882663e+04
-3.607221897637591610e+03
7.365742999776190845e+04
9.964050388905206637e+04
4.229924460781218659e+04
7.463680277332972037e+04
5.756261349587401492e+04
2.965010611759587846e+04
5.713912380011900677e+04
4.205771848459423381e+03
-3.461474286882258457e+04
-4.542351245942203968e+04
-9.901779011807509232e+04
9.875828227039995909e+03
6.140868544185938663e+04
-5.163645789415953914e+04
-3.316566532984081277e+04
-4.985646755843762548e+03
5.114760567355046805e+04
8.068178946706952411e+04
-2.508687063378593666e+04
-3.417582988220032712e+04
-5.288789915434439172e+04
8.064970431546587497e+04
1.716078277718703976e+04
-7.937956710619908699e+04
8.930430626464134548e+04
8.606416550310884486e+04
-6.918728740868436580e+04
9.746035587117874456e+03
-1.588635824156958006e+04
-4.510955836030229693e+04
8.172239490505245340e+04
7.726704224769628490e+04
-6.847065176446449186e+04
4.820539187403786491e+04
-3.654967863208064500e+02
-5.126861157126092621e+03
2.604662271139910808e+04
-8.159804389003936376e+04
2.246398453877156044e+03
-9.730990943895134842e+04
6.814432391767865738e+03
-5.760337097918392101e+04
-7.530490459543613542e+04
-6.295243891748118040e+04
-7.274006829066970386e+04
-8.047378693418073817e+04
3.363599363231433381e+04
-5.506727896043477085e+04
3.215414589203314608e+04
-8.591696653788059484e+04
6.541241777503884805e+04
7.870906901247623318e+04
-1.769713777775059862e+04
-9.823126595901290420e+04
4.728203248415209964e+04
7.555614605904924974e+04
-4.108605761925377010e+04
-6.167194383627500792e+04
-2.356516068510880359e+04
5.443549858598610626e+03
-6.984308184210221953e+03
-2.037307299756107022e+04
5.799471927736200450e+04
2.276173707496682982e+04
8.031693041419063229e+04
8.988541053766690311e+03
9.891582774074275221e+04
-5.534001366655518359e+04
-2.294347668841798804e+04
-5.864629749184056709e+04
9.488117408823099686e+04
-8.615094443051702910e+03
3.941265411793118983e+04
-9.232998454363181372e+04
-1.866377786353662304e+04
3.072265814955037513e+03
9.337442478561276221e+04
2.042057111875371993e+04
5.501667391617075737e+03
2.237507087200255410e+04
1.997320326103976913e+04
9.752868952535802691e+02
-9.023742185443788185e+04
8.561967964117911470e+04
4.105406278339094570e+04
6.267831420811876160e+04
3.206044510590555365e+04
8.429492683477677929e+04
8.124763577818781778e+04
4.861332287514680502e+04
6.215669954430878715e+04
-9.381220461508071458e+04
-6.588365095356577513e+03
4.752630236193053133e+04
7.827851207648545096e+04
9.800255238344083409e+03
-2.699151531269011684e+04
5.324501542570629681e+04
-4.437487024707411911e+04
6.049969317259768286e+04
8.462379590971808648e+04
-1.658714724623731672e+04
1.120434282417069153e+04
7.421058833880747261e+04
-8.849073406536351831e+04
3.817546017168806429e+04
8.262065446570097993e+04
5.583369933780777501e+04
-6.591733290284256509e+04
-9.684153094586536463e+04
2.236808105101492401e+04
-7.647347007203474641e+04
-9.263930409284072812e+04
2.697709693748433347e+04
-2.848321636765196308e+04
3.541403481812364043e+04
-6.686029746957957286e+03
4.123996162158474908e+04
-5.091831221448562428e+04
-1.039949465469791539e+04
4.829212011034859461e+04
-8.837215766073699342e+04
-9.801412330292101615e+03
-5.321127169792651694e+04
-8.562941454996769608e+04
7.327297174739681941e+04
6.702902039134786173e+04
4.937282412235214724e+04
6.332913433777178579e+04
5.419209869278834958e+04
9.531973783819618984e+04
9.449328467657284637e+04
-4.486258667904608046e+02
6.449942905017309386e+03
-2.486218696797848315e+04
-2.701356576764160127e+04
-2.543269010822403288e+04
8.841898502561538771e+04
-3.454453864584150870e+04
7.103832235938843223e+04
-9.774700465759457438e+04
6.591084793935345078e+04
4.323773975644919847e+04
-2.747343641220896097e+04
6.544529303781137423e+04
4.579516097549958795e+04
-9.651077052212011768e+04
4.432935089136428360e+03
6.580460427553077170e+04
8.105247688579025271e+04
-2.155465721309148284e+04
5.796055816879549093e+04
2.008082371805588264e+04
6.019626578795741079e+04
1.098006556287471903e+04
6.552843172748461075e+04
6.275731925412860437e+04
-9.421314813085940841e+04
-9.396774272685124015e+04
-1.760349268348425176e+04
-3.023152608072191288e+04
6.102784093620655767e+04
-9.234384684121493774e+04
2.634012207022219809e+04
-6.603669603068341530e+03
5.997232191510681878e+04
6.051284164350489300e+04
7.433302073387781275e+04
8.527592648297979031e+04
8.010346566757916298e+04
5.094620199290321580e+03
2.663761068140907810e+04
8.546684683842724189e+04
-4.485036455522808296e+02
9.358338698805094464e+04
1.311820914278105738e+04
6.105848874202663865e+04
3.136798840580753676e+04
2.371209891012137450e+04
-4.825991155317461380e+04
1.399101717945034761e+04
-1.302790280943611288e+04
-4.581240231478220812e+04
4.881776409079615405e+04
-5.778256165701246937e+04
9.218503965332775260e+04
2.715634344105779383e+04
-2.466134783793171664e+04
9.291061634722669260e+04
-1.135967231278895451e+04
4.547043398841318412e+04
3.808185415709232984e+03
-3.381494333099840878e+04
-8.674683651260889019e+04
-1.019696450546699634e+04
-4.862529953981278231e+04
-4.219036370949189586e+04
4.376104422706605692e+04
7.595900442082011432e+04
-5.393060780510209588e+04
-1.788143463269892163e+04
-2.516189105583410128e+04
-2.893485955099780404e+04
-6.382915109839831302e+02
