9.804181732265057508e+04
6.081220146851299796e+04
4.799400023111389601e+03
8.755179269999201642e+04
-6.510412804310920910e+04
4.677591555814043386e+04
3.813289813245643745e+04
2.284997997256707458e+04
1.768617729578523722e+04
-7.027246459045197116e+04
8.461960921096149832e+04
-2.372083611248148372e+04
-5.456520738695556065e+04
-2.870248709376112674e+04
-8.175570287096170068e+04
4.344441772698634304e+04
-5.306627043064540339e+04
1.131490486790883006e+04
-6.230042877367742767e+04
6.226480694590680650e+04
-3.169677216526681150e+04
-9.002629126633887063e+04
-7.983488879885227652e+04
-3.778035881357328617e+04
-9.600728358151175780e+04
3.831590786165770260e+04
-6.550426977242212160e+04
-9.041875224141340004e+04
-2.344088812832719123e+04
-3.444895289650415361e+04
-9.773993817151666735e+04
-1.592164458245734568e+04
-4.586595701115281554e+04
-7.510939110948015878e+04
-9.547309639496717136e+04
4.091639425571970060e+04
-3.322580992829959723e+04
4.090562103709630901e+04
-5.682560036299569038e+04
-8.009849805215527886e+04
-7.814027216227602912e+04
-5.798400641505110252e+04
-1.762382809025968891e+04
1.597642856559784559e+04
1.739115940399022656e+04
-2.129183088706558920e+03
-3.602372779277693917e+04
-2.019771825425559655e+04
7.814817907525147893e+04
-1.364571483267022995e+04
7.603005784859103733e+04
7.377347668964450713e+04
7.987237834618080524e+04
-5.952806434588885168e+03
-1.332657024795371399e+04
1.805646057636808837e+04
-1.624664534745337733e+04
-5.207020086489790992e+04
1.124567067020862305e+04
-4.155473288708600012e+04
-1.915294714037030644e+04
-1.966116630729411554e+04
-7.531116516553812835e+04
-2.790334894384989457e+04
6.465873851191601716e+04
4.590799264759110520e+04
3.786479341747658327e+04
6.790513240292869159e+04
-9.851098285358883732e+04
-6.350411712383574923e+03
4.033084712119642063e+04
7.155239079742829199e+04
9.081132140613213414e+04
3.031475447753432672e+04
4.648900523423714912e+04
-3.658787812056629627e+04
-6.967408368247722683e+04
-5.388370895525869128e+04
6.355600605038911453e+04
3.819155653693558997e+04
5.192188628858613083e+04
-9.946218153715453809e+03
-8.191447637621342437e+03
6.766390451623749686e+04
-3.349789627583125548e+04
9.803829075982805807e+04
3.421038129432423739e+04
9.679735909996845294e+04
-6.141148487483787176e+04
9.869442895722619141e+04
9.623819039386828081e+04
9.655127466491694213e+04
8.937164622004516423e+04
1.274730011984059820e+04
-9.574323892604711000e+04
-2.060457605457447062e+04
-7.422743374067381956e+04
7.255949688744021114e+04
6.960556149417356937e+04
9.753015388163307216e+04
9.124208097751930472e+04
-3.227804524515855883e+04
-8.872793768837739481e+04
-3.439710903885342123e+04
8.832354956204496557e+04
-1.708429951782648277e+04
1.687510859305299527e+04
4.671777614836994326e+04
7.329388793870364316e+04
-3.307312793584608880e+04
-7.809548620282462798e+04
8.966572194103509537e+04
-3.184869740949771949e+04
-6.711653931264094717e+04
1.510927551889434108e+04
3.526332948312905501e+03
-5.171607202280838828e+04
3.492759100774690160e+04
-6.692962323165938142e+04
2.514803359888945124e+03
5.073622629540602793e+04
1.792168065940964152e+04
-7.612181095065776026e+04
-8.366148650351841934e+04
1.555066484794399003e+03
6.227606776731621358e+04
9.211263044265779899e+04
-6.752533810008250293e+04
-1.151666906891015242e+04
-5.017236555159527779e+04
-3.489714052918231027e+04
2.750669592178132734e+04
-8.789169311147986446e+04
-5.369445602008669084e+04
-2.578289375854367972e+04
4.570007670767878881e+04
5.303849737505477970e+04
-8.585675336124487512e+04
-1.618175174219114706e+04
5.071822383158086450e+04
-9.330584597906694398e+04
-6.310276957905591553e+04
8.111317877470160602e+04
-2.336531392424854857e+04
8.296327447873825440e+04
-5.677853835011672345e+03
7.642207811955167563e+04
-8.824111095484549878e+03
-2.668764355683175381e+04
2.891107828855936532e+03
8.664292240956175374e+04
-5.056614793572072085e+04
-6.864311580284811498e+04
-9.893932739688278525e+04
3.911756711868877755e+04
-8.275170138135991874e+04
-7.110693607854613219e+03
8.540042006123097963e+04
4.018645489214584813e+03
5.240745810900803190e+04
-1.864783738629784784e+04
-1.151833653601277911e+04
6.958750128887864412e+04
4.941604790292214602e+04
-8.991987117172195576e+04
3.707834523792660912e+04
3.743989267240525805e+04
-6.424937174347331893e+04
-2.480702956872357754e+04
5.943339694757599500e+04
-1.237451015925372485e+04
6.014103982393560000e+04
6.063722346453097998e+04
8.387310448869044194e+04
-2.219335081959892705e+04
-2.941506180944881635e+03
-7.882726829479307344e+04
3.545076123387349071e+04
2.140290931585557701e+04
-1.070238541598583106e+04
1.162677323303298908e+04
6.166007699179110932e+04
7.332675384723080788e+04
8.590562602831836557e+03
-4.435545997076667845e+03
2.569953835295508907e+04
7.018588409808493452e+04
2.072777205001330003e+04
5.181220948054458131e+04
-5.009656280655659066e+04
7.900007557124993764e+04
2.780002612391994626e+04
-8.331037980205209169e+04
-1.458865934488095809e+04
-9.834903787490504328e+03
3.361917868609697325e+04
-6.613958629562403075e+04
7.177633500824114890e+04
6.614368718811927829e+04
-2.870054906664867303e+04
-2.440611976754265197e+04
-2.837594490232865792e+04
8.122842768219063873e+04
-6.869986861082352698e+04
9.841146526476531290e+04
-2.574830352426861646e+04
9.037557145236650831e+04
-2.247511257033687434e+04
4.754055035151692573e+04
-8.679960014859653893e+04
-7.448836705158292898e+04
-5.117850195062008424e+04
5.020499267542720190e+04
2.588410743371176068e+04
5.802736888455622829e+04
1.720779951387568144e+04
9.138744983619239065e+04
7.082186003829192487e+04
-1.510525939341104822e+04
-7.463044220492421300e+04
-1.230237206286672154e+04
-3.427734601624570496e+04
-9.297550041397810855e+04
-7.393340939151715429e+04
9.748667559239384718e+04
8.803979970706367749e+04
-7.197617147228254180e+04
2.024606379807747726e+04
-4.973125821718145016e+04
2.762824603337745066e+04
-5.491620640312091564e+04
9.756607797847618349e+04
1.446435500822246831e+04
-6.712528844408660370e+04
3.003450790955103002e+02
-6.890163714435489965e+03
8.503105133899438079e+04
-3.007297597869216406e+04
-2.627655254811324994e+03
-5.434888955803072167e+04
8.573819704772299156e+04
-9.454452272636146517e+03
9.797073227368874359e+04
1.788439362370205345e+03
8.024241559492683155e+04
-4.371282076406599663e+04
7.641618560446167248e+04
3.030781826855377585e+04
-3.124061874321453797e+04
-6.777715630535867240e+04
-8.662555384817160666e+04
-4.758401372984060436e+04
2.374835685028036823e+04
2.648931149772737990e+04
4.018472162547041080e+04
7.661303807535770466e+04
2.365307794299727539e+04
9.651773135569383157e+02
7.366242976517748320e+04
-6.380951809321258042e+04
4.761006340749881929e+04
-2.281365091245915391e+04
-6.405707456557742989e+04
-8.533211047886690358e+04
-7.158479862225727993e+04
