-4.081923797249233030e+04
-9.408465120786704938e+04
9.372678809821821051e+04
-5.587855880597030773e+04
6.364735946005458391e+04
-6.432907785277390212e+04
-9.110626838314303313e+04
5.446286325577736716e+04
-1.811803248623186300e+04
-6.765583999918481277e+04
6.963581954938040872e+04
-5.052160068399110605e+04
2.222462667404498643e+04
2.050855803617422862e+04
7.194477865513559664e+04
9.015588265532118385e+04
9.806263058519279002e+04
4.056482225640055549e+04
-7.905663555867964169e+04
-2.709802573367111108e+04
8.704273438950726995e+04
6.223242506572352431e+04
5.617488479311451374e+04
-9.641779314655508642e+03
8.199915182561318215e+04
6.867105815636104671e+04
-5.045793549488553253e+03
-7.259799634908222652e+04
-1.480786943142342534e+04
8.219441818401943601e+04
5.387719894021214714e+04
2.849891890135343056e+04
-5.234319481994622765e+04
-2.050474872149762814e+04
7.892404822783509735e+04
4.260183974662143737e+04
4.399317690529146057e+04
-9.766341630830659415e+04
-4.377756234466462774e+04
-8.684274646645449684e+04
4.090921226029254467e+04
6.471336969741546636e+04
5.917576037600966811e+04
-3.692623819312902197e+04
-6.853430842027461040e+04
-7.887567956490720098e+04
-8.900030535021895776e+04
-5.764442305109054723e+04
-4.562802804869908141e+04
-1.285080867336103256e+04
-4.897888470648338262e+04
-5.375615284670162509e+03
6.088834504283854585e+03
4.318422448526873632e+04
1.699895660942078757e+04
3.075774376952979219e+04
2.684196786620265266e+04
-1.002306677701687840e+04
-5.615862540790276398e+04
-4.638829423635292915e+04
5.605275008895812061e+04
6.700218168582153157e+04
-1.066489478750085073e+04
-5.508606778917142947e+04
-3.307484755857341224e+04
-9.772194769387951237e+04
-1.152477986296344716e+04
7.199745548733975738e+04
8.409943468434497481e+04
-8.254379744453374587e+04
1.452692579518824459e+04
1.747085395798055833e+04
-7.030738656516387709e+04
8.166480160604130651e+04
4.777314041110200196e+04
2.100269240083719342e+04
-9.858650102233095095e+04
8.396735054684746137e+04
-7.703641789726533170e+04
9.551717335799183638e+04
9.221286801314436889e+04
6.920600695289589930e+04
-1.775308317333456216e+04
-5.222026777479544398e+04
1.953665681539856450e+04
-5.886149426742489595e+04
-3.833180507765769289e+04
6.019752274771720113e+04
-8.582386263922640865e+03
-9.507851357454361278e+04
-9.763854586998283048e+04
2.059534917248336569e+04
-4.741012930782071635e+04
-9.493901454761163041e+04
-9.142129571534135903e+04
5.435323269959422760e+04
2.536309063746717220e+04
1.236734336129302937e+04
5.091220281302755029e+04
-2.763536839387627333e+04
-8.236160758350080869e+04
3.682200151017230382e+04
5.664348530073472830e+03
-6.075822359369842889e+04
-1.581544399285900363e+04
9.218279296012526902e+04
8.428355695530794037e+04
1.533662086774945055e+04
5.906630824577738531e+04
-1.864384309022036541e+04
6.786094168025294493e+04
5.378594692192794173e+04
-6.797853716358623933e+04
-6.326965967478420498e+04
-6.661876625391848211e+04
7.378252148675774515e+04
-6.793615037760070118e+04
8.777866433791619784e+04
-4.867629949986794963e+04
-7.710860698234732263e+04
-3.446000920986861274e+03
-1.308789890093467147e+04
-7.475001685793105571e+04
-2.333383708033710718e+04
4.822186122033464198e+04
-7.349300085405382561e+04
5.702940816186970187e+04
-4.101204839440794603e+04
-9.943286275550574646e+04
1.359304712261615714e+04
-3.991793193327613699e+04
-8.843622017664190207e+04
-9.545285356541794317e+04
-5.535928085612161522e+04
-9.919180137160330196e+04
-2.035934104541917623e+04
-7.046504875268682372e+04
1.039172445707444786e+04
7.782781594701758877e+04
4.822377099678372906e+04
8.240111853304367105e+04
5.524078678521381516e+04
8.507425062208742020e+04
-4.943158175529585424e+04
-1.195894563711683986e+03
7.636145527351670353e+03
5.002700686438286357e+04
-8.471283414849711698e+04
-9.490740492166765034e+04
2.735618908673681290e+03
3.923369717141200090e+04
-4.296090680833165243e+04
2.401908984782577681e+04
-6.404813195424200967e+04
6.120296280015334196e+04
-8.562515110789918981e+04
-6.994608853367395932e+04
7.603372713147920149e+04
-3.726692592101518676e+04
4.646642058365072444e+04
7.686121015743991848e+03
-3.613913922312960494e+04
2.894250527061268258e+03
-4.376755768533480295e+04
-9.032952198156798841e+04
-5.842446111691121041e+04
-1.759064646605198141e+04
4.407846672571390081e+04
-8.083349372706130089e+04
-6.753689728000720788e+04
4.148968546740617603e+04
7.274382255486777285e+04
7.237445867444797477e+04
3.189152517945385989e+04
9.112154568683108664e+04
3.698795938203689730e+04
2.566381781552006214e+04
-6.029507618518630625e+04
4.357325441820195556e+04
3.024911869548027971e+04
6.382567541456944309e+04
-6.910015002080061822e+04
-5.968967875835007726e+04
3.506425032851650030e+04
-8.904433729678876989e+04
-3.525863385092053068e+04
-6.611156406919877918e+04
-3.237775297832210708e+04
1.449221022796493526e+04
-8.186024980184690503e+04
-4.614479577404617885e+04
6.932128243110937183e+04
-7.240881571915341192e+04
4.596572843605201342e+04
-6.138709100404670608e+04
9.842748936518735718e+04
-4.344659802962681715e+04
6.330056859244317457e+04
1.689392850677492243e+04
5.048830758029495337e+04
-6.945569938221816847e+04
-3.071220024873570583e+04
9.002147304738374078e+04
1.945655396402995029e+04
-1.204710958099916024e+04
4.013116404435908771e+04
-6.275995954534045450e+04
9.426064123256421590e+04
7.413360502031975193e+04
1.549722755464761576e+04
1.777648260445977212e+04
-8.787182195947898435e+04
4.829611976984821922e+03
7.609096189771070203e+04
8.931775903323825332e+04
-3.834631018013643188e+04
8.502750856324983033e+03
1.089733233366826971e+04
7.911076956708403304e+04
-5.791170552708083051e+03
4.839290684753379537e+03
7.016724852440551331e+04
8.127585219943300763e+04
-5.012169926673221926e+04
-9.960345092215867771e+04
1.407535303307544200e+04
-9.442871660208559479e+04
5.824187239164833591e+04
-1.710147458076953626e+04
-5.047969952064886456e+04
-1.180525608746809303e+04
1.827812296719844016e+04
2.224269263677099661e+04
5.911148175072313461e+04
8.045053263491277175e+04
-1.755873357093145614e+03
4.724148764698898049e+03
5.043999578459685836e+03
3.840740020497817750e+04
1.156958065997386711e+03
-2.438726142149898078e+04
4.780972146409300331e+04
3.022432453544422606e+04
4.101682862063921493e+04
-1.900369739618403401e+04
2.557678502427412604e+04
-4.870669138129107159e+04
-7.680785052766883746e+04
-9.683057609796454199e+04
2.970428922463595518e+04
-9.008069655621971833e+03
-3.486503400331090234e+04
4.049940039198015438e+04
-7.727065605054110347e+04
-3.998311633198930213e+04
5.990504108174188877e+04
6.223803266230143345e+04
-5.129871360090393136e+04
9.219826920616891584e+04
-9.206234198893791472e+04
7.287193003249418689e+04
4.597553646250440943e+04
-1.001364085224288465e+04
-3.439918408253649250e+04
5.375310378983261216e+03
