-3.698969677749693074e+04
-3.090293339745757112e+04
4.863551305857670377e+04
-5.729492307443875325e+04
4.085407384851947427e+04
-7.410668792146470514e+04
3.465986266319878632e+04
8.322940193665731931e+04
4.432147745566241792e+04
-9.168988568351138383e+03
-6.073754838464473141e+04
-4.077471254395777214e+04
-2.976355262464508996e+03
6.598733201639636536e+04
3.848460624031204497e+04
8.176273234532948118e+04
-9.698473154756921576e+04
4.667885312017399701e+04
-1.591994013873374206e+04
2.207421225701121148e+04
-8.025704917765790015e+03
9.666089554358835449e+04
5.100532694270202774e+04
2.821351181405376701e+04
-5.392218462705200363e+04
-3.307880336417378567e+04
9.060495939653133973e+04
-6.164283211605663382e+04
-7.634166727102204459e+04
-4.284740935070343403e+04
-6.819435688185718027e+04
-6.889709462299422012e+04
8.190777730855383561e+04
-7.640945445684890728e+04
-5.196333088086976204e+03
3.615141718061635038e+04
2.580769601311939186e+04
5.896586763560897089e+04
-3.565755701706800755e+04
3.823223025456859614e+04
-4.379465692968860094e+04
4.496196896175263100e+04
9.128734415587881813e+04
-1.265936653757853492e+04
5.052183428696711781e+04
-8.114435924525538576e+04
8.812123406691840501e+03
-2.856688528511492768e+04
3.748871515536124934e+04
9.806531155059326557e+04
-2.189137660317981499e+03
-5.777881527199655102e+04
-5.047980205888667115e+04
6.128235455589383491e+03
3.306177459959060070e+04
-6.667049186987496796e+04
-9.299575974463160674e+04
-9.809858131896061241e+04
-9.156783198771998286e+03
1.338586033499134646e+04
1.278452862124003877e+04
6.028815877256926615e+04
6.322951750465430086e+04
-3.225769727661460638e+04
4.603646268652047729e+04
7.706467170339063159e+04
9.740836754491960164e+03
2.756008768870626227e+04
2.501635501315475267e+04
-7.483009689484216506e+04
-8.221707229317698511e+04
5.988357068346758024e+04
2.929349473823225708e+04
1.306133202782145236e+04
-3.494813137192818249e+04
3.280707774521803367e+04
-7.958617109001876088e+03
1.406581422178527282e+04
4.763045606832977501e+04
-6.853028069149536896e+04
-6.142682275361230859e+04
-2.360738550739717903e+04
9.008738775067136157e+04
8.218330508872313658e+04
-5.829416516018206312e+04
-2.108388466768791841e+04
-3.145162185488273099e+04
2.592124405159239541e+04
-9.976927428707202489e+04
5.323523959071171703e+04
5.643197888813726604e+04
3.297697271717755939e+04
8.392765299982539727e+04
-7.677348864268913167e+04
-4.454002342938681250e+04
6.150797284086496802e+04
-2.309136371691939712e+04
5.409645572485410958e+04
-6.206922710014332552e+02
6.720077931966533652e+04
5.822483817864843877e+04
-5.830192768332548440e+03
2.350464248848130228e+04
2.287651627765593003e+04
5.489156068520931876e+04
-6.035741602674657770e+04
5.021883036765342695e+03
9.265697225061271456e+04
-1.645823356405520462e+04
1.778286271623268840e+04
-2.978277795865925145e+04
5.545743249645561446e+04
-7.414002010748577595e+04
3.959564238248855690e+04
-1.473363711113255704e+04
-7.379910110418387922e+04
3.148221380865902756e+04
1.521322411385843589e+04
7.559473867525308742e+04
7.633408834371773992e+04
-4.779914030376841401e+04
2.933279075585011742e+04
-9.446889152656513033e+02
1.704914053614872682e+04
4.743335536122316262e+04
-4.224164885279899318e+04
6.221211734994218568e+04
-9.165209748071656213e+04
4.655979933839288424e+04
-7.264951861414997256e+04
-6.910746667269276804e+04
9.683543739008379634e+04
-8.067165146660190658e+04
-8.519052523733144335e+04
-7.882834453058820509e+04
1.755905475268408190e+04
2.299502308682334842e+04
4.935749014193098992e+04
7.801120233153901063e+04
-4.212673200907768478e+04
-2.510867645446697134e+04
8.559994304512511007e+03
6.003413896943855798e+04
-4.722892341982025391e+04
9.516198359748075018e+04
3.215198223254905315e+03
9.921169424473890103e+03
-8.197541367017314769e+03
5.324053872490159119e+04
-4.546833511247270508e+03
8.963195051608339418e+04
-5.443633944063803938e+04
-8.684086450387607329e+03
-7.241391722435646807e+04
-6.719841000528738368e+04
-3.799499723840222578e+04
9.161953542566378019e+04
-1.701471988751692697e+04
9.399355288084442145e+04
3.707450026754866121e+04
-9.425420018296863418e+03
5.007727643032764900e+04
9.101258077306865016e+04
-2.788434430096484721e+04
-2.736241442321865179e+04
-2.192991282976581715e+04
-1.464518583891946764e+04
-3.857583825040369265e+04
6.628559733948175563e+03
1.043976943478976318e+04
-9.013044074951183575e+04
6.914835435241679079e+03
-3.144709309406665852e+03
8.627853219239655300e+04
9.638495488713195664e+04
-2.276392210988074658e+04
-1.431862245931757207e+04
6.089916464369869209e+04
-4.879603302097319829e+04
8.243820513062080136e+04
7.985509682111261645e+04
3.816709444568381878e+04
-5.048631290026033093e+04
-8.168321910462960659e+04
3.677049536319030449e+04
-9.228856116905712406e+04
6.019166667803347809e+04
1.943773278036119882e+04
-5.998318299057212425e+04
7.855762485217922949e+04
8.623086501957423752e+04
-5.976210762606890785e+04
6.153695944490883267e+04
-4.109664970139091020e+04
-9.477660286457985057e+04
8.307297191571810981e+04
6.718053606846451294e+04
1.854686857595558104e+04
-3.417404927714919904e+04
-2.440338028997734364e+04
4.899191136706250836e+04
6.926197511076257797e+04
-7.259168248858569132e+04
-6.882838064367522020e+04
-4.869180285760459083e+04
8.239726028358621988e+04
-4.029806993521847471e+04
8.292919078264466953e+04
-8.206638956640090328e+04
8.234959460500522982e+04
-5.973781378973573010e+04
6.922437681410086225e+04
-9.310105913902528118e+04
4.022131361881838529e+04
-1.775542267186372192e+04
1.643004178006114671e+03
5.006095403703855118e+04
-7.096083188552198408e+04
4.118133376064675394e+04
-6.321687731066818378e+04
-8.231449792824860197e+02
9.854667034203946241e+04
-9.623863678484305274e+04
2.813224134910821158e+04
-3.747239073713297694e+04
-3.629967128136626707e+04
-3.696737044686160516e+04
-6.870211727771897858e+04
-5.655843953071615397e+04
-4.850568885260135721e+04
-9.399481992254609941e+04
1.860407224020514695e+04
8.523752394846006064e+04
-6.321815249006991507e+03
2.837564430598373292e+03
3.650418245201889658e+04
-4.731443142396622716e+04
-5.784749299329348287e+04
1.973391200871363981e+04
9.412443619931759895e+04
-6.941945167626884358e+04
1.232084333596534270e+04
8.593517299893483869e+04
-4.496375566594002157e+04
5.007190587327946560e+04
-5.051394178951069625e+04
-9.082441201594338054e+03
-8.896088744407068589e+04
-2.616073877391799761e+04
1.335340411786045297e+04
2.805549331664691272e+04
-5.304909064687512728e+04
-8.726126184830850980e+04
-5.197609576392947929e+03
3.426111792540221359e+03
9.579931170987428050e+04
9.354288026452172198e+04
-2.243535289460356580e+04
-6.718903081065087463e+03
-1.153843499764135049e+04
-3.161563977704274294e+04
-9.233121830210353073e+04
-8.758863829135319975e+04
4.302967033348811674e+04
2.719914979603384563e+04
