9.810166699373310257e+04
7.075361658377412823e+04
6.322708683826619381e+04
2.101112737855934756e+04
5.261930239958197490e+03
-5.147149153291796210e+03
-7.110837626040762188e+03
-2.492424721915736154e+04
2.485345515853177494e+04
-4.100859590587038110e+04
2.274894369654743059e+04
-7.319010427005829115e+04
-3.981518290388054447e+04
-6.579675571740367741e+04
6.848589668614245602e+04
5.329103496166058562e+01
-6.765067473872513801e+04
-6.374895747022746946e+04
8.165285332574242784e+04
5.156833534660091391e+04
4.564939962935436051e+04
6.140856106937335426e+03
7.729454845570644829e+04
-8.306133646973774012e+04
9.876146462133615569e+04
5.783349919349346601e+04
4.072588119216314954e+04
7.273438401579114725e+04
-1.933268833000027007e+04
8.164387201969051966e+04
-6.464492323553733149e+04
4.361561254626723530e+04
2.966053064001173698e+04
-6.372201068478228262e+04
-8.383122711832143250e+04
2.160736065456571669e+04
-5.253099098626599880e+04
-5.631334070876841724e+04
7.441620511478534900e+04
-7.713862930131498433e+04
-1.281707327485500900e+04
8.470167630119995738e+04
6.817954083574110700e+04
3.200838671667274684e+04
-9.654803416461600864e+04
1.651716692193142444e+04
-9.492741707305697491e+04
6.914776441021078790e+04
7.004354610236130247e+04
-6.122916392819203793e+03
5.021750293726598466e+04
-4.736379355552837660e+04
2.171905930944858119e+04
6.865399476575377048e+04
4.795757839852075995e+04
2.338375088170420713e+04
-2.179709892942723673e+04
5.891781076232000487e+04
8.706539989615703234e+03
1.181308517909105103e+04
7.036258708581146493e+04
6.773319616184095503e+04
-1.925315269882512803e+04
-2.667795931205240049e+04
-7.662030521318453248e+04
4.080196951934674871e+04
1.337321089719873817e+04
9.350683486057636037e+04
2.551632140435310794e+04
4.943844528378621908e+04
-4.114935486501216656e+04
1.224806627704254970e+04
9.007093448322771292e+04
-1.437232314445181510e+04
-4.830309189022522332e+04
-6.992679302314045344e+02
1.301095845859577275e+04
6.438226906683367997e+04
-1.447517529426357760e+04
-1.691529541379508009e+04
-3.497171382357402035e+04
7.220367580895112769e+04
6.152327021523305302e+04
5.481945115830600116e+04
7.171477450967532059e+04
-2.752323277504590442e+04
1.113890048588766331e+04
4.952074143028831168e+04
9.746729169125840417e+04
-6.400200334414888857e+03
-1.796782045812320575e+04
9.901489572303960449e+04
-9.484594716450980923e+04
-1.861160045270826595e+04
1.130297001662922230e+04
-8.329500639385459363e+04
5.886228677560983488e+04
-6.994545198546104075e+04
3.796567343601651373e+04
6.238343705747210333e+04
5.924823348119045113e+04
2.541788417170693720e+03
1.958070728431516545e+04
-4.254450610757363756e+04
-1.942501422328681292e+04
-6.088988031163383857e+04
7.175487634416809306e+04
-6.346907251069414633e+04
6.673292434937198414e+04
6.365241046107339935e+04
-3.880810451938020560e+04
-5.436553141563148529e+04
6.566369991252172622e+04
3.731089260246095364e+04
2.237130371748689868e+04
-2.705558019847793912e+04
5.122579561893091159e+04
-5.067166339873796460e+03
9.536520453808031743e+04
-5.042604715915442648e+04
4.289410335298211430e+04
8.762419951688655419e+04
-2.206552487692472278e+04
-5.066038555479064598e+03
3.038211380484425899e+04
2.434375460240655229e+04
-4.567277931212160183e+04
2.926406538623654706e+04
-1.875778675102950365e+04
1.969602301938343589e+04
-5.103180340415314276e+04
1.033182000056291145e+04
-7.700554301262476656e+04
5.033074168863381055e+04
6.390470889482126950e+04
-7.614020369027354172e+04
-9.207089250399403682e+04
-7.929612442437325080e+04
3.812824087762411364e+04
-1.707758723677500029e+03
8.474169741605660238e+04
-7.180448262539433199e+04
-4.844503237390192226e+04
2.553712071084757190e+04
-9.292174534311631578e+04
5.744633794702576415e+04
-4.315877964574457292e+04
-4.710897322350853938e+04
-1.265304094689988415e+04
9.945126727725245291e+04
-2.404873660057979578e+04
9.823369636946538230e+04
5.855135776271980285e+04
-3.434790760172374576e+04
3.617125024902199948e+04
-2.147936244505613649e+04
-4.808832687174774765e+04
2.363672348616127420e+04
-6.472105246933884337e+04
-8.548160502882879518e+04
4.864489222534296277e+04
8.606584913850856537e+04
-9.054485736274132796e+04
7.507518944255771930e+04
-8.673970466061811021e+04
5.948190759762212838e+04
-5.292325925371990161e+04
-4.510991296312728082e+03
2.280871100654547263e+03
-1.993577839173783650e+04
6.712803362128615845e+04
8.783472451109746180e+04
-9.578367394550811150e+04
6.747462272968348407e+04
1.864764755578534505e+03
7.500711174213475897e+04
-4.123213438748323097e+04
6.503364826273116341e+04
7.737039049149586936e+04
-5.455676584950568213e+04
-4.050652740465583338e+04
-9.818280394124583108e+04
-9.788147253978592926e+04
6.471437793518936815e+04
4.972590130364019569e+04
-3.045205206059382181e+04
4.698051018074173044e+04
-9.998199554444287787e+04
3.830193421832934837e+04
-4.790642473362896271e+04
2.965863822866598275e+04
3.333829850350250490e+04
3.693520510090780590e+04
-8.550032842947788595e+04
9.908441263360167795e+04
-3.312178806088140118e+04
6.036474530301347113e+04
2.246987534890924508e+04
7.629861409010121133e+04
6.752472722157697717e+04
2.967260505146678770e+04
-5.485649331938764954e+04
-8.981302465586489416e+04
2.738195100438064037e+04
-4.457036735592076730e+04
-1.388135719055911250e+04
1.900831045428948346e+04
3.004906959586612356e+04
-8.787578391494334210e+04
4.197766225786821451e+04
8.432112232067927835e+04
-1.221811827114355037e+04
-8.277832667445979314e+04
5.569024385192855334e+03
-8.966580328192292654e+04
-6.922187461615240318e+04
3.767320794769836357e+04
6.088578159735287045e+04
-4.416238599868459278e+04
-4.409674828697777411e+04
-2.661678083368587977e+04
5.073213957789412962e+04
6.319467518154049321e+04
2.024909247420892643e+04
2.446635865399726754e+04
2.056710697826026080e+04
-8.216887978679579101e+04
4.643609235255441490e+03
2.852898709190687441e+04
4.963243618776861695e+04
7.652084455874739797e+04
-2.641227524693030864e+04
2.429234479488807847e+04
-9.321842189966753358e+04
-3.959309445622348721e+04
-1.577500260957122009e+04
-4.886649226869741688e+04
1.467863858164197882e+04
8.853733648455553339e+04
-7.120003688356404018e+04
8.849449812828072754e+04
6.636097776350134518e+04
-5.921274804186230176e+04
-6.016900934194080037e+04
9.161484797826258728e+03
5.358730374942429626e+04
2.752690505384932112e+04
7.637959630696897511e+04
8.977689969677894260e+04
-5.843014778246741480e+04
-5.300396870202334685e+04
-2.790763015336087847e+03
6.189975001902652730e+04
-4.638742414946302597e+04
-7.804636026390988263e+04
-5.807348320023702399e+04
3.813430616432680836e+03
4.729470871199142857e+04
9.104422913175160647e+04
-6.807681303772705724e+04
-4.652340986851590424e+04
-2.703805967740365759e+03
-4.790862760474593961e+04
3.347446561721358012e+04
-2.604374170654464979e+04
