7.060493508504988858e+04
8.642155467876236071e+04
7.868624741084492416e+04
-7.721759441793958831e+04
2.694683657262893394e+04
-5.553108783227238746e+04
-1.517553178013277648e+04
-6.016554898778718780e+03
-4.983584135451308975e+04
-6.049086757933088666e+04
6.645848662286129547e+04
-6.814855409263660840e+04
-9.952837731642121798e+04
-2.185340919241672964e+03
-3.033727855318419461e+04
3.124465235653589480e+04
9.562993975110384054e+04
3.370948670144943753e+04
1.354351430515185348e+04
8.143272213406642550e+03
9.276705536283060792e+04
8.750340360474467161e+03
-5.612242472159660974e+04
-3.643007835346943466e+02
5.493435626936797053e+04
-7.145136726283672033e+04
7.732374859299868695e+04
2.736621557285728341e+04
-1.749144881119755155e+04
3.480220264559806674e+04
6.712981383672406082e+04
2.493192782083946804e+04
-3.104368294466934458e+04
-7.219785669269549544e+03
8.519437048012769083e+03
7.906629971897287760e+04
-4.597071722489218519e+04
9.948353758464258863e+04
-3.231669906858736067e+04
2.515328175349591766e+04
-7.409928906992862176e+04
-5.855987993493903195e+04
-3.013897266132228833e+04
-4.693928202146824333e+03
5.143643413958250312e+04
-5.579586593666057161e+04
6.917725996805744944e+04
9.115198869804202695e+04
-2.443194570525757445e+04
1.383887120880222938e+04
-4.002097807632759213e+03
9.190103324545719079e+04
9.514695714614499593e+04
-8.429117497491961694e+04
-8.658530557490477804e+03
1.656524329521336767e+04
9.074601869707540027e+04
-3.385234147895593196e+03
-4.713870795884571271e+04
7.390386007954666275e+04
9.769084005941409850e+04
1.236889100629389577e+04
-2.960199725596024655e+04
-2.289299937336231233e+04
3.128259869004186476e+04
-4.076108912490761577e+04
8.911034990137675777e+04
-2.731354175975473481e+04
-7.944460418788553216e+04
-7.249235039475119265e+04
-8.270485586630267790e+03
4.087651170462532900e+04
6.410237895759913954e+03
7.517996529377996922e+03
-8.064461735011346173e+04
-3.665100190995689627e+04
-5.237735151054905145e+03
1.932552733592329605e+04
5.537971173725620611e+04
6.758584830713240081e+04
-9.612913782933747279e+04
1.155073769074528536e+04
-3.536712952081004914e+04
-8.706240070261473011e+04
4.630451748911032337e+04
-7.454830596039383090e+04
7.255880073207561509e+03
2.523969537751268945e+03
-4.042385046278218215e+04
-5.197596400456152332e+04
7.067554608695695060e+04
-1.155776856527608470e+04
6.691907644303684356e+04
-5.095644334960254491e+04
2.853957994777311978e+04
3.324768864827710786e+04
-4.445158721393849555e+04
9.937499938083926099e+04
5.299916204778192332e+04
-8.001850046493447735e+03
-3.705077193097095005e+03
-5.196720073145133210e+04
1.709804294020886300e+04
4.698395185005135136e+04
1.595336026446142932e+04
8.983863764278995222e+04
7.375104841907141963e+04
-7.028438594794190431e+04
2.819099143064377131e+03
7.020887080293902545e+04
7.669824194592417916e+04
9.929300347110355506e+04
2.626955981994343165e+04
4.496050251659180503e+02
-7.265831709870000486e+04
-7.149490189898139215e+04
-9.017764152847489459e+04
8.528827129112661351e+04
9.611100128095873515e+03
4.355225795828748960e+04
-9.574839477149295271e+04
9.131486147363402415e+04
8.264617931740285712e+03
3.867470583001614432e+04
8.894429222617342020e+03
-6.893423993393192359e+04
8.623612933195428923e+03
-3.791863256449130859e+04
-4.211942846738698427e+04
5.440554235837119631e+04
-1.609710998998057039e+04
-9.804119341500668088e+04
-9.145854999441970722e+04
5.820325355448084883e+04
-1.847100097517450922e+04
-2.557159734435414430e+04
4.922160452771736891e+04
-3.918968563652911689e+04
-3.119756925623732968e+04
-5.430502261090337561e+04
7.250985364534379914e+04
1.342471651095058769e+04
-4.608185351642723981e+04
-7.833744918726541800e+04
-8.079038801925169537e+04
1.950502835619673715e+04
7.221130366158645484e+04
7.341896816341005615e+04
7.927816356516542146e+04
-9.972064398445910774e+04
-3.380883624919806607e+02
4.372228992204641690e+04
6.428832584693125682e+04
1.656048305320509826e+03
7.708112761935629533e+04
5.606918172310580849e+04
-2.117807656413284712e+04
8.192121663000987610e+04
3.729554842044887482e+04
-3.837691509774017322e+04
-6.159920014563004952e+04
7.041817347786788014e+04
1.822429600806681265e+04
5.515678733394178562e+04
-1.512493713228963315e+04
6.880438734069778002e+04
6.355439677001017844e+04
7.472536613046648563e+04
1.374667136620671954e+03
-6.246840828022042115e+04
-1.713525768830430752e+04
9.257167045756179141e+04
-8.068863346880821337e+04
4.787862729294833844e+04
7.870114053538735607e+04
1.283937032405097852e+04
-1.413587547848891700e+04
2.882713996520609362e+04
5.393032277130411239e+04
9.113073957173535018e+04
1.055519486847482040e+04
3.587119588028392172e+04
-4.740917367785326496e+04
-1.600501424429615145e+04
-4.679432661747095699e+04
8.296219651306190644e+04
-1.209783129142290272e+04
-3.351501136915886309e+04
6.018711759495071601e+04
1.780350349171449488e+04
-4.568476923252137931e+04
1.579014500989686348e+04
7.944490404589151149e+04
-6.373443023417957011e+04
1.843262021940421255e+04
-4.531149555278957268e+04
-1.430744830821579671e+04
-2.673440134431653132e+04
-3.493292037132937548e+04
6.212709377703481005e+04
-9.172015081535080390e+04
-7.723321709306066623e+04
-7.682503477137989830e+04
-8.226647395294206217e+04
-1.789647650012989470e+04
3.044208050789627305e+04
7.576032843095395947e+04
-6.284319651253335905e+04
4.643062497091566911e+04
-3.315858843379217433e+04
7.121731689280018327e+04
6.776856039485413930e+04
-8.748118606432958040e+04
-6.985888153577852063e+04
7.342565322706114966e+04
-3.777105599984918081e+04
-8.953734647637765738e+04
-1.994406938502186676e+04
8.745242661249218509e+04
-5.147490426779461995e+04
-8.019650720082355838e+04
-7.590213819848041749e+04
1.751820303458467242e+04
-9.040697285135358106e+04
1.669479913589723583e+04
-9.075847714677083422e+04
1.453284914165809460e+04
-9.030729470606654650e+04
7.879306513717744383e+04
-6.388821096007624146e+04
-2.754709500931508956e+03
-8.903155585069698282e+04
5.497435255488893017e+04
9.960372952550492482e+04
-1.618108308318349009e+04
-2.522724357182785752e+04
7.069791159294295358e+04
1.425226219358517847e+04
1.701459035999525804e+04
5.229917138961129240e+04
6.870315283026048564e+04
-8.911404197396579548e+03
4.332692634626643849e+04
4.051786245074993349e+04
2.206916292924960726e+04
-7.797975855568597035e+04
1.837022878007173131e+04
-8.585881762302256539e+04
6.594995424015171011e+04
-4.496410802120991139e+04
-7.686452095134760020e+04
3.840165608377364697e+04
5.867939477883407380e+04
6.781810617615579395e+04
-8.129125923037472239e+04
-7.291479066805039474e+04
7.901735021688530105e+04
4.288646941693135886e+04
3.281793650435376912e+04
1.725893477480982256e+04
-2.710093610588055162e+04
-7.328975012308156874e+04
1.157759989033364400e+04
7.181562758788309293e+04
-7.340443559114634991e+04
