-5.601954674119930860e+04
8.414535992006224114e+04
-3.903822012766804255e+04
-2.888213190010043036e+04
7.538130974388821051e+04
-1.187524282794256578e+03
-7.049712107163490145e+04
-1.861419343326544913e+04
3.095712230994862330e+04
5.886837701380735962e+04
6.453966799988143612e+04
-8.503114090153467259e+04
-4.235921415286749834e+04
1.012602709430956747e+04
8.731973000503706862e+04
-9.757988571684563067e+04
-6.708908275452826638e+04
-3.303545562704486656e+04
-2.109912381488783285e+04
-9.384969917684093525e+04
9.395084341538263834e+04
-7.406829663298546802e+04
-4.748214816848066403e+04
9.973906418242538348e+04
9.000937576809388702e+04
7.221460244162453455e+04
-6.228587321193668322e+04
-8.991447023026469105e+04
2.948481189594286843e+04
2.866931755205019726e+03
-8.651804952275843243e+04
-6.097241373032398405e+04
-4.366073508909895463e+04
5.209214666132544517e+04
6.006778014374306076e+04
1.522681664370134240e+04
-8.076341551321270526e+04
8.797864865328013548e+04
6.300118780134720146e+04
-1.859141645500117738e+04
-6.839157826330524404e+04
1.124528132019680925e+03
-8.872481099056654784e+04
8.395839877655456075e+04
-7.436387773994824965e+04
8.744659009156064712e+03
-3.823300918604009348e+04
-3.985328107797980920e+04
-8.981796055229422927e+04
-1.489310293148196070e+04
-2.954202463011079817e+04
8.660771207204178791e+04
7.578038022718281718e+04
4.335771088861327735e+04
5.908528549535790808e+04
9.509545050009383704e+04
-3.461084621190055623e+04
-6.373789904043301067e+04
-6.406184056297032657e+04
-6.240846370025836222e+04
-4.893498413624379464e+04
-2.869640564059496683e+04
-4.408737425093958154e+04
4.732498207364944392e+04
6.474649413167536841e+04
5.565535902636125684e+03
1.944922618381936627e+04
1.901407604287008871e+04
-5.627379360807866760e+04
-7.339427920001691382e+04
-5.707139340750859992e+04
-3.827762816439681774e+04
3.424671105759654893e+04
-4.589197783254725800e+04
-3.198629402209311957e+04
6.617158971429156372e+04
4.243039931038228679e+04
-2.270209395327459788e+04
-2.702137515169776452e+04
6.824054310597115546e+03
-3.633160898888678639e+04
-5.825723130335731548e+04
-6.854566184941577376e+04
6.973943837621138664e+04
-4.575274231129944383e+04
-9.520336357216385659e+04
-2.371335567840587464e+04
-9.947830265258970030e+04
3.230700925666847616e+04
-3.622737502913223580e+03
-7.122759604942823353e+04
9.448384425732734962e+04
-4.442760423373781668e+04
-5.810794004789940664e+04
9.678552388702839380e+04
-9.692498024900692690e+04
-6.336962809165922226e+04
-9.713183861729627824e+04
3.160045821655337932e+04
9.744360071718870313e+04
-9.749595112323071226e+04
-5.990948925876826979e+04
-7.031876112578505126e+04
-6.615676006843821961e+04
8.433558579801401356e+04
7.139567435412120540e+04
1.342005791473342106e+04
2.998067477495789353e+04
-2.724217213999529486e+04
-6.870837859295104863e+03
-3.824167773768390180e+04
6.170135550074599450e+04
-2.635474192696041428e+04
4.110505581207136856e+04
-8.026975927667217911e+04
-8.757313929910431034e+04
-9.482895569224319479e+04
-6.344567054043937242e+04
1.844285020817788609e+04
6.404409986934188055e+02
-2.924699733678763732e+04
-3.556482164925025427e+04
-7.726632825190172298e+04
-6.469552058002920967e+04
5.977957320768383215e+04
8.691198290493377135e+04
-8.877209769155626418e+03
6.449368633428058820e+04
5.321443521522355150e+04
1.037210293674409331e+04
4.031411744143979740e+04
2.626034195551546873e+03
7.670333862426021369e+03
3.492807314059915370e+03
3.264961640530984732e+04
7.832151140033078264e+04
-5.311187203215382033e+04
-9.255147540296911029e+04
1.479130757167156844e+04
-3.443431786925572669e+04
-2.824710130342264893e+04
-8.140724505597754614e+03
4.437779728543080273e+04
-1.543019733533996623e+04
7.542097982731988304e+04
4.789341997135369456e+04
-3.012452913476721733e+03
-9.226008354449938633e+04
8.902799851242246223e+04
-6.805119298981958127e+04
5.854599764044376207e+04
1.830260251223128580e+04
-4.688372471009058791e+04
-3.423763839196112531e+04
7.357363878249420668e+04
5.805374169789670850e+04
-8.258982212182195508e+04
-9.604091465904851793e+04
-3.586547898944172630e+04
5.075479062224051449e+04
-8.450029540623634239e+04
-6.924505012207923573e+04
-5.931888075857394142e+04
4.007637080587030505e+04
3.669144915984506952e+04
-5.367611760392352153e+04
3.371391413156691124e+04
-9.145075359145451512e+04
8.771582749543359387e+04
-9.323410740917350631e+04
2.527412629783665761e+04
4.909354773541621398e+04
2.591475558806539630e+04
6.353244439033305389e+04
-4.143866533076938504e+04
-1.428626622445046087e+04
3.345088430761347990e+04
4.269477549677932984e+04
-8.078012747249258973e+04
-7.798463463537330972e+04
9.776957893454312580e+04
-2.638397887527452258e+04
-4.731084015712514520e+04
3.959614606927789282e+04
-5.232724731890658586e+04
1.626716064448379620e+04
3.027363428503522300e+04
7.224273911882817629e+04
3.101272965731057047e+04
-7.961498450372059597e+04
-1.060747436132047733e+04
-1.218077584476735501e+04
-1.956197679836714815e+04
9.817988061271788320e+04
8.556900729152155691e+04
9.839503953745483886e+04
5.517272185778050334e+04
7.619521231275639730e+04
3.380821845773933455e+04
4.338819291393388994e+04
1.825426229286199668e+04
-2.534554559049282398e+04
2.489551897970339633e+04
-7.633662442369293422e+04
-9.101417060717071581e+04
8.705619288467391743e+04
8.924634267036445090e+04
-4.398526118734746706e+04
-3.560590681502442749e+04
6.732843944929508143e+04
-4.327946757352068380e+04
3.409905909982480807e+04
-5.370043735188373830e+03
-3.616888179464903078e+04
4.706667664091114420e+04
2.163874787254634430e+04
6.385565113736418425e+04
8.793208963361012866e+04
-3.494148211969112162e+04
1.572173458253251738e+04
1.447979953475168440e+04
-9.482382464596064528e+04
3.846483979091935907e+04
2.611216159970122681e+04
1.073951323975827836e+04
-9.440563111197936814e+04
-3.646294085924563842e+04
-6.725950286239579145e+04
-1.184131833929443383e+04
-9.666788349432400719e+04
-7.855352537735500664e+04
-6.775061924626858672e+04
6.392568109254873707e+04
6.636917958765130606e+04
8.287654561391301104e+04
6.920084848100703675e+04
-2.423762123379329569e+04
-7.186318270062030933e+04
2.379036047746807162e+04
-2.825240379243441566e+04
3.582343958199053304e+04
8.312089333954834729e+03
4.919653972979434184e+04
2.418083380906216917e+03
-3.656633175440964260e+04
-7.309116926311005955e+04
8.120052914367316407e+04
-3.467405998319643550e+04
-9.119793134695355548e+02
6.219101778475582250e+03
6.727379266156663653e+04
6.395039826789972722e+04
-3.221803675708266383e+04
2.527111796510480053e+04
-2.066237755760973960e+04
-8.088487272905267309e+04
7.261089250153905596e+04
-6.494745329144484276e+04
-3.195939402671594871e+04
-1.675161183798372804e+04
8.922234309136355296e+04
4.608974444663507165e+04
-2.058289376718763378e+03
-9.477304154607656528e+03
-8.743486027628227021e+03
