-1.900766454112086285e+04
-1.123986627074850730e+04
1.140134665026562288e+03
4.372584902208108542e+04
-2.410986221894133632e+04
-7.356529290293702616e+03
-8.892786618429188820e+03
6.775368318294386881e+03
-1.183642487624927526e+04
6.945169779050745092e+03
-3.348485399814609536e+03
-8.785292972556968380e+03
-3.158713645011651352e+03
-6.023831987791785650e+03
6.431700194581790129e+03
6.754731086716768914e+03
-8.094744481780160640e+03
-6.534227435661352501e+03
-2.605054076421249192e+04
-9.023946907738500158e+02
-2.824558594953774445e+04
2.854196719755627782e+04
2.967742387336591037e+03
-1.368605171894715386e+04
9.197358828154332514e+03
-5.433023835094374590e+03
-3.023361644768825499e+04
-5.004868782321107574e+03
-3.381849406428690418e+04
2.726423345966032502e+04
3.614277943824679824e+04
-1.523179366656033608e+03
1.788316794956705417e+04
4.089875672364777711e+04
-1.777316211939445930e+04
2.530715762279456249e+04
-7.945305491342595815e+03
4.222129893223308500e+03
-1.635434722236278685e+04
-4.222681600188153971e+04
2.805160737063303168e+04
2.606207502504276999e+04
-4.683927515306420537e+04
1.787570517918545420e+03
-1.543925361919982060e+04
-1.543852879029245378e+04
3.316571895081488765e+04
-3.325035335017849866e+04
-1.492973760313751700e+04
2.615105142088461071e+04
3.627699317044998315e+04
1.834688866792072304e+03
-3.159189295458484594e+03
4.313698132765488481e+03
7.156695545704047618e+03
2.214546337152112028e+04
4.262434413865041279e+04
-4.461065470068355353e+03
3.405259384529085946e+04
6.645652029140196646e+03
-1.280476645726575589e+04
-7.905079415677464567e+03
3.682735149285566877e+03
-1.255831820582529645e+03
4.442288912737171813e+03
7.303287024278210083e+03
2.653395039966196418e+04
6.170191642838169173e+03
-1.245740186957875085e+04
-9.415285947595280959e+03
-1.020634786370399638e+03
-9.339889314291938263e+02
-2.010854913843554459e+04
-1.281908148951821750e+04
-1.334172904113097684e+04
4.992117722221658482e+01
-8.577784934170440465e+03
1.421557385568263999e+04
1.822565807986487926e+04
-2.066060240812321354e+04
2.414161687518803490e+01
-7.527304039107299104e+03
-7.651183565295547169e+02
-1.154808750047226567e+04
-8.619884726889536978e+03
1.429334080342247762e+04
-2.702324207465354266e+04
3.801579360430301676e+03
-4.068286431166481634e+03
-2.144046311713058822e+04
5.911851508589288642e+03
-2.957962507087386257e+04
1.513671388149124141e+04
1.540959990630804532e+04
-1.359347554158826097e+04
1.334210741873612096e+04
-2.537265643579925745e+04
4.222744879621913424e+04
1.340020108078756493e+03
-2.666154496891646704e+04
-4.351028223171771970e+03
-2.485675604781404400e+04
7.756002637086331561e+03
-1.761327283282027929e+04
2.577553787165442372e+03
3.144652074779655231e+04
-2.084852833120679134e+04
3.794379236967753241e+04
1.266090782819533524e+04
1.965680759494864833e+04
-2.935103307636815589e+04
1.486475868553778309e+04
8.066816601104208530e+03
6.998516798869170998e+03
2.045276261023360348e+04
-1.435597485025835522e+04
-1.416672303350544098e+04
-9.403982428159337360e+03
-1.951203356958345830e+04
1.648522740683476150e+04
2.967231280558727667e+04
-2.768885393999840016e+04
-3.503103084018086520e+04
3.313853950049075502e+04
3.248369205794137815e+04
8.917624827611476576e+03
2.147454862960443643e+04
-1.652707762052966063e+04
-3.799895513907488930e+04
2.040263521660491097e+04
2.532434328136687691e+04
-3.242111808581710648e+04
-2.049056680849693657e+04
-1.169681147109621406e+03
-7.609222804226168591e+03
2.908435468128330467e+04
-2.265401198200920771e+04
1.997171328309365344e+04
7.059413902767357285e+03
2.194651342047950311e+04
-2.839901360942669271e+04
-1.060206377868319760e+04
1.935288069870642357e+04
-1.677776292449357061e+04
6.723310873459099639e+03
-2.905612731426375376e+03
5.460582250783409108e+03
-1.208274630655414512e+04
3.106183801370445963e+03
-1.231576369681372489e+04
-3.724780086970036064e+04
-1.706517959193958086e+04
2.230536351894795735e+04
7.042414990205518279e+02
3.060711972784035243e+04
-4.661653897962709016e+04
-1.068858763259027182e+04
2.146493474625278031e+04
6.918193730449105715e+03
2.805268130713434584e+04
-1.531817280768460660e+04
-2.146154807810100465e+04
-2.536212796434941265e+04
-9.459868398929330624e+02
-2.817588453838900750e+04
-6.517184726913642407e+03
-5.555947646531236387e+03
-3.226542329171534675e+03
3.227375856909140202e+04
-9.717656188974013276e+03
-1.806740456901923972e+04
-1.394877840361202470e+04
1.997011968565155257e+04
3.009138627631435520e+04
1.498685483483777352e+04
1.206529617034683042e+03
2.268907624768909557e+02
-2.987998298014696047e+04
-2.427371456771630619e+03
-3.084865771578963540e+04
-4.750873904095813486e+03
9.496515615739370332e+03
-1.837661165502715812e+04
-1.944115752309879463e+04
-4.892965803500864240e+03
-6.453076283648591925e+03
-4.386780279341222013e+03
-5.559739445248226730e+03
-1.045413208880118145e+04
1.286288352414730980e+04
-8.086832508308699289e+03
-6.395860621622787221e+03
-9.721361426740942989e+03
-2.463585089763555152e+04
-1.865019980697719802e+04
-4.858821074546735872e+03
1.229114272022345904e+04
3.040644915938990835e+03
2.212906841670324866e+04
8.160182695796297594e+03
-6.312522501253625705e+03
-1.985767567583188338e+03
1.934272460402081560e+04
-2.877748828773454443e+04
3.719636682831265944e+02
1.307101907168158141e+04
5.413419222077851373e+03
-2.542055905947167957e+03
2.345782993961405737e+04
5.040059881492470595e+03
-7.052513247453727672e+03
-1.241450062890972367e+04
-1.260046419623309703e+04
1.243893402343160051e+04
-9.209650169448610768e+02
2.800839683698516819e+04
-1.476306635916909181e+04
2.113752001725515220e+04
-2.430239198974539249e+04
3.795748855222549309e+02
3.056612009180187306e+04
2.262896734052726606e+04
-9.112771025404175816e+03
-1.264181688282236064e+04
1.817381986115565451e+04
-4.123499396646051173e+04
7.327464045310000984e+03
-2.306908265663428028e+04
1.795563137057224958e+04
2.529357246701329859e+04
1.326019854869961819e+04
9.144736604312276540e+03
-9.268655770403409406e+03
2.730927161914506723e+04
-1.806770142916286204e+04
-1.073803148624403002e+04
-1.878892100587769892e+04
2.566000399352900058e+04
-2.311984200025663085e+04
1.731065630494738798e+04
-5.206850419093800156e+04
1.619059905567533679e+04
1.819116241530137631e+04
-4.351562126691015692e+03
1.154818537579949043e+04
1.466502614844391064e+04
-4.897478613691842838e+03
-2.112541219986281067e+04
7.826901169041236244e+03
-2.148224368502557627e+04
-1.036311729607300003e+04
2.477941033050699480e+04
-3.489227798535228794e+04
3.949179640846006805e+04
9.870947594175162294e+02
-1.661946338752301381e+04
-4.591758795681289484e+03
2.625140014059492751e+04
4.232950480733908626e+04
1.912905500258321990e+04
1.927845215101371650e+04
-1.679490085883199936e+04
-4.320910374937867891e+04
2.432702546450075533e+04
1.992149267107178457e+04
