-1.803313385457714685e+04
1.561433024541775558e+04
-2.347733471051742526e+04
-1.318149816507863579e+04
-3.671276737910417432e+04
-2.066053154742082552e+04
-4.192668576054801633e+03
-3.158849413118654411e+03
-2.497541591276773761e+04
-6.218214496715140740e+03
-3.328425406585921155e+04
-2.004808268334971945e+04
3.447423900192602014e+04
8.196639667413173811e+03
-3.564013218518670328e+04
-2.467843333022795923e+04
4.006099166715166575e+03
-8.336331524054830879e+03
2.125620126714666912e+04
-9.083761990889599474e+03
-5.393793069552162706e+03
2.487886773866209842e+04
2.602139977441915107e+04
-1.739906103559316034e+04
-2.283139590934321677e+04
-2.108889969073438260e+04
1.310091490576213801e+04
2.685173895842496859e+04
2.381623364273648258e+04
4.123118397339161311e+04
-3.270502105373105223e+03
2.420126196101660025e+04
-2.805746043350150103e+03
-2.181578394344589469e+04
-2.148034949453007721e+04
-1.368886670806837901e+04
3.525694387198897402e+03
2.188146814924876162e+04
2.739645080496431910e+04
-1.010651800241355340e+04
7.056607611395095773e+03
5.044508297683282763e+03
-7.116468437992490180e+03
-2.609044201317525949e+04
-1.086261489380563216e+04
-5.075339536961210979e+04
5.369861555872851750e+04
-3.769439232971540150e+03
-4.820954050148300303e+04
2.784820682184309044e+04
-4.813996444566053106e+04
1.398999966586232222e+04
-9.547628718615351318e+03
-2.850768465658873902e+04
6.510251215350242273e+04
-7.277346562286289554e+03
-1.218144630340549156e+04
-2.179394016646208183e+04
-4.153427330695522687e+04
-7.646872963675444225e+03
3.609420374054313288e+04
1.999279874985256174e+04
-5.230395208439224371e+04
2.167455099904913732e+04
5.017051713992819714e+04
-8.161192776564209453e+03
1.054552389861031406e+04
9.772148650392215131e+03
-2.634046762582883821e+04
-4.709039735553537321e+04
3.368352704186858318e+04
1.211843581519779764e+04
-6.275886603801724959e+03
3.795161415937378479e+04
1.693788332013783560e+01
-2.902439968886641509e+04
-2.394490149376959016e+04
7.600720741264093704e+03
-3.037583990817890663e+04
1.981795976350728961e+04
3.822635632025411178e+04
2.043523775445469073e+04
-3.464996906480652979e+04
1.782923063687867034e+04
-3.007243790211573014e+03
-1.999597122432963079e+04
6.227927693535764411e+04
-4.265961722294313222e+04
-2.860584063012824117e+04
3.001502066232754805e+04
1.613648381839189824e+04
-2.434188826133638577e+04
9.407894216350316128e+03
-7.813762192830175991e+03
1.591168271516659479e+04
1.816127343162589023e+04
-4.483837328042554873e+04
-6.576522327153399601e+03
-2.877496536474713503e+04
2.346120616421891827e+04
2.693354408420908658e+04
-2.485179946878157352e+04
-2.181517582710791612e+04
4.362523683858666118e+03
-1.302266222768154330e+04
-7.078639221141207599e+03
4.825360214208816615e+04
2.955172397770026873e+04
-4.556713854240514775e+04
-3.216680054632505926e+04
-5.654356739026120522e+03
-4.980939958219869004e+04
-3.921774468435266499e+03
1.489202107000823162e+04
-3.091570419485338789e+03
-4.785432340444232977e+04
-2.553510225392064240e+04
5.096790191684423917e+04
3.956256012701288273e+04
9.190923026175256382e+03
1.043138383462247839e+04
3.116579155447783342e+04
-3.030240755403295043e+04
1.197758447084223553e+04
-5.466477018297344330e+03
1.263813766855321410e+04
4.076248350139857848e+03
-2.519613675787972170e+04
3.749230122879749979e+04
-6.510931367532633885e+04
3.917866716100881604e+04
4.485690187810785574e+04
1.917389939421866802e+04
-8.509612528422658215e+03
-1.540326392558506814e+04
-5.569640741730275477e+04
-2.555942890552846075e+04
-2.879850698517658384e+04
-5.269301210326416185e+04
-2.131610176132562992e+04
3.924847815751299640e+04
1.885369094375093118e+04
4.634710986212111311e+04
2.907261111927500679e+03
1.634424292614913065e+04
-2.190574284541434906e+02
1.645379290374731499e+04
-5.197709546308498830e+04
-1.164812524961177769e+04
-9.183762757846004376e+01
-2.285121084719923601e+04
-3.658572800862251461e+04
-3.276668618543807679e+04
-3.567887598365519079e+04
1.255599816825176458e+04
-1.134709790824718948e+04
2.267446929908425591e+04
-1.315198361301772638e+04
2.103749772478771047e+04
1.531195858980988851e+04
-2.679105717115578227e+04
3.142673513869610179e+04
-2.954256162201585084e+03
1.603156100686749414e+04
3.281533902131478681e+04
3.924949988232432952e+04
4.676418092742223234e+04
-4.359745099443974141e+03
-2.499027834868295031e+04
-4.211140939465333759e+03
-1.075869388150913983e+04
-1.581695290492886852e+04
-1.725006020506965797e+04
-1.605479986593975991e+04
-3.342344393311577278e+03
-1.105399354497351305e+04
-2.678131896298968059e+04
2.330606592179702420e+04
-1.651436255640857416e+04
1.064676617279445600e+04
4.421957940238118317e+04
-8.063745937624362341e+03
1.080901597677944847e+04
1.256296616442773256e+03
-4.038185316469451936e+04
-1.964129124755852172e+04
2.845486752802420597e+04
-7.589193881565734046e+03
2.276212433283803591e+02
-1.065507043840591905e+03
2.873570623792662809e+04
-1.900920366235287293e+04
-5.373332973290896189e+04
2.291739563801394979e+04
-1.739129282737316316e+04
-8.684331533355070860e+03
1.834220170378690455e+04
-3.170704382199958127e+04
1.206186403283422624e+04
-1.394649243612129794e+04
-2.847599757812565440e+04
-4.567368486967433273e+04
1.700599061069649906e+04
5.232947627194134839e+02
-2.130423790835488035e+04
1.931479092956410386e+04
1.108915481926433677e+04
-3.221487152731073365e+04
2.955812208419483431e+04
6.625054092361549920e+03
1.727250345351775104e+04
4.324505173471924354e+04
-3.062316911026321759e+04
2.430126498698888827e+04
-1.462197175773986055e+04
-5.154555147458409920e+04
2.970429572711057335e+04
5.082431694724253248e+03
2.944327146374879158e+04
2.589239016923036979e+04
2.131672853600392045e+04
3.236104671898753077e+04
-1.159943869581967010e+04
3.633804132140075671e+04
1.233881970538439964e+04
-2.622149998694660826e+04
1.857678762973792254e+04
-7.928249213016868453e+03
-1.185168986758125538e+04
-1.091506746676745024e+04
4.193470762882503550e+03
-3.071700121544487047e+04
-5.635260989404778229e+04
1.199975322160084033e+04
3.713938529449702855e+03
2.855939907330761707e+04
-1.020985672589692513e+04
3.945353095913754078e+04
1.992244652192914828e+03
-5.665669547362785670e+04
7.325631120215327428e+03
3.328059274100702896e+04
2.136574520938356727e+04
-2.589227996791463738e+04
3.719542898938728467e+04
-1.921478140539991728e+04
-2.489431437020798967e+03
-3.373834415488483501e+03
2.972383566890283691e+04
1.723819704547162837e+04
3.105647868969579940e+04
-9.402829377148356798e+03
5.488069026657511859e+04
4.730750344031092027e+03
2.083369226893495124e+03
2.427155428328476410e+04
7.306648229732660184e+03
3.824152833614077099e+04
2.138341527948716976e+04
2.358404182672488605e+04
-3.900957190168590023e+04
-2.066236892164108212e+04
-1.431821316385372666e+04
-4.505810166328962805e+04
-8.125805427900291761e+03
