-3.824235626516035609e+03
-5.178626082533510271e+03
2.642373286644923064e+04
4.801873550181490282e+04
-2.756087521696462863e+04
7.115096282966318540e+03
3.346257873200372705e+04
8.066969767855367536e+03
1.164439637330820915e+03
6.226385987461351033e+04
-1.972377928536025865e+04
-6.486696262079253211e+04
2.952900616238073326e+02
-1.304187572062111212e+04
2.363715901951559863e+04
5.378989543549568771e+04
-1.308582564803559035e+04
-3.357416293053535628e+04
2.217872571188381698e+04
2.468286524356560039e+04
3.310143737307441916e+04
4.828823551133040382e+03
-6.906482297000231483e+03
-7.423338897689967416e+04
-8.986269649686822959e+03
-2.295285636051016627e+04
-5.837343554149804731e+03
-2.507138559645216446e+04
-2.194037401728015539e+04
-4.860911163777427282e+04
-5.212616886760683701e+04
2.138548937693481639e+04
5.297445043197181803e+04
-3.850571301708351530e+04
5.024846558678139991e+04
-5.108787243517691240e+04
1.110034953354334903e+04
-4.224064542690661619e+04
1.665006399105350647e+04
2.000502735865941577e+04
4.531297535121657711e+04
-5.698907522362347663e+04
-1.215963513180366681e+04
-3.039900658335427943e+04
6.217466688631147917e+03
-4.473206435078883806e+04
-2.308223632824979359e+04
3.061117269784141899e+04
-4.180254769803614181e+04
-3.149219423203791303e+04
-2.771757483381998463e+04
2.693971500849457152e+04
1.064720084197729557e+04
3.712474262398634164e+04
2.679647207763750703e+04
-7.307595541944984870e+04
4.683720165757249924e+04
1.570792975212021020e+03
-9.383918130673377163e+03
-2.411925836241826255e+04
-5.790015769198266935e+04
-2.868829107049880622e+04
3.730355793524564069e+04
2.440891400960562532e+04
-1.937719878405654890e+04
2.318147789623995050e+04
6.428341903143239506e+03
4.251123392422773759e+04
-1.959378256004527793e+04
-3.692150232048259932e+04
3.003798509918530908e+04
1.411804772928780949e+03
4.818767762053722254e+04
1.878214951042065150e+04
6.426394979344318017e+03
3.058645189565545297e+04
1.516618396473266148e+04
-8.105918504458327334e+03
4.350500976577519759e+04
-5.016921498449717910e+04
-3.991536083002451505e+03
5.920245975721574359e+04
4.217073676081714802e+04
3.992755852808024792e+04
9.156048067007444843e+03
4.523997218377251556e+04
-2.755292117569129914e+04
-3.278262113709063851e+04
-6.512141526359099225e+04
9.782010650140242433e+03
-1.215746183358621420e+04
3.175978333619893965e+04
2.098726535214524847e+04
-2.117590983410794797e+04
5.738774089207738143e+04
-2.818935411179956191e+03
4.820142077828384208e+04
5.432072436450255191e+04
4.350382896093426098e+04
6.169261890483452589e+03
-7.395906065592498635e+04
4.641827474634807913e+03
1.983316098841213898e+04
-1.982308962454414359e+04
3.265789328094713346e+04
-5.707166591157898665e+02
3.959299215807773635e+03
-7.866129484496681835e+04
4.969020665519302383e+03
-4.711070754241201939e+04
1.311064392449643310e+04
1.651881197549152057e+04
1.286118459199092467e+04
-2.560646721389607410e+04
-9.772189259886692525e+03
-2.548996828701183040e+04
5.859229738275348791e+04
-4.036707820177937265e+03
1.218521829118046116e+04
-3.771548771272521844e+04
-5.027908952905684600e+03
1.294169105283859790e+04
2.315454812872032107e+03
-6.313161135872715386e+04
3.086049383622797109e+02
-1.595075830901407426e+04
2.061164884667411025e+04
-5.078829684919861756e+04
2.880925861774400619e+04
-3.745576127982339676e+04
1.274201553893019081e+03
2.432595952699929330e+04
5.210556343702064623e+03
-3.584216841059090802e+04
1.944007374699591310e+04
6.806451962236741565e+03
6.018441201972637828e+03
2.388778485980683035e+04
6.686220254930622468e+04
5.171111677891219642e+02
5.984705447993515918e+03
-3.478437510839318747e+03
2.217934649831886054e+04
-6.278129426206537028e+04
-2.586982051660396974e+04
5.928450617702743330e+04
5.938397313474702969e+04
1.173778793848081114e+04
-2.123754405842535562e+04
-2.208106575487382361e+04
-1.398034224700195227e+04
-3.000571609736169194e+04
-3.753362805263689370e+04
2.771366924331900464e+03
2.548196748103243226e+04
-3.679038110137926560e+04
-1.689295841248138822e+04
-2.082933890020269973e+04
-2.255577077636049580e+04
-1.156670402625654788e+04
-5.452764481416244962e+04
1.368035476585462675e+03
2.849872482292488712e+04
-1.707515176057013377e+04
-3.636569528979971074e+04
4.932877380833247116e+03
-2.403888994351206929e+04
4.006430388666584622e+04
1.696260545792391349e+04
2.694719712345049265e+04
-2.979592837212136874e+04
3.233674778510665783e+04
1.716010488071049258e+04
-4.320074993555825495e+04
-2.720427038836264910e+04
4.187404324070591974e+04
2.922483488636465336e+04
1.858829484679991219e+04
3.898392369561419036e+04
3.469870895040574396e+03
2.257432539363780234e+04
-1.195779706666270431e+04
2.453066179672214275e+04
4.639044463670976256e+04
6.852357789827231500e+03
1.230421715405536452e+04
1.990504673769619694e+04
-6.500496464576377184e+04
-1.782582745737412552e+04
-1.063849977239589407e+03
6.268622498144910423e+03
2.235618380100402283e+04
-1.159320093888153860e+04
4.644406265582842934e+03
-1.392630533699167063e+04
-3.551258861422309565e+04
5.109687667743393831e+03
-7.313671104119744996e+03
1.759731544466684863e+04
-7.624917561961111687e+02
4.623289422099466174e+04
-1.779389477632684429e+04
-6.513448932688256173e+04
1.452020055913313081e+04
2.240272239298986824e+04
2.370231061057507395e+04
2.896006617580079910e+04
1.359437753328636973e+04
-2.695346530213373262e+04
1.049441692178084668e+04
-7.731452621614575037e+03
4.027336676994383015e+04
-2.025821161993772694e+04
1.145420644488169273e+04
1.009103760031135062e+04
1.110197288585388833e+03
-2.379261142823415412e+03
-9.679416947167488615e+03
6.114076218111680646e+03
-1.592619559443547041e+04
-6.078328631560967915e+04
3.696320538948314061e+04
-4.592752887917054977e+03
3.143591408264252459e+04
2.877449255703757444e+04
4.279464391350574442e+04
1.640907190196666488e+04
-4.237805976906377623e+02
1.620508328731880465e+04
6.506331148736144678e+04
3.580782341359043494e+04
4.248771914234492579e+04
-1.482133955802234777e+04
-1.672525912834775954e+04
-9.687920552940180642e+03
8.010106072225443313e+03
4.068082284605763562e+03
5.504066241962172353e+04
3.572094594196167600e+04
-3.965262183062967961e+04
-3.866016337220116384e+03
-3.415747787332635198e+04
3.124605079946785918e+04
-8.127169032487231561e+02
-4.350059940800337063e+04
-6.743816762082859896e+03
1.622671311638836232e+04
-8.301015582664909016e+04
4.695947280731997307e+04
4.906904525528622617e+04
3.442943333987545338e+04
-7.643380457176342134e+03
4.600534933270498732e+04
3.496569824950298062e+04
1.092575992390842293e+04
-1.815608958102729594e+04
-4.248661772674737585e+04
3.388092023834364227e+04
-4.490618731330075389e+04
-2.127323966282149922e+04
-5.376072153387337494e+03
-6.690228316950367298e+04
-6.733487665094263502e+04
1.501027130765272523e+04
2.940822984264752085e+04
