1.308476735437483876e+04
7.391328391090226069e+04
-1.620573835603953012e+04
-5.395433704799172847e+04
-2.037047351694204917e+04
5.035950515937546152e+04
-3.335147210074264149e+04
-2.750274858139635762e+04
-7.301024458439333830e+04
-5.833482714744171244e+04
-2.697725486933415232e+04
-1.513692619727805868e+04
7.424372184351657052e+04
-2.830682971856779841e+04
-4.298885385439397942e+04
-4.442107225045916493e+03
-2.906831280378589327e+03
-8.176110386491077952e+04
-1.780210636720307593e+04
7.443294993688688555e+04
6.608254754424667044e+04
-2.576020530909119771e+04
7.646441080542402051e+04
-6.045364024033939495e+04
-3.368669524234417622e+04
3.621012249070942289e+03
3.757931241963369393e+04
-2.288692842595763432e+04
5.322254164677581139e+04
-1.531638644594245307e+04
1.625895870660687251e+04
5.551357910983992042e+03
8.237502905260842817e+04
-2.211132328285335097e+04
3.231770292347430222e+04
-6.271574221792472235e+04
8.463921569594333505e+02
-5.133477279011985956e+04
-4.557337336494081683e+03
3.405409898937400430e+04
-4.491506511642482656e+04
-1.960116651052522866e+04
7.207622348873158626e+04
4.327208682259437046e+04
1.738201140501817281e+04
-2.404310596889166845e+04
7.134175410768853908e+03
-8.887668444863482728e+04
-3.458674550126908434e+04
-4.039634833774888102e+04
-5.453612766503613966e+04
4.680992766526011837e+04
1.634612037750296622e+04
-5.523936997575690475e+04
-2.508833602059099212e+04
4.962633889106336028e+03
1.409501817183909588e+04
-3.603745613288891036e+04
-5.766093330058305582e+03
5.930563107684023635e+03
1.143262554226617613e+04
-8.565266051150356361e+04
2.683197721308536347e+04
-1.794094594243674146e+04
7.729194731409246742e+03
8.577349750913318712e+04
-3.822552729505348543e+04
-5.341757683219508181e+04
4.694969976760433929e+04
1.830448476480359750e+04
-8.766471252226598153e+03
4.718005008042440750e+04
2.767481770964047246e+04
1.204170080511816377e+04
2.293253914485118366e+04
-2.874126323344505363e+04
2.054770723973161148e+04
-6.376242343548749341e+04
3.128153947995844646e+04
-1.459285688749131805e+04
-3.240542816671861510e+04
-6.440023105006191327e+04
7.611617137394011661e+04
-6.086168615190741548e+04
1.487347903775082341e+04
-1.904489835250435135e+04
1.003144929825935469e+04
1.537700276567874425e+04
-1.866303649243830660e+04
-5.865361290566428943e+04
3.656102943757411413e+04
4.081159953683378262e+04
1.230370197530484256e+04
-4.059415772571798880e+04
4.360659906759907608e+04
-5.917110983087672139e+03
-6.945406425752510131e+02
1.521920915787562444e+04
2.297826659690394808e+04
-1.934286095686893987e+03
-4.164092093402938917e+04
3.459006505478419422e+04
3.385275893105868818e+03
-5.815453726529531559e+04
-7.635786964371587965e+04
-5.231000251494823169e+04
-5.002358451947900903e+04
4.318489863319338474e+04
2.104236163260337344e+04
-5.771828270128151053e+04
7.562026187525566456e+03
-7.222564562737630695e+03
5.303000489194395777e+04
2.341595371348222034e+04
-7.840309687380411197e+04
-4.431847943622377352e+04
6.686839772158706910e+04
8.574452517066462178e+02
-1.886030844415217507e+04
6.519685996465365861e+03
2.099442153069791311e+04
-7.781460291887184439e+02
-2.621330492406211306e+03
7.920573555840300105e+04
5.229160589964780229e+04
-9.508763377008493762e+02
4.118054253642137337e+04
-4.355642246801091096e+04
-1.405351225034337222e+04
3.919840263741340459e+04
5.857611294889469718e+04
1.687203457682786620e+03
9.439147949037034778e+03
-4.713214349703365770e+03
8.041327136277753198e+03
2.099936613768988173e+04
-3.211145275836299697e+04
1.549284714582431479e+04
-7.128676852789633267e+04
-3.175145623564803464e+04
-4.112351221709815036e+03
-3.957528228566978214e+04
4.899827311946223926e+04
-7.418220815250587475e+04
-1.287765745531222456e+04
2.267898911597008919e+04
7.171366039595335315e+04
1.804982258898338478e+04
5.836390702880827303e+04
1.778959020825369953e+04
1.337938142170988249e+04
-3.438697695401078090e+04
-9.768750500677771925e+03
-2.247103293108438083e+04
3.420026041485101450e+04
4.523562444869754108e+04
3.004540309701007118e+03
-3.208365615951055588e+04
-6.808427944468548048e+03
3.397036021513634478e+04
3.836271983751854714e+04
8.096785111844714265e+04
1.379337671182152690e+03
-4.128817385116716650e+03
6.880956585519840883e+04
6.554007159073764342e+04
-6.828705981553890524e+03
3.291269925944525312e+04
1.715428541692682120e+04
3.532112780685271719e+04
3.467140995180790924e+04
-3.248708792466911473e+04
-1.804923118893117135e+04
1.484328969075957275e+03
4.205367806886183826e+04
-4.108889695764224598e+04
-5.878948975416657959e+03
5.114252312875535426e+04
6.328489445225970849e+04
4.284943188246644422e+04
1.379113727291402029e+03
-2.951651684362816741e+04
9.654868339375974756e+03
-5.445765197773214459e+04
-2.420360010378211518e+04
-9.357810476484775791e+03
-4.700819351483658102e+04
4.446188855706176400e+04
5.702607449366379296e+04
3.146937686733464579e+04
1.289151232747256654e+04
-4.271599915379178856e+04
8.800996378465502858e+03
-5.601503589645271859e+04
7.871582896700709534e+04
2.245517480153921861e+04
8.529261618997563346e+03
1.658130447099636876e+04
-3.576991263563933171e+04
5.920979839559687207e+03
-1.154114112883461712e+04
1.644752856901533960e+04
-1.857062827134365989e+03
-8.833219374816228810e+04
2.365664047772452250e+03
5.266950467091068276e+04
1.148158276146480057e+04
5.218463639826201688e+04
-2.920000381965603083e+03
-8.087386652788738138e+04
-7.336601561663008761e+04
-4.573317323756048609e+03
3.816336392142192199e+04
6.831300201807433041e+04
3.962914342573940667e+04
-8.828122175573701679e+04
2.680823290073416956e+03
-1.614204627873419122e+04
-2.893957851776058669e+04
-1.941565917920370339e+04
2.320036933149113611e+04
-3.014014668772078949e+04
1.347799027747243053e+04
-6.252829148324844573e+04
6.309682187678065020e+03
5.810831638715918962e+04
6.511213439233602912e+03
-1.128187476711124691e+04
3.242620895433540863e+04
-8.039781632018630262e+03
-1.414706839800173839e+04
-8.026975937648472609e+04
-2.031205291352796121e+04
-3.811664510353540390e+04
-4.324635510126000008e+04
-5.075648135597389046e+04
6.378198173528663756e+04
4.750275222446388943e+04
-5.667089646337630029e+02
4.243957867424317374e+04
-6.274692925954402745e+04
-1.369803236981962618e+04
-4.758252395304315723e+04
3.215794451548796860e+04
4.950327716767643142e+04
-5.165867628452400822e+04
-2.952306992157232162e+04
6.292261422762313305e+04
-2.587563804667700970e+04
9.306480541363499651e+04
1.722565508999166559e+04
-1.444641015505122596e+04
-2.490028270164576315e+04
-1.413405930465464189e+04
2.379464049148269260e+04
2.482222214958116092e+04
-1.783253260008261122e+03
1.736156518795387092e+04
-4.024287472736128984e+04
1.382786768254445633e+04
-1.351691130056185830e+04
3.451989624467785325e+04
-9.005376385089726682e+03
-4.417692474930630851e+04
2.613189168235944453e+04
