-1.556358615094092056e+04
1.599623110426055609e+04
-3.088156189581679064e+04
1.124351352456308086e+04
-2.977565874355431788e+03
1.946065467909229119e+04
1.709073573249589390e+04
6.427898789899449184e+03
-8.753069754663485583e+03
1.098878926593672986e+03
-1.706543018232650866e+04
8.228584279033400890e+03
-1.228487365524033521e+03
-1.695910110639583218e+04
2.122415001823199054e+04
2.275269067677038765e+04
2.455123745117796716e+04
1.997967868766881793e+03
2.194459871618906982e+04
-1.707144408586874761e+03
-3.357323859193301359e+03
5.467124807995529409e+03
3.641332825797325654e+02
-2.383740059799590745e+04
3.646559292625185833e+01
-1.793796931517307939e+03
-8.972174068142914621e+03
-9.907261516031870997e+03
-3.624433006486451177e+03
-1.616915198290271064e+03
-8.429837199043437067e+03
-4.308629962126590726e+03
-1.956197369799579974e+04
1.999869300451849267e+04
1.320403465993837563e+04
-2.325886745084616632e+04
-9.539473072506752942e+03
-1.176589527863114381e+04
-3.941298796340743138e+04
1.311879853994046607e+04
6.464177939772178433e+03
3.437360238155136176e+04
2.070290567926834228e+03
-1.580455767190353617e+04
-1.234500991234799949e+04
3.394953627100643644e+03
-1.299122605959082875e+03
4.331400263012547839e+03
-3.048998334389730189e+03
1.422184034583838547e+04
9.920379084286827492e+03
2.853127117396651738e+04
-1.647293806962603412e+04
-2.939190924679847740e+04
-7.516084865174698280e+03
-1.648553151189299388e+04
1.297329567022025003e+04
-2.591315217607007799e+04
9.578850327962376468e+03
1.637786032955980409e+04
1.277778270982837967e+04
1.310753744860913139e+04
5.759281207172729182e+02
-9.976470795992758212e+03
2.506749148889910066e+04
-3.420959458857187565e+04
2.713722523855844884e+03
-9.015105978343217430e+03
4.670792211722314278e+03
-1.486259288295707665e+04
2.419827453865961434e+04
1.213369467390044065e+03
-5.218016494978402079e+03
-1.614128324050987248e+04
-6.647137982608384846e+03
-4.073389976338481938e+04
6.055307428047408393e+02
2.270698725056698822e+04
7.583515518155016252e+03
1.261550488358059738e+04
1.119759856132488494e+04
-6.644025794727844186e+03
-9.754308012797497213e+03
4.692768156014194574e+03
-2.555133894677351054e+04
-7.599684311874440937e+03
-2.561025256177033043e+03
-6.336509419454745512e+03
1.340856125988256645e+04
5.830988026076430288e+03
-1.981605087979850214e+04
-2.657476904731247123e+04
1.938050908898799753e+04
-2.641532303755186149e+04
-2.175853065949635038e+03
1.766854955799378513e+04
-1.142095499595820002e+04
-3.753789951725536298e+02
5.127532751548305896e+03
2.999328707652455705e+04
-1.130152829706363264e+03
3.221145978352827296e+04
-3.616090198505193985e+04
1.341529452331255925e+04
-1.836031429344601565e+04
-3.958008880723311449e+03
-1.205450138705508380e+03
1.468354774121190712e+04
8.548112008003085066e+03
-1.219084437841660292e+04
3.993166975698242368e+03
4.766738857620230192e+03
-1.787912635938683525e+04
-3.632788363314861272e+03
9.208307275786469290e+02
-5.252128468905624686e+03
1.271519390978996853e+04
-1.928914934387440007e+04
-6.856047253273413844e+03
-1.343743499321915078e+04
6.326810314347888379e+03
9.455932202225943911e+03
-1.027904836291299034e+04
-4.204483019419999437e+02
1.482019066442389158e+04
-2.922709906807987863e+04
3.185562606678098291e+03
2.937078442107286537e+04
-7.152587436621604866e+03
-3.240069869018086683e+04
-1.119232565740656901e+04
-7.738266458125258396e+03
1.366790644282161156e+04
-1.074851870426989080e+04
3.535540417100030027e+04
3.564350515544188966e+04
-2.267363042724178376e+04
4.094874085214195475e+03
-3.093299967101000675e+03
1.498027124365747113e+04
1.730693643505490036e+04
1.533497742864471002e+04
-2.399327703245368320e+04
-6.552953274158156773e+02
1.146819243590764017e+04
2.237443656680180084e+03
1.641244554098922163e+04
-1.464093890581683627e+04
9.699676049495639745e+03
1.341426304528836044e+04
1.099349407224360039e+04
1.060050208253596247e+04
1.598023479256345126e+04
-8.289328114603973518e+03
-4.841652139998588609e+03
-9.439087261339467659e+03
-7.315093241573677005e+03
-2.985131944079784080e+04
1.149699561910171542e+04
-1.609046161270681296e+04
2.046987116288592233e+03
-1.614395284291738426e+04
-2.214478668062516226e+04
1.430143720353446770e+04
2.362013480603459175e+04
-1.881793988990267462e+04
2.053485160776055272e+04
-6.726137151743992035e+03
-1.697417304080447502e+04
7.005036207600353919e+03
-2.391181177938694600e+04
5.470975741809598730e+03
-1.516060697864292160e+04
2.450980467034916001e+04
2.999539197482444069e+04
-5.153338173154571450e+03
2.584058104520739107e+03
1.983199393908266211e+04
7.269797686331115756e+02
2.216326528371402310e+04
-9.161107183702944894e+03
1.827706910523678380e+04
-4.965373054105669871e+04
8.501619212998897638e+03
1.988858139099706386e+04
-1.280687106859081541e+04
8.730985034779618218e+03
-2.278133718775481611e+04
3.193851640588644841e+03
1.391752822761348625e+03
-1.149044734648583835e+04
-2.441534761047133543e+03
-5.705127256234073684e+03
1.227515437585373729e+04
-1.231092790376917719e+03
-1.826756980066163305e+04
1.254040950691548278e+04
-9.571338947304904650e+03
1.502418699612772616e+04
1.111392748336856857e+04
2.641522994274410303e+04
-1.858018926672399903e+04
-2.851019555066559406e+04
-1.783064610094952513e+04
-1.328294104812972910e+04
9.531566296281323957e+03
1.276677871251350916e+04
1.750348093727835249e+03
9.193881729744152835e+03
-7.703134382231654854e+03
-2.257396806822947110e+04
-1.007977899122394592e+04
1.608971735835664913e+04
8.941421786772107225e+03
1.939336301432424443e+04
-3.038109789026578801e+04
2.109299975002068095e+04
2.313429519343192806e+04
2.848059760007517980e+04
1.779079894900639556e+04
-2.084541006900546927e+04
-1.899156865667212696e+04
-1.532494717109640624e+04
1.641959957929037409e+04
2.041317646684400097e+04
-6.207865492877914448e+02
-3.881243604693996986e+03
-1.611817185608147520e+04
-1.948390310556046825e+04
-2.071049015403578233e+04
-8.663332703398267768e+03
-1.008062617753789141e+03
7.191110685366160396e+03
-1.772731424428160608e+04
2.015674796783506099e+04
-3.005010704065509708e+04
1.217021595762362995e+04
2.209667329092080763e+04
2.386778666880571109e+04
-1.280512546479015691e+04
1.610909666518304766e+04
2.937500865608372987e+04
2.922121658494800795e+04
6.582133501103461640e+03
-2.999262393864679780e+03
-4.771464052966045710e+04
1.670739924955895549e+04
1.629742572617299993e+04
-4.236455065774486684e+03
-2.888302663517866313e+04
-3.064013768369753234e+04
8.545686713823281480e+02
2.104663641141542030e+03
3.608810839234142622e+04
1.531172584004463488e+03
8.018225050416835074e+03
-2.713698552577758892e+04
2.406676977633704155e+04
1.866238588849877124e+04
1.863665446127444375e+04
-9.011712484746969494e+03
-5.408850242737491499e+03
-3.200237455315102852e+04
-1.513098710193884290e+04
2.367093964624090222e+04
