-4.998980497797582757e+03
3.219667432624989942e+03
1.686533061464741695e+04
-2.458208524297438271e+04
2.049815209086974573e+04
-1.237844423517205541e+04
-1.839289084536836071e+03
1.347225680967737571e+04
3.059244332386443421e+04
1.372864483440340700e+04
2.594633679965036572e+04
-8.659152528393141210e+02
-1.285657254467099301e+04
-9.210758292889961012e+03
6.994761904174162737e+03
3.237380158826712068e+04
1.847578998104653874e+04
1.552513716788686907e+04
-1.368432564100923082e+04
-2.821490419159257272e+03
5.600675701222784483e+03
-2.546967724615917905e+04
-5.812034225864800646e+03
1.928647595926038048e+04
2.243139944185179411e+04
-9.748556437733630446e+03
2.342057634362991666e+04
8.035992606657455326e+03
-1.105776556820237602e+04
-3.731585412610516528e+02
2.833795468834289295e+03
8.706799480319228678e+03
1.611910973726671727e+04
-4.807750242686845013e+04
-1.879655528320612348e+03
1.210358762799777105e+04
3.173435656642212780e+04
-7.120853358000311346e+03
-4.364910182443015401e+03
9.081041523929536197e+03
-1.644324548862360461e+04
-1.040246368211317713e+04
1.797778795603569233e+04
-1.103707938272306092e+04
-3.296230265048304773e+03
-1.038589237975512151e+04
-3.081275011986569370e+04
1.483798678892582029e+04
1.207560976262883088e+02
1.687387465919441456e+04
-5.311952131319905675e+03
-4.568846415921460903e+03
-4.235449129479857947e+04
3.753318782843303779e+04
1.291241590543188249e+04
-1.433342734066372759e+04
7.115018126590247448e+03
-1.043589655310734452e+04
1.895845355322578325e+04
2.516981367797218627e+04
-1.116660672898744815e+04
-8.673999158242513658e+03
2.099853731408187741e+04
1.599907078638688745e+03
-8.562590396153709662e+03
-1.063594029941422014e+04
1.311230803114122318e+04
3.546866373133791785e+04
-1.572586947872247583e+04
6.023793380620882090e+03
3.147870090772567892e+03
9.503497762555915642e+02
3.296741399959168484e+04
-7.994260229135842565e+03
3.183424131128291265e+03
-2.452892690397227852e+04
-4.126968885785326165e+03
3.497908588434161175e+03
-1.563870407722503842e+03
-2.446684249465043104e+04
1.983701469608704429e+04
5.036760667613031615e+02
-1.004208707720515304e+04
-1.178270515522596270e+03
-4.105315542198331241e+04
1.778296631106381483e+03
2.098739827170923036e+03
9.615879941136958223e+03
-9.898918694976844563e+03
2.036701244972772474e+04
-3.014489199691405520e+04
-1.094523521516818982e+04
-1.325014755874451657e+04
-1.896240549287298927e+04
1.141213530517818617e+04
-2.270348191924300409e+04
-1.897834256322137662e+04
2.106680923928535776e+04
3.006615319282515884e+03
-8.958671479949769491e+03
1.333330224689681199e+04
-1.862008097900655775e+04
-3.611752406752424577e+04
3.175835229511203579e+03
-1.594847857866846425e+04
1.707939258554333719e+04
3.339600214423063335e+03
2.461772085044983032e+04
-1.823720791190306772e+04
-1.292197210080373952e+04
1.820444147889602755e+04
5.369980408878940580e+03
-1.751548279665541850e+04
-1.133739956938023624e+03
8.257684833964449354e+03
-1.790726943586975540e+04
-2.602166594000644864e+02
-3.408678788296887797e+04
2.916634525704459520e+04
-3.529504453051288874e+04
-8.845570048357540145e+03
2.529464995432467185e+04
1.013581374597360627e+04
-3.501264298011487881e+02
1.400056622234990073e+03
2.236535809318106476e+04
2.532197860047950599e+04
-2.419149706753023111e+03
-1.232721930259069632e+04
-3.539176208480896548e+03
-9.477688366916407176e+03
-9.639951039366365876e+03
2.080745745922073547e+04
-1.280649935853428724e+04
-2.954260665142586731e+04
9.891552773570905629e+03
-3.810716507765291681e+03
1.001423435158744155e+03
1.022435442048112054e+04
6.676502154430783776e+03
-6.030102804793648829e+03
1.440259198878306961e+04
1.540115240042082041e+04
6.651360760526301874e+02
-1.001846904534589703e+04
2.155538221155170504e+03
1.928899820720226126e+04
2.082738699217851536e+04
-9.318940420592871305e+02
1.691188381929623938e+04
-2.037548820808395976e+04
1.653525418242425076e+03
2.277458641891457592e+04
-1.118208584995657657e+04
-1.112672135396570957e+04
-3.169878615465394773e+02
1.134455016128472744e+04
2.080695531140453386e+04
-1.423676893115925668e+04
1.377285245362225578e+04
-7.958408496459423986e+03
-1.026682380069386272e+04
3.162490727646234063e+03
-4.629248723726724165e+03
-9.768474866475411545e+03
-1.530371222715986369e+04
-8.846143804771469149e+03
-3.109630758274776963e+04
2.242686793878312892e+04
1.189205732458369312e+04
-1.587933122931188154e+04
1.202112406629011502e+03
1.014174306959977002e+04
-1.589128983912948752e+04
-2.636392804798288489e+04
-3.384496343264178449e+03
-9.879035183436801162e+03
-9.453162352355526309e+03
2.580689307422691491e+04
-5.466747234131915320e+03
-3.609452746862488311e+03
-1.896222280022611085e+04
1.838331750420485696e+04
1.285408421232839100e+04
1.845476654727825974e+02
4.929477234624422636e+03
5.293097226295830478e+04
-1.720664593814529144e+04
-2.930012933567849905e+04
-7.637000491598349981e+03
1.972606369723711396e+04
2.401941978802519770e+03
1.150210328083456261e+04
2.142890476988097726e+04
1.094595017420332806e+04
2.095688592545959182e+03
-1.361049529219336546e+04
1.469334039462815599e+04
-5.306848925193312425e+03
1.751244108812030754e+04
-5.346523528759809778e+03
2.672695073951661107e+04
-1.101294817799530028e+04
3.898685085969614011e+04
-1.901517489487436251e+04
3.800015453810461622e+04
1.660888272310849788e+04
-4.775248204474382874e+03
9.411945035590819316e+03
9.036237065354303923e+03
-2.160351211578146467e+04
2.711567140085023493e+04
-2.082450049618204139e+04
8.446642112699872087e+03
1.814870502446772662e+04
-7.314290665114317562e+03
-1.954348687623566002e+04
-5.440466503211860982e+03
1.670810961729194969e+04
-2.843679172231817347e+02
-1.352317365017523298e+04
2.357916912683895498e+04
4.486023659844971917e+03
1.332124616825784869e+04
7.139455713913943100e+02
-1.769558192232442161e+04
3.372819113751557597e+04
5.193808544644606627e+03
-8.701740747293577442e+03
2.339206736373113381e+04
-2.968528435654089208e+03
3.207287867875560551e+03
1.272808679040260722e+04
1.108090726694966543e+04
2.890534058592174006e+03
-1.812901997991940516e+04
2.126975166252273630e+04
-3.198707694472479852e+04
1.108907904149041315e+04
-1.975862957624184219e+03
-8.739577207624248331e+03
-1.556868441453896594e+03
-1.870303456151616528e+00
5.534714097741699334e+03
-1.034101652159853438e+04
-5.547357472851766033e+03
-2.465585027498924319e+03
-2.183408758865453819e+03
1.511460680947801484e+04
1.990226747188136142e+04
-2.842902405731850013e+04
3.299311511541713116e+04
-4.413670369431928520e+03
-3.473261762290490879e+04
1.569444040918362771e+04
-4.656876859038500697e+03
1.752147200227724170e+04
3.363938332346003153e+04
3.221523990194914950e+04
-1.520508179697751257e+04
-1.431307305388600616e+04
1.976040862525065313e+04
1.978227975689514096e+03
2.406224695385017185e+04
1.851493301112610061e+04
