-8.325026027902047645e+03
4.991481181255360752e+03
-1.378870065741982762e+04
5.616332873594150442e+03
-1.785519549550357169e+03
-8.284121025082769847e+03
-2.485140625039926454e+04
2.129911407619697275e+04
3.257216246177070207e+04
-1.400260254950321905e+04
-7.595131911530614161e+03
1.343082128493967866e+04
-2.931184545470128796e+04
-1.236788962223612361e+04
1.040709661441039680e+04
4.839829165195452333e+03
-9.913159503887291066e+03
4.779480899839328049e+04
5.914859480290482679e+03
8.602086037012781162e+03
-1.202791923219479031e+04
2.144438042006706746e+04
1.583696484320512172e+04
-8.760500793464956587e+03
1.907240006409316265e+04
1.858865398636881082e+03
2.137921880523449545e+03
2.066293183565314757e+04
-1.531652842677008266e+04
3.174869918791458986e+04
1.017995220376774705e+04
-2.443096649580850135e+04
1.453822429820644857e+03
4.550816292964208515e+03
-4.210494843328870775e+04
-9.762341256094705386e+02
-1.333865014045978387e+04
-3.806602916803590688e+03
-1.350872584845938036e+04
-5.726910659551502249e+03
1.190013725279235223e+04
-3.652118702691747603e+04
-9.968664951195270987e+03
-2.041212736747619783e+04
9.918477908366232441e+03
3.869245826094991207e+04
2.568757013261843531e+04
2.940627094043249235e+04
3.777265658107527270e+04
-1.479000084766006876e+04
-2.519589920672967492e+04
1.074694603909467151e+04
-2.594205389132725486e+03
-6.946764759015864911e+03
1.795568276534215329e+04
1.800116168921780627e+04
1.499284909901333776e+04
-3.013290137768869499e+03
-2.949943747261864701e+04
2.545541503221998573e+04
4.317940328310806763e+03
-1.548724350647083520e+04
-3.056267978015161862e+04
2.300874296379224324e+04
1.240936428498952228e+04
1.885676275249184619e+04
1.100904404249732943e+04
5.349425988303167969e+02
-2.440335228479612124e+04
-1.386890314035567280e+04
1.278063186542021140e+04
1.953001245254874812e+04
1.038983659169727434e+04
1.846477017426590464e+03
-8.426937450492911012e+03
9.655389848386628728e+03
-3.206437751182213833e+04
2.703030400767996252e+04
3.206682048184786618e+04
-2.858338858866194983e+02
-2.618097705414081065e+04
-1.610786996204470825e+03
1.881636324404016023e+03
-2.026430130981906404e+04
3.748581605808406948e+03
2.333607568862425978e+04
4.681859254546465309e+03
-1.490161764741621664e+04
1.910818413732732370e+04
1.255116796934171361e+04
6.622213852474408668e+03
-4.031856440991674845e+03
-1.426060432354679688e+04
-1.541629011592062307e+04
6.836308402574970842e+02
-1.110249477018951438e+04
-2.117009451289104618e+04
-1.629200807186813654e+04
1.944742101410293981e+04
1.437605829278602687e+04
-4.769637890176762085e+03
1.890713187587246648e+04
-8.024242647499386294e+02
1.002825393709024638e+03
-2.770765127130946712e+04
-3.732995846598468688e+03
-1.001589585206828633e+04
2.071266669735046889e+04
8.014706803408427731e+03
1.310802386404455137e+04
1.611785715276996780e+04
3.099487404362798407e+04
2.685149311764820595e+04
2.785662010154982909e+03
-1.558402343450151966e+04
-1.585407581026847765e+04
5.252490142408436441e+03
-7.092521636060662786e+03
-3.480892901438885019e+04
-2.008652016528483364e+04
-7.805736595239266535e+03
8.660590772508389819e+02
1.786832597166616324e+04
5.435539744516412384e+02
1.078714179619641254e+04
-4.655084062409305625e+04
9.575178154774243012e+03
-2.557354489494265727e+04
2.371240895888970772e+04
3.767984275285822150e+03
-1.006634155379960794e+04
5.386710371334959746e+03
-2.022289808971581078e+04
9.016121141133337005e+03
-1.218736267163864613e+04
3.498402393110358389e+03
2.245462104033047581e+04
-3.971870110639219092e+03
2.813135335463369120e+04
7.082242345840872076e+03
3.035865286458678020e+04
-9.053245239935033169e+03
2.425686970112193012e+04
-2.483639465212800133e+03
-2.215078651618631920e+04
2.731295632590550667e+04
6.569435175730239280e+03
2.583734816725772544e+04
-1.659755807986694663e+03
2.951221613487148352e+04
-3.529521177054893087e+03
-2.480553869667965046e+04
-1.460083268013644920e+04
2.632014012893132895e+04
-1.616485373504928248e+04
-4.048188294240434516e+03
2.030452969438306172e+04
2.190044668123968586e+04
2.398684566181852279e+04
1.445406678008366725e+04
1.115642062098198403e+04
-2.698095148614266691e+03
1.250918025198394935e+04
1.466461044151070928e+04
-1.860901994558267688e+04
6.108538833183666611e+03
2.536739487504335921e+04
-4.400126229886602232e+04
-5.138010304438152161e+03
-2.279148939690564657e+04
-2.452183594978401379e+04
1.053836020552203263e+04
1.559946973991081677e+03
-7.545494829641417709e+03
-9.289250591582918787e+03
1.408235543608547596e+04
-2.499732520034743720e+04
-2.459057856591994096e+03
2.412573199910614130e+04
7.542595207569886952e+03
1.439931430838347114e+04
-5.587145538686506370e+03
1.455403333308000947e+04
2.863825546557423513e+04
-1.628799671204817059e+04
-4.632764131935407022e+03
8.883610011714761640e+03
-6.512886919118251171e+03
-2.101744397466962982e+04
2.569000553511183682e+01
1.843721889315760200e+04
-4.450191472631241049e+04
-2.245425968897733765e+04
-3.540040157216272405e+02
-6.850033840829514702e+03
3.571754547600931346e+03
-2.317745714009364383e+04
2.242716390057024182e+04
-1.543390731287837480e+04
3.619289793547409499e+04
1.922406107786402208e+04
-2.299262984188290284e+04
1.386374381747455573e+03
1.160601439079848024e+04
1.619056647856257223e+04
1.386064119633754672e+04
-1.459689282348679262e+04
1.288545683644686142e+04
-5.703834969735866025e+02
-6.302552659361760561e+03
-2.807731624925646247e+04
2.624325551800428730e+04
-8.115374798035027197e+03
3.183076523898532469e+04
2.053264514737383433e+04
2.948686379167682389e+04
-1.705760361562587423e+04
-6.486305517434863759e+03
2.746662291884694059e+04
2.394022773026469804e+04
-2.298423575319617521e+04
4.602995891067424054e+03
1.466116059995776050e+04
-4.461714921952699115e+03
2.247487953853512590e+04
-3.414362472628412434e+03
-1.310092523626151888e+04
-2.195974430594468231e+03
2.848393923457251367e+04
-1.134570349785488543e+04
-3.827676604907507135e+04
9.900277458377705671e+02
4.212088887902932584e+03
-6.143018687865817810e+03
-2.522060278414444110e+04
1.510296441061527912e+04
6.878530409935878197e+03
-1.074790777560145580e+04
1.023073990281668557e+04
1.120821960533446327e+04
-2.357983406431470576e+04
-6.392912708224980634e+03
1.801575040838369887e+03
1.328175307313165285e+04
6.924495671807314466e+03
-5.745759642279523177e+03
2.656605953273766499e+04
1.610320395301315330e+04
1.095697020863812941e+04
-1.073333322187595286e+03
-4.439101226015397697e+04
1.598568170442715382e+04
-3.341035531903877563e+04
-8.677564144656682402e+03
1.838513455859542591e+04
-2.376005465365399868e+04
2.086403134627746840e+04
1.057426854132510562e+04
3.774725361243339285e+04
3.750382432761835844e+03
1.636182863037673451e+04
1.936963569444371387e+04
-3.948876489513063007e+03
-1.707935129779448471e+04
-3.187621091107285338e+03
