-1.076354475715040098e+04
-1.579596711365500778e+04
5.325555734028553161e+03
1.890313327714284605e+04
-8.231739075234087068e+03
2.304786607246963968e+02
-1.206096617871359740e+03
-7.876352982202980456e+03
8.388803361043006589e+03
5.488705026660632939e+03
-2.842002554726654853e+04
2.175627948872001434e+04
-2.222275940497948613e+04
-2.824844040369367576e+04
1.222722587346137152e+04
2.000305186693198630e+04
3.369632518560295284e+04
2.999137294842858682e+04
1.258768149506458394e+04
-3.120645324902954599e+04
7.935210897823283631e+03
-1.005452630801362466e+04
1.559525061053593890e+04
2.293540221525323796e+04
-8.583850734021259996e+03
2.771882746135737307e+03
2.998065861421537920e+04
-6.402464778082217890e+03
-7.031816074820695576e+03
1.258570211680846114e+04
-1.683636079696478919e+04
-1.567699496798019936e+04
-9.134143159655690397e+03
-4.516655172532955476e+03
5.149309143869440049e+03
-1.306827285579566524e+04
2.600288628732602319e+03
2.444841609939491536e+04
1.677821320893667507e+04
1.525702130455555562e+04
1.680704718033437530e+04
-4.713568452790981610e+03
-1.417131448795508913e+04
2.023688510888186784e+03
-1.592241716852538048e+03
-9.364369886458021938e+03
4.965234013643617459e+02
-8.140566033416162099e+03
3.031821048362638248e+04
4.072064662890842737e+04
-4.364611719355399691e+04
2.690184555005915536e+04
-3.914942346346638806e+04
-1.512887959155530370e+04
2.473073363775172038e+04
-2.534843956994352266e+04
1.279451182987818902e+04
3.141771949185817903e+03
-1.607345831347298190e+04
3.057443795350097844e+02
-3.555872143427031551e+04
-5.260203481742450094e+03
-2.413603585714853125e+03
-8.387938225976233298e+03
-1.149349878934934168e+04
2.041663174111338230e+04
-3.353232928557746618e+03
1.713657983096996759e+04
-1.379040091522311195e+04
-1.321392020979855988e+04
-1.563700478107443996e+04
-2.404594798841001830e+04
-8.282360058520249368e+03
-3.888931439166369091e+04
4.282199636101686337e+03
2.009846758928291092e+04
8.462483983376150718e+03
3.113442045923825935e+04
1.144977008294295592e+04
-5.039798313400713960e+04
-3.253279405624340870e+04
-1.109960186532785519e+04
8.894251379141318466e+03
-3.104178053724448546e+04
-2.115936376211011520e+04
2.323412094524487475e+04
-5.285516878777780221e+03
-2.350652826620233100e+04
-3.237601594661143099e+04
8.251320769090456452e+03
-2.504709197790651524e+04
2.138670333210375975e+04
2.684408505112543025e+03
2.000438548870418526e+04
-5.099715800154454882e+03
1.030166421690859806e+03
1.101719381082492328e+04
-3.107252569841512377e+04
-1.583825044246271500e+04
-1.176691692001831143e+04
-1.605390182203154654e+04
9.980057974332359663e+03
-7.864002032553731624e+03
-1.199789451489720250e+03
-9.507679470068582305e+03
-7.909941966299174965e+03
2.365350383730387694e+04
-1.740185786276169165e+04
1.785076272943715594e+04
5.767244131143012282e+02
-3.689909382091405860e+04
-1.879595172409456791e+04
-3.141296542422576022e+04
8.525300495864557888e+03
1.172344343476903305e+04
-1.892746284607295092e+04
3.276835050653915096e+04
-5.292524224422549196e+03
1.548439325404677584e+04
-4.423788704999616129e+03
1.882341748854401158e+04
1.685327231455702349e+04
-8.889538150923353896e+03
-2.477495450904086101e+04
7.961239481466382131e+02
-1.770776960793424587e+04
1.231569714241543443e+04
1.667669485165179503e+04
3.284376954535500408e+04
-3.042121998677906504e+03
5.563439058699497082e+02
2.667125315536897324e+04
3.071838521999672230e+04
-1.744601981878723018e+04
3.513877241999847320e+04
4.424125132909596687e+03
7.286748893905275509e+03
2.164875225816031161e+04
2.551005718938822611e+04
-2.295419394774957618e+04
-2.834128726351886871e+04
-1.028511501060702358e+03
2.838284635594362408e+04
1.770544463892708518e+04
9.220397866447352499e+03
5.758980868943984888e+02
1.188080955288097539e+04
-5.753352230581622280e+03
-4.762571749783452105e+03
-2.717696675295541354e+04
-4.898201176022441359e+04
2.008417448418464119e+04
2.991909459852309396e+02
-3.115589570813513092e+03
-1.175757976645258896e+04
3.730060313725203741e+04
5.934206180412766116e+03
-9.050377731192691499e+03
8.505905686238505950e+03
2.097969994960089025e+04
-1.381944053961052487e+04
3.544355148949431896e+04
-2.677363956606664578e+04
-1.556600501403913404e+04
1.166328287561460820e+04
1.201961970260618000e+04
-2.559922107986949050e+04
-4.064267637124044541e+03
9.773834361226712645e+03
1.353806567543518577e+04
1.768728315983178254e+04
-1.142351766413997211e+04
-3.949382430970324094e+03
1.013190042592218015e+04
2.216520539639620620e+04
-7.381872538566344701e+02
-5.199692429053392289e+02
-2.241454788803299743e+04
-1.165679210902761952e+04
1.582440152546253921e+04
2.688652761441295297e+04
-1.940113731898322294e+04
5.039538350095548594e+03
2.579262192774702635e+04
1.206115974849632948e+04
1.455602626957490793e+04
3.226806949677085504e+04
1.337852043224467161e+04
-3.417626307012779580e+04
-2.132535981662046106e+04
5.922712590801051192e+03
1.447908731619618993e+04
-2.206941938068429590e+04
-2.185348889148998933e+04
9.139411482824964423e+02
2.185045717436048653e+04
8.032400164533209136e+03
-3.787818582361070730e+04
-1.521454726407764429e+04
1.552212294969256982e+04
1.132227888022871230e+04
2.302636901485819544e+04
-1.484342238277739671e+04
1.337395949554681829e+04
1.233579490603802878e+04
-1.556373046803573379e+04
-8.529782318286066811e+02
7.797427096400680057e+03
1.246214643417761545e+04
-3.048081085927883396e+04
-4.518330965728485171e+04
1.309702292996430333e+04
-3.943048490767536805e+03
-1.543361302197192163e+04
3.590627407286395737e+03
9.028726601745776861e+03
8.295748235249033314e+03
-3.533906386439993639e+03
1.098742582991670861e+04
1.850595515023027838e+04
-4.154028397001355916e+04
1.106454031450112598e+04
-1.326520174744038968e+03
1.843789744600590711e+04
2.379339190873915504e+04
-2.377557917490203636e+03
-1.162630344917291936e+01
-2.259311900977311234e+04
3.706658583298664598e+04
5.971222669299525478e+03
-3.856277951372034295e+04
-6.972242354985311977e+03
4.680151845252178464e+04
-2.864555348752462305e+04
-2.077583731939238351e+04
2.502723646728942128e+02
2.431453458697090537e+04
9.396818078721153142e+03
2.920140927342810028e+04
-7.079357671358203334e+03
5.754070143667566299e+03
5.846369239778723568e+03
-1.292424794875177395e+04
9.225916603260082411e+03
-2.496352716574097212e+04
2.439476488547894041e+04
-1.772726422977842230e+04
1.261283142115660849e+04
5.413907128213628312e+04
-1.658011676013953183e+04
-3.189761229770171485e+04
3.777643246508225275e+03
-1.588605517957842676e+04
3.619921007594036200e+04
-1.224141911391392023e+04
1.913494720895724095e+04
4.633719726172046649e+03
-1.890626761032639479e+04
3.341645536388251639e+04
-4.772018560181830253e+03
-1.043204326185171522e+04
2.924188368857552632e+03
-6.353196478405326161e+03
1.628862761883007988e+04
-8.318757495287447455e+03
