1.627338854344128595e+04
2.187329110008057251e+04
2.002599549934782044e+04
-6.041011874801479280e+03
-1.227058158410916440e+04
6.448378490076697744e+03
-1.834803642593703989e+04
-1.206929823484537337e+04
3.900786889818443888e+04
1.010231604483394585e+04
1.972978199046607187e+04
5.361097166581221245e+03
-1.268047379218356764e+04
-1.166990275542469135e+04
-7.480385361324189944e+03
6.409083899637523245e+03
7.166141065453532065e+03
2.840955316302154824e+04
-1.763663763025333174e+04
1.860973874779888865e+04
-2.028050552560955339e+03
-1.046863319577183802e+03
6.442639200257318407e+03
-3.002000915561792863e+04
-9.969689861086249948e+03
1.314829785131980680e+04
1.831598340269135224e+04
-1.512818505881149031e+04
1.317077180137250980e+04
-6.363426327252179362e+03
-1.883914567321711729e+04
3.399746156029788108e+04
-3.220787312168452843e+01
8.820938440635472944e+03
8.907398832549573854e+03
-1.671444219710831749e+04
1.394424556207064234e+04
-3.641445652454320339e+02
1.033056392391035297e+04
1.819555508288492274e+04
6.441753236954755266e+03
-1.022123363690392762e+04
2.553158387273978224e+04
-8.753594747559503958e+03
1.795963446924518939e+04
7.510008450065575744e+03
-6.609006839403255071e+03
-5.205261952287644817e+03
8.675855593021771710e+03
2.015610481939562669e+04
2.126711430024922811e+04
-3.237427116151562950e+04
-1.576172534232437283e+04
-5.402025508456474199e+03
3.199003341205438119e+03
6.027373487993449999e+03
1.211082756728329514e+04
-1.625153091864446105e+04
-4.429910753231289391e+02
2.490913742831980562e+04
-1.557036425848669569e+04
2.559646061458570694e+04
-5.010745349008402059e+02
2.295451921110522744e+04
1.254780053525698895e+04
-1.312542125488369857e+04
-2.292264112906149967e+04
9.818349619264690773e+03
4.952152288473709632e+03
2.938405397691954568e+04
-1.279400725318382865e+04
-1.891726438517384668e+04
4.459981776781201006e+03
-1.704324813887288474e+04
-3.401536675787690183e+04
1.108415443980678901e+04
3.687150194826701772e+04
-7.128673562215264610e+03
-3.011666512375396269e+04
-1.015081700849383014e+04
1.550986970569306322e+04
-6.379441563450228387e+03
1.041628173313371917e+04
-1.238440913527227895e+04
1.188284765246180177e+04
-4.337958716706238920e+04
-1.184907106730560190e+04
-6.499570924955733062e+03
2.866495038643656153e+04
-2.301025248568061943e+04
-6.410184553253184276e+03
-7.148898864509701525e+03
-7.061398277650997443e+03
-8.539522175437419719e+03
1.342976604024690096e+04
2.658447185962027561e+03
9.028707952988991110e+02
5.940195237214673398e+03
-4.999300554019484480e+03
-2.769317717879276461e+04
-1.143806135052115133e+04
1.383168445640571372e+04
-4.478703067054281564e+04
-1.855715974157070377e+04
-2.235888634857585203e+04
-1.781994064254518162e+04
1.291656599177853604e+04
1.408924157683714384e+03
1.567153560034362454e+04
-1.407758525995672471e+03
-1.398863588768344243e+03
1.283811407245574810e+04
8.619657789802085972e+03
1.455417245659628679e+04
3.503055837665922445e+04
-3.345966064381023170e+04
-4.350263184186019316e+02
-3.827424913170821674e+04
-8.041936964127336068e+03
-9.471091688725893619e+03
-1.806286573358259557e+04
-1.101646292352187629e+04
-6.484154059274242172e+03
1.158908345925240974e+04
1.766048971566475666e+04
1.397565298784097649e+04
9.063095041050957661e+03
4.545532966697590382e+03
2.398108454355181311e+04
3.535217471341505643e+03
1.725986569432271790e+04
-1.108365097561686298e+03
1.203857944479758953e+04
3.739209660979453474e+04
1.961578663208042053e+04
1.404164731035544173e+04
9.340560686434244417e+03
6.718344753336182293e+03
4.342634525780918193e+04
1.015207496808282849e+04
2.272229622028035737e+04
-5.269791327844305670e+03
6.039723541383284555e+02
1.196885844404037198e+04
-1.535320029314027488e+04
3.220705670684584038e+04
-2.346320352569934403e+04
-2.485043794677758342e+04
2.391707856751883810e+04
-9.359038252004876995e+03
-2.211407926511448750e+04
-1.287568855883032302e+04
-7.331734534098484801e+03
-1.552698513506071686e+04
6.139079146385321110e+03
-7.701731552185705368e+03
-7.179762072800543137e+03
-1.519179361629837149e+04
-5.209342065261350854e+02
-2.300050052984093782e+04
1.080938073556145901e+04
1.083392800474468231e+03
-1.726809502533860359e+04
3.081642426964522019e+04
8.030629217375333610e+03
1.455678687332358095e+04
-1.412266912862205390e+04
8.287714350542584725e+03
8.549986835686850100e+03
-3.893661533832801797e+04
4.969049648454022616e+01
-2.933695548901771417e+03
-2.127325237858862965e+04
-1.004745535088536053e+04
3.144821560541967847e+04
-3.242272082468284498e+04
1.671572287228304413e+04
-4.542086102388672771e+03
-8.220345421336302024e+03
1.408147949869268086e+04
-1.196681069906039920e+04
1.358674413039194405e+04
-5.225887695608006652e+03
5.527421091284036265e+02
1.113447051254963844e+04
-1.209871321867625011e+04
-3.730278739748570661e+04
2.023417716716223731e+04
-7.357811665041193010e+03
-8.865869866792187167e+03
-1.091101654688976669e+04
3.204457936844425785e+04
-2.031843502296199586e+04
-3.739952527069102507e+04
-2.062938010006986588e+04
6.228850098320382358e+02
2.672270626022328725e+04
-1.726064807813285006e+04
-7.901064400314165141e+03
-7.124490527843386189e+03
1.064323426889243638e+04
-6.374862918605355844e+03
-6.467340660761380605e+03
1.681344368173949624e+04
-1.896076069460029248e+04
1.708420110560595276e+04
-2.385977829996853416e+03
6.788412268713914273e+03
6.918601820879274783e+03
9.062731905203640054e+03
-1.885384161092505747e+04
2.292728356242735026e+04
-1.977519402234141808e+03
7.680465154940399771e+03
3.288375671276715730e+04
7.285527917734584662e+03
-1.163222512991008261e+04
2.203597741122439857e+03
3.574933411762787728e+03
3.867902582602921029e+04
-1.519679426416763818e+04
3.513907610620628930e+03
2.869053745449819326e+04
4.252300436043197806e+03
9.731858916098877671e+03
-6.461661561032831287e+02
-8.408972978906238495e+03
4.033075032111391920e+03
-3.333646081373178731e+03
2.040939943977700750e+04
-1.909715236584968807e+04
9.926669226463664018e+03
-3.170868575294217590e+04
8.510796676624115662e+02
-2.323029616405296474e+04
1.361183146600497275e+04
1.186867314391885702e+04
1.759598387516967705e+04
2.916875891699749627e+04
1.444567032978920906e+04
-1.768652133190198583e+04
2.201374104628385976e+04
-7.355698358798061236e+03
-1.145012257332470654e+04
-6.316275518170814394e+02
-1.598459155473492137e+04
1.637037338937593267e+04
-4.038330348563830739e+03
1.080438331986171397e+04
1.341262762202284830e+04
-5.758735885100383030e+02
-9.420935901079537871e+03
-1.485903991962341706e+03
-7.914614386642267618e+02
-5.739263390076581345e+03
-2.265059039201050109e+04
1.261957016918419504e+04
-1.413385156970985372e+04
2.194651356338721598e+04
1.419383639597010006e+04
-9.537174062194621001e+03
5.745274893874611735e+03
-1.736660631125540135e+02
2.071068117543444532e+04
2.810869577497579667e+04
