9.415268041041161632e+04
-6.412135075893390604e+04
-3.885781318663828279e+04
-9.537761591226958262e+04
3.405109885165459127e+04
1.718971060189089621e+04
7.671916241897497093e+04
9.423204917717279750e+04
-6.681058505017420975e+04
6.624176305465196492e+04
-9.979712756972108036e+04
-9.193769779078282590e+04
-1.790631322271474346e+04
-1.063408273078603088e+04
-3.662333602548022463e+04
3.853882363919509226e+04
7.538098852390612592e+03
3.325143597819047864e+04
4.814762608129464206e+04
2.788251190390311240e+04
4.574419398612467921e+04
-7.728955225778146996e+04
1.705610265949186578e+04
-9.390260326818286558e+03
1.171570358955506526e+04
-6.479446458114394773e+04
9.387835935654112836e+04
5.694954537755611818e+04
-2.277219320525201329e+04
9.391584541031246772e+04
9.106485895649928716e+04
-5.725616830021127680e+04
-7.494918610874513979e+04
-2.408588247460748244e+04
-3.468661738127178978e+04
6.658904974385909736e+04
5.162061116819470772e+04
-8.667156226157226774e+04
2.768956280518541462e+04
4.701637053602843662e+04
-1.333371068283697241e+04
2.768374713022065407e+04
9.631143349721553386e+04
-4.609611708031318267e+04
1.633203193364548497e+03
8.817897021696978481e+04
-1.246279244128381833e+02
-2.387346965240249119e+04
-7.359195662219988299e+04
4.365706514470794355e+04
-1.771321780501239118e+03
-3.896845199105922802e+04
9.340381260274714441e+04
4.360099013223941438e+04
-4.790612358221655450e+04
8.818279824069724418e+04
-2.100108565639624430e+04
-7.624383380834982381e+04
3.520702272119332338e+04
8.338962846995904692e+04
-9.433398103078798158e+02
2.791226400890914374e+04
5.487276288132954505e+04
-8.013148507206419890e+04
1.873790438318338420e+04
3.751552256374698482e+04
7.818477558711607708e+04
2.069724468960035301e+04
3.719973937631570152e+03
-5.898299893449463707e+04
-5.491846776638514712e+03
4.900157997417540173e+03
-9.282578125701373210e+03
8.573296772452894947e+04
-7.853166220687543682e+04
-3.228986867803632049e+04
-1.189512583428589278e+04
-5.704204912729382340e+04
-6.664863740951982618e+04
8.222710347304694005e+04
-2.183293697922532738e+04
2.639944633678530226e+04
-6.321123125491097016e+04
-4.319258435336981347e+04
9.803122727158683119e+04
9.475918787876580609e+04
-6.712236289034585934e+04
4.054860560671440908e+04
-6.522195723930339591e+04
-1.522816356600412109e+04
1.943841917588158685e+04
-6.014955089078244055e+04
2.168868027983537468e+04
8.885724025887515745e+04
4.642012890315451659e+04
5.279317684545449447e+04
6.092635639457427897e+04
2.288776142925348540e+04
9.831065311146463500e+04
2.817463549217634136e+04
4.915785642321992782e+04
-9.770127620076935273e+03
3.001075313763094891e+04
3.062014995039966016e+04
-2.516903363629351952e+04
3.782553323217504658e+04
5.750557602816339931e+04
-9.508693445983831771e+04
-8.567167212219224893e+03
1.635341833107013372e+04
5.970314952970022568e+04
5.494022539879468968e+04
-5.510089388963541569e+04
4.744784855464618886e+03
-6.317018023514420202e+04
-3.267801401347268256e+04
-3.616947655935693911e+04
-4.662772932440500153e+04
-8.197565055664761167e+04
7.924752177857395145e+04
4.194739262143723317e+04
-4.304168589255629922e+04
-6.227317745708979783e+04
-6.917688212579204992e+04
-1.233764231013010431e+04
-3.970523865106209996e+03
-3.362911999516531068e+04
-1.855050134958863782e+04
6.859777225229525357e+03
5.012178842142177746e+04
1.919361880381271476e+04
-1.118043455681401247e+04
-2.339753761340599158e+04
8.770515175531370915e+04
6.591306604433062603e+03
7.834526129180419957e+04
-6.697833772186130227e+04
3.551242909593007062e+04
-8.712241626181770698e+04
8.900152590476645855e+03
-7.840051472810735868e+04
2.614735527371527860e+04
-1.348521642908666399e+04
-4.946297202059926349e+04
4.751057079992190120e+04
-9.000268473445069685e+04
6.807695345330509008e+04
-2.611960139418741164e+04
-5.612206265906048066e+04
2.574842444615467684e+04
-2.007007750551775098e+04
8.685066111861946410e+04
1.902323946764136781e+04
-2.361491610313263664e+04
-5.450876215817568300e+04
-6.623875084398771287e+04
-3.009080292624952563e+04
1.197748933775263140e+03
3.183389178215587162e+04
-8.995053989330936747e+04
-7.977320065671243356e+04
5.153985746989061590e+04
-8.724019084493091214e+04
-9.217547174328529218e+04
5.212230164334358415e+04
-4.492769309206487378e+02
2.737515250119238044e+04
-9.877576050434660283e+04
6.963424617107646191e+04
6.474716151330986759e+04
2.808097342559340177e+02
5.306074498632663745e+04
5.137075602038571378e+04
2.346704303088221059e+04
-2.362712479449933744e+04
-2.067319257589055633e+04
-5.622502353627600678e+04
-3.811372125071143819e+04
2.671110201900881657e+04
5.783002963436834398e+04
-3.072042177149171766e+04
8.497489564733041334e+04
-4.605762191215412167e+04
5.883882216858136235e+04
-4.803483406151823147e+04
-9.066330357149014890e+04
4.818073095859048772e+04
-5.175180832859638031e+03
9.924655510097261867e+03
7.635585979847528506e+02
-6.712128090513020288e+04
-4.059275707678302570e+04
-8.523011649721743015e+04
7.441201810193853453e+04
-9.446577535197377438e+04
-1.514929490973865904e+04
-4.748447851152481599e+04
3.616908390687545761e+04
-1.971438776065368438e+04
9.298138985540095018e+04
-8.709898856556163810e+04
7.505938813157612458e+04
3.951867833421606338e+04
-3.006166590853118396e+04
-2.333797322783083655e+04
2.186982614520062634e+04
8.712857765458087670e+03
-9.462456139072022052e+04
4.576708441412169486e+04
-3.714954701969495363e+04
-2.801673298251752567e+04
-6.159148995255596674e+04
1.609310426489019301e+04
7.774703319089586148e+04
-2.685020861711325415e+04
-5.575824717535431409e+04
-6.496999260828189290e+04
-1.906750629335301346e+04
5.252048934397476842e+03
-4.321619189382015611e+04
-7.853723038842521782e+04
-6.749582874930219259e+04
4.597637508081455599e+04
4.492278075310366694e+04
9.688500835796067258e+04
2.724118393486458808e+04
-9.096746510187123204e+04
-7.293528398040018510e+04
3.803818355358950794e+04
1.027969885933284240e+04
4.948455441760591930e+04
-8.135134160057285044e+04
8.207386720934911864e+03
-5.272871017602097709e+03
4.768428547485632589e+04
-5.400204412163955567e+04
-3.508747611602071993e+04
-3.547719211392590660e+04
5.149605294705388951e+04
-5.363832998965654406e+04
6.910292847508320119e+04
-5.584087282186855737e+04
-1.909136538084338827e+04
2.279662391230663343e+04
1.426895683931847452e+04
-5.734095358839861001e+04
9.487435248874270474e+04
7.619398542653003824e+04
4.757503220301674446e+04
7.314381159375852440e+04
-2.945587606574573147e+04
-3.375039349045358540e+04
2.717529417402428226e+04
7.739505804696129053e+04
-9.081721826824796153e+04
9.724021331977628870e+04
1.226847839423701225e+04
8.972085044522507815e+04
5.736344694914706633e+04
3.263197833635701681e+04
-6.462195290418375225e+04
1.660206339766834571e+04
6.247254483528019045e+04
-7.062729870354103332e+04
7.396873762706603156e+04
