4.393045860924650333e+04
4.228158684119509417e+04
3.114005664094295935e+04
4.779679653423372656e+04
9.717764860837598098e+04
2.399477071171547868e+04
1.955336455505021149e+04
-5.362701689068356791e+04
5.195125467431024299e+04
7.145450810446141986e+04
-7.919246161498909350e+04
-2.600859670168394223e+04
-2.242899947338717175e+04
-6.149039916178733256e+04
1.717042665887414478e+04
6.675039987516723340e+04
9.771947094274149276e+04
-3.647061406341764814e+04
5.072052471597678959e+04
2.764739992061797238e+04
-9.089765668410528451e+04
6.549149542960675899e+04
-9.471542285627149977e+04
3.257249921389567317e+04
9.358687055238173343e+03
7.984896611307357671e+04
3.699309520439794869e+04
6.851514788779724040e+04
2.600772331322084938e+04
3.750203597226421698e+04
4.114459971340911579e+04
-7.590097551423285040e+03
-6.561022347756352974e+04
-8.747954870859885705e+04
7.633862949124636361e+04
9.298637345045604161e+04
-9.496456863272542250e+03
-6.224687466424978629e+04
2.347582800065775518e+04
7.547201804540315061e+04
8.319472169710480375e+04
-7.820892458822974004e+04
7.997980740515945945e+04
3.133118553964589955e+04
8.354870599276371649e+03
-6.198099312981106777e+04
-8.473390239569777623e+04
7.282305523379505030e+04
6.084207457241023076e+04
-1.786603886514350597e+04
5.252061604531269404e+04
-9.564692464109412686e+04
-9.837439757944017765e+04
-2.439389311097163591e+04
2.796670022547134431e+04
-8.619255737898129155e+03
-5.943233360917150276e+04
8.112031152572596329e+04
-6.573919072978857730e+04
-1.665579653335576586e+04
2.277749237918743165e+04
-8.298106463897993672e+04
-8.308141367989589344e+04
-7.936542178686174157e+04
6.893046085727476748e+04
6.323019218623480992e+04
-6.053181851839357842e+04
9.118928565368207637e+04
-3.887078952203087101e+04
7.303110594286950072e+04
4.699084227658322197e+04
9.902037538696412230e+04
-4.061239905572520365e+04
7.157256043448636774e+03
-6.217954557825666416e+04
-3.881491501622695796e+04
-7.221037467975310574e+04
4.823907884735747939e+04
4.477543100206434610e+04
-7.705742048984582652e+03
7.978061490730664809e+04
-5.357117315123222943e+04
-1.088347635574305605e+04
-5.546160763272680924e+04
-1.272052540230892191e+04
-2.473044106507720426e+04
8.972302000687611871e+04
8.319157273628658731e+04
7.701592716272635153e+04
-7.084657702174388396e+04
9.077196042439786834e+04
-2.369150613090023398e+04
1.019462829380594485e+04
7.302104027304382180e+04
-6.304697653439304122e+04
6.817126195207302226e+04
-3.205875261931656860e+04
-6.481669992891317088e+04
-9.958172534509605612e+03
-5.023789402352845354e+04
-2.755859426296259335e+04
-3.706987854790766141e+04
5.565602317866409430e+04
-5.995007907312170573e+04
-2.747217115136486245e+04
9.916902020994812483e+04
-2.190983475696016103e+04
-9.688172015953056689e+04
-6.271118362951442396e+04
-4.061744754169134103e+04
8.486599945080844918e+04
2.688385959861290758e+03
-4.723586122673890350e+04
-6.107061194078184781e+04
6.393655464589974144e+04
-7.712276657235974562e+04
-7.328614448336976056e+04
2.297931115652318113e+02
7.643357272754007136e+04
-2.432016464552572870e+04
-2.958089742753526662e+04
5.019466411098919343e+04
-7.504455199176400492e+04
9.387383192661462817e+04
6.010274815404019319e+04
1.693024457445315784e+04
-6.473628262208943488e+04
6.540246975713130087e+04
1.355561261182729504e+04
-4.828522868101589847e+04
3.962311906043341151e+04
2.734040084914784529e+03
-6.475311935531999916e+04
6.539905656601852388e+04
6.768274438684078632e+04
5.566417768596313545e+04
-4.666433841680409387e+02
9.336959562424808973e+04
2.187812576360990352e+04
-3.904118801567206538e+04
5.594735227584367385e+04
-5.606734391719174891e+04
-1.692594932535380940e+04
-3.548869716148734733e+04
-8.048628482997186074e+04
-7.028817393540829653e+04
1.483594629304273985e+04
5.394749391115241451e+04
-5.795980418128942983e+04
6.084918718548165634e+04
4.004819300416827900e+03
-7.089576518984737049e+04
-8.431276725584373344e+04
-7.438649751205781649e+04
7.065823851331172045e+04
-2.297598014979113941e+03
9.039624829094120651e+04
9.010573425672636949e+04
-5.875467934468672320e+04
-6.784119019562155881e+04
1.617569447151997883e+04
8.215047008197847754e+04
2.865289865954381821e+04
4.278008916739391861e+04
-8.798190392202581279e+04
4.498426676292406046e+04
-4.614483687932678004e+04
-2.471045892950103735e+03
-3.324064969214239682e+04
8.235386246000003302e+04
-1.035529706675399211e+04
5.746799146511065192e+04
2.630068892060546204e+03
3.954118838778717327e+04
7.635369347683861270e+04
8.989818991065258160e+03
4.509872623889171518e+04
-4.563057364472145127e+04
-2.304116542533993197e+04
-3.354730541036363866e+04
5.171644164817125420e+04
-6.075594444512321934e+04
-3.193895145229030459e+04
7.082955757733638166e+04
5.592788199158012867e+04
-9.514035450995515566e+04
-5.147008463916922483e+04
-1.275993644001196662e+04
-8.430821823226546985e+04
-7.779997102682969125e+04
8.715285712830393459e+04
-3.665088821514816664e+04
6.940426803828444099e+04
1.791114114755881019e+04
6.554311635799318901e+04
-1.257836100259954401e+04
9.424781454500529799e+04
1.390368285000482865e+04
1.591051638690181426e+04
4.140590330088298651e+04
6.369692655901933904e+04
4.053981516533155809e+04
-3.038701959376988816e+04
-9.754244654826780607e+04
-2.505391280791304598e+04
-6.156974916678303998e+04
-6.946380715280314325e+04
-7.089980126018378360e+04
3.069647405412967782e+04
-6.943968309885959025e+04
1.985010534842149355e+03
6.836189631928227027e+04
-6.854353719662864751e+04
4.208738726752228104e+03
7.976265645572621725e+04
-6.783631844789430033e+04
1.808975554092209495e+04
-2.728279808785257046e+03
4.801783612565137446e+03
-2.303367385812455905e+04
-5.121831171758996788e+03
3.062208916684416181e+04
-3.363812663095249445e+04
1.246266918007943605e+04
-9.996362465475653880e+04
2.160535170833235316e+04
-3.415088658867724007e+03
1.054784590466566442e+04
-6.429360755909956060e+04
8.138545130705230986e+04
-3.031645518294113572e+03
-5.794407424289295886e+04
-5.025339940252721863e+04
-1.424227203679569357e+04
-3.013363152771693422e+03
3.607128459268613369e+04
-3.928911103114009893e+04
-4.139877994835412392e+04
1.660842392261537316e+04
6.235813499794472591e+04
-4.348830073086882476e+04
-8.198464500772497559e+04
2.329888527741743019e+03
6.606119621222911519e+04
3.104107766317046480e+04
3.307874317791787325e+04
-3.582484775570049533e+04
-6.938910038582980633e+03
-7.996639545292439288e+04
9.978937023714798852e+04
-4.600757717214023432e+04
-2.743399081868567737e+04
-3.053629165065869165e+04
-2.793723006180253287e+04
5.355103950838875608e+04
1.870838155939579883e+04
8.006524266103893751e+04
-1.438361608902849548e+04
2.404237011157035886e+04
5.478209995106753195e+04
8.861670707360233064e+04
5.709946246833080659e+04
5.881289211329928366e+04
-8.597368265094737581e+04
2.612561537051880441e+04
