9.728798132852424169e+04
8.434658781197303324e+04
-4.085994878013036941e+04
3.122145693513035076e+04
-1.865481926476457738e+04
4.702320196838324773e+04
9.601685564092593268e+04
3.522817024140633293e+04
4.298513038189397776e+03
2.063684113728733792e+04
2.529640329045323597e+04
4.689213707701364183e+04
9.211750519845899544e+04
-5.461648517691655434e+04
1.936867523471490131e+03
1.402928032810594596e+04
-4.417895429010096996e+04
1.479044974935463688e+04
1.883577392361375678e+04
3.144201755678030895e+04
-8.324121085215563653e+04
-8.680158930130647786e+04
-3.120052906862729287e+04
-7.122255471236610902e+04
3.299525579111636034e+04
3.694251470624475041e+04
-9.737228854136390146e+04
-1.309235587476927321e+03
-4.431621497842981626e+04
8.739642183474998455e+04
2.325561300841698539e+03
4.424802030987237231e+04
2.005357445698988158e+03
2.850944833761939663e+04
3.247217189326672815e+04
2.133520095799086266e+04
6.685500534957743366e+04
-1.293034012410971627e+04
1.474611701934150187e+04
-2.763909231824203744e+04
-7.187748090833133028e+04
-4.200748843108905567e+04
3.263610291025732295e+04
-5.721271945781652175e+04
9.960616112362639979e+04
1.095219347414195363e+04
4.998932432995986892e+04
-7.071119857845483057e+04
6.966442446568323066e+04
3.283208088731573662e+04
-9.904640946333786997e+04
-3.992333906312388717e+04
8.327430276891903486e+04
6.331195120608696016e+03
-2.543679996263618523e+04
-1.570756630195520120e+04
9.165465542820104747e+04
7.834243824411588139e+04
-1.671470590531612106e+04
-2.863287019194233289e+04
9.028465862062710221e+04
4.584258841779088834e+04
1.081991857362199517e+04
-2.011615221141309303e+04
1.359245762411043688e+04
-7.436730351705223438e+04
-5.159594197512287064e+04
9.655015907608962152e+04
5.096038904965031543e+04
6.784396521109397872e+04
-4.911487697843346541e+04
-9.571082543770957272e+04
-6.261752040723706887e+04
1.231261618723548600e+04
-3.024349531674607715e+04
8.359349518095620442e+04
4.357799345087344409e+04
-3.312238384639036667e+04
6.008886185783066321e+04
-5.337373648328103445e+04
7.877187843393956427e+04
-3.134641407421558688e+04
-3.250434684093337273e+04
7.118026439310927526e+04
-7.330170945448524435e+04
-3.986922624013244786e+04
-2.191383832014565996e+04
5.585605369867073023e+04
1.593231311493203975e+03
-4.385796101044445822e+04
4.908006435074406909e+04
7.273686800219622091e+04
-6.570584144991010544e+04
3.398131726155561046e+04
4.228677181472134544e+04
-9.398497854132506473e+04
-9.165986433243130159e+04
8.165935071140652872e+04
-7.911047744987547048e+04
-7.361706014393144869e+03
3.837673786274410668e+04
6.835243165146990214e+04
-1.810633294042909984e+04
-7.822148660177769489e+04
1.502715355694456957e+04
1.736399656475566735e+04
-5.768366953724508494e+04
-9.578603116854751715e+04
5.057803644108906155e+04
6.137952892865074682e+04
7.519107791716704378e+04
2.561286572503687057e+04
-9.902628300728650356e+04
-8.842291966377942299e+04
3.312278072565983166e+03
4.136453193212335464e+03
3.453267039625221514e+04
1.079837399495126738e+04
2.994788771502763848e+04
4.720905219322501216e+04
1.169108430393259914e+04
5.128495166009219247e+04
5.283172523034576443e+04
-7.288319957508817606e+04
-2.812442158023340744e+04
4.209162935955368448e+04
7.262898583825625246e+04
6.313596858727646759e+04
2.206520116654790763e+04
-1.383935624069896585e+04
4.796222951158840442e+04
6.182449503040194395e+04
6.626535916552261915e+04
-8.588367059603639063e+04
2.074034211044861877e+04
3.482096107634151122e+04
9.178628626588519546e+04
-1.982134900441645004e+04
9.579747998064733110e+03
-1.111803814781873371e+04
3.729264838587824488e+04
-1.729163208611920709e+03
-4.998554913429044973e+04
4.580950265081514954e+04
4.830730759468738688e+04
4.442416332281284849e+04
7.756811068475031061e+04
7.529623639231847483e+04
-3.076452202201251930e+04
-5.007641718957432022e+04
1.571191822361135564e+04
4.128959714975373936e+04
-4.273674899796948739e+04
8.613660399666443118e+04
6.654215857221136685e+04
7.788196923173638061e+04
3.232062020346641657e+04
-4.639964601794843475e+04
2.478537072145499405e+04
4.335338857856273535e+04
-1.239608023673808202e+04
-1.589953091423788283e+04
1.564135649834226933e+04
-4.285365708111343702e+04
-5.123895454014695133e+04
-7.390581565591869003e+04
6.452122021887887968e+04
4.127702330427072593e+04
-2.311339909706730396e+03
3.895718839040663443e+04
7.501335526719971676e+04
7.363980682445058483e+04
6.899755877653651987e+04
5.549097080908683711e+04
-2.814860396784776822e+04
-3.479224905379354459e+04
-5.162992921226454200e+03
5.365835944034319255e+04
-2.615100510036689229e+04
-2.306410591502743773e+04
-1.106447841101190716e+04
1.129082724166146363e+03
-5.092776144926203415e+03
-3.158970642858002975e+04
4.398067871476936853e+04
1.324726301666427753e+04
-1.910163454547896981e+04
3.137455911630750052e+04
5.360912116379506188e+03
-6.259877214056545927e+04
-1.001103850402959506e+04
4.734627900083205895e+04
5.280343001737922896e+04
9.490017777762687183e+04
4.843399159932616749e+04
-2.309272709323257732e+04
-6.262401540074264631e+03
-2.658764638836275844e+04
-4.701326803202290466e+04
-1.036989318234848906e+04
7.245605589617459918e+04
-2.118779116637531843e+04
-3.126053394425631268e+04
4.223675119957220159e+04
6.206136140650734887e+04
8.715666376016865252e+04
3.901302079112510546e+04
-6.462142663253987121e+04
9.532992412513922318e+04
9.212626897971416474e+04
-4.286529941433474596e+04
-6.432450493518466828e+04
9.278477705039345892e+04
-7.484653533317954862e+04
9.730245761731429957e+04
6.829811576218830305e+04
-8.046564525517365837e+04
6.425127721176936757e+04
-6.052102682803395146e+04
6.378561709067769698e+04
5.480149813801192795e+04
1.458150936775004084e+04
-2.372750252014858415e+04
-2.906396324719784025e+04
8.031876127736811759e+04
-5.359062116977424012e+03
3.804765407327536377e+04
4.666793263644480612e+04
5.499960297199606430e+04
-2.537194840805126296e+04
-9.283298245335178217e+04
-9.638088396098768862e+04
3.312414273037351086e+04
2.417973670474598475e+04
6.941503909264336107e+04
-5.781337474326726806e+04
-3.037533770341656054e+04
9.968486658157798229e+04
5.354246631881379290e+04
6.275263811595831066e+04
-5.199861127499858412e+04
-4.631384487619494030e+04
-5.579143414129383746e+04
5.744615399448390235e+04
8.908461983152461471e+04
9.438601605999181629e+03
3.765738266886080964e+03
-7.867240887134971854e+04
1.048780222577021050e+04
-3.976975150092858530e+04
-1.298853588634112384e+03
-2.904864649691357045e+03
1.769363806567159190e+04
6.088951588942459784e+04
-8.124692604879161809e+04
9.590091353862130200e+04
8.960002454197290353e+04
-5.722544955504214158e+04
-4.301819950495410012e+03
-1.018894305230253667e+04
-7.717526090946290060e+04
6.526598428994018468e+04
3.779344113540829858e+04
1.954924311477936863e+04
6.049776429282096797e+04
