-7.298814673932414735e+04
1.965762306570162764e+04
3.487281808317193645e+04
6.116368972323270282e+04
4.261303804710312397e+04
-3.602712821911970968e+04
5.093545799865337904e+04
-3.562387915359139879e+04
-3.922124499028168066e+04
-8.085489252149777894e+04
-7.850566254886273236e+04
-8.350300837119782227e+04
1.515986818439557101e+04
-3.581401741174332710e+04
9.702436785453229095e+04
9.411651281797984848e+04
5.169946863407839555e+04
-6.975193632895291375e+04
-5.156925038593598583e+04
9.626533941296103876e+04
3.827949134209239855e+04
-9.712907126296937349e+04
5.472386795185174560e+04
-1.639296054688798904e+04
3.324132313222455559e+04
-7.419134674121267744e+04
-5.750404684912555967e+04
7.729426722969685216e+04
-3.341694977800584456e+04
2.457225197339692386e+04
-1.154736337839422049e+02
8.403282883943864726e+04
-1.886791455815506924e+04
-8.624012349465704756e+04
-8.883772480537055526e+04
-6.235147042209248320e+04
-1.725236489489067753e+04
-5.221077889734219934e+04
-5.572402563894753985e+04
2.939926611728855642e+04
-8.035608686240244424e+03
-7.359036717057108763e+04
-4.731792159657442244e+04
5.925060777820608928e+04
6.447155774487959570e+04
-5.617155400109572656e+04
5.690126780262435204e+03
5.469405626784870401e+04
5.915569516698946245e+04
7.923428372434279299e+04
1.360478375942821731e+04
6.099261073684910662e+04
-1.289794996957197145e+04
8.261007918337784940e+04
-5.808280217266996624e+04
-9.058262190765196283e+04
-3.110342474969907198e+04
-1.308511939616379095e+03
-4.831421159993376205e+04
-6.532322702079074224e+04
-5.990474298110244126e+04
7.091516478818075848e+04
6.800465830739508965e+04
2.455802947022796434e+04
7.222642301761973067e+04
-2.249164127993141301e+04
7.594517410515894881e+03
3.416519741929165320e+04
-3.655683232803201827e+04
8.731195361968138604e+04
-6.589715356012788834e+04
-8.078338097462123551e+04
-3.850808160301164753e+04
-9.350424893943210191e+04
1.103134744402869546e+04
2.329327325432226644e+03
-7.077819537830539048e+04
6.534144925003455137e+04
-9.841253120633626531e+04
-7.774915296199964359e+03
-8.048758276086603291e+04
9.570460396549635334e+04
-8.538946776008744200e+04
-3.379133244230656419e+04
9.650936930205835961e+04
9.649409602575848112e+04
4.099629351776538533e+04
4.337830385421076789e+04
-5.123471189166741533e+04
3.220271368424021057e+04
-6.977023342261812650e+04
7.329050459175513242e+04
-1.151095424118886876e+04
-2.445451333599693317e+04
9.785093333899753634e+04
-4.900228792857117514e+04
-2.925686450166360009e+04
8.308241485474832007e+04
7.990065716805239208e+04
-5.002369355150309275e+04
-1.486827401894715149e+04
1.247961720171864727e+04
-1.420470483329090348e+04
-2.273767419381298532e+04
3.292614871937522548e+04
5.395498373243573587e+04
-8.682900037170428550e+04
6.871938611050153850e+04
8.210513977667194558e+04
2.457685171345940034e+04
-1.755256653068886953e+04
-3.479533483994274866e+04
-1.001372618678392610e+04
-9.386117415472108405e+03
-2.961781474370473006e+04
-1.614062195041921223e+04
8.132296657902665902e+04
-5.904695227413192333e+04
-5.919310233860390872e+04
-1.192073294828725921e+04
-6.048213460230318015e+04
-9.454159811252937652e+04
-4.105646065365144750e+03
3.344497693135571899e+04
-8.650846853164861386e+04
-2.904274421857147536e+04
-6.482111916401040799e+04
5.065396072127265506e+04
-4.221325512180804799e+04
5.818152317248331383e+04
-3.427062571148447751e+04
8.114871417016279884e+04
1.528212960512946302e+04
-3.192300285688278382e+04
8.584410763414867688e+04
-6.780816015063731174e+04
-2.408539804766520683e+04
6.580399871687550331e+02
5.649854106342399609e+04
4.013582940528640756e+04
-4.706018291838496225e+04
9.395062148844241165e+04
6.256718772602934041e+04
9.628482878340149182e+04
3.514161605085813790e+03
-4.801077059919127350e+04
-9.770719466199389717e+04
-8.141532283532060683e+04
-5.079089388065380626e+04
-8.901754402344224218e+04
3.622726795909780776e+04
5.020122628509017522e+04
2.833703359651997744e+04
-5.131743716523938929e+03
8.561892242425371660e+04
4.495554888325539650e+03
-9.760658223344167345e+04
-7.532531343437565374e+04
6.180518389137135819e+04
3.626132108903367771e+04
-2.912507596267752524e+04
-9.688103390477913490e+04
2.116342041390086524e+04
7.650702463777913363e+04
6.423742733684816631e+04
9.314049331156499102e+04
9.446598402691583033e+04
-1.715777014814918221e+04
1.338170900879500550e+04
4.524802104475206579e+04
-9.205961960136526613e+04
-6.500841575873894908e+04
2.254548695688464795e+04
-7.130916825592092937e+04
-4.967130964716890594e+04
8.448275876364466967e+04
-4.928593551551880955e+04
-8.069416836584958946e+04
-3.185141271357455116e+04
-4.415449284903039370e+04
-6.086566958421002346e+04
6.215536664217931684e+04
9.016911797162101720e+04
-2.466580079411411134e+04
1.144803527236871014e+04
-3.099167863354766450e+04
1.563708941098372452e+04
7.772735069049059530e+04
8.752438253384118434e+04
-3.556797549299299862e+04
4.861965589603819535e+04
7.239186041743090027e+04
4.471606703634589212e+04
-1.321502015955105890e+03
5.151633558798633749e+04
-3.040064375112221751e+04
2.927383765460495488e+04
3.080481168943076045e+04
1.441834904969010677e+04
2.165567786162796256e+04
9.686732401345774997e+04
-4.494901273276099528e+04
-4.137998465987708914e+04
8.784869690411747433e+04
-2.250038523030212673e+04
-8.320710485340462765e+04
-9.174093991836877831e+04
5.599970606934750685e+04
-8.884399332710221643e+04
3.010387502959412814e+04
-3.929739323681433598e+04
1.940574613275610318e+04
9.924338570169193554e+04
-6.815854168011213187e+04
-3.577021679548937391e+04
6.890879253025233629e+04
-9.057637889870608342e+04
2.259301321449955867e+04
2.347892786243828596e+03
1.178459568222778034e+04
-4.432706234160810709e+03
-7.328778467545287276e+04
-8.814265690392842225e+04
3.483677129032232915e+04
9.215025486225890927e+04
-9.304241371030708251e+04
6.867586912048736122e+04
-1.754153619575401535e+03
2.185044581828270748e+04
1.919216628291615052e+04
-9.885569441148635815e+04
3.554997482201983803e+04
-5.280605627699934848e+04
5.269636275545632816e+04
5.464482219017168973e+04
8.649303565229391097e+03
4.889758740762088564e+04
4.433181090172613040e+03
7.501572596687028999e+04
-4.178028172162619740e+04
-7.748586514434387209e+04
-5.096101471810680960e+04
4.128369514933860046e+04
2.624883190900117916e+04
2.167445276679718518e+03
-9.023955676504326402e+04
5.795444138970997301e+04
1.744682940788019914e+04
-6.772452593093411997e+04
-4.138998690654383245e+04
3.586019191325682914e+04
-7.463499584106859402e+04
4.469398623947927263e+02
2.824375489523247234e+04
-2.195215839919065183e+04
-2.760058378333871951e+04
4.463644869984273100e+03
2.885297281242712052e+04
7.992407603976377868e+04
7.737349847828655038e+04
1.283033304695572588e+04
-1.028440413960612204e+04
-1.482243072146458144e+04
2.383769303022927488e+04
3.416973589257069398e+04
