1.767644561678585887e+04
7.337386855728141381e+04
-3.343955776860594051e+04
-6.909211795733807958e+04
-1.583810307653705240e+04
-6.933636431217903737e+04
-9.104466975616403215e+04
6.033727115378188319e+04
-1.061282966405691695e+04
1.957806936547229998e+04
-1.120846815473327297e+03
1.476061360475713445e+04
-8.910625336058560060e+04
9.126738472585580894e+04
-7.398305029312672559e+04
-9.919680474049197801e+04
2.575608639738730562e+04
4.627901195853046374e+02
-3.816056627909088274e+04
7.146049309493481996e+04
3.252588982533285161e+04
-5.272085456381212862e+04
-1.670095283284042671e+04
8.215817015007295413e+04
-1.316140834671801713e+04
5.406338172953110188e+03
-5.048113767335742159e+04
-3.829125023488042643e+04
8.699868689279560931e+04
-1.967552963205779088e+04
-4.385047021807937563e+04
-7.775498670519801090e+04
-9.035379245494990028e+04
2.356888511045444466e+04
-2.878704705246463709e+04
8.736772564308831352e+04
6.318970148106088163e+04
5.050377470708306646e+04
5.518610759506165050e+04
-5.677242821599881427e+04
8.866777816218094085e+04
-2.266393390868630377e+03
-4.826199151854462252e+04
-5.309498624980464228e+04
-6.964094445562668261e+04
6.289700209782386082e+03
-7.585608102737387526e+03
3.317435938504379010e+04
-5.307521227837006882e+04
-3.588187955779227195e+04
-7.889801264582223666e+04
-1.776368279909683042e+04
-4.837008593188360828e+04
-5.823792359967832454e+03
3.043039058853920142e+04
-4.094241780645919789e+04
9.269784557548607700e+04
-6.000147663584243128e+04
5.982886476376178325e+04
-3.171618963242786413e+04
3.828309716972915339e+04
-9.094776153953945322e+04
5.807603048877758556e+04
4.241448943431695807e+04
2.384996669639725587e+04
6.586736656246281927e+04
-9.688435935338919808e+04
4.786993576791053056e+04
-6.903100340360026166e+04
5.160049970153465983e+04
-9.321805980489993817e+04
5.307718798028334277e+03
4.996576641348999692e+04
-1.544919421575487650e+04
-4.197120825542961393e+04
7.547259486171830213e+04
4.193977319422055734e+04
4.792095693436128204e+04
2.821086489016855194e+04
1.675034455829666695e+04
3.327387204429556732e+03
7.898893266452578246e+04
-7.297017721555865137e+03
9.570047783372428967e+04
9.775159074549490470e+03
-8.661995455934472557e+04
-5.027287984186570247e+04
3.539723497392225545e+04
-4.965034248262125766e+04
3.947538820332629257e+03
2.142952845424562111e+04
-7.525568229422409786e+04
-4.033434328954848024e+04
-5.985677206444892363e+04
-5.793019445660567726e+04
-1.967750261023400526e+04
1.075502377552096732e+03
9.450874268564864178e+04
6.604332902530551655e+04
-7.094960425877175294e+04
3.500663341261661844e+04
5.300481951171209221e+04
9.029784421396310790e+04
-2.196202107013731438e+04
1.802219602710269100e+04
-6.185027193916252872e+04
-6.210802898489788640e+04
3.604008383886533557e+04
-1.958772205083088193e+04
-4.273679635591048282e+03
3.582742038721562130e+04
-4.898653828275325941e+04
-6.097141181552352646e+04
-9.495299126285505190e+04
8.625111799113277812e+03
-8.543242786918811908e+04
6.825569126510480419e+04
-5.173854282991970103e+04
-9.157367587682184239e+04
1.973487823429459240e+02
-3.759972280853390112e+04
-4.804494388187551522e+03
-8.343862815410766052e+04
-4.580094100393279223e+04
-2.779341706670244457e+04
-4.946854022401054681e+04
6.307183893844185513e+04
-7.193971227258382714e+04
-4.842641708258930157e+04
-5.633981519093282986e+04
2.417382787302808720e+04
8.504286354892738746e+04
4.732743101328297053e+04
-4.644708699222421274e+03
-8.279420405360576115e+04
-6.168180553164551384e+03
-2.107917095586331561e+04
7.659222668707618141e+04
4.210890942013586755e+04
-5.540098696917848429e+02
5.314605271590297343e+04
8.461599364104980486e+04
-4.275565261951308639e+04
-8.392974876749372925e+03
6.855580652037807158e+04
-7.021176700681031798e+04
-5.814119369357637333e+04
-3.963321123313054704e+04
-6.910995025522567448e+04
-1.650210295779832813e+04
-3.631572080729455047e+04
-1.511267581181698188e+04
-9.953311690744420048e+04
6.074805392530251993e+03
-6.535110073236838070e+04
-7.634662180857994827e+02
-9.444917168258325546e+03
-9.045166172384681704e+04
4.634010885558201699e+04
-7.750577486857246549e+04
-8.086824051707719627e+04
8.321961115627322579e+04
-1.967104849251316045e+04
-4.247259899923498597e+04
5.769005596337822499e+04
-4.092739258080417494e+04
-1.795869280838992563e+04
4.316098453101576888e+04
8.748576975936369854e+04
7.797086760186357424e+01
-3.485392513588900329e+03
-6.922758881811643369e+04
7.710823159074716386e+04
5.110905485452839639e+04
-5.381209254720911122e+04
-1.459886807705964020e+04
1.670108942226969521e+04
2.301701831691083498e+04
7.133847647489327937e+04
-7.557692563295744185e+04
3.226644839741650503e+04
6.188136501742951805e+04
-5.898908753873867681e+03
3.342406673571380088e+04
8.226313175654210499e+04
-1.479019546591873222e+04
2.161968383469681430e+04
-6.714817755023854261e+04
-4.813320536736358190e+04
9.373943341562550631e+04
1.482246794544941804e+04
6.265785372011427535e+04
-4.001414072961484635e+04
-1.472135746620950522e+04
-4.104557784141295997e+04
2.935866090374061605e+04
-1.381808782439191418e+04
9.241939412509527756e+04
8.957863218834725558e+04
8.976620609625580255e+04
-1.095971484469475399e+04
8.722284781546628801e+04
7.126369379948716960e+04
-6.827691967613325687e+04
6.320509910451795440e+04
-2.580830480493488722e+03
3.788882971487916075e+04
4.200259767488122452e+04
7.821604391065976233e+04
7.191633236359851435e+04
-7.053903510688574170e+04
-5.312173259627674997e+04
-1.889665061833367508e+04
8.264852122314166627e+04
6.163688002681921353e+04
1.495209305479381874e+04
-6.296242176643653511e+04
3.913223957246111240e+04
-5.189442599970763695e+04
2.192888979380132514e+04
-3.961305051320508937e+03
-6.716723801497415116e+04
5.195849681720347144e+04
7.110750056622218108e+04
5.532901999789034016e+04
3.663220647995499894e+04
5.919915714922751067e+04
4.585704623317680671e+04
-6.172570132422676397e+04
1.469401325659142458e+04
-7.053059385196104995e+04
-8.895657604171034473e+04
8.725004113689434598e+04
3.184296766472121817e+04
4.227738981513006729e+04
6.332822141880478011e+04
8.015853979364992119e+04
2.231510677298453811e+04
3.840277338243331178e+04
-8.828455161083074927e+04
-7.308702074740259559e+04
-7.656773147999953653e+04
3.438049789626788697e+04
-8.421253488053075853e+04
6.208997120179087506e+04
7.297997244961734395e+04
-2.010895805838836532e+04
-9.390632511678662559e+04
-5.038269226158349193e+04
8.027742405720223906e+04
4.250831166697817389e+04
8.052080658740884974e+04
-1.329032193811181060e+04
-2.186637232702632900e+04
3.320483166772927507e+04
-7.746178674238617532e+04
-6.181935165422910359e+03
5.125395667490325286e+04
3.209472702299704542e+04
8.424512343305855757e+04
-9.590560091782806558e+04
-7.529329245437801001e+04
-2.289151267650433874e+04
-7.323673431330375024e+03
-2.883580025081885105e+04
