-9.078230443590415955e+10
6.037565137222290039e+07
5.807579315712957764e+10
-1.744115596769790649e+09
-7.992899166672752380e+10
6.426176942633428955e+10
-8.725099831589257812e+10
7.963334699425164795e+10
8.733485500078152466e+10
5.780150785168923950e+10
6.094307463524807739e+10
7.511997096669406128e+10
-3.224741617620356750e+10
-8.820608088114270020e+10
6.361274980599111938e+10
-3.095578091807321167e+10
-2.271962282795932007e+10
4.491267578365881348e+10
-6.800694411892552185e+10
8.046818897845190430e+10
9.631302539136953735e+10
-3.888335339539390564e+10
5.847470006801812744e+10
-9.773592721131072998e+09
-8.292228555162387085e+10
7.498835043032925415e+10
7.994470539169055176e+10
2.698256399943757629e+10
6.111130409068531036e+09
-6.636664693903759766e+10
9.483370635743145752e+10
5.441243391854934692e+10
-1.792223162426174927e+10
-4.503759470220800781e+10
-1.547730921581762695e+10
3.707065105286729431e+10
-2.868958616505137634e+10
-2.254752003754193115e+10
8.798712444737744141e+10
-8.087117096669943237e+10
9.896766779867749023e+10
5.776637855305490112e+10
9.867434931886849976e+10
-2.342607891402522278e+10
7.228081238370565796e+10
-8.449995169033041382e+10
7.531147946637960815e+10
1.722235423964414597e+10
2.301212696314846802e+10
8.220991737854507446e+10
7.387409458712496948e+10
2.815256962576391602e+10
-7.166316189252732849e+10
9.969897858729196167e+10
-6.764893375901855469e+09
9.166995201516250610e+09
-7.593027686659526062e+10
7.105425609425292969e+10
9.248507942123950195e+10
-5.106166947146615601e+10
-1.015720160419462585e+10
2.154660745578018188e+10
-2.880493787601498413e+10
-4.985834789570895386e+10
9.641956660156478882e+10
1.360876519371051216e+10
3.263776128368048096e+10
2.250100247186813354e+09
-8.122788294621099854e+10
-2.832781891693702698e+10
5.886384530976284790e+10
-1.024290914382812500e+10
-1.265904175836709595e+10
-9.526195680000737000e+10
-1.574415090690538025e+10
7.430715892270449829e+10
5.665657390489703369e+10
1.940875226156661987e+10
9.695266830578924561e+10
-8.518091755211676025e+10
-3.195600253415847015e+10
4.810481943898410034e+10
4.599857788002813721e+10
-4.097760237504362488e+10
2.452236577364181519e+09
-3.937358971364337921e+10
6.530200554270071411e+10
-5.461602190578272247e+10
9.263892827808590698e+10
-7.806290028508654785e+10
3.426343006527755737e+09
-9.205135334054046631e+10
1.347360157795365906e+10
4.170104054595309448e+10
6.769862886454150391e+10
-6.528467288001349640e+10
-8.807399188426437378e+09
-5.769134620323084259e+10
9.416408064018615723e+10
-9.241846062016485596e+10
9.721131590580371094e+10
-9.869820301009159851e+10
-3.169744438442201233e+10
-3.323313830492680359e+10
-9.196070992244711304e+10
-8.389912908526626587e+10
8.951640677525619507e+10
-2.291025042533374023e+10
8.314333925663183594e+10
1.215749042236892700e+09
4.831815286647848511e+10
-7.382029932095144653e+10
9.100268557043170166e+10
-2.478658187315780640e+10
8.117963151915432739e+10
5.372314134272674561e+09
1.739819610943948364e+10
-6.320238952941714478e+10
8.948476611545339966e+10
-9.249501903722912598e+10
-5.558758252569895172e+10
-4.503667137157558441e+10
4.804737732463812256e+10
4.323260941478195190e+09
2.508245474998716736e+10
-7.680556286608761597e+10
4.790828104779272461e+10
2.443007626078443909e+10
-9.309347614871026611e+10
-7.474689591962005615e+10
7.278976476861849976e+10
1.326177900051730347e+10
-6.170267466540244293e+10
4.528659816463632202e+10
6.546932737137304688e+10
9.645365802951705933e+09
-5.185017700407288361e+10
-3.272861940793334961e+10
-6.442896313887329865e+10
8.767694873852597046e+10
7.172405487603866577e+10
3.478444958855731201e+10
-4.980760434269136047e+10
5.388728436180285645e+10
4.937475518635083008e+10
-2.838236779254740906e+10
1.497132487050466919e+10
-4.736844070631787109e+10
-7.198392575803652954e+10
-7.054580875955618286e+10
-5.015609678608130646e+10
-8.196210250860227966e+10
-5.239573011532325745e+10
4.824425236111285400e+10
8.464527106557031250e+10
-8.989290372501963806e+10
8.880448088647241211e+10
-6.151370437397109985e+10
-2.291395392046258545e+10
2.413559249360025024e+10
-7.542120045650555420e+10
1.662266690591354370e+09
-2.451029813015953064e+10
6.161692221249099731e+09
3.168730278523896790e+10
1.946135441668290710e+10
-5.448985435988616943e+09
3.252070262244541931e+10
5.057042826951852417e+10
-5.795100140429245758e+10
-6.674755990989633179e+10
2.984183506748204041e+10
-5.949211128363655853e+10
-4.088762241641728210e+10
-6.156844287240488434e+10
8.566642965313061523e+10
-4.810805514214371490e+10
-7.715657845428475952e+10
2.412798645431231689e+10
1.986171087535679626e+10
-3.159429563000490570e+10
-9.327790911674429321e+10
7.857512831399417114e+10
-3.521510651133921051e+10
-9.798778370072378540e+10
-8.749372393178283691e+09
1.143416312521661377e+10
4.302264651341833496e+10
4.620088591777175903e+10
6.759418131690072632e+10
6.680306736929528809e+10
-7.665434836621200562e+10
1.519260201226754761e+10
1.406024659450219727e+10
-5.546007102192820740e+10
-5.839213534541627502e+10
-6.696613594480551147e+10
-6.791318918398277283e+10
3.463924029271315002e+10
-1.940445286857846069e+10
1.477015849302604675e+10
-3.804796302734321594e+10
5.964689912733798218e+10
-7.059819973552003479e+10
-5.563106182459611511e+10
-1.494510308732830811e+10
7.707659373017675781e+10
2.132801980626293945e+10
-1.438459625220980835e+10
5.477271266296127319e+10
-8.736474644537632751e+10
3.489260303173263550e+09
7.667910512792138672e+10
7.374254910489538574e+10
-8.152359132682388306e+10
-1.864441422984757996e+10
-1.419813443728486633e+10
3.865201197409301758e+09
7.566007125073724365e+10
5.969507634089007568e+10
2.337948433427488708e+10
1.128042388403121948e+09
-7.712664571565988159e+10
6.770133907395816040e+10
8.861607365333038330e+10
-7.320170165333438110e+10
-5.186403227231047058e+10
8.539083937463516235e+09
7.113741856855889893e+10
8.302535933664318848e+10
-6.395328910769155884e+10
1.170843525067247009e+10
6.454538133603028870e+10
5.130850636157247925e+10
-8.593391400592141724e+10
4.277622502347375488e+10
-5.613433567515575409e+10
-4.542617211606991577e+10
-9.238785524795394897e+10
9.414227165910266113e+10
2.551663651452740479e+10
-8.314208922990811157e+10
7.191565717610278320e+10
-4.349313110513951111e+10
7.234625507980166626e+10
-5.876003483186750031e+10
-5.914256917908537292e+10
7.274963048334301758e+10
1.559620041026890564e+10
-7.497536912605444336e+10
-1.250908501676191711e+10
6.706037436991372681e+10
3.399798823230694580e+10
4.317253819899826050e+10
8.226400516800201416e+10
-2.013658487748110962e+10
-4.057976470858704376e+10
-2.754513911006823730e+10
-3.803300867875345612e+10
-2.844947412487455750e+10
-7.088152631381494141e+10
1.784077856217074585e+10
4.046510777667004395e+10
3.243628308616499329e+10
-2.548848396854086304e+10
