-2.462108504116725159e+10
-9.870839726323095703e+10
-2.969276319062687683e+10
-9.213864000160070801e+10
-2.891287139927220917e+10
5.658588315518521118e+10
-8.730096448534394836e+10
5.248225575576377869e+10
5.362631084054254150e+10
5.929599306910711670e+10
-1.606437838850703430e+10
-3.797738697100928497e+10
7.931422297419009399e+10
-4.602596730705601501e+10
6.052449552130838013e+10
-7.353825252102447510e+10
3.238043198984980774e+10
5.848618097578985596e+10
4.131796617139910889e+10
7.490955661104483032e+10
-3.291120701849067211e+08
-9.611447463169134521e+10
5.302334594302233887e+10
1.790964056377127075e+10
-5.164159561883323669e+10
9.427788028446926880e+10
3.325844862601853943e+10
-5.554633586082835388e+10
-6.958351954874584961e+10
-9.217791913588548279e+10
-3.679577495610184479e+10
-9.700957073253016663e+10
5.353314816358383179e+09
1.600541211086274719e+10
-2.474446431929913330e+10
-5.797370810494507599e+10
-3.910584331314846802e+10
7.805813433574188232e+10
7.902222171259710693e+10
-1.596874029322970581e+10
-9.419439729569740295e+10
9.581878367660379028e+10
-6.661387559841452026e+10
7.140979591353579712e+10
9.350630216681018066e+10
-1.530888322425892639e+10
2.349963032770428467e+10
1.459896825603564072e+10
7.819034463750689697e+10
6.798887077129705811e+10
-3.949255650937285614e+10
2.527337258029969406e+10
-9.669103267242045593e+10
2.141122175580818176e+10
2.443268544548522949e+10
-8.787199257648144531e+10
-9.746177508650910950e+10
3.475268701041735840e+10
4.173038049256680298e+10
-5.998874599246028900e+10
3.288244817643228149e+10
-2.719564173830891418e+10
1.140312100402362061e+10
-7.925591961943159485e+10
9.646142319492996216e+10
4.487662016350900269e+10
3.524051684186598206e+10
5.368073876312329102e+10
6.757701685142706299e+10
1.720282835812327576e+10
4.645637929705798340e+10
4.447370275432495117e+10
-9.205951474649481201e+10
-3.407928833683129120e+10
3.566897756454354858e+10
-7.380541879770014954e+10
7.881355965879406738e+10
-9.167212462828326416e+10
5.525327715011715698e+10
3.654441743223510742e+10
-1.716921199500369263e+10
6.604935230539208984e+10
3.966793809568145752e+09
5.362161499051119995e+10
-5.185731265707534790e+09
-9.796586650924884033e+10
-3.865541426566967773e+10
7.697583655596124268e+10
9.990735745491329956e+10
-1.005791932810153198e+10
5.695618080235800171e+10
-8.130898780087973022e+10
6.715133983470819092e+10
-8.236087744203063965e+09
-6.483994663956551361e+10
-3.627538968273647308e+10
2.964926889479757690e+10
-5.926240349827094269e+10
-1.122704409154962158e+10
-5.044248127816120148e+10
-9.473759021356250000e+10
4.948988828329473877e+10
4.316467614559487915e+10
2.517016325275891113e+10
4.238350165703807068e+10
8.729694800090170288e+10
8.238027481614547729e+09
2.601420850390008545e+10
2.081903968763845444e+09
-8.082315219928681946e+10
6.420051495123417664e+10
-5.105696821027625275e+10
1.971620509900115967e+10
3.993529258489385986e+10
-9.992808311230598450e+10
4.886970342681896973e+10
-2.256243441070783997e+10
-8.925434270671298218e+10
6.359448646976563263e+10
9.783800758236062622e+10
3.769916780774093628e+09
-6.804474991250728607e+10
-2.527036301201271057e+10
6.523876132541528320e+10
9.450977599852648926e+10
-5.414431157156069946e+10
8.288534911646173096e+10
-5.725728867096708679e+10
-7.412184089175109863e+10
-4.889250135485057068e+10
8.929569503969232178e+10
6.894187056415216064e+10
-9.213028919402130127e+10
2.825414275459077454e+10
-2.381030828558445740e+10
9.923777548734873962e+10
-9.166191853604267883e+10
-7.316720959155204773e+10
-3.321696245036409760e+10
6.738241313973358154e+09
8.936960064184149170e+10
-6.424118195337775421e+10
-6.605267524081530571e+09
-4.516259430448621368e+10
3.096102815915390015e+09
-4.591439388460953522e+10
-8.694142840756602478e+10
-6.830389476450839996e+10
3.792767841011886597e+10
-3.167412118129755402e+10
6.810519089323397827e+10
-3.686683268129440308e+09
-8.200847890080595398e+10
3.360913614357497406e+10
8.509013753968280029e+10
9.639483183334272385e+09
-2.994969768759635925e+10
1.272041034025364685e+10
8.038169594440957642e+10
2.699248731950636292e+10
6.099097232730117798e+10
4.496623817311996460e+10
9.602633718649038696e+10
2.557734999412513733e+10
-6.512889877750358582e+10
5.405019781503607178e+10
-5.915097496603612518e+10
8.882289337111824036e+10
2.565584754868855286e+10
-4.570108426607775116e+10
2.659225163909637451e+09
7.719073324230264282e+10
-4.183201279258438110e+09
-5.305696359352660370e+10
6.222221374569815063e+10
9.502760005329583740e+10
-6.545607794331007385e+10
-7.726496933427893066e+10
3.876411253304757690e+10
-6.663348240628599548e+10
-3.124973282098539734e+10
1.400942692500057983e+10
-5.234078898632773590e+10
-3.248619472368518829e+10
-7.201272465013403320e+10
-1.166258111113193130e+10
-8.916827648855314636e+10
3.676022700680325317e+10
-9.576366121054132080e+10
4.399513924513027954e+10
-8.820115992610565186e+09
-4.787208146645809174e+10
-2.088564548144203186e+10
2.647925075458961487e+10
3.844368755950729370e+10
4.588005901832489014e+10
7.965633747748799133e+10
5.229389952792922211e+10
4.136338909300289917e+10
5.992404352692962646e+10
-6.852559248217095947e+10
-6.439543984604303741e+10
-8.921849637818327332e+10
-2.390047874287525940e+10
1.184474697179423523e+10
9.506831729522366333e+10
7.783546150558563232e+09
-2.270133338254746628e+10
5.410461873181124878e+10
-5.407381614155278015e+10
-9.016014133319364929e+10
-7.414690827947036743e+10
-3.804732356947077942e+10
3.139792973149520874e+09
6.844430234470758057e+10
1.585529411665616035e+10
-9.758708154854316711e+10
9.316558920581167603e+10
-3.620092831769660950e+10
2.102056088867256546e+10
4.251379913490881348e+10
8.458936150333377075e+10
4.862586749427585602e+10
-5.596319031687921906e+10
-4.532965114349407959e+10
5.986747390696121216e+10
-4.009439504689699554e+10
-7.905216765894262695e+10
-4.221568228644596863e+10
-1.667915951684101868e+10
1.267875303714719772e+10
5.476269545790338135e+10
7.618199248374938965e+09
3.985774174638113403e+10
1.469949441444839239e+09
-6.468442948140325165e+10
2.450867948340673828e+10
-7.768272708625376892e+10
2.463629053145452881e+10
5.771370108911215210e+10
-2.378638472340800476e+10
8.361591143520275879e+10
9.836989916770809937e+10
8.022045161944917297e+10
1.386765465814714432e+10
-6.021638279934843445e+10
3.894111952728750610e+10
2.867750874875281906e+10
6.132636306583355713e+10
2.744265528552386093e+10
-4.552574394904936981e+10
6.217414182159823608e+10
-5.840980439256080627e+10
2.382607521668389893e+10
2.129530627726681519e+10
7.617931559191635132e+10
5.132125876654598999e+10
6.259352775451797485e+10
8.704966499164950562e+10
7.853159531119378662e+10
-7.902219171175149536e+10
-7.535158950970611572e+10
-3.665438580367943573e+10
1.381222016488198853e+10
-6.967721485102340698e+09
