-4.769609249619488525e+10
7.746538916988851929e+10
-3.626854303051334381e+10
-6.638311348316978455e+10
-9.424399963795228577e+10
-3.435309253453988647e+10
9.693230146654318237e+10
-5.832041531514115906e+10
3.665809625824005127e+10
5.196433983505461884e+10
-5.746280015436635590e+10
-9.191811836087343216e+09
3.567691010349487305e+10
-9.136580303738098145e+09
-1.760763035546996689e+10
-5.935568510672785950e+10
-1.712471121905822945e+10
-1.931470592849755859e+10
8.761507502048019409e+10
3.187001981183563232e+10
8.160947456632919312e+10
-7.341411438719314575e+09
-5.671574000423276520e+10
4.585525545385908508e+10
-2.713717208763400269e+10
-8.515165065792396545e+10
4.726831811281707764e+09
5.099272425603326416e+10
7.086407938974432373e+10
2.667932987176509094e+10
5.756842007625018311e+10
-2.246495009269813538e+10
1.217994612883316040e+09
-1.011158014291900635e+09
6.771544875573648071e+10
2.781035571449932861e+10
-6.705913017658538818e+08
-9.905657532110798645e+10
8.726420137277371216e+10
-1.790499155316106796e+10
7.487841790542028809e+10
5.369324412865731812e+10
8.565398351582519531e+10
2.349398241855621338e+09
-7.369080943200550842e+10
-2.513509244199136353e+10
8.860142958608947754e+10
4.910300054610906982e+10
3.377684160905964661e+10
-5.220185335103530884e+10
-2.265136017931188583e+10
-3.698996429970202637e+10
-8.800934911597462463e+10
-3.306513150586078644e+10
-2.430868560618354797e+10
8.122738981315711975e+10
-1.363887168942404175e+10
9.124399353766006470e+10
8.114723306541122437e+09
-8.949715509004225159e+10
8.627676927874566650e+10
-2.224616310425765991e+09
4.082867341162951660e+10
-6.183313568239186096e+10
7.075696144295764160e+10
9.963741081236578369e+10
4.174345076132644653e+10
5.511012903670669556e+09
3.229171648485697937e+10
7.651815119662734985e+10
-3.074167703752700806e+10
-4.858757193332081604e+10
-5.609286511182331848e+10
-2.787842021530609131e+10
-2.523313052918669128e+10
-4.514259000397279358e+10
-6.819301655582861328e+10
-6.383085074377625275e+10
-3.917382050035438538e+10
6.304771926399859619e+10
6.637413657596530151e+10
-5.558274940559957123e+10
5.036481348887307739e+10
2.165429407750596619e+10
-3.723039375243757629e+10
6.599465874057641602e+10
-3.391182094474333954e+10
1.410579486579724693e+10
-2.952499833011575317e+10
4.438809643504638672e+10
8.416360390632788086e+10
-7.860128001616284180e+10
-9.741775132951950073e+09
2.728849382225156784e+10
9.986706278797164917e+10
5.306751031839062500e+10
-1.867205386262120056e+10
-3.058931594605955505e+10
3.408831556563969421e+10
1.620120125899009705e+10
4.978643622977087402e+10
9.564630068446057129e+10
2.576615430159165955e+10
-8.078308443109097290e+10
-1.409135740295468140e+10
2.679796477899421692e+10
2.290527488624168396e+10
-6.522739270155461884e+10
5.478043398381454468e+10
-9.131870892416741943e+10
7.330210009557189941e+10
-2.626011235503025818e+10
-8.188302619748641968e+10
-8.703096205201359558e+10
9.621736465280630493e+10
-2.789408517976678467e+10
-1.475809115959576416e+10
-6.760744070868609619e+10
7.745745511042944336e+10
8.393304801206701660e+10
-3.424620475262092113e+09
-5.908326031069646454e+10
-7.969583867723455811e+10
-5.471595181949322510e+10
3.524913447911254883e+09
5.063084628927719116e+10
3.861783358934881592e+10
9.300412449465701294e+10
-4.797639968672711182e+10
-4.216168641661804199e+09
8.328224655149371338e+10
-8.738410763834463501e+10
9.385832952489776611e+10
-4.011873344837586212e+10
3.765206818996123505e+10
8.972134984267559814e+10
-7.048961698099232483e+10
-4.988200137911720276e+10
-8.798562583492424011e+10
-4.180643713894789124e+10
-7.709377992025527954e+09
6.945229113284033203e+10
5.592971494860583496e+10
-5.892408035607437134e+09
6.390031851610632324e+10
8.519888207435598755e+10
-4.326638493108207703e+10
1.412903853234585571e+10
-5.793721420034736633e+10
1.367181007857838440e+10
6.965067971918130493e+10
-6.098737872915436554e+10
7.784312364505081177e+09
9.013701342069302368e+10
-8.807904592523020935e+10
3.314027848732741547e+10
-7.359397944948820496e+10
-5.256734149876321411e+10
-6.442910674735581970e+10
3.567270898168508911e+10
-6.989374285211807251e+09
8.528830132398776245e+10
8.680072373632089233e+10
1.457048513798384094e+10
5.788578400590164185e+10
6.169777302008401489e+10
-7.187969897417352295e+10
-7.368433619564022827e+10
-8.479888040870260620e+10
7.189444337553778887e+08
-7.710493999630065918e+10
1.282533787824513245e+10
-2.317784621744042969e+10
3.556111079431011963e+10
1.977262868409222412e+10
-2.981623741622538757e+10
8.862498120534857178e+10
-3.600799226208630562e+09
-2.194044205973817444e+10
8.779317499736813354e+10
3.367813822130523682e+09
-3.799361695903320312e+10
1.333107023310006714e+10
-7.473556465581835938e+10
7.091016719336245728e+10
-1.284972242368469238e+10
3.228489671501098633e+10
-2.716620633803012466e+10
7.471446981136679077e+10
-3.018324615963050842e+10
6.866128559554992676e+10
-9.110553794445806885e+10
-3.544213012395503235e+10
-5.176597962709192276e+09
9.144593828820532227e+10
4.133590345958221436e+10
2.768770530131510925e+10
-8.587505094778315735e+10
-8.614665626039971924e+10
5.454348385123739624e+10
-8.179908212575712585e+10
-2.042405513741397095e+10
-9.825149644446353149e+10
-9.798932296605610657e+10
6.533918704719967651e+10
2.005059494148120117e+10
1.456228794360148621e+10
2.922359615424418640e+10
-1.654110897711334229e+08
-2.444985120781813431e+10
-9.487130188625639343e+10
6.802162801433828735e+10
-9.833819174500961304e+09
-2.511052278504324341e+10
5.882364665646960449e+10
-2.967565426053880310e+10
3.042144626142094421e+10
9.090621355261331177e+10
9.201515651100088501e+10
-1.825858763415420532e+10
3.907476954044329834e+10
1.277400692724974060e+10
-7.563076604513229370e+09
8.103454138966110229e+10
3.213808514303722382e+10
1.206284771143006897e+10
1.977831913098115540e+10
6.038284940917160034e+09
-5.393709693816457367e+10
7.446062560644522095e+10
-7.440197443993334961e+10
1.577192331418328857e+10
7.810069116666485596e+10
9.616515718698889160e+10
3.006344279766764164e+09
-7.217214783052455139e+10
-4.033715036707398987e+10
4.934273193317343140e+10
8.028566069498953247e+10
1.221692583405293274e+10
-9.983803126969401550e+10
-7.471938738733166504e+10
-6.540712836137841034e+10
1.478245811954052734e+10
-4.250105664351095581e+10
-8.077625329444284058e+10
-8.255870795608282471e+10
-7.279257115299691772e+10
-4.480831402883196259e+10
5.058085518833508301e+10
-1.620902921952334595e+10
2.168851715592803955e+09
5.068022855866806030e+10
3.616765811090208435e+10
-9.988959699107104492e+10
-5.898594641229982758e+10
-5.761585597858081055e+10
4.145962498965826416e+10
-1.684303059898004150e+10
-8.653613789864253235e+10
-7.970576555825650024e+10
-4.309442392599867249e+10
8.989661462603256226e+09
-4.154381763891206360e+10
-5.474136593796685791e+10
