-5.784811118087345123e+10
4.206727773872875977e+10
-6.377397396395341492e+10
-2.433179458372880554e+10
-1.766845724832652283e+10
8.607545361461105347e+10
-5.931314941172567749e+10
3.635106305543847656e+10
1.342632343357080078e+10
8.748835887277062988e+10
-7.149381866061450195e+10
-5.663622649581696320e+10
6.212596174600756836e+10
-4.471285980162419891e+10
9.138161926973257446e+10
3.578394628137093353e+10
4.972229164593106079e+10
8.702705594097229004e+09
-7.114368657472286987e+10
6.669695972542379761e+10
-1.771940567882743835e+10
-9.290683421386508179e+10
-7.372982138049508667e+10
6.883811227537561035e+10
4.284179909406842041e+10
-5.319832133386359406e+10
-2.864361399178088379e+10
-8.375604008186953735e+10
7.533469486319654846e+10
-2.861182484966044617e+10
1.457413451784251404e+10
-7.523082375227957153e+10
-1.491346851970002937e+10
1.280627973319795227e+10
-7.111986142856196594e+10
1.313392829707524109e+10
-6.173880771249816895e+10
-8.836431459955485535e+10
5.439123930983541870e+10
-4.492813405097835541e+10
-6.013917908474537659e+10
-3.388251474175379181e+10
-4.526500080672621918e+10
9.723801276522100830e+10
-6.697508859487366486e+10
-7.115954541575183105e+10
5.542153137842272949e+10
-6.802984854743136597e+10
-8.486035373439581299e+10
8.614728348248254395e+10
-8.999597977416853333e+10
-9.858361798335281372e+09
-6.410734065928298187e+10
-1.294149927023109436e+10
-4.496531096654047394e+10
-7.513735759169128418e+10
-7.188196061492141724e+10
2.480909086417720795e+10
-4.264302598593248749e+10
-8.674396455375172424e+10
8.037408500254089355e+10
-1.840896060763960600e+09
3.078927005001998901e+10
3.205597651207398987e+10
8.441982489821594238e+10
-1.926197120271604538e+10
-9.917765609790180969e+10
-4.859355073308595276e+10
-1.642769408553883362e+10
-8.632169247446807861e+09
7.347429949526855469e+09
-7.155791910715286255e+09
2.738689084928341293e+10
-9.736169583282867432e+09
-1.164526013467453003e+10
-3.007369780006779480e+10
5.734344717084985352e+10
3.781678174700790405e+10
-5.808970895609428406e+09
8.924261771356149292e+10
-1.190220676577451706e+10
7.754654390924282837e+10
-1.087415445776611328e+09
-3.237223374396080780e+10
1.680165423200912094e+10
-1.068606833295338440e+10
7.730697251862689209e+10
-1.678179166600010681e+10
-8.598117585682394409e+10
6.499582738124572754e+10
-8.968260460296582031e+10
-2.152253436700952530e+10
-6.141700581141489410e+10
2.848614759598064041e+10
2.392412681407439804e+10
-1.768461661926926041e+10
9.471070448570751953e+10
-5.426439341770759583e+10
-8.853870133859718323e+10
9.361217882139044189e+10
-6.172221043918199921e+10
5.279355885776681519e+10
9.356232372426382446e+10
1.038095565802656555e+10
-4.228503742558821106e+10
7.421812827527874756e+10
-2.006669486955593872e+10
8.364936494395343018e+10
-6.774527970611672211e+10
9.849272388945828247e+10
2.562216896276416397e+10
-5.508316569060387421e+10
1.856404401688880920e+10
-9.586749520836576843e+10
6.229679348287421417e+10
9.037398949289871216e+09
-6.803296391740774536e+10
2.297838991077041626e+10
7.369922490260073853e+10
-6.391707242516926575e+10
-8.069747349346817017e+09
5.623452756872402191e+10
-5.094576427998558044e+10
7.124192785181278992e+10
-5.402573494345299530e+10
-7.905716992920263672e+10
6.248337292881488037e+10
1.326137626427377319e+10
-8.150263828408041382e+10
7.845402531050057983e+10
8.896903735913601685e+10
-1.182707127911650085e+10
6.413313983835403442e+10
5.473206797041181183e+10
3.485583232522807312e+10
6.543396595741116333e+10
-8.593912072838374329e+10
3.172998395998521423e+10
-4.621213116029579163e+10
9.720606176779986572e+10
-3.215445629143507385e+10
2.874738719560290527e+10
-9.508447542004135132e+09
-5.167488201984313965e+10
-6.811993073981980896e+10
-1.359160720055767822e+10
6.002289894645507812e+10
-5.589260727016992188e+10
5.600939025775148010e+10
-4.312077063922821045e+10
-5.974542682330886841e+09
-3.572718561240846252e+10
4.242141331281610107e+10
4.453077720742671967e+10
7.918551971194117737e+10
4.486791274952333832e+10
-5.691782199110409546e+10
-1.463694282878343201e+10
5.175721419705957794e+10
-4.681879803679942322e+10
-7.277130783722602844e+10
4.505455194870568848e+10
-7.664768272759074402e+10
4.696713661955648041e+10
1.988151339457849121e+10
2.416588111725817490e+10
-3.800429693165121460e+10
-5.866754497591825867e+10
2.103812333689928818e+10
7.520117324233863831e+10
-4.298957028889809418e+10
-6.321380234679650116e+10
8.425421725636773682e+10
7.714264457682977295e+10
-7.328109084914198303e+10
4.065533955844042969e+10
9.335220823077850342e+09
8.591692221532037354e+10
3.990810961256400299e+10
3.575026106894929504e+10
-3.105939949069770813e+10
4.382498457674024200e+10
3.825435074202941895e+10
-7.134676713840635681e+10
1.701505777796145630e+10
-7.978770084363648987e+10
9.623218088613067627e+10
-1.737309660269361877e+10
-9.933374634597604370e+10
5.106614488030584717e+10
-2.148582672732019043e+10
-9.595322935137942505e+10
6.877646705229159546e+10
6.570432655383935928e+09
5.913218725832595825e+09
4.024524597477575684e+10
5.486209571909133911e+10
7.085162370186163330e+10
8.227290405764123535e+10
6.201656335726306152e+10
-5.878308805132670593e+10
8.484847209197772217e+10
9.132951780508177185e+10
8.782112396800769043e+10
2.742574449294499588e+10
5.707727168080579376e+10
2.570204317547424316e+09
-6.315833489465623474e+10
6.072153933914878082e+10
6.043084496565100098e+10
-2.078414861013548279e+10
-5.869240978413053131e+10
8.382555331662939453e+10
2.442457687767791748e+10
9.249106660565832520e+10
-6.035870136893275452e+10
-6.412894954468757629e+10
-8.165614389894744873e+09
4.541542030326672363e+10
-1.049589333661012459e+10
1.915123652576217651e+10
5.940652203668820190e+10
-7.722068592724360657e+10
7.300411359419708252e+10
-7.444575928460940552e+10
-3.758342469959183502e+10
-6.850956011827647400e+10
2.443941369707962036e+10
-5.136423232088867188e+09
-8.156558804225503540e+10
-2.977787090445442200e+10
-5.373743095260164642e+10
9.379479231541778564e+10
5.191459121325891113e+10
7.077911980850079346e+10
3.396208315573142624e+10
7.620691141198562622e+10
-1.755684701119128418e+10
-8.805470391674491882e+09
9.167280926903942871e+10
-4.635026678387451172e+08
4.225052163987467194e+10
-7.853818246309968567e+10
5.120157053845065308e+10
2.397406865224628067e+10
-7.622571716163894653e+09
-6.728736553801215363e+10
8.832678129196475220e+10
5.026931855106842804e+10
7.479237908665008545e+10
7.469341451802633667e+10
-5.764085249681860352e+10
9.815869109057113647e+10
-2.180906594145204163e+10
7.290815138073242188e+09
-8.528482791815582275e+10
8.992909859182214355e+10
-5.889056167056152344e+09
4.311086547927215576e+10
4.727884961865774536e+10
-8.034145982240135193e+10
-3.325307686531808472e+10
3.887771183452905273e+10
1.813763649335687256e+10
-5.711592143861148071e+10
