1.766415484032471068e+04
-1.737326081029739362e+04
-2.013056604040398042e+03
-1.379117846382795324e+04
1.200227385483185753e+04
-1.026004296755067298e+04
-1.294795711205341468e+04
-2.236125821590029227e+04
-1.643242223280677354e+04
2.242302362000730500e+04
-5.460597955595565509e+03
8.251171564883319661e+03
1.162362277449493558e+04
1.633782045354854517e+03
1.141914049766851895e+04
-6.282722184239102717e+03
9.131615160991812445e+03
-2.826111920281027415e+04
-3.226192285197700585e+03
-7.474265160380576162e+03
5.062086323087472010e+03
3.948588299245892586e+02
1.612216808201119784e+04
5.838725128256544849e+03
3.238217431700603356e+03
1.476101670569375710e+04
-8.210944808007605388e+03
8.710504066765590323e+03
-3.769367268598976466e+02
-1.266231584867088714e+04
-4.550130614016989057e+03
8.750101851998624625e+02
-8.423618282956114854e+03
1.303543994955889787e+02
-9.142172713531994305e+03
-2.259492746984975747e+04
-4.800739204908507418e+03
3.691959058260397796e+03
5.003660830664829518e+03
4.367882529483589678e+03
-9.118461745367834737e+03
3.228865602325355940e+04
3.644751321721631393e+04
-2.754471527750555833e+04
-2.577393897633765391e+03
-3.308547539830493042e+04
-7.351238387110407530e+03
-4.955413188147329606e+02
1.954096765973283618e+04
-2.660490877550789446e+04
1.051794104355262334e+03
5.571164386965379890e+03
-1.163428800018908805e+04
8.926399997006090416e+03
-2.038495836299218354e+04
7.074491186939171712e+03
1.169992085020607374e+04
6.019745865236115606e+03
-4.105150616724222346e+03
3.329888248742934593e+03
3.897795901533286269e+03
2.825381599791430926e+04
2.538304806146993542e+03
2.293803909015288082e+04
-4.960383041456832416e+02
-1.443827972716340810e+04
8.785117857976249070e+03
1.061875177850642831e+04
1.381705663791830557e+04
7.527053028359564451e+03
3.733919279942096637e+03
1.579851719720428082e+04
2.615433923937775489e+03
2.300828980838527787e+04
-2.625225294264979311e+04
-1.786524135152209283e+03
-1.578164264798955082e+04
2.709397867870895789e+04
-1.201428886269778377e+04
3.036226108497399764e+03
8.250418134113537235e+03
-1.904000245409264971e+04
9.750328320514236111e+03
-3.263537580385232104e+03
1.541003584667860423e+03
-1.061046816450028200e+04
-1.175617917075158221e+04
9.594163233786177443e+03
-5.244002884858836296e+03
6.861849400766269355e+03
5.566943031512980269e+03
3.051112685545412205e+03
-2.360329109092531144e+04
9.456847862404301850e+03
1.093670081037303135e+04
-1.067153109678491091e+04
7.752189301279809115e+03
-2.277028609714575941e+04
5.412691057470008673e+03
-2.562784564538363611e+03
-1.772776716930982730e+04
-1.980005014404674876e+04
-6.644161764520932593e+03
-1.028778276849181566e+04
-8.533553806664474905e+03
-1.948424589129062588e+04
1.613780492651652639e+04
-9.985711750689721157e+03
-1.049994196878808452e+02
-8.553800987948472539e+03
-2.363563989478149597e+04
2.821313463465839050e+03
1.736648003607299688e+04
-1.189802416833782263e+04
2.583956646052099131e+03
-2.239899022036242059e+03
-5.131497521747412065e+03
4.844292567935795887e+03
-1.758553854378668257e+04
2.547007409728794300e+03
1.632261859723079579e+04
2.366174954068601437e+04
1.811426383284038457e+04
2.643697279206127860e+04
-2.152728576115371652e+03
-2.894359672694652090e+03
1.233705121018370301e+04
1.731226600948639680e+04
-6.641527430361434199e+03
1.801066607234777257e+04
1.916776235865809667e+03
4.731901278265596375e+03
4.120605515828076932e+03
5.492910663603916873e+03
-2.169915012796700830e+04
-9.447817562002748673e+03
-3.878445521511142488e+03
8.511230666101602765e+03
-2.092072495573183915e+04
4.770409420032577145e+03
-1.592229230840993114e+04
5.946276930700940284e+03
3.439958296770690504e+04
1.496062867793760961e+04
1.870488793988117777e+03
-1.090777972952936943e+04
-7.568493330337284988e+02
-1.530407610542145267e+04
-8.183053657794833271e+03
1.739106201951902403e+04
-1.870966197258763714e+04
1.576374060564053980e+04
1.270222973833706237e+04
1.900416701689548518e+03
1.001387993765956708e+02
-2.599164856053704170e+03
-5.899838724384986563e+03
-3.741246006400096121e+03
1.313540175469656060e+04
-1.372312381807306519e+04
-1.146077461117647545e+04
-6.287337147597376315e+03
-2.402917014769752859e+04
-7.853339329569605070e+03
2.567297874838771168e+04
1.080816972429091038e+04
-8.132432203528268246e+02
1.217250006771278277e+04
2.277771413788366044e+04
6.126241423882773233e+03
6.272075054011088469e+03
-4.893701219138255851e+02
5.092533615373771681e+03
-6.372644469284913612e+03
1.082072221411783403e+03
1.741263579291857468e+03
9.610972115632901478e+03
-3.178501335076045052e+03
-7.173843482295545755e+02
-2.435252802620387229e+04
-1.259698492553239521e+04
-5.800576543041153855e+03
-3.126051608539507924e+03
2.452671305614680750e+04
-3.874445136693856330e+04
-4.678025339553128106e+03
1.475709031266692728e+04
1.680258131878781933e+04
-9.127564898451995759e+03
6.116594683999740482e+03
-9.994502049891176284e+03
-1.601253101544062702e+04
-1.176642468768512117e+04
-8.844840169677334416e+03
2.453801065702370397e+04
3.912704785381697093e+03
-2.124474991037627206e+03
-1.254002036673955990e+04
1.868153732579039206e+04
-7.310401599149822687e+03
1.838771458809696196e+04
-2.540716956141853188e+03
2.088122089617266829e+04
-1.281300470397510981e+04
9.203859170135934619e+03
1.506888473927796076e+04
2.820208914889768494e+03
2.197689935154321574e+04
-1.355526466898804210e+04
-1.150499404270240484e+04
-2.185433114176423624e+04
1.828185168048804189e+04
-1.186667609649649785e+04
3.589561701851294492e+04
1.139832870917692162e+04
-3.628398407088904787e+04
3.418277514707748651e+03
-7.465157715237713091e+03
2.370124148795319707e+04
7.194055097809796280e+03
-1.785849467520652252e+04
5.569506666939320894e+03
5.361688026215026184e+03
2.109878727915782292e+04
1.112945306633068503e+04
-1.987696667474272544e+04
1.569995194078232089e+04
2.976572566454399930e+04
-1.185672211517475262e+03
-2.080478101173965479e+04
-6.169573670097551258e+03
5.196464323075813809e+03
1.039723977231411845e+04
-7.869331018653682008e+01
2.117607437096113790e+04
-2.171960505977311550e+04
-4.012852182616922619e+03
4.652217418845903012e+02
-4.131898210682387798e+03
5.294889445986478677e+03
1.120408035441164975e+04
-4.237783159101805722e+03
3.746843470511651685e+04
5.211043814820896841e+03
1.308792810023403763e+04
-1.389000505116969362e+04
-3.069603277375925998e+01
6.918232673340433394e+03
1.601553851380327978e+04
1.900573773981598060e+04
-1.326639206963861216e+04
1.132291457952482779e+04
-8.153873682541006929e+03
2.636529441358791155e+04
1.429269991637959902e+04
-5.032350190794402806e+03
-9.764284398436695483e+03
2.539229704719671281e+04
1.054961987113379473e+04
2.419802773855985834e+03
-1.169935633128691734e+04
3.128411760910897215e+02
2.568470940343031998e+03
1.488021950753083331e+02
2.026532360064104068e+04
