1.503977419960844054e+04
-2.065604171417551333e+04
1.434819872566582308e+04
2.117131283412917037e+04
5.503732892773855383e+03
1.213382199529770878e+04
2.254589735800243488e+03
6.068167086413402103e+03
-2.760842619041598300e+04
-1.319156033893270433e+04
-9.576225630286193109e+02
3.640659514546824084e+03
4.572692066583263113e+03
4.307736164524910419e+04
3.493272215822003091e+03
2.263285010519162097e+04
-1.083866907442523370e+04
6.830517350478224216e+03
-1.087235377546907694e+04
8.288370392313419870e+03
5.705604322390137895e+03
4.962747579050834247e+03
-1.573607231044767650e+04
-7.712254569840455588e+03
1.285256492058998083e+04
9.337899208742477640e+03
1.167885890696269962e+04
-1.312151655246298651e+04
2.504945311716783635e+03
1.291535414783790111e+04
-2.391873653582558836e+04
-7.707295627107525434e+03
-2.258773673773714563e+03
-6.965666998686387160e+03
-1.956758858508413687e+04
2.505447689227206502e+04
-6.920172083644039049e+03
1.109207674342571045e+04
-2.756627279355064456e+04
5.407318088575962065e+03
-4.098430033040263964e+01
-2.271937060789716270e+04
-1.382458987456939394e+04
-3.470173687953295303e+04
-7.448429618276152723e+03
9.668221128871451583e+03
3.188854173303452171e+03
-2.433707373040702441e+04
1.193935504474371555e+04
-6.651384837805226198e+03
-1.150754248587238362e+04
2.845914195207996272e+03
2.454704677289558731e+03
-8.630305605373284550e+01
3.044836092012596418e+04
1.603707308023551741e+04
-6.554966921425087094e+03
-5.112731801491660008e+03
-1.024754993310777900e+04
-2.913268353463343738e+04
-1.866373009272387662e+03
-2.240641559360044266e+04
8.841108405039469289e+03
-6.190850793454277664e+03
7.928593524143746436e+03
5.830491076196811264e+03
-4.067621875892170465e+03
4.859248613792869037e+03
-2.634105021289301476e+03
9.662852588836842187e+03
8.117373651891402915e+03
4.974526063425012580e+03
-1.860153723372428794e+04
1.030840975956957209e+03
1.926368149040335993e+04
9.710729042955721525e+03
9.122136573778660022e+03
-2.556416556146183575e+04
8.027177046479898308e+03
-1.145754515359520701e+04
3.319902497475000473e+03
1.643099837694038797e+04
1.115822085514640457e+04
-1.504763970678410260e+04
-2.044426408912130137e+04
9.944544443577780839e+03
-1.604821620337399872e+04
-9.838697962272311997e+03
-8.616074072657062061e+03
8.461919455840390583e+03
-2.154848142057015139e+04
1.239396898532092200e+04
-2.498376367250851399e+04
2.174861164473266399e+04
-5.373910252219280892e+02
2.443767343603482732e+04
8.045233688352016088e+02
-9.149489341657978002e+03
1.454075190844326016e+03
1.120219525332457306e+04
6.416082857935788297e+01
8.515120836585716461e+03
-6.118692490171457393e+03
1.479113740431983388e+04
1.157545655807112962e+04
4.371605655971525266e+03
-7.244697367965653029e+03
-1.561468696538397489e+04
3.163268991155326148e+03
-3.160064761343895043e+03
1.034061024046663761e+03
7.401411815594437940e+03
-1.190078467804574575e+04
-1.722602430265173098e+04
-3.464860200070957944e+04
-2.783807379745352591e+04
-2.333644974436298071e+04
-4.999745951931415220e+03
-2.759628696626240344e+04
-1.172413433205823640e+04
-8.770268436113354255e+03
1.588610980354039020e+04
-2.119413225192271420e+04
1.560998616740134821e+03
2.001243748262506779e+04
-6.869506419198655749e+03
4.236209624279234959e+03
-9.942999027854007466e+01
-2.223583771664152300e+04
-1.557646195036674726e+04
-6.461482203287759148e+03
-1.341669921398894803e+04
1.222147670474164443e+04
2.914658314583435640e+04
-1.871071323995817511e+04
-7.224193612068676885e+03
2.178369674690527972e+03
1.149416251915326939e+04
8.520189907089961707e+03
-8.525031792786225196e+03
-1.004065687668845385e+04
2.036911526756086005e+03
-1.922032578501386888e+04
-5.156663321376530803e+03
-5.616822057123801642e+03
3.327272762272856653e+03
5.190556567820917735e+03
-1.337892359340973780e+04
-8.547201445369886642e+03
-2.954849519681122183e+04
2.739289314602946251e+04
-2.865743301941926347e+03
-1.594742385118783750e+04
2.664705047030095557e+03
-1.203059506303764101e+04
-1.039544668344279489e+04
6.059393616775116243e+03
2.205108436183965023e+04
4.667270989635952901e+03
1.131955646133605842e+04
-6.883211244898523546e+03
4.040025803467540754e+03
-1.427861382827673879e+04
-1.082774879072837757e+04
-1.924165042749731947e+04
-8.944910057802040683e+03
2.226961723246484689e+04
-1.776626652106880647e+04
-1.130126257346510283e+04
-1.703696830670915369e+04
-8.893053679611559346e+03
4.886382392307890768e+03
2.923575544527228431e+03
1.095616921368481781e+04
-8.258836862126339838e+03
6.262005103664127091e+03
-6.276077749198996571e+03
-2.102230375187142999e+04
1.355117059146643442e+04
3.912793030218810145e+03
-1.807050823498918544e+04
1.723268210852524589e+03
-1.229757417282911047e+04
3.908741629819850004e+03
-6.107915054253853668e+03
2.124364755061369124e+03
1.640921902196455267e+04
-1.072652049707840888e+04
-2.568019080711758579e+04
1.021313754016960593e+04
1.453739923474064881e+03
1.676785208172978673e+04
-4.428347692229325730e+03
-1.403405334972029777e+04
3.422461200939398168e+03
-5.987484837778415567e+03
-1.131763066719783274e+04
1.922384510458603472e+04
-8.481063470078011960e+03
3.975869371512664657e+03
-1.257609256169243781e+04
3.596944213917430716e+03
3.144205772344029174e+04
-1.399204900477459432e+03
-1.018613534684976230e+03
-3.667358793500438878e+03
8.561841156251830398e+03
-8.113286069362060516e+03
-3.194932367140611404e+03
-2.022126219101489551e+04
-8.271925204206547278e+03
3.305134540383335843e+04
4.063332243178260978e+04
3.171992646803022581e+04
-2.564504257761671852e+03
-1.161423353396911443e+04
6.335422018569674037e+03
-1.433638474621879686e+04
2.200340442034365697e+04
4.641071262509686676e+03
-1.089456209377665073e+04
2.568399710204959410e+04
-1.843484661842119385e+04
2.479871532778762776e+04
-7.365809391559189862e+03
-2.065151741439319812e+04
-1.988940030138081056e+04
6.049424102465092801e+03
1.351746843100766091e+04
-1.940298308440268374e+04
-1.441954314381846234e+04
-8.795873231422524441e+02
-2.081075609124075345e+04
1.160610950727819727e+04
1.802675172876581200e+04
-8.274489294485278151e+03
1.323100363381468924e+04
1.765164386984214434e+04
1.877832628959895010e+04
-3.534893375695716713e+03
5.293727796339137058e+03
8.967783425161796913e+03
-6.993954943321222345e+03
1.340877708578085912e+04
-5.094201132142454753e+02
-2.293843270325770573e+04
-1.264098164794251898e+04
-2.878245522654207889e+03
-5.237916642104098173e+03
1.440791442064854891e+04
-1.060834731099283999e+04
-9.531920250320983541e+03
1.427204813348629068e+04
-1.052783488838552876e+04
1.532913844739784736e+03
2.755017491359910309e+03
1.638873100718648857e+04
1.782640906163183536e+04
6.702510587039173515e+03
1.109005204061208133e+04
-2.777208866540613599e+04
-4.608997871443511940e+03
1.533425935733561528e+04
-1.458481699788813557e+03
-2.063541308763596680e+04
