4.743376418904392267e+03
1.352226072649764319e+04
-1.057846005727254123e+04
2.351852588111157729e+03
-2.963031892345258530e+04
9.601017731534795530e+03
-2.653316358922243671e+04
-1.963264887726388406e+04
1.685495996843486864e+04
-2.381410164893570254e+03
7.201079564677912458e+03
-2.249036283620732866e+04
-4.931794263009694532e+02
-1.377721251760849373e+04
-1.003905332012307190e+04
-2.156754627017717939e+04
-1.696093600017562494e+04
8.413006237787069040e+03
6.100282728111023062e+03
2.232168431391369450e+04
2.048241331232674384e+03
-8.249074100694577282e+03
6.105152689281236235e+03
-1.564104521877963816e+04
1.509909605893571643e+04
4.268413171101542503e+03
-1.174217357328663093e+04
2.347640138068642045e+04
1.482042514274651694e+04
3.237618198303296958e+04
-3.457689813480622252e+04
-1.987119195860484979e+04
1.722893889360495086e+04
-1.780802593681787403e+04
3.122683209436993366e+03
1.243623551192882951e+04
2.931411589992574591e+03
3.293448339407786261e+04
1.327891192873043292e+04
1.333359575322653836e+04
-1.596965009676413683e+04
1.812718775795688998e+04
2.124896568742234376e+04
2.058463057094874966e+04
1.343373830292744606e+04
-1.265387162780000835e+03
2.652130217114013431e+04
8.390175815458260331e+03
6.838924502488960570e+03
1.369310265164013799e+04
1.143491849170204841e+04
4.599030260621141679e+03
-6.500987532305931381e+03
-5.012383296167034132e+03
-6.613354688111564428e+03
-1.397192509723862713e+03
1.577745221180664703e+04
1.792643330264964970e+04
-3.545847572874594334e+03
2.565275772653187232e+04
-1.597293799024908913e+04
-3.791798727391546322e+02
-1.818300044993902702e+04
2.030948113071717307e+04
-1.092255884923834492e+04
1.556940580977213722e+04
1.141683446881553027e+04
1.761970814075885937e+04
5.590664810267689063e+03
2.953479016755523844e+04
1.459397604490836056e+04
1.407448265162911412e+04
-2.365559686303700801e+03
4.852561545190665129e+03
-6.740001112026606279e+03
3.711359244985213991e+03
1.847405987744996310e+04
-1.814788156899763635e+04
3.332285743345147785e+04
-7.349112513821835819e+03
-3.613177119974823199e+03
-2.637374384098173323e+04
1.653592023494014211e+04
5.417297195832114994e+03
5.315175855370312092e+03
-2.334538201857576496e+04
-1.590883300004787998e+04
-8.573382356434489338e+03
-8.648934073191896459e+03
1.889331742478914020e+04
-1.391680583667042265e+04
1.252180427732750650e+04
-3.074943473599357276e+03
3.641592995807208354e+03
1.452183266095504769e+04
3.608694567654987623e+04
-1.227814196311600881e+03
8.428498118514955877e+02
2.481521009510827014e+02
-1.278720419074325491e+03
1.244331916094583721e+04
2.151735460046210937e+04
-6.920265861844721258e+03
1.361766368583547774e+04
1.210440463397883650e+04
-7.066067766435383419e+03
1.305091382503686873e+04
8.432261911597497601e+03
-1.918003983355303717e+04
-3.338218415622029625e+03
-1.930835629953266834e+04
-3.090207633488301781e+03
-1.015397514478466110e+04
-2.520323095663312779e+04
-3.036913800968965006e+03
-4.694429400752434958e+03
2.344705837378186334e+04
1.632881586644486197e+04
2.611060923660500976e+03
1.856479480529213106e+04
1.811621972627029390e+04
3.095751241230250162e+04
1.709326134632066169e+04
1.177039619868195950e+04
-9.127617143858722557e+03
3.815489500996693823e+04
-2.804415770290906949e+04
5.031518845553020583e+03
1.478807982611260923e+04
-4.099236534221603506e+04
1.100163195267827723e+04
1.891175804516057542e+04
-8.350567984644703756e+02
2.360527722832185646e+03
-1.291129317902244293e+04
-1.886455551396789815e+04
-9.146206579484764006e+03
7.840018605066304190e+03
2.251192918874484894e+04
1.156475298961169392e+04
-2.775054699640222680e+04
-6.284824150906211798e+03
9.132914046159345162e+03
5.250913222904091526e+03
7.195503754034594976e+02
-2.010562523024311986e+03
-2.531828978817228744e+03
1.648840682728966931e+04
2.056906134520696651e+04
5.963322812771705230e+02
-2.233750666081636518e+04
-2.226631657571440519e+04
1.053669125815952430e+04
1.035650001042333315e+04
-5.995466441646964995e+03
1.724303933479768375e+03
-2.849745332375555336e+02
-2.206152493550884901e+04
-5.724882994315397809e+03
1.611850566896000055e+04
-5.918465719002837432e+03
-2.069660976467868750e+04
-1.538286193295614248e+04
-1.166289845094992597e+04
1.425358030692489774e+04
-1.946165983762242831e+04
6.016287686050936827e+03
8.564261856305129186e+03
8.934541638004027845e+03
2.692932697373167321e+04
2.573773235044193370e+03
-8.923138753896224443e+03
-3.992125574337485159e+04
-1.183363565226835635e+04
5.511227560412709863e+03
-3.558618334442899504e+04
-1.063256171490004454e+04
2.624480222093967677e+04
3.325092180291982368e+04
5.145970047640492339e+03
-2.889964652331280013e+04
2.736299195467085519e+04
1.490296840374084422e+04
2.297101349530311927e+04
2.413797538630479903e+04
-7.124244061237111964e+03
1.445131401127941899e+04
4.102073611835939664e+04
3.074623315403247943e+03
2.645390120449520509e+03
1.121630468427236701e+04
-2.913860954702282925e+03
-3.208381725731867846e+04
2.793777583325739397e+04
-4.698650011941598677e+03
-3.984696699691106915e+04
-1.594719987546631273e+04
6.910065250679075689e+03
1.714307373331119015e+04
-3.227214751190245443e+04
2.990193902207267456e+03
2.866183767928332600e+02
2.458493988220797837e+04
-1.886428036859436179e+04
2.523553423810785898e+04
6.523248197299447384e+03
-2.867968810114633015e+04
-1.146424593074978475e+04
-1.926508918459229608e+04
-3.922974436916912964e+03
-4.146108473486192088e+04
-5.991148143088108554e+03
4.989848969756209044e+03
3.103062880132953978e+03
3.213023632202952649e+04
5.731407711117260988e+03
1.000732481211083541e+04
3.707858508918151983e+03
-5.428653544904836963e+03
-2.785951873053607051e+04
1.221207078194359747e+04
-4.164357121610353715e+03
-1.626918643324596815e+04
-2.196682683090260616e+04
-2.359596062922215879e+03
-4.303433450096190791e+04
1.084056142148264917e+04
-2.768001726562475596e+04
3.918557219693789648e+03
-1.024157371857188082e+04
6.437851095217433794e+03
1.735891921181526777e+04
-2.054031913254427127e+04
-3.481486457576056637e+03
4.850076853008295643e+02
-2.509120067097101855e+04
3.278243409032501222e+04
1.684140327997301574e+04
1.898921805545337338e+04
2.033820601419456943e+04
9.477218211438108710e+02
-6.806107082474984054e+03
5.578240581259473402e+03
1.424473179399805076e+03
-1.660646426030038856e+04
-5.699693974083136709e+03
6.069653279112071687e+03
-1.535713132235539888e+03
2.842406647970197355e+03
-1.550752504878593072e+03
-7.945374210368729109e+03
4.761501941821272339e+03
-4.795171693107052124e+04
2.530887677534139948e+04
9.331532605620855975e+03
-2.651627039058936134e+03
-8.848799943403849966e+02
-7.544758145703477226e+01
2.769269385905776289e+04
-1.365326441626485030e+04
-1.072974068713989436e+04
9.608115202820443301e+03
8.291477431994817380e+03
5.188810702191351083e+03
1.245734888430559477e+04
