-4.381335324823879637e+04
-8.140031432275135012e+04
6.079218052491400886e+04
8.595603642779609072e+04
8.620840099197458767e+04
-3.857106052832525893e+04
-8.850341268047384801e+04
6.289998015359321471e+03
1.869285131299792192e+04
8.699928185217295322e+03
-4.652348244508337666e+04
6.992542405205692921e+04
5.010607346439943649e+04
-1.140431518512428738e+04
-1.917429765126350685e+04
3.510990296838140785e+04
-6.037301872703032132e+03
4.088192377402665898e+03
-7.090694854970248707e+04
-2.836602853048058751e+04
9.930342612040640961e+04
-2.172315451975150427e+04
6.208997910781396058e+04
-5.318453516001524804e+03
4.735639420295911987e+04
-8.391349690978035505e+04
-3.014190720533331114e+04
1.773348497662468435e+04
-4.604592936766217463e+04
7.560183331857938902e+04
-8.581475940499737044e+04
6.792699220434165909e+04
2.641060967007798899e+04
-1.513456992675845504e+04
5.930847049543148751e+04
7.096273720235416840e+04
-7.117314034684507351e+04
-6.150082815891341306e+04
-9.104965161402295053e+04
3.166620915325996975e+04
2.434734400652342083e+04
-8.459286616266699275e+04
-6.059304209921921574e+04
-9.633951595499181713e+04
8.376072435756569030e+04
7.854094402163071209e+04
-8.411176765491656261e+04
-1.621241363627462488e+04
9.090721783965367649e+04
-2.481135330871124461e+04
-2.655627280853616685e+04
2.173702687149472331e+04
-7.183866446967075171e+04
4.924346674860332860e+04
-7.463316155741666444e+04
-6.447437984065583441e+04
-5.978319496259580046e+04
-4.199412854317006713e+04
9.500674720523112046e+04
-8.482451482185022905e+04
-2.466402019250909143e+04
8.910703640402105520e+04
1.874331458201901842e+04
-5.953259865944820194e+04
-1.717559885915103951e+04
6.594809665551637590e+04
-7.590125866046766168e+04
2.482093038872063698e+04
3.506213629868721182e+04
-5.001162497689833253e+04
5.569569746760852286e+04
2.869760987958940677e+04
2.152677046204547878e+04
1.444134229354166018e+04
-5.305107892723264376e+04
8.310314691142539959e+04
5.707218896935207158e+04
-3.957942400271153747e+04
5.715663619615161588e+04
3.650501502168246952e+04
4.929131582373150741e+04
6.900798092182859364e+03
-7.805771924153521832e+04
-8.501039547778795531e+04
-5.018040028054770664e+04
-5.359580799424777797e+04
3.922767634026832820e+04
-7.106187396500198520e+04
3.309023265096427349e+04
4.127256693275288853e+04
-7.811412217428059375e+04
1.368672852550626521e+04
5.346499897962704381e+03
6.893779823997325730e+04
6.107622610279881337e+04
-9.126676231034152443e+04
-5.442849753771279211e+04
3.086422515624140487e+03
-6.631849153400817886e+04
6.760142769531048543e+04
-9.361521310375045869e+04
-9.910743810816873156e+04
4.432883476927272568e+04
8.998985723139317997e+04
5.442662255171623110e+04
1.473319298166626868e+04
-2.621241055410920671e+04
7.252448053713569243e+04
-2.948867948557004638e+04
9.524546465128452110e+04
3.787753059696283890e+04
2.494824107492372423e+04
3.305943554720522661e+04
-9.271985853644348390e+04
-7.669980616460806050e+04
-2.312152642262668087e+04
-2.099057636525765702e+03
2.912574391602193646e+04
8.835593978881801013e+04
-7.183677974369166805e+03
-1.913597622313347165e+04
-1.007073878411302030e+04
3.475979159823096415e+04
-9.286898736900728545e+04
8.457413137266972626e+04
5.706420299193030951e+04
-7.509763732898337184e+04
-6.275743938470839203e+04
5.904642029099082720e+04
-7.804473432582471287e+04
1.810171477164397220e+04
-6.251525412262783357e+04
7.609741692464066546e+03
7.951507298905313655e+04
-3.152987657073244918e+04
-6.743076944077365624e+04
2.674876359743157082e+04
5.822203506042597837e+03
4.496752958204787865e+04
-6.735721519547747448e+04
-2.430792906188107008e+04
-9.029539063693840581e+04
-6.917682119454607891e+04
5.790365448272628419e+04
6.305028315174395539e+04
2.832160999289133906e+04
-4.332980690673691424e+04
-4.279328467297140742e+04
3.045864922245579510e+04
-4.953883817787021690e+04
-5.162004059557072469e+04
6.230166758846423909e+04
7.799440352043599705e+04
-6.414890058109204256e+04
7.969179981282367953e+04
1.668496860402536913e+04
-6.300923072925936867e+04
4.593252597073035577e+04
4.520961825141686131e+04
2.408429007698791975e+04
-3.844968684961154213e+04
3.693226439996453701e+04
-7.129503285711597709e+04
3.445052244030861402e+03
-8.248852304648308200e+04
-4.708605419760300720e+04
2.511825021558996377e+04
-9.531077367996408429e+04
2.402535090650567508e+04
1.679406497524263978e+04
3.707318132727197371e+04
2.674772029872873100e+04
7.291043141401692992e+04
5.913787955635741673e+04
-7.092869812114890374e+04
-7.100058068738027941e+04
6.708273618551375694e+04
7.935331329660165648e+04
-6.901690451761086297e+04
-6.521766175326667144e+04
-3.520525562166018062e+04
-5.809152006074504607e+04
8.749146034309788956e+04
-9.223013102325805812e+04
4.814301092994212377e+04
-4.261603883589083125e+03
-7.437281539417330350e+04
-5.991630470826221426e+04
-2.838605735099858430e+04
-6.640808737260373891e+04
4.206527362716891366e+04
-3.813476137344687595e+04
-6.684982092242043291e+04
-8.159496063228005369e+04
-5.876027531085553346e+04
8.108672383981327584e+04
-6.914009352280873281e+04
2.645034470492906621e+04
-6.097968909097542200e+04
-4.813385699043294153e+04
8.320115393814090930e+04
-5.078503273942138185e+04
1.924681484725422706e+04
1.607185359757640072e+04
7.451528983390241592e+03
4.186047840285711573e+04
5.587406530377677882e+03
1.589777089577120023e+04
-2.517932637694166988e+04
1.055319749523219031e+02
1.462632763374098795e+04
-7.752499728181431419e+04
2.446045814800910739e+04
3.037359765562745451e+04
4.721983429437802442e+03
3.831795568493985047e+04
9.717547270702445530e+04
7.168502973068944993e+04
-5.491180607961847272e+04
-9.904391266856505536e+04
5.340922646239231108e+04
-9.900507649669292732e+04
-8.736036848360669683e+04
-6.377507057295639970e+04
-5.435355763548473988e+03
-7.559130635642410198e+04
2.430523698768056420e+04
1.900203519189886356e+04
6.996842691816668957e+04
9.028680359648949525e+04
-1.927145802202134291e+04
-7.903599028129642829e+04
9.620852567872421059e+04
-4.258233444959164626e+04
9.522655736712203361e+04
8.353160305919225721e+03
-3.351218223177289929e+03
-9.839050650305878662e+04
-9.042447705026490894e+02
-2.792831792443987069e+04
9.849262282205228985e+04
4.240535169526684331e+04
-6.825775132313474023e+04
3.249205498528596218e+04
-7.991130815362051362e+04
-9.291883694173309777e+04
2.091159448183634231e+04
-7.512458764460301609e+04
-5.849957827067522885e+04
5.475882989129758244e+03
8.380263504565512994e+04
-3.073486477902048500e+04
-5.766147079399425274e+04
7.772378810574949603e+04
3.908158336102581234e+04
-9.669527807404568011e+04
4.606396936711684248e+04
-3.030863504813502732e+04
-1.495558516076871092e+04
-8.487174405305829714e+04
8.426081759333649825e+04
-7.561292260426243593e+04
-8.591245915034264908e+04
1.012208103730971197e+04
9.245268903798742394e+04
