2.792030228136491132e+02
-5.574988120286143385e+02
2.387865163066058187e+02
8.786648771952599191e+02
-7.823209977867063571e+02
-1.267796825723458625e+02
-9.067520250368376082e+02
-8.548640164389557867e+02
9.720970120672087660e+02
8.647337066240983177e+02
-2.685986593334365580e+02
-5.552160136673024908e+02
5.352618829647796019e+02
6.044167142883425186e+02
-5.238377792875357954e+02
-2.676326030347684348e+00
-6.733556622097470381e+02
-7.845418132303320817e+02
-8.749121443910395328e+02
-4.716240803052230603e+02
7.050343711723201068e+02
8.521049830025923484e+02
8.830003995137340098e+02
1.831908624438221693e+02
5.491301435363052406e+02
6.582849044701072216e+02
-1.241656539911221984e+02
6.111318643743838948e+02
1.471936270271056628e+02
7.438057923239705360e+02
9.360319372296381744e+02
-7.367217915911382988e+02
3.013933855575758116e+02
1.853667373142034762e+02
7.821078616424196639e+01
-8.927211295778970452e+02
-7.015165574873494734e+02
-5.965829901995928140e+02
-1.822148627690494322e+02
-8.524682477242887444e+02
-7.322469744351672034e+02
1.763130744849460712e+02
3.000568185139881905e+01
2.755528649875131464e+02
5.170806866978713288e+02
3.164260760814315177e+02
-9.628849642729511515e+02
5.375773214130422275e+02
-9.036854717659693961e+02
-7.008071327167447180e+02
3.225209284335907682e+02
-8.525451251078417272e+02
8.836203119902246499e+02
9.336958476880105309e+02
6.044368366428817581e+02
8.387754884608680186e+02
-4.148498399995244768e+02
5.422860219329519396e+02
-3.257107181357540071e+01
7.387231778232657007e+02
2.960191447796145781e+02
-5.892191773628695728e+02
1.640502133572957462e+02
7.809486176681906500e+02
9.472726306845847830e+02
-3.458991915466831983e+02
-2.184514624088238861e+02
1.265698447091352286e+01
8.780270004362603231e+02
-2.916018720652293723e+02
-5.715319515920697313e+02
4.755054721339856201e+02
-3.060752447577627890e+02
-5.210615674930897967e+02
5.307961351058098671e+02
9.475738355892976017e+01
-5.369837128825377022e+02
2.162543521001423983e+02
1.570900086958777990e+02
-5.634449606411767490e+02
9.771188891104345657e+02
-5.414242470081574083e+02
1.274405372467122106e+02
1.161283352908240261e+02
-7.251905826842011038e+02
-6.397574218915452775e+02
9.081071400283507273e+02
1.778381245833175939e+01
-4.977973341398250682e+02
1.628880697782324205e+02
5.425359417073136683e+02
7.859794146947449462e+02
2.069674266141803685e+02
8.905072830183264614e+02
9.565893119944744285e+02
-4.725189212814275379e+02
-4.381964223660644393e+02
4.528874868299613610e+01
-2.081832517212857852e+02
-1.583968064104265920e+02
7.853811985184287323e+02
-3.011574732033676582e+02
8.804111214126891127e+02
7.275206879827405828e+02
4.560146123762260686e+02
1.127909475108979365e+02
4.174438076515470897e+01
2.939321270154123908e+02
2.962544746441301502e+00
-1.226323157763288236e+02
-1.326576743188625755e+02
-4.512723852902864223e+02
6.115166617993497766e+02
2.039118325740152216e+02
-6.597851193820981734e+02
4.261041094730411487e+02
6.204376844003840006e+02
-2.686674442066538973e+02
-3.877624377821525741e+02
-8.052738555871042081e+02
1.868652885264958172e+02
-9.600578775587603104e+02
-6.212848060429879524e+02
-4.062091395801865019e+02
6.502058088539232585e+02
-6.457235343356469457e+02
4.760023723075925091e+02
1.765988696893281258e+02
-6.778388338703943816e+01
3.326253824901366443e+02
-4.279353594259492155e+01
-8.821093135139504966e+02
-1.419498141956331949e+02
-3.163006481789944857e+01
1.005587478148643896e+02
-1.052118353231871737e+02
2.026822599218318146e+02
4.186956196652554354e+02
2.700323577786628562e+02
-9.708255553487867928e+02
3.195454509483855645e+02
-9.251632787201509700e+02
-7.808900980040737068e+02
5.121144409183574453e+02
1.983593644025456797e+02
-2.256447615751392846e+02
9.080876902120010072e+02
-9.538732662111877971e+02
-3.493174990312608230e+01
8.082443729803713950e+02
2.335459304297030201e+02
9.441634458502729785e+02
-2.473549178631716217e+01
-5.931979868347279989e+02
-3.147065758680523118e+02
5.866176067445284161e+02
-6.551223655678724072e+02
-5.774548540300489776e+02
2.541841353482219290e+02
2.853143143516178384e+02
5.410288102121329530e+02
-7.029657854196789231e+02
4.671774592453389801e+02
-4.001636427311686361e+02
2.966251453416110735e+02
1.937609750219027660e+02
-1.552417301207062224e+02
-5.046351787511592306e+02
6.367142658856826074e+02
2.718332595224244983e+02
6.746574339853715401e+02
1.430410310034708914e+02
-8.128866841541939436e+01
6.530678862763082861e+02
3.238026909941326039e+02
-2.026350607113834315e+02
4.884558296373996882e+02
7.367952694804502300e+01
-6.188723987238607833e+02
5.695969180599779946e+01
-1.276513115946834915e+02
-6.207575780879558351e+02
-1.008348646835721780e+02
8.923063973335669630e+01
5.504353854580240295e+02
4.360185944282848709e+02
7.876710525701001870e+02
1.858040741800840578e+02
-5.660031248615707682e+02
8.123631110678198866e+02
-3.422251564933822578e+02
8.600452633229623416e+02
-8.205376801677455205e+02
2.839738273247134259e+01
9.954256440251518825e+02
-3.933604204997289457e+02
-9.253346881305511715e+02
-7.472528466387813069e+02
-4.619389359085182605e+02
-8.487985016068881805e+02
2.705573394461523549e+02
-6.355488470195329000e+02
1.439196340184430483e+02
4.567074941103348920e+02
7.778836825712065774e+02
8.964610466676681426e+02
-6.683720452743802980e+02
6.742101909917973757e+00
8.784380623174625953e+02
7.365357782065776746e+02
-2.369899769163877465e+02
4.585782709165819426e+01
9.179191960359780751e+02
-5.684655393881699865e+02
9.032710947457740076e+02
-7.312381410837751901e+02
-4.423734336971941161e+02
2.117275327603705648e+01
2.865813755088874473e+02
3.126631464370622098e+02
-5.958029581621840407e+02
4.573200692439223758e+02
-9.131836661807030850e+02
3.778893567486729239e+02
5.568780245893518668e+02
-5.011679392698771380e+02
8.929824383678535469e+02
-1.593552185257250073e+02
2.797245019161119899e+02
-9.772774169297090339e+02
8.742323005663845379e+02
2.980673156754548359e+02
-2.650367111508354867e+01
9.573424039728761272e+02
5.054649929375385682e+02
-2.754682407547110756e+02
-1.064299614107811180e+02
-5.840869592909613175e+02
9.567727808841195838e+02
-8.570633829143190496e+02
-2.565261291883415424e+02
-1.205809255841215020e+02
-3.593243135073417989e+02
-9.656767370235914996e+02
5.385857922221671856e+01
9.930622203388355729e+02
8.403814887459566307e+02
-9.736972612745889819e+02
-1.190068718423676160e+02
-7.419387914222734537e+01
-6.948642542359657455e+02
-5.557821240625428345e+02
7.344295531717031054e+02
-2.696233749239634676e+02
8.853604019206843532e+02
5.486605382977252248e+02
-9.075058656747812620e+02
1.377031958027652081e+02
-8.743339889367998694e+02
-1.970329765360143881e+02
-9.680913187109761111e+02
9.413756968356364041e+02
3.317400998076545307e+02
7.054399738495405927e+02
7.877058325213272383e+02
