3.081376891433230298e+02
-5.574988120286143385e+02
2.379036160448220016e+02
8.787191680356356756e+02
-7.823209977867063571e+02
-1.267351669607472786e+02
-9.068504793958674099e+02
-8.548640164389557867e+02
9.754726455372365308e+02
8.647337066240314698e+02
-2.685986593334365580e+02
-5.552148015387278974e+02
5.398595206008405967e+02
6.044349410698646352e+02
-5.243322179763637223e+02
-2.676326030347684348e+00
-6.733556622097470381e+02
-7.845418132303320817e+02
-8.731600122810882567e+02
-4.716240802912922163e+02
6.995788263183592335e+02
8.520992872704644014e+02
9.982548244471881844e+02
1.795036030012413448e+02
5.491310414872984893e+02
6.583982924971136299e+02
-1.241696105904109402e+02
6.111318643743838948e+02
1.471936270271056628e+02
7.437532428259456765e+02
9.361606171533313727e+02
-7.367217915911382988e+02
3.014985176772149202e+02
1.604859841449854514e+02
7.837428872329873286e+01
-8.932628951754035143e+02
-7.015165574873494734e+02
-8.060804701769158100e+02
-1.822148627690494322e+02
-8.548528720794894298e+02
-7.322469744351672034e+02
1.763922592128011217e+02
3.226213048041288545e+01
2.755332956592013147e+02
5.055145452683402141e+02
3.163443650009961061e+02
-9.557259414859382787e+02
5.376901867013973515e+02
-9.057968505499027287e+02
-7.011222006692230480e+02
3.176179952564648374e+02
-8.525451251078417272e+02
8.767539979453263186e+02
9.336958880827319263e+02
6.050232905449682903e+02
7.997078947764242685e+02
-3.345021871691969864e+02
5.410126223864486974e+02
-3.252803150357361517e+01
7.396868950216774010e+02
2.954802953035724613e+02
-5.892510583023189383e+02
1.616821112400368179e+02
7.809486176681906500e+02
9.472777136716058521e+02
-3.464007949368843242e+02
-2.184863676423517234e+02
3.203217581986111639e+01
8.796572524592577338e+02
-2.916018720652293723e+02
-5.715319515920697313e+02
4.759551336536497388e+02
-3.062135666367162230e+02
-5.188765062103294667e+02
5.307947959106356848e+02
9.475738355892976017e+01
-5.460756924429672381e+02
2.149840111663645530e+02
1.570900086958777990e+02
-5.634449606411767490e+02
9.771520025116709576e+02
-5.417978819162951822e+02
1.266400209252742144e+02
1.171496872468413954e+02
-7.251905826842011038e+02
-6.397330592150943858e+02
9.044978877044427463e+02
-1.142445129690727299e+02
-4.977061500573830131e+02
1.628880697782324205e+02
6.495581116892627733e+02
7.753900485632810842e+02
2.061994727624226016e+02
8.908531048689807221e+02
9.759441948893842209e+02
-6.039930337488800660e+02
-4.381964223660644393e+02
4.540745633938636416e+01
-2.032161379087720547e+02
-1.583010550836697519e+02
7.845159052983817674e+02
-2.852517782186118325e+02
9.003166897270406253e+02
7.275009842868853411e+02
4.833464191761650568e+02
1.113307782341079246e+02
3.150379331494823631e+01
2.942406787239476103e+02
4.835082513348787359e+00
-1.226268536693564073e+02
-1.274979600004365921e+02
-4.512723852902864223e+02
6.203755472853700894e+02
2.039118325740152216e+02
-6.597851193820981734e+02
5.160173813354199410e+02
6.219824451418000990e+02
-2.723316029831605078e+02
-3.906368208598750016e+02
-8.052702592237859562e+02
1.868261607938055988e+02
-9.600403820948442899e+02
-6.212848060429879524e+02
-4.205563022441681937e+02
6.502058088539232585e+02
-6.457214268774222319e+02
4.760023723075925091e+02
1.765809711977755683e+02
-6.778451191662672670e+01
3.325886241299682524e+02
-5.323488713291887819e+01
-8.821120366934688946e+02
-1.419821737120655030e+02
-3.163006481789944857e+01
1.005587478148643896e+02
-1.052118353231871737e+02
2.015102120542272814e+02
4.265483308716100055e+02
1.724675926783526734e+02
-9.707932122437803173e+02
3.195065545299740961e+02
-8.455245527634774589e+02
-7.808900980040737068e+02
5.106887449439784064e+02
1.983593644025456797e+02
-2.262946653927808143e+02
9.003411050041319186e+02
-9.542394507529587599e+02
-3.493057431537639701e+01
8.077512393388904002e+02
2.335459304297030201e+02
9.441634458502729785e+02
-2.486706482130802343e+01
-6.216058907078584070e+02
-3.146960481248019619e+02
5.859169543956908228e+02
-6.551223655678724072e+02
-5.766503587859680238e+02
2.581846673766369236e+02
2.852736578746567488e+02
5.410132958970602886e+02
-7.029657854196789231e+02
4.799625103378446624e+02
-4.001462721835395655e+02
2.966251453416110735e+02
1.991162688085775017e+02
-1.552417301207062224e+02
-5.046437931439040767e+02
6.576515986919831676e+02
2.733328596024473427e+02
6.750688787114107754e+02
1.428614403182813817e+02
-8.784634158838571238e+01
6.479292557618581441e+02
3.202497054156712579e+02
-2.015013408130982668e+02
4.884558296373996882e+02
7.085026614120853594e+01
-7.423188211575258038e+02
5.696900827535543499e+01
-1.276513115946834915e+02
-6.207575780879558351e+02
-8.107723273330185521e+01
8.610878097706299172e+01
5.511100043734677456e+02
4.458292086312481501e+02
7.877206508937991885e+02
1.859970846926904642e+02
-5.660031248615707682e+02
8.121632963814431605e+02
-3.255199716346087371e+02
7.623325671451668768e+02
-8.190269522364519617e+02
2.552548319390255216e+01
9.724676849540870762e+02
-3.908557940561458395e+02
-9.251577029008425370e+02
-7.477710717556299187e+02
-5.049861386177719282e+02
-8.379070308789329147e+02
2.705573394461523549e+02
-6.540430332095711492e+02
1.439196340184430483e+02
4.561221175630758466e+02
7.780675450007578320e+02
8.963286897369459894e+02
-6.683720452743802980e+02
6.804066223784833056e+00
8.785699755059820291e+02
7.362504928475905217e+02
-2.370278909761864270e+02
2.492727292495635893e+01
9.179191960359780751e+02
-5.684653735133859982e+02
8.959779954343588315e+02
-7.312381410837751901e+02
-4.434199718483649804e+02
7.166744687648893830e+00
2.865823937324362305e+02
3.126612084428672915e+02
-6.227711819896156840e+02
4.573842426978368394e+02
-9.773905910326567437e+02
3.778893567486729239e+02
5.686026567029756507e+02
-5.115556753676509629e+02
8.922656430519109563e+02
-1.593613758921758858e+02
2.797092468862138048e+02
-9.716202036812576353e+02
8.742322891161775260e+02
2.993645624597517099e+02
-2.621742463048258998e+01
9.573141835969130398e+02
5.054643480223104461e+02
-2.753219179764229239e+02
-1.062265399772012273e+02
-5.836417104770865762e+02
9.566144609866935298e+02
-8.570633829143190496e+02
-2.565140782436188829e+02
-6.855408588532679914e+01
-3.591742195566461646e+02
-9.656085250363564683e+02
5.385538692086813484e+01
9.922312398006660032e+02
8.403839935863255732e+02
-9.677786608781348150e+02
-1.190068718423676160e+02
-7.419387914222734537e+01
-7.904508090323564602e+02
-5.552125433485246049e+02
7.343763169429699929e+02
-2.696233749239634676e+02
8.856944397905663209e+02
5.486605382977252248e+02
-9.075058656747812620e+02
1.413044379006301483e+02
-8.743350949328329307e+02
-1.972053812027313313e+02
-9.680913187109761111e+02
8.709306450163969657e+02
3.318544346403881491e+02
7.048091232442301362e+02
7.878172345391483304e+02
