4.606774865686354588e+02
-5.575055561114472766e+02
2.397836139110565057e+02
8.805228717954173590e+02
-5.971269292915876576e+02
-1.270708652761160380e+02
-9.061148353569946039e+02
-8.528712907669217884e+02
9.758158042364088942e+02
8.647337066256829985e+02
-2.723248698071025728e+02
-5.552012517398449063e+02
6.319297456137738891e+02
6.070364052904470782e+02
-2.217912136960141822e+02
-5.441115498679112150e+00
-6.676698281158978716e+02
-7.842326127739155481e+02
-8.796924843802481746e+02
-4.716240802475351757e+02
7.077199740616814552e+02
8.520013960048207764e+02
9.268240651248800077e+02
1.868419302191493330e+02
5.471107286860695922e+02
6.586779489281798305e+02
-6.672914115966224813e+01
6.140729940571562793e+02
1.334718739933996403e+02
7.178262668604011196e+02
9.371120782743324753e+02
-7.449188785650676436e+02
3.003046932176335417e+02
1.622293040978715908e+02
7.796615644747335239e+01
-9.004758902786774115e+02
-7.018657122724910096e+02
-6.064305650753676673e+02
-1.821232555069697128e+02
-8.559702446963920011e+02
-7.309444105768094460e+02
1.767148507689305461e+02
3.245245922871528421e+01
3.027409781832635076e+02
5.214908981390511826e+02
3.240956415702432309e+02
-9.299910877915951914e+02
5.362271618848351409e+02
-9.053297352301015053e+02
-7.010439350993628977e+02
2.910583336615712255e+02
-8.527588018765259221e+02
8.765031928314666629e+02
9.336934804398705410e+02
6.068432999579042644e+02
8.075143653976630276e+02
-3.119718877031756961e+02
5.497621763360125442e+02
-2.472022704698445494e+01
7.403478324146803971e+02
2.942994187166168558e+02
-5.779418996907161272e+02
1.760397138507665318e+02
8.505748726567683207e+02
9.462922685996622931e+02
-3.827033476769219646e+02
-2.185237427367251826e+02
2.529598208146376237e+01
8.787455821008852581e+02
-2.920040254051354509e+02
-4.908710458047142424e+02
4.572670312933290120e+02
-2.995487388938864228e+02
-3.521895784144278991e+02
5.253760465630844010e+02
9.872637315021033544e+01
-5.469102278788687954e+02
1.779200538016991402e+02
1.840972073893131835e+02
-5.995243743625278512e+02
9.770986047174633313e+02
-5.417038478042858287e+02
1.519566157818577210e+02
1.169770781799522581e+02
-3.098684155051366815e+02
-5.374824043736377917e+02
9.258430383879924648e+02
-4.155618763702553764e+01
-4.977534605496374525e+02
1.628986416295592505e+02
5.830092728275830041e+02
7.859920501207700454e+02
2.013675437941663802e+02
8.935658675036021350e+02
9.650561423925677218e+02
-6.087091419729692916e+02
-4.377289486928352176e+02
4.329818472854851308e+01
-1.534915988285031574e+01
-1.583726884546837823e+02
7.891793772105555718e+02
-2.971494109520731968e+02
5.571324740415302585e+02
7.276055837377696207e+02
4.712691505998648722e+02
1.091896108781734540e+02
7.696268586196347883e+01
2.939862375733056297e+02
3.229164850170175072e+00
-1.227500249380804007e+02
-1.270462136799308439e+02
-4.429600653991390118e+02
6.744421665361767282e+02
2.037725591109673360e+02
-6.558343856964520455e+02
5.255644162176580494e+02
6.196380792139705136e+02
-1.977937574300823655e+02
-3.897485156889496238e+02
-8.052067617285985079e+02
1.920340675716519172e+02
-9.484106474346767754e+02
-6.442991078497943818e+02
-3.447151928567378718e+02
6.641566093206715777e+02
-6.450434933474017498e+02
4.762272326917586724e+02
1.855057481857075743e+02
-6.672341478917844881e+01
3.332532296966596164e+02
-4.245360908688402901e+01
-8.722401670864594507e+02
-3.388424416175937637e+01
-3.162831641580652686e+01
1.096423695305665262e+02
-1.043731785160574503e+02
2.017569000947153768e+02
4.265594862543366617e+02
1.713562776258336839e+02
-9.752006308236872201e+02
3.303989839686378787e+02
-9.253090429472687219e+02
-7.803063594003007211e+02
5.112902155694027329e+02
2.081453252766676485e+02
-2.311038321531555084e+02
9.123199179339776492e+02
-9.543544457319769663e+02
-3.050046310511973857e+01
8.084573525802279619e+02
1.733038792184254646e+02
9.440859075396330127e+02
-2.734613261443200471e+01
-6.216248924723189475e+02
-3.171557029368692042e+02
6.026147858280418177e+02
-6.463494575583387132e+02
-5.766698403268281936e+02
2.578907467375908027e+02
2.852561014204839012e+02
5.411790804912772046e+02
-7.566574446712379540e+02
4.796086172786666566e+02
-4.005467830037747490e+02
2.943828798768033153e+02
3.894017971329205352e+02
-1.488975539706585209e+02
-5.038460545152830150e+02
7.652918465118566473e+02
2.724303224733741899e+02
6.743496029294409482e+02
1.290566557173013393e+02
-7.293408750121585626e+01
6.476586403483887580e+02
3.177971601447187595e+02
-2.024994277325908740e+02
6.140949665414906349e+02
7.001528910430603503e+01
-7.118194509046091980e+02
5.698514414749020318e+01
-1.150333152072841187e+02
-6.189715621727856387e+02
-8.040864053363607411e+01
1.231789546524353227e+02
5.375165240916491030e+02
4.357281313417218485e+02
7.877570675328681773e+02
1.809167632543614275e+02
-6.167075713208246270e+02
8.009717573475568315e+02
-3.420977556953288854e+02
8.887570765713323908e+02
-8.180941427237534072e+02
2.289594316304252075e+01
9.974328459316669750e+02
-3.971628493977560197e+02
-8.381558201320902981e+02
-6.619520788614744333e+02
-4.893250956295463538e+02
-8.484547224672944594e+02
2.804936908690547170e+02
-6.795494324302114819e+02
1.601258008059152189e+02
4.568834737379435751e+02
8.438934934374169643e+02
8.970831995489429573e+02
-6.689124830214435633e+02
2.537761477451640602e+01
8.811628827395149983e+02
7.365085730660402987e+02
-2.351110156775570204e+02
4.125873476209292789e+01
9.190925257661634760e+02
-5.684277094934791421e+02
8.988636543845835831e+02
-7.314374614338172478e+02
-4.634210037145294905e+02
2.167029685760794067e+01
2.820168849012536043e+02
3.295367948603075092e+02
-6.307275727676004635e+02
4.574344019523684892e+02
-9.704483991840855879e+02
3.119028319365078801e+02
7.558378301714243435e+02
-5.007435238695385351e+02
8.873003301432601120e+02
-1.593347798075272976e+02
2.723872808249714126e+02
-9.773171246618885561e+02
8.742329044295116773e+02
3.020042762503331915e+02
4.345786594332081698e+00
9.570963614236981130e+02
5.056303299132245002e+02
-2.700926230798801271e+02
-1.069395306919564774e+02
-5.522760483220337164e+02
9.572654509101483882e+02
-8.552032617321558519e+02
-2.580633349770849918e+02
-6.272879922802897568e+01
-3.609465452028785535e+02
-9.300116523351541673e+02
5.317672489620093046e+01
9.930974144932953322e+02
8.401212214960611391e+02
-9.748795829923227529e+02
-1.067849114514032038e+02
-6.547151592603665904e+01
-7.666181503142911424e+02
-5.552167023759244557e+02
7.355760293911638428e+02
-2.089833980200016299e+02
8.852665267950482075e+02
9.076960183930447101e+02
-9.099688785270053586e+02
1.445146673560495287e+02
-8.735584192099705660e+02
-1.967746839629983526e+02
-9.674709224515530650e+02
9.312875920710573610e+02
3.297103097153799354e+02
7.049424409668703220e+02
7.877548803413133101e+02
