4.629819983857312877e+02
-5.575081821653300267e+02
3.052699288213442514e+02
7.217297821841840459e+02
-6.025297020310804328e+02
-1.270169703502240992e+02
-9.153666063674767202e+02
-8.575872353720100136e+02
9.724014272253843956e+02
8.647268739621806617e+02
-2.736319983119229278e+02
-5.552399300801283744e+02
4.310783084221429249e+02
6.034894575711963398e+02
-5.165361209672882978e+02
-3.510072375022628144e+00
-7.804461174290130430e+02
-7.849193510272434651e+02
-8.740943966122531492e+02
-4.716240803068624814e+02
7.023421804507695470e+02
8.520884435825080345e+02
4.245886141081133474e+02
1.851385393966294259e+02
5.367803659306044892e+02
5.726072368437561408e+02
-1.282239924173032932e+02
6.128359979800943620e+02
7.907493370560401047e+01
7.182231889046771585e+02
9.345864219737567282e+02
-7.391885380262486933e+02
3.002435820661606840e+02
1.604643084709611855e+02
7.860559181753757230e+01
-9.040022109635420975e+02
-7.020527547665072916e+02
-6.062221410239078523e+02
-1.823661355274875575e+02
-8.564326487926092568e+02
-7.285640395720778315e+02
1.677692590214656434e+02
3.208608729319161057e+01
2.746219291714853625e+02
5.048600666131673620e+02
3.153717578022253747e+02
-9.613290598139157055e+02
5.353618445173251530e+02
-9.099353863898697909e+02
-7.011200369421034111e+02
2.867528734872643099e+02
-9.630022264753715717e+02
8.755760205886364247e+02
9.336951107762419042e+02
6.030834919718845413e+02
7.996270017377556769e+02
-3.670665427428606904e+02
5.275005789499452931e+02
-3.144840463003120590e+01
7.396643606795478263e+02
2.861695975747944658e+02
-5.700823526913960677e+02
1.537928384434771090e+02
7.804006547703710339e+02
9.478822593559525558e+02
-3.465303700514891716e+02
-2.178019808727016198e+02
1.187626977497968284e+01
8.786134308600597933e+02
-2.915972417163967521e+02
-5.861769033374602031e+02
4.534342669872064562e+02
-2.977859002677088256e+02
-5.170130695668016187e+02
5.233251178224440991e+02
8.748095790293608331e+01
-5.479140024798533659e+02
1.848460113393516906e+02
1.581412593334546841e+02
-5.646218366304206029e+02
9.767883668465402707e+02
-5.560699461983836045e+02
1.176027320032179944e+02
1.160142086781019515e+02
-7.178219323617781811e+02
-6.394535992553942378e+02
6.594665359590439948e+02
-4.422029450218744273e+01
-4.977947802614810371e+02
1.628869191815874444e+02
5.824578879927515800e+02
6.897992326313499234e+02
2.065242545132727514e+02
8.006522335886279507e+02
9.618883948174425313e+02
-6.308823335365694902e+02
-4.395941631368400522e+02
4.546664306107197007e+01
-1.179891168456500736e+02
-1.583842104600516336e+02
7.737202907062527402e+02
-3.794942654674363780e+02
5.021229946569972071e+02
7.251952454182368228e+02
4.643744079573945669e+02
1.055803943891589682e+02
3.654263000455983956e+01
2.936687407625233277e+02
-2.588133372473793159e+00
-1.233465099788222119e+02
-1.318855360810150330e+02
-4.544182122707440499e+02
6.199745720561489861e+02
2.029617982098028506e+02
-7.333155099090205340e+02
4.319842603813859228e+02
5.294472653474292656e+02
-2.861485199120113521e+02
-3.872527662293778121e+02
-8.052297239040372006e+02
1.866469030729705878e+02
-9.635020690445620630e+02
-6.679521748051934082e+02
-4.320571457811171285e+02
6.494512292427087914e+02
-6.458114643579600624e+02
4.767394452744899240e+02
1.699362955700641180e+02
-6.949332483682792372e+01
3.332640730447828332e+02
-5.882286724286664992e+01
-8.836930694948116525e+02
-1.309995329064343252e+02
-3.162779665706292320e+01
1.682841500673780644e+01
-1.020290364216660066e+02
2.026147879186050318e+02
4.178691237557721365e+02
3.738819642263038645e+00
-9.720281186043796424e+02
3.329940416848758105e+02
-9.252634186225147914e+02
-7.817763767369519883e+02
5.106493533231301285e+02
8.047874655251131060e+01
-2.314542713429875107e+02
9.122363766792296929e+02
-9.935972609819650643e+02
-3.248908703034602752e+01
8.074413102778560187e+02
1.181054445996176554e+02
9.435524999873581464e+02
-2.722789485312556934e+01
-8.357228899892681966e+02
-3.263373140715274872e+02
5.981173705460963674e+02
-6.463528518695616185e+02
-5.768483563675627011e+02
2.584407591291845279e+02
2.849977352045978023e+02
5.409680701140503061e+02
-7.524578640798156357e+02
4.654158168693607536e+02
-4.146432117919962934e+02
2.948198037242004830e+02
1.990887724225264321e+02
-1.597377862407909674e+02
-5.038538997593361159e+02
5.983767617849728140e+02
2.723164977661999160e+02
6.745382294652671362e+02
1.212831397078675479e+02
-8.409777045250211813e+01
6.501804674550297705e+02
3.043411660745279619e+02
-2.015086721497392830e+02
4.887175033810848390e+02
6.479985298742138866e+01
-7.439464990928493080e+02
5.694353529666594227e+01
-1.334000822625844762e+02
-6.245828347696941591e+02
-1.002978900866318241e+02
-2.519221359203753252e+02
5.214728126058320186e+02
4.505542382176468550e+02
7.849993535905757653e+02
1.810193685920432927e+02
-4.921586749923847606e+02
8.020510936174943026e+02
-3.421412265059133802e+02
8.892697162947820289e+02
-8.192025561563543761e+02
2.173367478766308381e+01
9.680730774391092837e+02
-4.022868070213127112e+02
-9.262588810242083355e+02
-7.464957155089060734e+02
-4.899837837509363681e+02
-8.492957378374658219e+02
2.312985312455056430e+02
-8.448219342084456684e+02
1.434259672887546344e+02
4.567086300816099538e+02
7.780632911372850913e+02
8.950661847704482170e+02
-6.718775622473718840e+02
3.822261091643309072e+00
8.747942300755224778e+02
7.359511685305980109e+02
-2.426711382183661385e+02
3.885535056125242193e+01
8.923756973487688811e+02
-5.685196580470717436e+02
9.059334789781795507e+02
-7.312847503481908689e+02
-4.779258664186872352e+02
6.636215781874981623e+00
2.814506795161564128e+02
3.199851244126443248e+02
-7.926851184063657456e+02
4.573681516598762187e+02
-9.548018237145719240e+02
3.557776387482307427e+02
5.475660371242286146e+02
-5.025060326214754127e+02
8.877410185249184451e+02
-1.596076743593974356e+02
2.686077341974238948e+02
-9.773161299559718600e+02
8.742321327400120481e+02
2.977217678730711441e+02
-2.905264952194393757e+01
9.420856679600992720e+02
5.050441805513192435e+02
-2.785237898353704509e+02
-1.094275033205473022e+02
-5.913660175380787223e+02
9.557419182632536376e+02
-8.566915233678535060e+02
-2.591365490336605717e+02
-1.528797860718597690e+02
-3.610203970085825631e+02
-9.672523915302932664e+02
5.334826116214664893e+01
9.905388354201760421e+02
8.304849496955924906e+02
-9.755608418681724743e+02
-1.188046328471583308e+02
-2.070141644990663963e+02
-7.932709904250394857e+02
-5.557938522305296374e+02
7.323156198929832499e+02
-2.700565239059802138e+02
8.838208971814594861e+02
5.444475628347656766e+02
-9.110151849832145672e+02
1.396684424523414805e+02
-8.745891264074589344e+02
-1.965609780227016756e+02
-9.683288311579683523e+02
9.267690673161869199e+02
3.313318178617898297e+02
7.048339655430834227e+02
7.878073146490862655e+02
