4.606774865686354588e+02
-5.574987838015936177e+02
2.438328595358613313e+02
8.805070849275136879e+02
-5.971279147575697834e+02
-1.267007645417416910e+02
-9.064589248579582090e+02
-8.284492875116188770e+02
9.757478499893051094e+02
8.647337066240985450e+02
-2.723265682201288200e+02
-5.552011772475067346e+02
6.242036638233557824e+02
6.044378191362299049e+02
-2.119653614374009294e+02
-3.306739314230365601e+00
-6.677371907906643855e+02
-7.844385243266355019e+02
-8.796924843802481746e+02
-4.716240802465827642e+02
7.026118198058235294e+02
8.520157099543232562e+02
9.004095339158019442e+02
1.868420970559237162e+02
5.468669332320840795e+02
6.559233218567023869e+02
-6.642039102672266893e+01
6.075484774802995389e+02
1.404791753392887017e+02
7.177188949681509484e+02
9.357502475005290989e+02
-7.365553512594774475e+02
3.003150544383085503e+02
1.707997328042453091e+02
7.795118847194547129e+01
-9.005674094237377858e+02
-7.018695030677944260e+02
-6.064305650753676673e+02
-1.843341412373822834e+02
-8.514700261997293183e+02
-7.310489642919372955e+02
1.774027617681631455e+02
3.226398576018885933e+01
3.027409781832635076e+02
5.215151241636257282e+02
3.159197098823668171e+02
-9.295368098974036002e+02
5.354228624507638870e+02
-9.037794100799615080e+02
-7.010439350993628977e+02
3.257202723964371671e+02
-8.404143579706023957e+02
8.770364799602109542e+02
9.336969330312593911e+02
6.068276485027561193e+02
8.028412065745573045e+02
-3.265672142626614232e+02
5.505577304809984298e+02
-3.161932948245807751e+01
7.403419811841908995e+02
2.952363000831597901e+02
-5.779418996907161272e+02
1.760397138507665318e+02
8.455758787780725925e+02
9.481290275953851960e+02
-3.448305770931822849e+02
-2.185237427367251826e+02
2.705184371523625941e+01
8.805963673480865737e+02
-2.917884000502623962e+02
-4.872044535720063436e+02
4.751421673569125801e+02
-2.995487388938864228e+02
-3.486977781185672711e+02
5.267689115146550876e+02
9.820773069835790636e+01
-5.424120138020305149e+02
1.779200538016991402e+02
1.840972073893131835e+02
-5.656516409020989613e+02
9.771244718780993708e+02
-5.417038478042858287e+02
1.410497493837625314e+02
1.163609375609318590e+02
-7.220754636666669057e+02
-6.358100866925066157e+02
9.031285178695088689e+02
-3.965151927398082421e+01
-4.976912996282746349e+02
1.628991613114577888e+02
5.830092728275830041e+02
7.864670696935218075e+02
2.013515603175132185e+02
8.950307491890124538e+02
9.770618416900324519e+02
-5.950602584917000968e+02
-4.358049022973160618e+02
5.251722526140501657e+01
-1.826460160904411509e+02
-1.582807336301906389e+02
7.741461530249659972e+02
-2.971484397632970627e+02
5.612519434943123997e+02
7.277028147563858056e+02
4.736018671417990049e+02
1.091896108781734540e+02
7.506788449331897084e+01
2.940229402200311597e+02
4.142017952539497117e+00
-1.224287559706040440e+02
-1.306037216224682425e+02
-4.438102475386770038e+02
6.727048211541665523e+02
2.046502223822116946e+02
-6.558478161781764584e+02
5.243625071090816618e+02
6.451956985053570861e+02
-2.570691675881888045e+02
-3.789208512898935624e+02
-8.052346980950801481e+02
1.923677512056968055e+02
-9.597774366427283894e+02
-6.406989838219778903e+02
-3.456822958658011657e+02
6.641566093206715777e+02
-6.452780956149200620e+02
4.692091401699155995e+02
1.855057481857075743e+02
-6.788655472104720445e+01
3.332647402465379400e+02
-4.245360908688402901e+01
-8.723787574879977456e+02
-3.114229492064953320e+01
-3.162825033632362448e+01
1.096133102758257110e+02
-1.045212206005525388e+02
2.017569000947153768e+02
4.270672608071694185e+02
1.713562776258336839e+02
-9.684338949395522604e+02
3.322953059870192760e+02
-9.253090429472687219e+02
-7.797911253205360254e+02
5.117329745500422860e+02
2.089096382131152154e+02
-2.276192823160121179e+02
9.123199179339776492e+02
-9.543544457319769663e+02
-3.247284580374119400e+01
8.083280073676771735e+02
2.375861572307681797e+02
9.438705629579876586e+02
-3.212388603653744923e+01
-6.220477792809398352e+02
-3.170683376069879387e+02
6.026147858280418177e+02
-6.463041141850910662e+02
-5.765755064087841220e+02
2.575352934086150754e+02
2.851320692967008199e+02
5.411784197190970644e+02
-7.566574446712379540e+02
4.666821512845047550e+02
-3.998234042431263902e+02
2.954700021348120345e+02
2.071675189858833619e+02
-1.552708649034224493e+02
-5.049976750644391927e+02
6.394295463762645113e+02
2.733983324174342329e+02
6.743496029294409482e+02
1.027273030707550845e+02
-7.283616848270426658e+01
6.500979168072309449e+02
3.177643248648049052e+02
-2.024009022712282047e+02
6.140949665414906349e+02
6.299230127085204600e+01
-7.441594261730357402e+02
5.696296588033013109e+01
-1.150333152072841187e+02
-6.243381264876506975e+02
-9.876391326606601240e+01
9.836391790535517998e+01
5.237557334647215157e+02
6.560718408675094224e+02
7.881866192893963898e+02
1.882512206837932922e+02
-5.430686271511564200e+02
8.009938870248059857e+02
-3.403002324570479686e+02
8.697977735370166101e+02
-8.155162364032693176e+02
2.271870899231015812e+02
9.974160986311787838e+02
-3.971610497826538335e+02
-8.381590078606230918e+02
-6.615008933378799156e+02
-4.905481959451805665e+02
-8.484547224672944594e+02
2.576172714412610389e+02
-2.266663098339858493e+02
1.434993859122057813e+02
4.568834737379435751e+02
8.326222061082626169e+02
8.954780659226687476e+02
-6.688235690775802595e+02
2.663176427594464002e+01
8.801801578436939053e+02
7.381973845195782360e+02
-2.349394814600711356e+02
4.140876013765989683e+01
9.191683043390924013e+02
-5.715284363886872825e+02
9.089126626489007776e+02
-7.314401111595528846e+02
-4.627567444713774876e+02
2.168546855074118440e+01
2.807993550346769212e+02
3.148069949962610394e+02
-6.306034677951979575e+02
4.573834721016897333e+02
-9.106849043783009847e+02
3.764854627027259539e+02
6.870382417303349030e+02
-5.009984912392945944e+02
8.936954663270294077e+02
-1.587436266202268769e+02
2.724122983863864533e+02
-9.773171246618885561e+02
8.742324206536964084e+02
3.023703155377686471e+02
1.908253569345911416e+01
9.585599451123601966e+02
5.056303299132245002e+02
-2.696267735856603167e+02
-1.097716158148512307e+02
-5.408203865302950817e+02
9.570099139384061573e+02
-8.552665533975725793e+02
-2.568421341742499635e+02
-6.678101884574952862e+01
-4.019485432683524095e+02
-9.300116523351541673e+02
5.638348237041443411e+01
9.948247780396492317e+02
8.401212214960611391e+02
-9.748784366285470924e+02
-1.074412991717533572e+02
-6.922555696492004529e+01
-7.665231058345987094e+02
-5.551664670116950902e+02
7.345299325435059927e+02
-2.159747603627837123e+02
8.852665267950482075e+02
5.486662466960451638e+02
-9.100882861962576271e+02
1.448372406009592339e+02
-8.734134022245588085e+02
-1.900259821519443619e+02
-9.675393766004311829e+02
9.497280764111922053e+02
3.314137596757344681e+02
7.048788488011012987e+02
7.870196446692754080e+02
