3.566955891313958205e+02
-5.574991608269689323e+02
2.403723890685768652e+02
8.789841124945326101e+02
-5.959461899377669170e+02
-1.255455804754275420e+02
-9.063675783235318022e+02
-8.541255770061751491e+02
9.711122803486231305e+02
8.647337066240258991e+02
-2.727985208119749814e+02
-5.552107486583475975e+02
5.351349289089591821e+02
6.065803655405254631e+02
-6.696008835865120545e+02
-6.445348157137253509e+00
-6.742697339966271102e+02
-7.843448988629594396e+02
-8.766127457975737798e+02
-4.716240835886660534e+02
6.685005697416384010e+02
8.519777161309493749e+02
4.736117727454384294e+02
1.458023155865662943e+02
5.340767714984477834e+02
6.133647253255919622e+02
-1.272087431597513927e+02
5.763912802920718832e+02
3.069993950557604308e+02
7.176959129357107940e+02
9.766168024368280385e+02
-7.366315334392527348e+02
3.003007628825350253e+02
1.684336431943101502e+02
7.848347101144560156e+01
-9.040543721339557806e+02
-7.018551980669172963e+02
-8.211655310169882114e+02
-1.825756541888844708e+02
-8.563105719824438893e+02
-7.522819366681102338e+02
1.676675926814946536e+02
3.188616172981279817e+01
3.048088417735563098e+02
5.064534698253660281e+02
3.157178808246337667e+02
-9.594925424481134542e+02
5.584191163305605414e+02
-9.054015573126341678e+02
-7.015437626450294601e+02
2.928983296670459140e+02
-9.802783047359612283e+02
8.764312081849901688e+02
9.336978409156423595e+02
6.007554179618637136e+02
8.072724013755606620e+02
-4.048558229818980294e+02
5.411931531441357492e+02
-3.186680155542659421e+01
7.225006672575756284e+02
2.897267870704980623e+02
-5.734177681982763488e+02
1.643588664625980300e+02
7.525357990380634874e+02
9.463182918906246641e+02
-3.459169382262385284e+02
-2.188429860283017376e+02
2.698423141754744137e+01
8.766116728813397003e+02
-2.884521459808951249e+02
-5.833081721535056658e+02
4.532812177267512084e+02
-3.060767660063121411e+02
-4.850477811741306482e+02
5.261927957432295671e+02
8.382541004739320556e+01
-5.474430687879316793e+02
1.696434093144391966e+02
1.876291355834558772e+02
-5.646622343068600003e+02
9.771266982162392196e+02
-4.997459985724281069e+02
1.360731006343560523e+02
1.171034794172888382e+02
-7.121079785682976535e+02
-6.343944119195543863e+02
9.118876236590124336e+02
-3.088201649331410081e+01
-4.977661224698881028e+02
1.629027582933529459e+02
5.830520458844995346e+02
6.382507915051110103e+02
2.030194846749985231e+02
8.888714956584559559e+02
9.713712039116223877e+02
-6.161923405963071900e+02
-4.327869091760246647e+02
4.332865170677864342e+01
-1.210748611702690596e+02
-1.582776008413507611e+02
7.757736064701316536e+02
-2.987894148147080955e+02
5.498509744201973035e+02
7.251827031384913198e+02
4.835225682067616049e+02
9.865998493693292914e+01
6.820127687540912120e+01
2.905403982868548383e+02
-6.341710052656802077e+01
-1.226011119321275942e+02
-1.283400964210480879e+02
-4.511595751786409210e+02
6.167762048329627760e+02
1.901903910947821430e+02
-6.745803240542570620e+02
5.254816062493608797e+02
5.133141025301634954e+02
-2.788280235183214586e+02
-3.796610144433861365e+02
-8.052100794821672025e+02
1.862288260100006312e+02
-9.616698095788999581e+02
-6.384033387928240018e+02
-4.995121525413790096e+02
6.524833639882199350e+02
-6.457302694874583722e+02
4.766258862446098874e+02
1.816026552645212462e+02
-6.812972934698899508e+01
3.332744736166841903e+02
-1.944320598506239719e+02
-8.825166147138334054e+02
-1.288748963380000134e+02
-3.162637850134339601e+01
1.126643842124573638e+02
-1.082116754663605604e+02
2.046586679981431018e+02
4.199652871303520669e+02
5.130790533594445435e+01
-9.717237021571010018e+02
3.311811816332564149e+02
-9.264570768281874962e+02
-7.809255136056856372e+02
5.112953804049853375e+02
7.116352055670051868e+01
-2.285601704569021990e+02
9.122677946235660329e+02
-9.587809744458812702e+02
-3.679971883488236983e+01
8.074963833434502476e+02
1.253652672704981939e+02
9.438580014041315280e+02
-2.800428889108850328e+01
-6.312912747413265606e+02
-3.277216035596850361e+02
5.980917696549836364e+02
-6.463525379494717527e+02
-5.775189150792929240e+02
2.540410715009579690e+02
2.852704732782061114e+02
5.405484108483067303e+02
-7.019516622005586441e+02
4.599441818836943412e+02
-4.005625917900176773e+02
2.741939699420630063e+02
2.026397334508469612e+02
-1.553184007614757434e+02
-5.034782875226185865e+02
6.314671335715981968e+02
2.724313636119600801e+02
6.748052458440777173e+02
1.335002604755133575e+02
-8.446581143552550941e+01
6.475430087520883262e+02
3.146733235816875549e+02
-2.027241756143353086e+02
4.885270978682877399e+02
3.600337691199301560e+01
-7.441710918747077130e+02
5.713712605652826682e+01
-1.322079136869545550e+02
-6.215471311605570008e+02
-6.866523713039757126e+01
1.007628546459920642e+02
7.648129715452853361e+02
6.567287272972893106e+02
7.836750063698144686e+02
1.882831754805004323e+02
-4.818747603760903075e+02
8.020221655303757871e+02
-3.601972093521133615e+02
8.644506669864745163e+02
-8.185510530617829090e+02
2.183047560287254640e+01
9.979952803084947845e+02
-4.082982148185467963e+02
-9.242801284915917677e+02
-7.170574820545194825e+02
-5.020229752896353261e+02
-8.488221169178628998e+02
2.339928005616460496e+02
-8.452483790895182665e+02
1.428699592788420318e+02
4.568668316527146089e+02
7.806596939194374727e+02
8.955707869172495066e+02
-6.748452367452454155e+02
3.908618258034019277e+01
8.811570544829502296e+02
7.180833620080147739e+02
-2.437545091543859712e+02
3.981349576633699883e+01
9.171645186666685277e+02
-5.685303668922558700e+02
8.925831712278102259e+02
-7.313478641269391574e+02
-4.833514532117583826e+02
2.173074378086547398e+01
2.856715667145389830e+02
3.123523279130160972e+02
-8.121997968954073031e+02
4.573002922227657336e+02
-9.702116416145624953e+02
3.768190725070907661e+02
3.377725771084061535e+02
-5.029733295473799899e+02
8.822966010130063523e+02
-1.593664405931769750e+02
2.721888857200723919e+02
-9.783961918013761760e+02
8.742317221496685988e+02
2.976306878402145344e+02
5.478617605848930872e+00
9.587091444707479013e+02
5.053164330177705210e+02
-2.755761319907934990e+02
-1.090755141689256078e+02
-5.508536554343435228e+02
9.572105176580895431e+02
-8.553649032532580350e+02
-2.579717252798219533e+02
-1.532125047589596818e+02
-3.592225297794190055e+02
-9.678744159934510662e+02
5.403353281328011803e+01
9.916732295795525260e+02
8.402715606651858025e+02
-9.753944288313564357e+02
-1.107366641904118580e+02
-1.816312496391061586e+02
-7.707449483881501919e+02
-5.564451897407764136e+02
7.353254604332246345e+02
-2.856425824726956080e+02
8.859255864519255965e+02
5.485004140028685242e+02
-9.036543395436307264e+02
1.392590991406780176e+02
-8.743969838976072424e+02
-1.965431621337370132e+02
-9.690767558693178216e+02
9.335103987665837622e+02
3.303954521182016038e+02
7.091082262280070836e+02
7.861438686638106219e+02
