4.663789598219273671e+02
-5.575067238122426261e+02
2.399197748312116119e+02
8.745684026236946238e+02
-5.890288047760072914e+02
-1.272445034927520595e+02
-9.066349639387501611e+02
-8.545757601362321338e+02
9.720583684644600453e+02
8.647337066240913828e+02
-2.730861079939982119e+02
-5.552061214059183385e+02
5.112276738527951352e+02
6.067500468569091936e+02
-5.241091457748741504e+02
2.000983965391126773e+00
-6.762572551617319050e+02
-7.842931724440942389e+02
-8.751614987637880176e+02
-4.716240802469622508e+02
7.179608835072082229e+02
8.519779184292762011e+02
4.370090268455746241e+02
1.412904249301299444e+02
5.396075645741028666e+02
6.581287922543492641e+02
-1.242216605980481745e+02
5.996687803243664803e+02
8.220631259430945192e+01
7.180270175771100867e+02
9.360871919868866371e+02
-7.366799951379791764e+02
3.013073135024146723e+02
1.646389848849060513e+02
7.060585233580734155e+01
-9.038295106304437923e+02
-7.017035442701586589e+02
-6.093673475434336524e+02
-1.843758439918340741e+02
-8.565230255134277968e+02
-7.323530145445582775e+02
1.686521818328005509e+02
3.595321384286414457e+01
2.757665649704504176e+02
5.220267166867391779e+02
3.112392206561781336e+02
-9.748428982713880941e+02
5.336425060976237091e+02
-9.053150132032184274e+02
-7.010756140244460539e+02
2.848420555842707245e+02
-8.567265067212756549e+02
8.761097175307802445e+02
9.336958737799590153e+02
6.044347542462010097e+02
8.388052296021706979e+02
-3.319551647488998469e+02
5.406018819363903276e+02
-3.044494887422457197e+01
7.396450619886521736e+02
3.196602723856057082e+02
-5.708823343621369304e+02
1.460551678541226011e+02
7.807473932122878750e+02
9.462572187623812852e+02
-3.473594800019229183e+02
-2.184501803476061355e+02
2.330969602735920887e+01
8.790082632248668233e+02
-2.906342855271790881e+02
-5.800577623332870871e+02
4.527931831801694216e+02
-3.129976569282769105e+02
-5.149035634651660303e+02
5.246796555999362681e+02
9.109392330516524794e+01
-5.384752066001155981e+02
2.169795158254288197e+02
1.556310386519919859e+02
-5.993400896072267869e+02
9.771174142623092393e+02
-5.429275167326021574e+02
1.321517983917863148e+02
1.143814229492293748e+02
-7.264476899262216421e+02
-6.374774927245368872e+02
7.346358853207443644e+02
-1.233175433855684702e+02
-4.978069688264982346e+02
1.628983391368390130e+02
5.812578319139998939e+02
5.912387116474297954e+02
2.067700031117398964e+02
8.887034261582267618e+02
9.792454367305124379e+02
-6.165640082669398225e+02
-4.357636947462252692e+02
4.341591290867045672e+01
-1.083539558662387776e+02
-1.583897352716049625e+02
7.749535775541181692e+02
-3.809078374777616318e+02
7.206792087241669833e+02
7.247277845743178659e+02
4.559474654518056127e+02
1.128513524600224258e+02
4.705187388111172453e+01
2.939399583520350916e+02
9.775308014139402202e-01
-1.228227802900482573e+02
-1.383809576277339204e+02
-4.556101984168005288e+02
6.223692290410741634e+02
2.037454648517251599e+02
-6.612637354384976334e+02
5.171540731300295874e+02
5.106465248659576446e+02
-2.670073221719386538e+02
-3.857876053337149642e+02
-8.052632767852097686e+02
1.923359644324569331e+02
-9.579732467313953066e+02
-6.381194083680701397e+02
-4.064098422852638919e+02
6.517935721107971858e+02
-6.456790835228931655e+02
4.768325725344485591e+02
1.751586014923205141e+02
3.906774284240270134e+01
3.333033941638666420e+02
-5.113243275325831405e+01
-8.827596137566213201e+02
-1.232531125103725742e+02
-3.154934329223116407e+01
1.098590395053790871e+02
-1.087459693372944400e+02
2.016143610801980230e+02
4.248158756377464442e+02
1.665474500413204453e+02
-9.714541153075953162e+02
3.150400446807705634e+02
-9.252906287755214407e+02
-7.884890815172057046e+02
5.107411075985828006e+02
9.651287895573995002e+01
-2.254424347994083178e+02
9.079928264261125150e+02
-9.574017307155979779e+02
-3.506441065428359138e+01
8.083530796617681062e+02
1.603341602303154048e+02
9.440031898254467251e+02
-2.685804416565804686e+01
-6.270798810419701113e+02
-3.339797498584024424e+02
5.962813488268861875e+02
-6.463852435280297186e+02
-5.773889080564414371e+02
2.604733569569566498e+02
2.851584625443859977e+02
5.409263326301053212e+02
-7.477130914400354413e+02
4.662696877921362670e+02
-4.004458565668036840e+02
2.946611596265241246e+02
2.000590939828757371e+02
-1.545130712845591177e+02
-5.023540939511839269e+02
5.906514044975322122e+02
2.733827810296153302e+02
6.708667915619419091e+02
1.334035271777493961e+02
-8.491180210742857071e+01
6.500749417992004737e+02
3.056064367850510166e+02
-2.025078723679265522e+02
4.891313166727704811e+02
6.381622505478704710e+01
-7.451399286775125574e+02
5.695976352506378504e+01
-1.315119036557277923e+02
-6.215502127476477199e+02
-1.007828443611931846e+02
8.678450327982295676e+01
5.310927102891002960e+02
4.484852600928257971e+02
7.876485604897532085e+02
1.852142021165669803e+02
-3.421451674904179185e+02
8.033788307758291012e+02
-3.399993808516588274e+02
6.784168166098561414e+02
-8.205535757214669275e+02
2.801063093392665948e+01
9.924646523981915607e+02
-3.962108843427154170e+02
-8.273781843924632540e+02
-5.664659630341327556e+02
-4.898393978095843408e+02
-8.161503215490839693e+02
2.525991547574525953e+02
-8.439884321516177579e+02
2.402140668291035297e+01
4.566996714118466798e+02
7.782723659281699611e+02
8.951410678617919530e+02
-6.695770427978837915e+02
-3.955815665226105580e+02
8.786846722460531964e+02
7.174519035090377201e+02
-2.435574264681283410e+02
2.652780272066240741e+01
9.171265170315178921e+02
-5.684596652141423192e+02
8.010783217796227973e+02
-7.303860656110277887e+02
-4.624810553137371016e+02
2.149709399776894259e+01
2.871763421952128965e+02
3.138037672982393360e+02
-6.243720417298301300e+02
4.572945910045969526e+02
-9.127501494266080044e+02
3.781960431973763548e+02
5.279531575582376490e+02
-5.024640818974725107e+02
8.707337390105025179e+02
-1.593554360159982650e+02
2.721274196984775813e+02
-9.712121929166198697e+02
8.742321847563771371e+02
2.976619509874952882e+02
-3.096491122891345782e+01
9.570518548437190702e+02
5.056937498155764388e+02
-2.656144871631515798e+02
-1.064094638253968128e+02
-5.841009577817314948e+02
9.550794597364016454e+02
-8.556383902881638051e+02
-2.580721973586094578e+02
-1.278440604412773496e+02
-3.602614393611863193e+02
-9.653751388697160110e+02
5.337062509690695578e+01
9.927920406518085201e+02
8.402995317040046075e+02
-9.773043971420948992e+02
-1.081786710193002818e+02
-7.154385390193635885e+01
-8.492160525520076817e+02
-5.552003148571191105e+02
7.354425244518308773e+02
-2.134661443137538583e+02
8.853752101266035197e+02
5.477579320188176553e+02
-9.088064374970516610e+02
1.377168001180006058e+02
-8.735901650617739733e+02
-1.902533218128195358e+02
-9.675153720168888185e+02
8.914257974585925695e+02
3.304591155953291377e+02
7.049526748402807925e+02
7.872761623571647078e+02
