4.591301092112786364e+02
-5.575062556428620155e+02
3.052699288213442514e+02
8.795329967942498115e+02
-5.962600555973929204e+02
-1.271383911594680711e+02
-9.066044348586048045e+02
-8.548952335238124078e+02
9.722418747338024332e+02
8.656633896243085928e+02
-2.736319983119229278e+02
-5.552091517060162005e+02
5.346688233472597176e+02
6.035244570955596828e+02
-5.161352900475601473e+02
-3.451867023768079079e+00
-6.735518685131473831e+02
-7.842711179682510192e+02
-8.766298421463413888e+02
-4.716240803068624814e+02
7.049436588621580313e+02
8.520893433898999092e+02
9.890464688671701197e+02
1.830582891399243977e+02
5.485425697095993200e+02
5.718231738485312690e+02
-1.295986385302979329e+02
6.155627042774000302e+02
1.318466313739030511e+02
7.178752562015178000e+02
9.354074715144744232e+02
-7.392138292065507130e+02
3.012999235039940231e+02
1.873641850763067964e+02
7.692607098211659888e+01
-9.006323822554778644e+02
-7.014067861945620734e+02
-6.061760491601941112e+02
-1.831041025387242769e+02
-8.524861545850693574e+02
-7.285640395720778315e+02
1.677692590214656434e+02
3.212611249098115707e+01
2.756696701529839970e+02
1.831104237134838115e+02
3.162386346657573313e+02
-9.286858318648056638e+02
5.381191640838550256e+02
-9.099350450338794190e+02
-7.008669350512562914e+02
2.890137166547356742e+02
-8.545019292149692092e+02
8.755618991579814292e+02
9.336958978962210267e+02
6.049466646949022106e+02
8.085057010356492810e+02
-3.670665427428606904e+02
5.430523763825093511e+02
-2.812922300330816228e+01
7.397503522820265971e+02
2.861695975747944658e+02
-5.589326243548441653e+02
1.642883676582140993e+02
7.815996949599568779e+02
9.471047012071551308e+02
-3.394963955397909103e+02
-2.187027850970978875e+02
3.502164136972577779e+01
8.712237302854647396e+02
-2.891180887865393743e+02
-5.850183046879476478e+02
5.235551909259328340e+02
-2.701661207706043797e+02
-3.607925545899017266e+02
5.262518130310751303e+02
9.431552008632799300e+01
-5.479140024798533659e+02
1.877447519645873228e+02
1.925433053413779305e+02
-5.858391118542302820e+02
9.767883668465402707e+02
-5.426334102225666811e+02
1.454977249176822909e+02
1.163097641892190239e+02
-7.698748026883972670e+02
-6.393190592550449765e+02
9.137544831807144874e+02
-4.425361284131621176e+01
-4.972623795113627807e+02
1.628342128269139266e+02
5.798143816575616256e+02
7.762705905199421750e+02
2.036632563030062499e+02
8.904364124784715386e+02
9.674530651406746529e+02
-6.085148700443049847e+02
-4.326828735918322764e+02
4.371181391156455476e+01
-1.784272126376981475e+02
-1.583838140745162093e+02
7.737202907062527402e+02
-2.923106192107405832e+02
5.478093114484881880e+02
7.276293429288746211e+02
4.960263085846219724e+02
1.107765388885260904e+02
3.757069754841430864e+01
2.936674958661579353e+02
-2.588133372473793159e+00
-1.237749503416749235e+02
-1.271852276543931737e+02
-4.543544639871586810e+02
6.199779020819975131e+02
2.043419053610845708e+02
-7.321330383363514329e+02
3.875705769944939334e+02
5.177023241527773507e+02
-3.022864763542425521e+02
-3.871978063953502556e+02
-8.052002663329367351e+02
1.866469030729705878e+02
-9.529724405718729940e+02
-6.382888352276621617e+02
-4.193181711775566214e+02
6.518489255107654117e+02
-6.458179840967338805e+02
4.767394452744899240e+02
1.699602050421512160e+02
-6.876879393345704727e+01
3.334577586658886617e+02
-4.635636231000538032e+01
-8.817767921953463883e+02
-1.303995563501334232e+02
-3.163796051348896654e+01
1.358732578500042791e+02
-1.079349118265432281e+02
1.991320968990862355e+02
4.093341274786669715e+02
1.674252870256373456e+02
-9.685769173064213646e+02
3.329940416848758105e+02
-9.252665904106440848e+02
-6.076490924108733225e+02
5.107412947709803461e+02
8.047874655251131060e+01
-2.281972001457233148e+02
9.124058206469823062e+02
-9.584684537361376897e+02
-3.448143941714360494e+01
8.081961748329642887e+02
2.334712014666037021e+02
9.439949755524003194e+02
-2.722378808336598865e+01
-6.244689831286453909e+02
-3.192592971088345166e+02
5.996643470777975153e+02
-6.463529009498823825e+02
-5.766675336320697625e+02
2.494463837078537551e+02
2.852787332569632213e+02
5.410222750977077339e+02
-7.166678247376929676e+02
4.675673034355784807e+02
-4.038529003694309836e+02
2.730383477049649059e+02
2.007057723050024833e+02
-1.547263665378396240e+02
-5.037359131649236019e+02
6.633152339482370508e+02
2.722519874706985661e+02
6.745392901786781295e+02
1.472407482022945260e+02
-1.165374023954759934e+02
6.472582386633866918e+02
3.260960611459762504e+02
-2.021812706981754957e+02
4.892147373489989377e+02
6.946676100394876130e+01
-7.435386907761728708e+02
5.683874696800689463e+01
-1.175233141947963702e+02
-6.225196428574660104e+02
-9.672537035705259711e+01
-2.344506866748323546e+02
5.318983594840931346e+02
4.504713144559841567e+02
7.876067380677314986e+02
1.847772153856691943e+02
-4.878325202787575563e+02
8.130068625345211331e+02
-3.396207481823461194e+02
7.636613141650550460e+02
-8.186245853669560120e+02
1.278330443359588564e+01
9.962413525244122638e+02
-3.968735922131334064e+02
-7.999295869854764760e+02
-7.230055893697663123e+02
-4.899837837509363681e+02
-8.492952281846160076e+02
2.567036353612958237e+02
-8.448092471930611964e+02
1.434259672887546344e+02
4.574955979702169770e+02
8.886804170130105831e+02
8.955794346267623496e+02
-6.690032311285938249e+02
5.462647674655102747e+01
8.785526426369564206e+02
7.109413016288642666e+02
-2.382360819470404465e+02
4.511717494817027330e+01
9.173185355631588891e+02
-5.684110450947936215e+02
8.942670626493024884e+02
-7.376852606121822191e+02
-4.886222570120689284e+02
2.151308774593179152e+01
2.818354405100457143e+02
2.592351625598547571e+02
-5.819704242875041018e+02
4.573713021426071919e+02
-9.165249243211929979e+02
3.720704862731075764e+02
5.471318892671451977e+02
-5.031975793709184472e+02
8.925759197024177638e+02
-1.596185590536373979e+02
2.721798247018347183e+02
-9.773161299559718600e+02
8.742329773744647810e+02
2.981870903135713888e+02
5.541307500845226386e+00
9.576546122149499070e+02
5.050441805513192435e+02
-2.799917919273167399e+02
-1.061953631742389632e+02
-5.903122651262609679e+02
9.556821923042291473e+02
-8.571747257059021194e+02
-2.591365490336605717e+02
-1.588861341104719429e+02
-3.610479702999143683e+02
-9.659259076098663854e+02
5.378788521761934049e+01
9.904595300505408204e+02
8.394088964080490314e+02
-9.753961462476385122e+02
-1.148116944938398518e+02
-8.881262051219080433e+01
-7.932089073609233765e+02
-5.552047500205818551e+02
7.348637980121947066e+02
-2.218121388581082556e+02
8.880034749375489582e+02
5.445356595843644527e+02
-9.084884221644980471e+02
1.394592029609694066e+02
-8.745891264074589344e+02
-1.962790448226433568e+02
-9.683916564427033791e+02
9.336710634715605011e+02
3.313450065908184570e+02
7.421137795542420008e+02
7.882273544465055011e+02
