5.348666782582860151e+02
-5.574986088821497106e+02
2.437144524212180841e+02
8.789243206107964852e+02
-5.965374837060146547e+02
-1.271210631625479692e+02
-9.062428084889972979e+02
-8.531327974509349588e+02
9.757565087055988897e+02
8.647495279389759162e+02
-2.633245139796297849e+02
-5.550223349744741199e+02
5.016142586558183325e+02
7.049660573411797486e+02
-1.113584082014476451e+02
-2.376884314093569373e+00
-6.727988431745450271e+02
-7.842786164555035384e+02
-8.798576831691248117e+02
-4.716240803077669170e+02
9.256337323550619658e+02
8.520914656559039031e+02
4.192371561345816531e+02
1.795163817315657582e+02
5.440003187318480968e+02
6.582659122096263218e+02
-1.290332324331581617e+02
6.157142278018416164e+02
1.286158630436801786e+02
7.178633214615771294e+02
9.362284009338133046e+02
-7.387514612571713997e+02
3.002510160024972947e+02
1.856486565839871048e+02
8.042142196751728989e+01
-8.971609075930622339e+02
-7.023102905694979654e+02
-6.115923355087843447e+02
-1.720559983517282774e+02
-8.452499767517806504e+02
-7.317529751792892512e+02
1.758948030042831476e+02
3.117346003675967481e+01
2.754160718198839959e+02
5.216168087520441077e+02
3.160431521774098655e+02
-9.291843701909339188e+02
5.362131285571853141e+02
-9.377219437802317543e+02
-7.006444446578846055e+02
2.871703755717397826e+02
-8.423824646552133117e+02
8.761508630830302309e+02
9.336969528617256628e+02
6.048126571336562165e+02
8.057259241440974620e+02
-4.144502166976259332e+02
5.410738603439720009e+02
-2.883182947063735924e+01
7.398803587951305190e+02
3.652905247836010290e+02
-5.676073368972084836e+02
1.574619534465116431e+02
7.809604519744423214e+02
9.469957417187146120e+02
-3.477235043532517693e+02
-2.183195564276246614e+02
2.591098872713021706e+01
8.842191115238771317e+02
-2.888218552779379706e+02
-5.845855048748717309e+02
4.669363520581396756e+02
-3.006934587034812694e+02
-5.305475254938518219e+02
5.259357233108523815e+02
9.784516613025655829e+01
-5.461233073356883096e+02
1.647587483015111047e+02
1.841512177853714149e+02
-5.646278126558763688e+02
9.771185189908082975e+02
-5.422635382746420873e+02
1.364941604074309680e+02
1.166701961195060022e+02
-7.269562627970472022e+02
-6.304018471092248319e+02
9.728528566308017389e+02
-4.389614340548593674e+01
-4.977992400838060689e+02
1.628913847930872691e+02
5.830463482211376913e+02
7.730809337250193494e+02
2.041483985468573792e+02
8.939591028403868904e+02
9.869952286385641855e+02
-6.040910007405565239e+02
-4.553976077018583624e+02
4.501976347960631841e+01
-1.504561524526564824e+02
-1.583854641566095722e+02
7.855616394646443723e+02
-2.892192404822703793e+02
9.137255003720474633e+02
7.256053432838668868e+02
3.898545375382591374e+02
1.062953666225310485e+02
7.443919559699109811e+01
3.937085784671692181e+02
2.176799153618250937e+00
-1.227316326471163990e+02
-1.319199476984909154e+02
-5.249548043606762349e+02
6.267511326518659871e+02
2.042296029464063736e+02
-6.547577009346974819e+02
5.134450496744975680e+02
6.002629826709209055e+02
-2.736482125019390423e+02
-3.776723024412958125e+02
-8.052180853112188288e+02
1.860151565933980464e+02
-9.572834859569826449e+02
-6.369036422424202328e+02
-4.071504734781420893e+02
6.521124070834567874e+02
-6.450145544586673623e+02
4.760553914758027076e+02
1.740511094910380052e+02
-6.957277464589512306e+01
3.333188441710677239e+02
-4.942219490170599272e+01
-8.818287313122741580e+02
9.404068418782375716e+01
-3.163113209605658938e+01
1.371095666030560096e+02
-1.060277863768550759e+02
2.029306596205900064e+02
4.331377507595742600e+02
1.929322911655603434e+02
-9.547172856400358114e+02
3.084927847267118750e+02
-9.253418724196648100e+02
-7.734248108567954887e+02
5.106974460132457239e+02
2.258546976640953687e+02
-2.255215387420631146e+02
9.122641880915085721e+02
-9.546140543468867463e+02
-3.693731326739326448e+01
8.083813355144070556e+02
2.333192862190115306e+02
9.454923677748075761e+02
-2.712189830351105257e+01
-6.231897481037726720e+02
-3.300258943869260406e+02
5.969251233694677694e+02
-7.635809495173456298e+02
-5.767671588865706553e+02
2.844745353464521713e+02
2.847266235840858712e+02
5.409600664470953006e+02
-7.524932144268918819e+02
4.666420684909500665e+02
-4.005632238827505489e+02
2.961642244838479314e+02
2.000878379695921581e+02
-1.551502469195209812e+02
-5.038172763788060138e+02
8.027599640970641985e+02
2.745038893881946365e+02
6.746864220484125099e+02
-2.058304442134236751e+02
-8.114027008535738617e+01
6.481167511236081964e+02
3.128384647522683508e+02
-2.016193589329130873e+02
4.885699134307992040e+02
6.993636002933006068e+01
-7.441176825536789465e+02
5.700239533791204849e+01
-1.377881786197394831e+02
-6.216439022315523744e+02
-5.826472336675858088e+01
9.068404084638075346e+01
5.328058647399965366e+02
4.531223074618266082e+02
7.877209057796429761e+02
1.862002333262968250e+02
-4.933149648784714714e+02
8.144749631896440860e+02
-3.408991392595278285e+02
8.897152493536888187e+02
-8.211788584258836181e+02
2.182586781800498699e+01
9.982887508198724618e+02
-3.913760714771312337e+02
-9.243944018057368339e+02
-7.285308888879515052e+02
-4.653036137537316677e+02
-8.476440002302674657e+02
2.572137631933940725e+02
-8.400096850870846765e+02
1.365096535832141456e+02
4.566706737623641743e+02
8.891016800290387891e+02
8.948947922638875525e+02
-6.746196115704600516e+02
3.789109908280225625e+01
8.786463481611325506e+02
7.178584270479111638e+02
-2.450343156012021097e+02
4.156387357589377984e+01
9.175845156306722856e+02
-5.685116686186299830e+02
9.086045001558225067e+02
-7.299392769974565454e+02
-4.771654479469455623e+02
2.152874609692857888e+01
2.871590358130535492e+02
3.128860024916924090e+02
-6.240732199594460781e+02
4.572911925294885123e+02
-9.112772392451155383e+02
3.729027334726656022e+02
5.867218331084162628e+02
-4.607516345587083606e+02
8.817670405158253288e+02
-1.587449947188921442e+02
2.721541399663637435e+02
-9.773121993326459460e+02
8.739207825772424485e+02
2.984517066016874196e+02
5.543339562620489325e+00
9.585962515903546546e+02
5.053723328863730444e+02
-2.793950759577468261e+02
-1.095439597381807175e+02
-5.847196915757787110e+02
9.572611556460310567e+02
-8.552462293826160931e+02
-2.238269355921777901e+02
-1.192973161586387789e+02
-3.591176914347630031e+02
-9.658632241765800472e+02
5.309178529444815098e+01
9.922475436781161306e+02
8.402329499382586846e+02
-6.961004202786818951e+02
-1.037471425935236908e+02
-6.539160334669421104e+01
-6.806396786396711605e+02
-5.552542400324888376e+02
7.666964009491866818e+02
-2.741680131251241050e+02
9.397818539629189445e+02
5.444679189118199929e+02
-9.058187349386056439e+02
1.393989004248076924e+02
-8.722180231718566574e+02
-1.966849678839055855e+02
-9.677107631521342910e+02
9.509200560163997125e+02
3.313152540523072389e+02
7.050346934551937466e+02
7.914614116094084011e+02
