4.606774865686354588e+02
-5.574987861297805694e+02
2.456313024869093908e+02
8.805070849275136879e+02
-5.933636990879035693e+02
-1.271139157694098287e+02
-9.065987855555111992e+02
-8.286318294048028292e+02
9.757478499893051094e+02
8.647308813497264737e+02
-3.094402754828957427e+02
-5.551901276614571543e+02
6.384942677023890383e+02
6.067477949149188134e+02
-4.746688918586331738e+02
-3.303471115728872753e+00
-6.677371907906643855e+02
-7.844385243266355019e+02
-8.796924843802481746e+02
-4.716240801307663446e+02
7.535332125212944447e+02
8.520008087720650565e+02
9.268797062793838677e+02
1.868420970559237162e+02
5.467511353817858435e+02
6.559431780710915518e+02
-6.642039102672266893e+01
6.162844064826433623e+02
1.337015803453639933e+02
7.172285650300404996e+02
9.357568568761695360e+02
-7.369354415623751038e+02
2.999695779288695690e+02
1.861022073388249396e+02
7.774008913893375450e+01
-9.005674094237377858e+02
-7.023787729815202283e+02
-6.064323078841198367e+02
-1.843682093922814715e+02
-8.558223598545463346e+02
-7.519135149618213063e+02
1.769957631077131452e+02
3.219093985107089395e+01
3.027409781832635076e+02
5.220719889319756248e+02
3.159197098823668171e+02
-9.298558113366995030e+02
5.380839129943519765e+02
-9.053290023036935281e+02
-7.011212378383849000e+02
3.257202723964371671e+02
-9.810330851384964035e+02
8.756661179548160590e+02
9.336969803008373674e+02
6.045368483763327276e+02
8.028412065745573045e+02
-3.265672142626614232e+02
5.505577304809984298e+02
-3.375661243895416419e+01
7.403419811841908995e+02
2.977129478978077941e+02
-5.779418996907161272e+02
1.760397138507665318e+02
8.460201979414673588e+02
9.473705077192635144e+02
-3.406592998811116786e+02
-2.185259383456166802e+02
2.700456822270209045e+01
8.765883228729582015e+02
-2.917884000502623962e+02
-4.901406001819487983e+02
4.640671249672498675e+02
-2.996105681383713772e+02
-3.523203486567110190e+02
5.265145702768126057e+02
9.168086261018405025e+01
-5.693523278143898096e+02
1.779290115469129319e+02
1.840972073893131835e+02
-5.969858888639669203e+02
9.771244718780993708e+02
-5.417046645715289515e+02
1.409433863472871167e+02
1.161039835931130568e+02
-7.218524439566525643e+02
-6.352423751890102039e+02
9.031285178695088689e+02
1.448355142217454627e+01
-4.976912996282746349e+02
1.628987273950517647e+02
5.833042106275587457e+02
7.862441828303896045e+02
2.013443094405156160e+02
8.935658675036021350e+02
9.665770229612988942e+02
-6.024664206750276207e+02
-6.180278790645494382e+02
5.087074118079286933e+01
-1.826460160904411509e+02
-1.583726942158746738e+02
7.740560540991285734e+02
-2.976603259876408174e+02
5.608083721336245162e+02
7.255769768366378685e+02
4.707857241109414304e+02
1.091896108781734540e+02
8.036110743656897171e+01
2.940229402200311597e+02
-5.222348682805009190e+01
-1.233911075259735810e+02
-1.306037216224682425e+02
-4.429600653991390118e+02
6.820891591822004330e+02
2.047248419925018652e+02
-6.558478161781764584e+02
5.154539782269139323e+02
6.196793308274334322e+02
-2.855444390907319416e+02
-3.897485156889496238e+02
-8.052021279545391508e+02
1.924394841340876496e+02
-9.597774366427283894e+02
-6.406989838219778903e+02
-3.441060711307252404e+02
6.641566093206715777e+02
-6.453010196206614637e+02
4.692091401699155995e+02
1.855057481857075743e+02
-6.681279425852839893e+01
3.332647402465379400e+02
-4.245360908688402901e+01
-8.723787574879977456e+02
-1.171863404143313403e+02
-3.162825033632362448e+01
1.096133102758257110e+02
-1.045212206005525388e+02
2.042263409375838137e+02
5.782128684553246103e+02
3.865830949736586319e+01
-9.745552601660015171e+02
3.208177439637409520e+02
-9.253090429472687219e+02
-7.797911253205360254e+02
5.107350643699727470e+02
2.089096382131152154e+02
-2.310986106950691976e+02
9.123199179339776492e+02
-9.543096136853779399e+02
-3.247284580374119400e+01
8.083280073676771735e+02
1.733038792184254646e+02
9.426252989275629943e+02
-2.697461090781228776e+01
-6.220478524509666158e+02
-3.170683376069879387e+02
6.027527753263717614e+02
-6.463041141850910662e+02
-5.764587339652131277e+02
2.863249831177547549e+02
2.867350673872213065e+02
5.411790804912772046e+02
-7.551874865577831315e+02
4.650702340978394318e+02
-4.005467830037747490e+02
2.943580381017962395e+02
2.010575539737378392e+02
-1.733551145930147186e+02
-5.022122991227698208e+02
6.113587293233842956e+02
2.733983324174342329e+02
6.743496029294409482e+02
1.021370862191504472e+02
-1.588387659841262121e+02
6.501698112275173571e+02
3.177643248648049052e+02
-2.037650372080162526e+02
6.163739541104524733e+02
6.518136105884704534e+01
-7.493657885566199184e+02
5.680811623108127151e+01
-1.150333152072841187e+02
-6.243381264876506975e+02
-9.876583316505332277e+01
-2.195244860957385811e+02
5.193523092002811836e+02
4.358261503610023624e+02
7.876964855580002904e+02
1.863885261048039013e+02
-6.042232213217006347e+02
8.009717573475568315e+02
-3.128812565208750698e+02
6.858039338988005511e+02
-8.180941427237534072e+02
3.082226197855182548e+01
9.974538879492932892e+02
-3.971610497826538335e+02
-8.381590078606230918e+02
-6.619520788614744333e+02
-4.905527903418395113e+02
-8.484549305354061062e+02
2.576172714412610389e+02
-8.406355421870173359e+02
1.420019063380522653e+02
4.567637334648186425e+02
7.534141453569201303e+02
8.953239110480355976e+02
-6.692952829092097318e+02
2.663176427594464002e+01
8.771219162455158767e+02
7.133124178456865820e+02
-2.355145069823476263e+02
2.456049664197665194e+01
9.190925257661634760e+02
-5.681702126338648213e+02
9.089126626489007776e+02
-7.314401111595528846e+02
-4.627978673819678761e+02
2.168533551649753832e+01
2.804574052666432067e+02
3.178680756833402938e+02
-6.309143030305767752e+02
4.573796202487542928e+02
-9.114840518626326684e+02
3.769951739748612454e+02
5.243964232320769270e+02
-5.011492095014804704e+02
8.879231577668999762e+02
-1.593338822820517464e+02
2.724556887557263849e+02
-9.773171246618885561e+02
8.742322305293794216e+02
3.019970226781361475e+02
4.560062750787146513e+00
9.589772467876870223e+02
5.056303299132245002e+02
-2.786586135144512468e+02
-1.097716158148512307e+02
-5.440974167865384743e+02
9.555564460151346111e+02
-8.551837148684802514e+02
-2.580646178780548325e+02
-6.678101884574952862e+01
-4.019485432683524095e+02
-9.296729687426993678e+02
5.136186290175794511e+01
9.929463804275231951e+02
8.401212214960611391e+02
-9.748945609430940067e+02
-1.072240878244002715e+02
-6.363688426255155406e+01
-7.668475945184593456e+02
-5.552578105853932584e+02
7.342587186840974027e+02
-2.159487197219260963e+02
8.852665267950482075e+02
5.477777475799954345e+02
-9.100882861962576271e+02
1.450722095424940790e+02
-8.734002362398617834e+02
-1.900042204096551757e+02
-9.679204306888526617e+02
9.495987720024993450e+02
3.309332927572598919e+02
7.048788488011012987e+02
7.870436469722972106e+02
