4.599030701701260568e+02
-5.575090430605711163e+02
2.440046036075692086e+02
8.746030084000798297e+02
-5.891203152083255645e+02
-1.271672221475586042e+02
-9.438946007533274951e+02
-8.527382711945708706e+02
9.720496783929423827e+02
8.647341151216711523e+02
-2.692585102563072041e+02
-5.552215524218198652e+02
5.350496560932575676e+02
6.053864129072325113e+02
-5.093004265997575999e+02
-1.170267353263496846e+00
-6.752350772831448467e+02
-7.843120319641939204e+02
-8.745630987280521822e+02
-4.716240803029394897e+02
7.007232076756739616e+02
8.520968433491384530e+02
4.049843037650250608e+02
1.767886126622648817e+02
5.504028503874677654e+02
7.861695590109374052e+02
-1.246357722454388721e+02
6.118853568347720966e+02
1.523520793656060732e+02
7.441374894082998708e+02
9.355192269922948753e+02
-7.394989559647588067e+02
3.002882716165134980e+02
1.866625242869607177e+02
7.098633658685177750e+01
-9.039522368571160769e+02
-6.990775800746158666e+02
-6.098553483835570432e+02
-1.832196659277898334e+02
-8.529577387758437226e+02
-7.392633368608704814e+02
1.727294670056358825e+02
3.508566773876969336e+01
2.757738955188577279e+02
5.470163604741501331e+02
3.156367344673381581e+02
-9.558637570996630757e+02
5.375853401800097799e+02
-9.307790553289094078e+02
-7.008478470107509111e+02
3.224234295250686273e+02
-8.518166674236528024e+02
8.768520822763938440e+02
9.336950344410735170e+02
6.046978745108308431e+02
7.741266851783062748e+02
-4.178243259671914416e+02
5.108592275902187794e+02
-3.260778325239221687e+01
7.397677121507593938e+02
2.892473430905633904e+02
-5.904377238890117496e+02
1.630561986906863581e+02
7.809553730655441086e+02
9.462525697122165411e+02
-3.462413569534858766e+02
-2.177175422631089532e+02
2.468898481213668106e+01
8.793166761605652937e+02
-2.894249169128661947e+02
-5.796052858405639654e+02
4.551046927335057148e+02
-3.049588637935598854e+02
-4.630725230658858322e+02
5.306521522732116409e+02
9.193498357589538728e+01
-5.467491897258179279e+02
2.019153252962871363e+02
1.553998287144939923e+02
-5.633102956005317310e+02
9.771174713392456397e+02
-5.415175764377862606e+02
1.527355208592896929e+02
1.160478827873584038e+02
-7.396672357971938254e+02
-6.354234739976699302e+02
7.378269141406130984e+02
-4.226841686554534050e+01
-4.978022878819976427e+02
1.628867491670561094e+02
5.847277648589063119e+02
7.749488252081233668e+02
2.039965466365406428e+02
8.887001215966073460e+02
9.711500599191706442e+02
-5.133228596199402318e+02
-4.403928763869365071e+02
5.101173289956453516e+01
-1.094565400260984518e+02
-1.579130372276135859e+02
7.867699595437936750e+02
-2.901925714522969884e+02
8.145561910043585385e+02
7.248049387115320314e+02
4.540335324680376630e+02
1.061125890896857129e+02
3.976743804302634544e+01
2.942891792449414083e+02
3.086388633862285680e+00
-1.240307703366185876e+02
-1.283255499901345331e+02
-4.543700558608554161e+02
6.217826421405663950e+02
2.037522653923302300e+02
-6.597967189475936038e+02
5.119831452447907623e+02
6.221226701282193972e+02
-2.845414533460528332e+02
-3.859174907550907960e+02
-8.052119649834568236e+02
1.848814403179410135e+02
-9.599171262622205631e+02
-6.433967014052150262e+02
-4.027296292658772359e+02
6.525107437574326923e+02
-6.456828513949308217e+02
4.637776553887953810e+02
1.764891386271440012e+02
-7.201962507818930703e+01
3.324285820583928626e+02
-5.124258987476436289e+01
-8.824302007348225061e+02
-1.289491424068710046e+02
-2.862012433938220823e+01
1.343716297451042294e+02
-1.072814322730615970e+02
1.895141761282380628e+02
4.186336653243432693e+02
1.618490673118629957e+02
-9.716851077715095926e+02
3.191898575722427722e+02
-9.253133748321475878e+02
-7.811020140991098515e+02
5.099824951567886160e+02
1.022541025212963177e+02
-2.254276257337015750e+02
9.124520925880990490e+02
-9.595005909887851203e+02
-3.503682651665214820e+01
8.074740056847087999e+02
1.277723299880127428e+02
9.435835216263304801e+02
-1.659715685562403920e+01
-7.485993189371980634e+02
-3.189038710476828555e+02
5.863398289379166499e+02
-6.548468832578186039e+02
-5.774485150693940341e+02
2.570066929627990930e+02
2.852880804506382333e+02
5.410143461918678440e+02
-7.079733972740324361e+02
4.670880553077936383e+02
-4.004514465930087113e+02
2.728449130908973643e+02
1.999957008198463768e+02
-1.544001475844337392e+02
-5.045440100420257181e+02
6.296770929681200641e+02
2.709135561806187980e+02
6.745162086107421828e+02
1.273714370038108399e+02
-8.100528782975831632e+01
6.481413432800593455e+02
3.119485816565704113e+02
-2.017598182704106193e+02
4.884001403423230272e+02
1.431129594406713323e+01
-7.457343279131712279e+02
5.695989433914726874e+01
-1.320732296627266180e+02
-6.218290590692886326e+02
-5.140939656650900957e+01
8.680610178266675803e+01
5.747876194763414333e+02
4.347796270764865767e+02
7.876528168861798349e+02
1.882921796366247520e+02
-3.564826850258489230e+02
8.012125129591184987e+02
-3.401085360566721079e+02
8.674266294837250371e+02
-8.170642640600499362e+02
2.267609239074461414e+01
9.678415431793926018e+02
-4.768589682025414618e+02
-9.323519904558681901e+02
-7.371215992440303353e+02
-5.035770117749485735e+02
-8.451535578228937311e+02
2.561598844440310927e+02
-8.455456198838405726e+02
1.417415497460686993e+02
4.570044116737292370e+02
7.620020114222521670e+02
8.962306832253848370e+02
-6.703434826834130718e+02
-4.640902407081370598e+02
8.774563828944293391e+02
7.182296818242620020e+02
-2.437458080877329678e+02
4.018332661176816600e+01
9.170872659632905197e+02
-5.685089286291286044e+02
8.999995156754836216e+02
-7.315303417716412469e+02
-4.729607863962779675e+02
2.136240300994322538e+01
2.815311025828140146e+02
3.278336629955755939e+02
-6.230790495107604556e+02
4.572927377413811882e+02
-9.687748680579526308e+02
3.782044586848178938e+02
3.426419079610776066e+02
-5.024671706113764458e+02
8.832406281698613384e+02
-1.593771410746214769e+02
2.715112947226836582e+02
-9.708022298732561239e+02
8.742330886100667158e+02
2.967452107307267397e+02
5.419717085885727315e+00
9.580481161360926308e+02
5.268136398551235970e+02
-2.750191789306700230e+02
-1.103433296183744545e+02
-5.857200111365297062e+02
9.550534726047553704e+02
-8.556368601472024693e+02
-2.590077628665630982e+02
-1.536101989263565883e+02
-3.598912322686066432e+02
-9.676059358697622201e+02
5.381688352260587749e+01
9.927999932507018457e+02
8.428488483639027891e+02
-9.753726042657240214e+02
-1.117184306749690563e+02
-7.421656180305841133e+01
-8.474605008795180083e+02
-5.551422903900294159e+02
7.356606331174899651e+02
-2.720184551229855856e+02
8.857790415436406875e+02
6.442400142925025648e+02
-9.109268480687154579e+02
1.387434981667881573e+02
-8.738135908399420941e+02
-1.965732576210441778e+02
-9.676838315196446274e+02
9.435903042839679529e+02
3.304497370293374274e+02
7.049454089945666055e+02
7.880933555407698350e+02
