4.595934548353486093e+02
-5.575066372216970194e+02
2.409217517142791962e+02
8.749200935446338008e+02
-5.705276094484906935e+02
-1.287999165611738306e+02
-9.697249758489668920e+02
-8.670965409601609508e+02
9.716718695078288874e+02
8.647337066239674641e+02
-3.789862931966027304e+02
-5.552276527416291856e+02
5.092069082637076463e+02
6.016374028605915782e+02
-4.786148976876595498e+02
-3.170566747391796003e+00
-6.758791724263189735e+02
-7.872963060734721239e+02
-8.730095457892626882e+02
-4.716240804594822293e+02
3.806183982257675780e+02
8.528350433255044436e+02
4.723945472930773803e+02
1.525166223949505593e+02
5.382014153335562696e+02
6.581473378027927765e+02
-1.348758498983823984e+02
5.407001108718729938e+02
1.507905552833770173e+02
7.178204135081678032e+02
9.351208942770315389e+02
-7.391312336617479559e+02
2.999197722771435224e+02
1.660442515173171785e+02
7.706684849697450090e+01
-9.040133910917277262e+02
-7.018330079934329433e+02
-6.041932243421714475e+02
-1.883902143884504312e+02
-8.553853357939467514e+02
-7.320326045742798442e+02
1.724063798991878116e+02
2.791841850344428622e+01
2.727739433531643272e+02
1.744636727026459369e+02
3.100241207897852291e+02
-9.586131711965438171e+02
7.876656027050764806e+02
-9.087755432680002059e+02
-7.011688285581133186e+02
2.879677654218646126e+02
-8.390536140191775303e+02
9.996804943976035247e+02
9.336900101755196602e+02
6.045980316762872917e+02
7.850253365595079913e+02
-3.740109992321002892e+02
5.423219581425425986e+02
-3.770962869290848829e+01
7.200748540623031886e+02
2.960907561128037173e+02
-5.774038189334502249e+02
1.643349447139379436e+02
7.814599707354753946e+02
9.463210814764355518e+02
-3.502284907280206880e+02
-2.185221008892971781e+02
2.585165907172314093e+01
8.710553205822351401e+02
-2.894272212369915565e+02
-5.840310012991125177e+02
4.463788346495153974e+02
-3.128950835909857915e+02
-4.710721453189702288e+02
5.230024951206778496e+02
9.049896961234662740e+01
-5.476603049017766125e+02
2.157646975562135765e+02
1.868972673699992981e+02
-5.644332774727021160e+02
9.774076231574214262e+02
-5.398595975584482858e+02
1.272205250758299115e+02
9.057024553307122972e+01
-7.240988780971250662e+02
-6.352108228428401162e+02
7.483977908350384496e+02
-5.083719360966796330e-01
-4.977537446983013751e+02
1.628981590950883174e+02
5.794746658030859408e+02
7.854139687488429900e+02
2.058373747953271504e+02
8.872871938229573061e+02
9.671614105932508210e+02
-6.146482872017090813e+02
-6.044755265933318924e+02
-7.019506789162010207e+00
-1.562095001087959645e+01
-1.584057564747808726e+02
7.738449852644705516e+02
-3.684442886293106199e+02
7.324788727296574962e+02
7.272110803533587386e+02
5.011205483053101943e+02
1.061573546435609927e+02
3.492874673471123970e+01
2.938241777997885151e+02
1.030385128802547001e+02
-1.226737084130701305e+02
-1.296042924810504644e+02
-4.534595955448021982e+02
6.177826539172081084e+02
2.017455499024852372e+02
-7.299930000918545829e+02
5.164889936565580228e+02
5.067634256471772005e+02
-2.664581250654817950e+02
-3.885508489523963931e+02
-8.052076450274448689e+02
1.865457190041783520e+02
-9.512131648888170048e+02
-6.367511263313198242e+02
-4.152440912428666593e+02
6.774533179551306148e+02
-6.456960815057162790e+02
4.720735276567971823e+02
1.709358506508176276e+02
-6.977082244669333022e+01
3.334036205115567668e+02
-5.030981947606199611e+01
-8.733285004932112088e+02
-1.329353622877860630e+02
-3.163752279420358349e+01
9.923288446096762527e+01
-1.090482938404712172e+02
1.990838994865601421e+02
4.091307665856569429e+02
1.853872929352735639e+02
-9.719502447459914265e+02
3.109702682162906058e+02
-9.250525604839631342e+02
-7.968645156147109674e+02
5.109402182455482375e+02
1.966887996041819804e+02
-2.310717880361777077e+02
9.117135133766995523e+02
-9.623700601347752581e+02
-4.276639493072898546e+01
8.066139324946341276e+02
2.202418880549947744e+02
9.405544933064429642e+02
-2.801248724041758109e+01
-6.241044758204975551e+02
-3.197019162395947092e+02
5.857039178294088515e+02
-6.463358537046231049e+02
-5.765386945036791531e+02
2.499403340669309728e+02
2.851097636363209631e+02
5.403230277365469192e+02
-7.273345683434396278e+02
4.664810205994148191e+02
-7.681846274932831875e+02
2.955882870685474018e+02
1.990753239239197967e+02
-1.553226235484987114e+02
-5.038279347941324318e+02
6.256030846931413407e+02
2.732863192233363634e+02
6.745253471825240013e+02
1.249908216155150456e+02
-8.416284752990976870e+01
6.434470844351583310e+02
4.195036821149573711e+02
-2.017724638993390158e+02
4.886298816908828826e+02
1.812308451040392754e+01
-7.440644485250460320e+02
5.680989358376649534e+01
-2.099014063024276879e+02
-6.225190744146385669e+02
-3.227296543407907166e+02
9.701057036255633648e-02
4.827053754099213734e+02
3.800923851396923965e+02
7.876967242368776851e+02
1.859678326781933606e+02
-4.903158365296770853e+02
8.023719796769145205e+02
-3.427048887418413869e+02
8.763612729290823609e+02
-8.183772660493576723e+02
2.305686645789152678e+01
9.990214289421544436e+02
-4.018798917053550781e+02
-9.380458901609181339e+02
-5.461882274860690814e+02
-5.046628673592819609e+02
-8.522354635671276810e+02
2.558267400016386546e+02
-6.764202761882839923e+02
1.451170691240297685e+02
4.565183482970413138e+02
8.713352616966939195e+02
8.970404475258762886e+02
-6.721104155523374857e+02
2.235620321231586161e+01
8.785697792772464254e+02
7.105147728884489879e+02
-2.451856398107641155e+02
3.725293783423954608e+01
9.155315067111523604e+02
-5.684279523703596624e+02
8.941354208165708997e+02
-7.377485414732091158e+02
-4.678410932579218979e+02
6.963065963485868259e+00
2.825450251743417880e+02
2.605849234315199396e+02
-8.062670429668767156e+02
4.572798758396006633e+02
-9.170267795040167584e+02
3.781266339374481049e+02
5.533007983253901330e+02
-5.032238069670966638e+02
8.883771612632730239e+02
-1.593624746470193827e+02
2.719710922400303730e+02
-9.772920540791336634e+02
8.742324307363385287e+02
2.990922449249770239e+02
5.535137968969649158e+00
9.579107032897185263e+02
5.052991741389817548e+02
-2.714402045224946391e+02
-1.103281015837289374e+02
-6.067820632939443612e+02
9.556963866820000248e+02
-8.571879505458722406e+02
-2.596342846249086165e+02
-1.505269975260368369e+02
-3.593206405785201696e+02
-9.671463540782303880e+02
5.333043162990270503e+01
9.948235738351704640e+02
8.282473403863070871e+02
-9.756790306656537268e+02
-1.115782773829205894e+02
-8.935428135548511364e+01
-7.808989926824170880e+02
-5.552504208713272646e+02
7.334983914343004017e+02
-2.094204225238446213e+02
8.837983511452848688e+02
5.487516778402942919e+02
-9.224321369093929661e+02
1.389360662549379981e+02
-8.747537283483803776e+02
-1.965918302443066352e+02
-9.677188492727357243e+02
9.694697081861867218e+02
3.314525798398694860e+02
7.048293467402197621e+02
7.704943563617945301e+02
