4.769853190040491882e+02
-5.575066011000683375e+02
3.053442029325281624e+02
7.216820105752544805e+02
-5.897497242580187731e+02
-1.275424375188487858e+02
-9.011338975348222675e+02
-8.283055919699962715e+02
9.756557781289867535e+02
8.647337076354629062e+02
-2.731345191290373577e+02
-5.552063379191407648e+02
6.342695441765816895e+02
6.044043188645860027e+02
-5.286978276671975436e+02
-9.778679147028039864e-01
-6.792949412078856994e+02
-7.835729586311679213e+02
-8.720302480459647541e+02
-4.716240803119368934e+02
7.032493017237457025e+02
8.521167367873373450e+02
4.508504864372392831e+02
1.873929653690655357e+02
5.468073448768545859e+02
6.561748910248852553e+02
-1.257155324576946214e+02
6.072033400434135046e+02
1.156385409297002411e+02
7.188756427726021911e+02
9.363076513488741739e+02
-7.386756813764653771e+02
3.019338076442761007e+02
1.871920629768790718e+02
7.773788827964150983e+01
-9.017996272913967459e+02
-7.030417835865799816e+02
-6.064488603134528830e+02
-1.843348295929446294e+02
-8.527397852618533989e+02
-7.533287710493943905e+02
1.763299724804856794e+02
3.726382897348915435e+01
2.754857560663563731e+02
5.183984852880853396e+02
3.153845682464079800e+02
-9.592215514693338037e+02
5.317165940202776255e+02
-9.053843029790567698e+02
-7.010377717297366189e+02
3.271641336933644197e+02
-8.540988186392623902e+02
8.994565010621997772e+02
9.337571057589526617e+02
6.045203622168274933e+02
7.800100687637153669e+02
-5.110428423509658273e+02
5.479975500693407184e+02
-3.182088382702857032e+01
7.396116664902378943e+02
3.234287950233757556e+02
-5.714402457134390261e+02
1.642711128927735160e+02
7.839699757252973313e+02
9.479875270020731932e+02
-3.459979038612839872e+02
-2.180476414998385621e+02
2.702067790411578940e+01
8.830683862566154403e+02
-2.889271414611072260e+02
-5.815405705289881553e+02
4.750794914130677853e+02
-3.037254975769975545e+02
-3.175836443627073322e+02
5.273863455368731366e+02
9.442024544858279000e+01
-5.285379547553872044e+02
1.779200538016991402e+02
1.627977303086226755e+02
-5.646729987216079962e+02
9.771625082383582139e+02
-5.419164292766395192e+02
1.362512641583847142e+02
1.168854562376657071e+02
-7.226980097615122531e+02
-6.358305324283816162e+02
9.146960539212761887e+02
1.914816653446333561e+00
-4.976971401287983099e+02
1.629359851487282640e+02
5.826745355105316548e+02
7.805346854788953124e+02
2.054682450439578361e+02
8.933532650140664373e+02
9.695585917283291337e+02
-6.097487125824595751e+02
-4.378320794709310348e+02
5.118503976962383462e+01
-4.408945523630376329e+01
-1.583722886507976568e+02
7.741770618041547323e+02
-2.983116964046096768e+02
7.376330308901710850e+02
7.273867482654998184e+02
3.869602253846329063e+02
1.126085007407642422e+02
8.019887789439579251e+01
2.940208894970101028e+02
1.563575065660998931e+01
-1.229727217308747953e+02
-1.405761541918408852e+02
-4.417342084798490873e+02
6.155139262842130847e+02
2.041720469394221311e+02
-6.553367105463682947e+02
5.259927649800960126e+02
5.346449985063514987e+02
-2.656593546179130385e+02
-3.897219296440175640e+02
-8.052330818104788932e+02
1.854340970394327996e+02
-9.171588108329890474e+02
-6.382119462298385315e+02
-3.596492019310874184e+02
6.502280256075856641e+02
-6.452904672672314064e+02
4.699803663889996415e+02
1.763997798310212488e+02
-6.789981717413363072e+01
3.325969376220678555e+02
-4.285309677977342346e+01
-8.819104134432687943e+02
-1.291618715833715498e+02
-3.172050069218777324e+01
1.131808260501416896e+02
-1.056578040396183980e+02
2.017569000947153768e+02
4.255489642032935080e+02
1.826091709727705279e+02
-9.747119296766064735e+02
3.275772271209577298e+02
-9.251165961428559967e+02
-7.800991112467182802e+02
5.112685862428916721e+02
2.000356685711267062e+02
-2.308525576998376891e+02
9.123199179339776492e+02
-9.543770921705113324e+02
-4.368399078052971873e+01
8.075246618714445503e+02
1.737926487858336770e+02
9.437014447958334813e+02
-2.760129342251311257e+01
-8.219533959851138434e+02
-8.673110802951701714e+01
5.947170163790124207e+02
-6.463367235176959866e+02
-5.751771781480563277e+02
2.579977677279500767e+02
2.850717013488943508e+02
5.411432964881894350e+02
-7.136857420670461352e+02
4.665561116266009094e+02
-4.005471098889437371e+02
2.956803733853299150e+02
2.001475124265062675e+02
-1.557301042986787252e+02
-5.049976750644391927e+02
6.774452207044632814e+02
2.726018070506110007e+02
6.745349493899993831e+02
1.027273030707550845e+02
-8.470612473680768062e+01
6.504252517950990296e+02
3.164630863994296419e+02
-2.017092776823684517e+02
4.889281135898090156e+02
6.705063388224911591e+01
-7.442497714785184826e+02
5.679799683053401793e+01
-1.146986878094717213e+02
-6.225651044230063462e+02
-7.053254266653804905e+01
-2.210377780060973123e+02
5.376344779561640053e+02
4.548307023434117582e+02
8.256954745558255127e+02
1.859678199629647395e+02
-6.071738909277718221e+02
8.009906124843124644e+02
-3.428801180805157287e+02
9.165266812014808693e+02
-8.190379331554829605e+02
2.109790078188611062e+01
9.964765847109489414e+02
-3.965325734797780228e+02
-8.381785611952375348e+02
-6.688353780324426907e+02
-4.883025437490927061e+02
-8.488975333205374909e+02
2.569948789276761545e+02
-8.453499221224816438e+02
1.426166379462910356e+02
4.568805916755202929e+02
7.534099235167370807e+02
8.952326799255487231e+02
-6.689452598341824796e+02
5.488871248593612506e+01
8.782761847179858705e+02
7.367584690845665136e+02
-2.425044567857562186e+02
4.064537330966736306e+01
9.194874391400925333e+02
-5.683227915807732415e+02
9.070192106168282180e+02
-7.312749664390548787e+02
-4.665724354308885040e+02
2.148049747113523367e+01
2.810283904070944914e+02
3.175938077007729703e+02
-6.285825979098920016e+02
4.572596782004782767e+02
-9.103450757279732670e+02
3.770804708791180815e+02
5.087265204357480002e+02
-5.026534749580067114e+02
8.892998037975110037e+02
-1.593540468498339067e+02
2.720394162970982848e+02
-9.773156415218462598e+02
8.742322781857433256e+02
2.973991877153569021e+02
6.688440981583268830e+00
9.418284395049390696e+02
5.053498714940897116e+02
-2.698718371666971620e+02
-1.065877657216095571e+02
-5.815679261760802774e+02
9.555978325523610692e+02
-8.552703043446113043e+02
-2.578927910071795964e+02
-1.369026243204329205e+02
-4.034709592327527616e+02
-9.323295467513927406e+02
5.389830155846784976e+01
9.929879945311841993e+02
7.448998043972145524e+02
-9.751668580738843275e+02
-1.094309775467582426e+02
-9.189020400352450224e+01
-7.808304273565988751e+02
-5.552189082955018193e+02
7.333735967824759427e+02
-2.851388364075689310e+02
8.858680260337646359e+02
5.444581724057854899e+02
-7.629121804687040367e+02
1.437831681709242275e+02
-8.620322854149940213e+02
-1.966812568704549449e+02
-9.677361746332342136e+02
9.560330469059599636e+02
3.309346528209693474e+02
7.048788488011012987e+02
7.877803152608080381e+02
