2.917578271236912428e+02
-5.575063178707592897e+02
2.646728326222145142e+02
8.795714924103660906e+02
-6.099980070928193072e+02
-1.280759370449577261e+02
-9.057279364347559749e+02
-8.575573206110532283e+02
9.720374229274740401e+02
8.647337066239117576e+02
-2.688434802281946077e+02
-5.552217427932556575e+02
5.311272060402126272e+02
6.044440537505514612e+02
-5.043610446176253390e+02
-5.723273134751570623e+00
-6.747905532803110873e+02
-7.844352453823099722e+02
-8.729662093006953683e+02
-4.716240803068041032e+02
7.034736107498284809e+02
8.520788192633824565e+02
9.006797079057096198e+02
1.804925947639285937e+02
5.441704965504354732e+02
6.507925478938727792e+02
-7.631906908884494101e+01
5.998485590552755866e+02
1.299485000146494258e+02
7.172053766592512147e+02
9.362291989531211129e+02
-7.401730790094304666e+02
3.000077144370453652e+02
1.629722659913981602e+02
7.886733180877494931e+01
-9.039959404480092644e+02
-7.023150474947099156e+02
-6.068654051140952106e+02
-1.844333992623658105e+02
-8.555027631492364435e+02
-7.314391662431920622e+02
1.744800255976520020e+02
3.227364134209931024e+01
2.754875390019633414e+02
5.198788320433619674e+02
3.156385984841402319e+02
-9.619166079537052383e+02
5.353982110464114612e+02
-9.061648341738618910e+02
-7.007932020751849223e+02
2.899810465000832096e+02
-9.837861762336719949e+02
8.807201805785744000e+02
9.336958310209520278e+02
6.047261499841779369e+02
8.279103853172758818e+02
-3.267167408417693082e+02
5.414251043501640197e+02
-3.001228873373840855e+01
7.253112272736073010e+02
2.900023268414147424e+02
-4.986957865773602521e+02
1.645525531737538927e+02
7.836659181998878694e+02
9.478822088894158924e+02
-3.103157433658715831e+02
-2.176514292251470692e+02
2.317902531717969339e+01
8.739487054441478904e+02
-2.894740979307297835e+02
-5.848292800449837614e+02
4.528091822066555210e+02
-2.521758227128465251e+02
-3.333028881782711323e+02
4.791427540554732900e+02
8.732604245048220548e+01
-5.692307813766059326e+02
2.008404813039750820e+02
1.904201733655071109e+02
-5.646107330881202415e+02
9.760840909542080226e+02
-5.419428044983899326e+02
1.371469341958671180e+02
1.160391365321190165e+02
-7.166236126699825491e+02
-6.352250045613011480e+02
9.027506530448697504e+02
-6.148241921710633306e+01
-4.977535263475732563e+02
1.629054533753740373e+02
5.714760929676534715e+02
7.709401011895520242e+02
2.012731898263297410e+02
8.909555654979266137e+02
9.871099846759719867e+02
-6.101063885796917248e+02
-4.399570068515882326e+02
5.054853251881639409e+01
-1.119069884073705339e+02
-1.584074712588015643e+02
9.342022388187556317e+02
-2.997474924336999607e+02
5.327182681132924245e+02
7.264016988677218478e+02
4.951394387055277662e+02
1.089841851657200351e+02
3.896625780614638046e+01
2.938296836978596502e+02
-2.726870722853551143e+00
-1.230906515044084983e+02
-1.501822983226911674e+02
-4.511185600287037687e+02
6.212745710672863879e+02
2.031200189168870338e+02
-6.634953112817738656e+02
4.154817943409369150e+02
5.028610171374584752e+02
-2.827921508880814372e+02
-3.901306930008390168e+02
-8.052356559918736139e+02
1.870882109407735925e+02
-9.601727701731292655e+02
-6.434935540298431533e+02
-3.317048824072649609e+02
5.810023542260595377e+02
-6.609767076992847024e+02
4.683774680092196832e+02
2.252539273528310275e+02
-6.689625986461179252e+01
3.324755774949283591e+02
-2.003499093837279190e+02
-8.723783699962391438e+02
-1.277363549225499213e+02
-3.162039754972512995e+01
1.131599218467920736e+02
-1.074458172710088917e+02
2.029373714401938571e+02
4.187150471312900208e+02
4.637800338088283070e+01
-9.717578386710127916e+02
3.199076951240819540e+02
-9.262408176617947220e+02
-7.801822275975281400e+02
5.093959377379395050e+02
2.047041843084648178e+02
-2.311571687364660193e+02
9.123020095662707263e+02
-9.623500232387374353e+02
-3.255527535771137337e+01
8.078052885496626914e+02
2.391696641684133908e+02
9.438679859320506011e+02
-3.218447703748668687e+01
-6.220231102509102357e+02
-4.273957153555275568e+01
6.085330444813016584e+02
-6.463657715382595370e+02
-5.775318528753392684e+02
2.646506699475517053e+02
2.851290771512569791e+02
5.409066725813884204e+02
-7.518708635190507721e+02
4.644911672596894050e+02
-3.915471344811322183e+02
2.955227171866484355e+02
2.020513665399864749e+02
-1.552474809535190730e+02
-5.050402525038514909e+02
6.175747417276232909e+02
2.742312698752686515e+02
6.744505768676509661e+02
1.020535097709575183e+02
-8.292970416439368364e+01
6.475993411289844062e+02
3.137639954044888100e+02
-2.038578995448666831e+02
4.929998921078501439e+02
6.514031797249502631e+01
-7.456242717349515488e+02
5.680097908280252739e+01
-1.325371542785356667e+02
-6.249534817662400883e+02
-9.912052123288999894e+01
-2.175920328877069494e+02
4.267799301554092608e+02
4.182573739660428487e+02
7.876719323306328988e+02
1.882271418331705490e+02
-3.320527535102401657e+02
8.015677602416276386e+02
-3.430436898044177383e+02
6.837756780638762848e+02
-8.183654664445966773e+02
2.113728137839879295e+01
9.968486065861455927e+02
-4.070858570822973661e+02
-8.384695471258474981e+02
-7.253569238139195932e+02
-4.946556416420717710e+02
-8.481709077474807827e+02
2.578916530015760600e+02
-8.388842304738822122e+02
1.418791730148800525e+02
4.569927425409655939e+02
7.742306246447633384e+02
8.949747025427402605e+02
-6.708873043796603497e+02
-2.602239384150344392e-01
8.789092146985070713e+02
7.184209796409786577e+02
-2.354831161016777514e+02
3.966521431988680035e+01
9.174671240879514471e+02
-5.684450467896783721e+02
8.954512007414988375e+02
-7.301454998664293043e+02
-4.783929097225679357e+02
2.119753096232619782e+01
2.866891022558703526e+02
3.247688491958350596e+02
-6.211240932297131394e+02
4.573803210035022175e+02
-9.087681236945452383e+02
3.768457699501776119e+02
5.588327304549039809e+02
-5.010059364985096408e+02
8.861449818212621494e+02
-1.593582500097609227e+02
2.722327597194635018e+02
-9.772966032374662291e+02
8.742321978223779979e+02
2.982447247708380473e+02
3.405205635839476663e+00
9.536951625313701015e+02
5.046035860422943529e+02
-2.847952994884670943e+02
-1.097782890347601068e+02
-5.828236130820803282e+02
9.555027053914719772e+02
-8.555213478871189636e+02
-2.581247995349033317e+02
-1.246076383016702778e+02
-4.006122544564397572e+02
-9.723634300210584342e+02
5.168494773959576349e+01
9.911935440809114652e+02
8.403512366748202567e+02
-9.755440168228964239e+02
-1.134068538606961027e+02
-8.998754847171940696e+01
-7.905352583770552428e+02
-5.556311694309803215e+02
7.344775030795746034e+02
-2.158636112999064949e+02
8.861448999425640523e+02
5.445038879745682152e+02
-9.107528009663506054e+02
1.400295832432395287e+02
-8.755485773352664864e+02
-1.964480290886288003e+02
-9.751553926850525613e+02
9.260674835856395930e+02
3.313970177002576634e+02
7.049230135756985192e+02
7.870657967945892324e+02
