4.600758895737384933e+02
-5.575059558837110671e+02
2.439111255630314190e+02
8.787034555621036134e+02
-6.100278608063681531e+02
-1.257485357614096273e+02
-9.099788601191193038e+02
-8.547340634085178408e+02
9.758158598413564278e+02
8.647337066241080947e+02
-2.733242878799458140e+02
-5.552055447888282060e+02
5.398675260853633517e+02
6.049573389650262243e+02
-5.606205993226907367e+02
3.992482491330567029e+01
-6.793819143546429586e+02
-7.872932502988873011e+02
-8.737451948359122298e+02
-4.716240802911815422e+02
7.050343711723201068e+02
8.519788035556966861e+02
8.766555921148109292e+02
1.794516479600718526e+02
5.472109905034451458e+02
6.510877637755561409e+02
-1.238696929110609233e+02
6.125620468757153958e+02
1.285393341943865266e+02
7.171329721256935272e+02
9.350115094039416590e+02
-7.390024217301673843e+02
3.001611666676828918e+02
1.716513690218816066e+02
8.157469060900577063e+01
-8.920619284865108511e+02
-7.020068846455109224e+02
-6.153540662341097232e+02
-1.823231323792061573e+02
-8.544631771041423463e+02
-7.318477371684722357e+02
1.764070232447075739e+02
3.226445818837124335e+01
2.753545433183671207e+02
5.192904366367605462e+02
3.157722926918182793e+02
-9.620672594869009799e+02
5.376901867013973515e+02
-9.055253495250635751e+02
-7.008636013741767101e+02
3.181851788125246685e+02
-8.525451251078417272e+02
8.757020505717946435e+02
9.336973493820003114e+02
6.046110140700858437e+02
7.504884561697435856e+02
-3.264914909322799872e+02
5.422860219329519396e+02
-3.070374485188070324e+01
7.228801801059569243e+02
2.917787502483595290e+02
-5.892823795174219867e+02
1.634955509939135823e+02
7.806038479947125097e+02
9.472803493800112165e+02
-3.459071301909915519e+02
-2.177151960769490131e+02
2.972710693287515582e+01
7.848573512051040098e+02
-2.901328815602446412e+02
-5.816090488133166900e+02
4.747106687619749437e+02
-3.053515229325703331e+02
-4.622720380172128785e+02
5.276919870170825106e+02
9.130422693699530612e+01
-5.472183235385909938e+02
2.131036395124398837e+02
1.859082583807676201e+02
-5.633657391842070865e+02
9.771212674999782166e+02
-5.414254425737074143e+02
1.404225543602423727e+02
1.162501703081371289e+02
-7.251905826842011038e+02
-6.332792400957680456e+02
9.045457594949900795e+02
1.821525075232880653e+01
-4.977647024552472885e+02
1.628867858592720381e+02
5.857773307402532055e+02
7.760388416559500229e+02
1.898255666428238726e+02
8.856631936406124623e+02
9.715761349641335300e+02
-4.837646817247592139e+02
-4.402534437303177697e+02
4.537776376874980144e+01
-1.206544168260149092e+02
-1.584041894188239894e+02
7.742445345904711758e+02
-3.771983582642357646e+02
5.265093316642307855e+02
7.203359657951789359e+02
4.635388765919424259e+02
1.132107027071544536e+02
4.174555286964043432e+01
2.937901142112365847e+02
1.904576281460670373e+00
-1.224731261691402580e+02
-1.393462814281605233e+02
-4.580868866784874740e+02
6.217762748392923413e+02
2.037079055179286797e+02
-6.715888858167925264e+02
4.216694281223423673e+02
6.159956770335154488e+02
-2.677461960978245088e+02
-3.772788840771355581e+02
-8.052011566150829367e+02
1.871241477806377418e+02
-9.428831412592279548e+02
-6.378718725529904532e+02
-4.061892449543148587e+02
6.500447652921454846e+02
-6.452407106499657630e+02
4.764760858521163414e+02
1.779046968162842290e+02
-6.867850363967085059e+01
3.325866142431095227e+02
-4.662656481415324095e+01
-8.741824158156646263e+02
-1.434685589718188510e+02
-3.163006481789944857e+01
1.368597756352274359e+02
-1.093870869789447369e+02
1.898247466335362503e+02
4.095207487606304539e+02
1.809764394407060024e+02
-9.707389301940158930e+02
3.190414007936096255e+02
-9.251645505593297685e+02
-7.806428444726246880e+02
5.119094183509889149e+02
1.991338019471453720e+02
-2.307439751083286126e+02
9.122706978484077354e+02
-9.911277179066559029e+02
-3.492115680817121159e+01
8.078449296856533692e+02
1.710754858621091614e+02
9.438230747054634548e+02
-2.469229374167763424e+01
-6.213419742930971097e+02
-3.147496641879207573e+02
5.956864907014291930e+02
-6.549200951871592906e+02
-5.777553790567056922e+02
2.542622315153238617e+02
2.852687116829168872e+02
5.410132958970602886e+02
-7.024719254441829435e+02
3.895660335105034164e+02
-3.988463050458433941e+02
2.955672217202236993e+02
1.999828775013164659e+02
-1.551425237205337737e+02
-5.046681174428274517e+02
6.347529977598160258e+02
2.727393629858174222e+02
6.742616399882358564e+02
1.454987008783008946e+02
-8.324830968092037153e+01
6.473310132992029367e+02
3.109313683055870570e+02
-2.016682989029304736e+02
4.884636630226644911e+02
2.963462237554045586e+00
-7.450863962950877522e+02
5.695054545982460326e+01
-1.321787612701556327e+02
-6.223831795657025623e+02
-6.344650299759087630e+01
8.923063973335669630e+01
5.507765847958713721e+02
4.432945017847571307e+02
7.877325729834805088e+02
1.857418093508236723e+02
-6.031363673427171079e+02
8.008361764441733612e+02
-3.421995064966410496e+02
7.654430910300178539e+02
-8.170652838247340242e+02
2.110917759134115457e+01
9.748939128656658113e+02
-4.862244124405348202e+02
-9.425397909434310577e+02
-7.290999688223331532e+02
-4.929583181608113591e+02
-8.486067169362212326e+02
2.598079066156105341e+02
-8.452211419929095655e+02
1.439049989895245290e+02
4.567006663267731597e+02
7.606916839668610919e+02
8.951390048878828338e+02
-6.717106854361096566e+02
2.506614947124321446e+01
8.773990245453668422e+02
7.138835269946046083e+02
-2.438233003310824358e+02
3.945196023165476618e+01
9.172046926191777629e+02
-5.684486454661557673e+02
8.930863687008064744e+02
-7.301672730587528122e+02
-4.684962690826295102e+02
2.173469573923523512e+01
2.379156103818747283e+02
3.125695072294894317e+02
-7.962984682318600562e+02
4.573182524845686316e+02
-9.674745539950317834e+02
3.730190357312112610e+02
5.385716424647799840e+02
-5.010337391242264857e+02
8.874239577392603451e+02
-1.593998420608452307e+02
2.716234627682808878e+02
-9.773161555813951509e+02
8.742322586371716397e+02
2.981121779298794650e+02
5.524416014958434040e+00
9.569791903074318498e+02
5.060611234046870663e+02
-2.697383217396676400e+02
-1.063189168260911259e+02
-5.834573801220320775e+02
9.571971630309967622e+02
-8.567352394104871109e+02
-2.580858613841068632e+02
-1.522193272928695364e+02
-3.597811262216969794e+02
-9.660652404221871166e+02
5.385857922221671856e+01
9.922240015898864840e+02
8.428475461586734809e+02
-9.781966047582942565e+02
-1.143989689981080318e+02
-6.042657443988963450e+01
-6.885783106557780684e+02
-5.551727596258937183e+02
7.323356814333061493e+02
-2.687973264719991562e+02
8.838860185437973769e+02
5.446883340113292888e+02
-9.104605877557362419e+02
1.450178679531197474e+02
-8.738447561615735140e+02
-1.968361444436334864e+02
-9.676792831670707073e+02
8.709306450163969657e+02
3.308920009191837721e+02
7.059825289444552254e+02
7.861575070182640275e+02
