4.518247355165805743e+02
-5.574972293544128661e+02
2.409409425369161397e+02
8.791985530463631449e+02
-5.965050604743690883e+02
-1.307954509123467233e+02
-9.043451268127572575e+02
-8.540644193126921664e+02
9.757501714403667847e+02
8.647265440536765482e+02
-2.688740728504176900e+02
-5.552232574819921638e+02
5.376804448908202403e+02
6.066400151750252689e+02
-5.219939177402716268e+02
4.923352805827528877e-01
-6.756334309941346419e+02
-7.844847221482143595e+02
-8.748429425668463182e+02
-4.716240802351172761e+02
6.962610383210063674e+02
8.519979861550416445e+02
9.523633052721299919e+02
1.822351426046558061e+02
5.345723098239741375e+02
6.596262574218845884e+02
-7.506219218531828119e+01
5.985488599904673492e+02
1.434828897207241312e+02
7.258660289525790859e+02
9.758104119777083270e+02
-7.388397043704012503e+02
3.021603073856947503e+02
1.645862973891997854e+02
8.380262559149178969e+01
-9.017650676769990241e+02
-7.008595401241033187e+02
-6.027457722533529250e+02
-1.891557758105581968e+02
-8.472464605366651540e+02
-7.314484085704360723e+02
1.673633493247029378e+02
3.724830613174602689e+01
2.727986722541920699e+02
5.064388257913250868e+02
3.164026531625780194e+02
-9.561453453623402083e+02
5.335718619133874654e+02
-9.054017297834678857e+02
-7.011473271882426843e+02
3.202138351334352819e+02
-8.554051059016146610e+02
8.984521865329068078e+02
9.337528147306132951e+02
6.049017115856387363e+02
7.868507503865972694e+02
-4.052202731997391538e+02
5.426141017986708448e+02
-3.048484149700520973e+01
7.231389006190743203e+02
2.919879546162566157e+02
-5.613246392026740068e+02
1.645143611638424943e+02
7.838458847741806039e+02
9.470491503810285394e+02
-3.462480067193317836e+02
-2.189508775520022255e+02
2.678423856917250490e+01
8.784461911129985765e+02
-2.890294434368327074e+02
-5.843258813982608899e+02
4.567602222269903223e+02
-2.988647671315003436e+02
-4.859151603073507317e+02
5.361267745680421513e+02
9.579069787530386293e+01
-5.419216766971484276e+02
1.705170347782649003e+02
1.876930245239846613e+02
-5.647275079716575874e+02
9.772923065333748127e+02
-5.427031400887201471e+02
1.360737576692698667e+02
1.163983444127444784e+02
-7.235830696967772155e+02
-6.352570610169277643e+02
9.301209523169758313e+02
-2.542398078440115228e+00
-4.977422431397555442e+02
1.629060169571214658e+02
5.831618709749653817e+02
8.091286150309854293e+02
2.055178182782646843e+02
8.903232139592565773e+02
9.904220289513068565e+02
-6.098129759531803984e+02
-4.376323398049676712e+02
4.381961161688505513e+01
-1.785783515051136021e+02
-1.583788950047677986e+02
7.705327735237697198e+02
-2.849239963180164068e+02
5.351717283143185568e+02
7.276772456647399849e+02
4.946664215433042955e+02
1.121500340417946404e+02
7.057463298839785182e+01
2.938321202989112635e+02
8.232743575163144811e+00
-1.230260864030629762e+02
-1.276387433032692655e+02
-4.518505489072592241e+02
6.194539434267877596e+02
2.029277920149100396e+02
-6.568112943035598619e+02
5.182107879772095202e+02
6.213475847148636149e+02
-2.753068071872398832e+02
-3.799391787500412647e+02
-8.052298402498024643e+02
1.865790233860402907e+02
-9.543254708519884844e+02
-6.379424921873879839e+02
-4.088602767703484915e+02
6.525225574200850360e+02
-6.451969965288044477e+02
4.766611101675110262e+02
2.225601238203674939e+02
-6.805809792270123637e+01
3.333183354509167771e+02
-1.907393865264387500e+02
-8.817242924128316872e+02
-1.248061647935336822e+02
-3.161376850387337001e+01
1.131279045047254073e+02
-1.089026208507447819e+02
1.989429375008148497e+02
4.174367539021901621e+02
3.279336291557864769e+01
-9.693263259307434510e+02
3.375432269046835358e+02
-9.242258276285983811e+02
-7.797219676971327544e+02
5.189018927925392290e+02
2.234126813612237470e+02
-2.262638812137643356e+02
9.132902746243100864e+02
-9.586128625787412147e+02
-3.531213104694598570e+01
8.084656211289212706e+02
2.209351595112976838e+02
9.437314718934831035e+02
-2.722565720250237220e+01
-6.205324970725548610e+02
-3.108631904233220666e+02
5.973731678263657159e+02
-6.469926366030111922e+02
-5.767984916123407402e+02
2.556477510540766218e+02
2.852853738440521738e+02
5.384417750030297611e+02
-7.033592861469030595e+02
4.674308805082578147e+02
-3.997082006176293021e+02
2.944718796119298077e+02
2.000369328790314967e+02
-1.551429361940582226e+02
-5.037190836330839829e+02
6.277373728422718386e+02
2.734443126086034681e+02
6.749681679687604401e+02
1.332642741615587738e+02
-8.318887163457037559e+01
6.475923962449545570e+02
3.181611767439687242e+02
-2.016385183567668946e+02
5.264492193569948313e+02
9.615196431267390764e+00
-7.439229590305396869e+02
5.694431848112833450e+01
-7.362533797305877670e+01
-6.215363933757876111e+02
-8.528683842723441444e+01
9.323543883534712506e+01
4.009309696520531929e+02
6.363741073985197545e+02
8.303404923396309414e+02
1.857373918742030696e+02
-4.851486128348628313e+02
8.013207176935204643e+02
-3.139331419239656498e+02
8.663860139888658978e+02
-8.153139225306332492e+02
2.096892830968890920e+01
9.981179503937311210e+02
-3.963935712572416605e+02
-9.266520402571678687e+02
-7.212134961861590909e+02
-5.018543875680250608e+02
-8.495120809372929216e+02
2.664379366055198375e+02
-8.411773279957676550e+02
6.236578277934982140e+01
4.569374275824823712e+02
7.341507192464086984e+02
8.956576603134370771e+02
-6.716450389666088086e+02
3.615452818376260780e+01
8.785499140732134720e+02
7.204725538192838030e+02
-2.437397824626667955e+02
4.186435935835348943e+01
9.172880188622618789e+02
-5.685059083560889803e+02
8.962039178858324249e+02
-7.301111141493014429e+02
-4.554682528430616912e+02
2.162212607277950482e+01
2.880339115518933113e+02
2.650882740105881794e+02
-6.321523346459816821e+02
4.572744040111921322e+02
-9.137678843747996780e+02
3.782040480860555931e+02
6.843522280810137772e+02
-5.026807896177406860e+02
8.826783001056456897e+02
-1.593786907285472978e+02
2.723463583030908239e+02
-9.773172312727159579e+02
8.742318933175442908e+02
2.983021325773204921e+02
5.663991527224381706e+00
9.579024588551887973e+02
5.053349389434476393e+02
-2.747176592115583276e+02
-1.098596169128877733e+02
-5.810303599310510663e+02
9.572338837395667497e+02
-8.552292254716588786e+02
-2.580206561463343178e+02
-1.164163096318941086e+02
-3.591798809488598749e+02
-9.671121698366471264e+02
5.347325676264191685e+01
9.916197852304709386e+02
8.402948918255841591e+02
-9.751281082546349808e+02
-1.106609961861623788e+02
-8.997568781782550218e+01
-7.709362106698988555e+02
-5.564450196748265398e+02
9.465960263049462355e+02
-2.190561345671357572e+02
8.853909221827906322e+02
5.477222218779938885e+02
-9.072740800860339050e+02
1.468403622266969251e+02
-8.734309756161376299e+02
-1.965017441676691021e+02
-9.676050488019923250e+02
9.692866217268215223e+02
3.314708577574980950e+02
7.054779629678897663e+02
7.885393993807574589e+02
