4.581517667112178174e+02
-5.574984953439417268e+02
3.037974351170921068e+02
8.790984623749105822e+02
-7.399712228404301868e+02
-1.264055929548868704e+02
-9.063292434616803348e+02
-8.294212427111917805e+02
9.760841490556414328e+02
8.647337066256507114e+02
-2.676217432622020169e+02
-5.552139938528756602e+02
6.470509750701737630e+02
6.358761813105161309e+02
-5.105006395730781605e+02
3.928455881468110089e+00
-6.694400068061210050e+02
-7.635113212423735831e+02
-8.747102781562207383e+02
-4.716240803030693201e+02
7.050253311246465273e+02
8.521317007269180976e+02
4.190401439287367111e+02
1.797133940519950102e+02
5.470609940635928297e+02
6.601044867899736346e+02
-7.344321252183434012e+01
6.146943630282738695e+02
3.281289656799617660e+02
7.165449666574276080e+02
9.733024426125281252e+02
-7.391403999298005374e+02
3.019993091638939973e+02
1.882670540174866005e+02
7.946189294549748183e+01
-9.019630378562244459e+02
-7.013557103077583861e+02
-6.049084150767652091e+02
-1.825533813480857361e+02
-8.535987388878181719e+02
-7.522001527038150925e+02
1.767661920524316201e+02
3.239789347788357077e+01
2.785407169710276207e+02
4.998839161006845302e+02
3.159251280444020153e+02
-6.734088807831395798e+02
5.759289546512671905e+02
-9.058144960282658076e+02
-7.010444403299946998e+02
3.108063694852996832e+02
-8.562518042491593633e+02
8.749142569902035120e+02
9.337036957518510008e+02
6.041203472597400150e+02
8.214444370416375705e+02
-3.305747574471125745e+02
5.260901508282454415e+02
-3.400532984370973111e+01
7.395432033074595211e+02
3.191643422790326667e+02
-3.462359615123365870e+02
1.747766260956392443e+02
7.808452620954849408e+02
9.485046807061837626e+02
-3.459153737144159777e+02
-2.188629782438720213e+02
5.440427427827273732e+01
8.791719473718079598e+02
-2.889983940845703501e+02
-5.813857398086406647e+02
4.729550827950428129e+02
-3.130027003269842680e+02
-4.702146276634131823e+02
5.311599689753026041e+02
9.761383518362643485e+01
-5.475956343242883122e+02
1.920408017675266308e+02
1.854398456070974248e+02
-5.649016048706297397e+02
9.774086344144075156e+02
-5.415773171730330660e+02
1.342281224592699971e+02
1.175085345510120192e+02
-7.211357786366542086e+02
-6.270613470831190170e+02
9.598395878257716731e+02
-3.350143695756295870e+01
-4.971269996198840886e+02
1.629221560360366823e+02
5.855508738475288055e+02
8.043785589066216062e+02
2.060150663867531762e+02
8.887932014685609374e+02
9.868709725317386301e+02
-4.957237236865953491e+02
-4.356781684390375062e+02
4.921625556479744290e+01
1.984271466965304320e+00
-1.583646488717629381e+02
7.873854008028506541e+02
-2.834163959823817436e+02
7.387687955509007907e+02
7.253582385148871481e+02
4.550272192970276137e+02
1.093320652199685554e+02
7.348054494851814411e+01
2.939667426137885400e+02
6.611142597888173711e+00
-1.231400398706072536e+02
1.065562555395657114e+02
-4.509814304092006978e+02
6.214469142067193843e+02
2.047236564853619996e+02
-6.540986084231973337e+02
5.167948077447540527e+02
6.200366303200336233e+02
-2.819385355887832247e+02
-3.901791408600844306e+02
-8.052330851870409560e+02
1.866908302724995679e+02
-9.149060682252554670e+02
-5.666161533179504204e+02
-4.083194028689146080e+02
6.526679773561370439e+02
-6.453001340363861118e+02
4.768881523317490974e+02
1.814287170893971961e+02
-6.696596867672951703e+01
3.333687249452946162e+02
-5.143637539462427100e+01
-8.818386125583854209e+02
1.428786752740266479e+02
-3.161202515768803423e+01
1.120231266311813556e+02
-1.080510052285587790e+02
2.029493164844985529e+02
4.390395881106202864e+02
1.990637683102036135e+02
-9.693814036997378025e+02
3.134236810955412693e+02
-9.241932214614926124e+02
-7.761621799162561501e+02
5.111204267493267821e+02
2.140174668307255672e+02
-2.310391434276823475e+02
9.122370985075107228e+02
-9.545518917704721389e+02
2.306420102506843506e+01
8.083470839386959597e+02
2.353921558470914590e+02
9.453822295022516755e+02
-2.720257493074364774e+01
-5.804232416110540953e+02
-3.172929222234943154e+02
6.027640018752407514e+02
-6.462804004293329854e+02
-5.763884422268934031e+02
2.577501485026957653e+02
2.851933533447167974e+02
5.411449454050048189e+02
-7.108834983348992864e+02
4.670539539698556837e+02
-3.998086239586685338e+02
3.787205974530110666e+02
2.001134008016988730e+02
-1.549078819082683083e+02
-5.035515959805316015e+02
6.099289239290553724e+02
2.733800041655394466e+02
6.744716511450205871e+02
1.052209480081315291e+02
-8.369134824421489327e+01
6.487339031339085977e+02
3.178454818903907153e+02
-2.016486209136127457e+02
4.898593856989551227e+02
6.954882676656053775e+01
-7.449516090780031163e+02
5.697027811009978393e+01
-1.133244009877731315e+02
-6.217568726760828213e+02
-9.742091578903367122e+01
-2.658498386887310403e+02
5.584830639233817919e+02
4.489549299988061648e+02
7.861639316388855150e+02
1.885775709742638639e+02
-4.928349626885865860e+02
8.126177980751953100e+02
-3.343573197670394848e+02
8.680641786217760227e+02
-8.185822491103278935e+02
2.416842111299773066e+01
9.997523333159647336e+02
-4.029532674076481271e+02
-9.268701850316018636e+02
-5.634894286033991193e+02
-4.894664428670000689e+02
-8.458539202630997806e+02
2.585940496123486696e+02
-8.449735725548382561e+02
1.434986040472668378e+02
4.575478544566717574e+02
8.561586419026102703e+02
8.967151997757349591e+02
-6.703975321829236691e+02
2.713036030057005377e+01
8.813317191133999131e+02
7.400298136608040522e+02
-2.438039047478198995e+02
4.615949272210786347e+01
9.179678798135887519e+02
-5.710026212160570367e+02
8.995561188153826606e+02
-5.983857596425839347e+02
-4.509293106661698403e+02
2.171817871905733099e+01
2.878136847936635832e+02
3.306166827403241655e+02
-6.285766596275066149e+02
4.573792591240845127e+02
-9.154258000383697436e+02
3.785640725420506669e+02
5.509671150864835454e+02
-5.026001841571796831e+02
8.872871828345139420e+02
-1.593485425097450161e+02
2.716104853690823688e+02
-9.714076445188997013e+02
8.742324765955798966e+02
5.121922347879539075e+02
5.645097929848595264e+00
9.586460199138705320e+02
5.056439770188740681e+02
-2.680600395985958926e+02
-1.096025088680518422e+02
-5.821753572635933551e+02
9.575050678668291084e+02
-8.553495971770468032e+02
-2.567424309975766619e+02
-1.186400729839784560e+02
-3.597328530266960911e+02
-9.636484201357368420e+02
5.394704706007510708e+01
9.929044978635959069e+02
8.431070621907317673e+02
-9.746521163797082181e+02
-1.139382896466965747e+02
-8.984373218268568451e+01
-7.563284347057970081e+02
-5.551361100268052269e+02
7.333929677014258459e+02
-2.090019767226417287e+02
8.851372494951576755e+02
5.446181463107604941e+02
-9.077676286158118728e+02
1.393790440686135526e+02
-8.592304932544420808e+02
-1.956521736953253594e+02
-9.676030078551272027e+02
9.376822779189789117e+02
3.297974015669822734e+02
7.049246384441270266e+02
7.877959911854316033e+02
