2.882838826424906529e+02
-5.575055500785497316e+02
2.439760644733381696e+02
8.786474609493396883e+02
-5.984935850319270685e+02
-1.268071008462517284e+02
-9.478758511407434071e+02
-8.598908409375775364e+02
9.714402946077454999e+02
8.647337066240987724e+02
-2.686088980834514928e+02
-5.551990358289376672e+02
4.335793041959161656e+02
6.049573389650262243e+02
-2.329386167473519151e+02
-3.303746964850307499e+00
-6.677701626171536873e+02
-7.844398374417919513e+02
-8.749735066090953524e+02
-4.716240802478201317e+02
7.033429635613906612e+02
8.521013512105344034e+02
8.778645816323063400e+02
1.798392755687441422e+02
5.491310414872984893e+02
6.091588706762045149e+02
-1.269252069790934883e+02
6.013475044503873050e+02
1.473978601544962430e+02
7.179308245765417951e+02
9.361658676134350117e+02
-7.390061575208023896e+02
3.002254107956149483e+02
1.709668833372580252e+02
7.794406689530211452e+01
-9.039081454412829544e+02
-7.020408215843144717e+02
-6.070386294206315370e+02
-1.843331584846139890e+02
-8.544631771041423463e+02
-7.309273100695540961e+02
1.764070232447075739e+02
3.227010420701152071e+01
2.754884192260930718e+02
5.193358280511736211e+02
3.164172095456505645e+02
-9.643214399194035877e+02
5.376901867013973515e+02
-8.217627198988856208e+02
-7.011508589511106493e+02
2.899261054483770863e+02
-8.570720923912400622e+02
8.767729955853554884e+02
9.336958234691477401e+02
6.068714128578482132e+02
8.080812535661222000e+02
-3.265654537151606860e+02
5.137584170162695045e+02
-3.567732547763823447e+01
7.397644776247864229e+02
2.917787502483595290e+02
-5.890794471589433670e+02
1.639622681779544280e+02
7.797040994675151069e+02
9.463150934611006733e+02
-3.458733219173666384e+02
-2.177177659476025440e+02
3.247517654889171013e+01
8.737726189087511557e+02
-2.901772981622208931e+02
-5.714039495738065852e+02
4.569228893757007199e+02
-3.053145139750835710e+02
-4.807575207802868817e+02
4.799582752623370538e+02
9.789844455844260551e+01
-5.469592034659866613e+02
1.752017752704195175e+02
1.827746715123915919e+02
-5.647961072978137054e+02
9.760949807571455494e+02
-5.417864538706094208e+02
1.497480249072834511e+02
1.148332449163730189e+02
-7.395533523394908570e+02
-6.356588143458853892e+02
7.257438497222983642e+02
-6.181067969218493374e+01
-4.977621075480784611e+02
1.628870381567245431e+02
5.821869736557704300e+02
7.862825113470685210e+02
2.040118847331114580e+02
8.891742737211421854e+02
9.689692898564650250e+02
-6.087096833177899953e+02
-4.377555407863565620e+02
4.531871248148469533e+01
-1.989989141495094032e+02
-1.582998899297603259e+02
7.854822318749664873e+02
-3.916190457830887794e+02
4.992570189593231476e+02
7.276014523701055623e+02
4.518343504328215658e+02
1.060666482671661868e+02
4.313282821934704714e+01
2.938381483013079105e+02
3.193366605837682393e+00
-1.239883524136919419e+02
-1.270241517647650653e+02
-4.539270068535395239e+02
6.211996783926755370e+02
2.039172683201110772e+02
-6.597851741306026270e+02
4.231160591199020473e+02
6.215451243414044029e+02
-2.848477580980356834e+02
-3.780235393225246412e+02
-8.052340009893758861e+02
1.817610103444564515e+02
-9.447929235518089399e+02
-6.207724839972941027e+02
-3.453056615026837903e+02
5.805782178034849039e+02
-6.457491655472915681e+02
4.759734863150221713e+02
1.751244900716651216e+02
-6.871483631607175369e+01
3.325972504062102644e+02
-4.262956213353655244e+01
-8.741824158156646263e+02
-1.434685589718188510e+02
-3.162563324114976382e+01
1.098264838947641380e+02
-1.059423239768565850e+02
2.027692503536947584e+02
4.185851475218420887e+02
1.854815748578739942e+01
-9.707992558754367565e+02
3.216310993618700991e+02
-9.253087593177170902e+02
-7.805411377822349550e+02
5.105230915651325745e+02
2.022088348703463794e+02
-2.256829083000691583e+02
9.123107761292872055e+02
-9.544340330796715079e+02
-3.487447434958815506e+01
8.077344521354507378e+02
1.627383383161713652e+02
9.441560526554477519e+02
-3.252531368648070753e+01
-6.205909234253474551e+02
-3.141011338463201810e+02
6.031219480707651428e+02
-6.463455570318033097e+02
-5.777981460236176190e+02
2.543190595352506591e+02
2.852680931815178269e+02
5.410132958970602886e+02
-7.106940140168649123e+02
4.593048033451867127e+02
-4.001740786002862933e+02
2.965612655097241941e+02
1.958612674404884046e+02
-1.552847018624131010e+02
-5.046034322738968854e+02
6.099850886835899928e+02
2.724333216379488931e+02
6.743438503868043199e+02
1.439289533652759872e+02
-7.290421310571854008e+01
6.481713155590291535e+02
3.045269576107248781e+02
-2.040873600037541280e+02
4.884001484725709474e+02
6.428676404907838560e+01
-7.419557404429187955e+02
5.695054545982460326e+01
-1.322030280262476651e+02
-6.218284609441242310e+02
-1.042906776285230279e+02
8.517189792156837314e+01
5.327680757241317906e+02
4.446429658381517243e+02
7.877612317206577472e+02
1.845218569158724051e+02
-5.696794799304774415e+02
8.011496729400694221e+02
-3.431295744394602139e+02
7.630624636739174775e+02
-8.170652838247340242e+02
2.134452205517927226e+01
9.954256440251518825e+02
-3.938662132348949285e+02
-9.444570756937921487e+02
-6.585990112624527910e+02
-5.054855212952073771e+02
-8.490918731926960845e+02
2.321097235458827015e+02
-8.292401388644400413e+02
1.440612097322453735e+02
4.568824788733396076e+02
7.534825196552122861e+02
8.949676903581236047e+02
-6.716421917343662926e+02
2.845690463595161646e+01
8.773169610648071739e+02
7.176773266763123047e+02
-2.449682545846185064e+02
3.968176698657597967e+01
9.171058195799347459e+02
-5.684283528418480955e+02
9.065975859500913430e+02
-7.313463053200592867e+02
-4.771576216831500687e+02
2.173528556033239667e+01
2.809047447922060314e+02
3.086032738434455496e+02
-8.339061520028585619e+02
4.573195848032457889e+02
-9.705120492311402813e+02
3.795620971433622231e+02
5.362277011978599148e+02
-5.028993801463401496e+02
8.891797883834556160e+02
-1.594019519155380067e+02
2.718063655767923592e+02
-9.773171232461492082e+02
8.742322246431643862e+02
2.979532151405661580e+02
5.691642775227998996e+00
9.573537328084805722e+02
5.054331858666459993e+02
-2.753219179764229239e+02
-1.094150017127959416e+02
-5.962600296504978132e+02
9.566372483338200254e+02
-8.570144595555027536e+02
-2.589783129853714740e+02
-7.134685585724400880e+01
-3.593112629467182160e+02
-9.671089583767211479e+02
5.385875326915539318e+01
9.921958623421556922e+02
8.413056351574103928e+02
-9.736838962421626320e+02
-1.189722062008220149e+02
-6.341190550037021723e+01
-7.711334719362075703e+02
-5.552164369526429937e+02
7.345631930092761195e+02
-2.687973264719991562e+02
8.838136469720903960e+02
5.444772344555372001e+02
-9.104563169028878065e+02
1.391684206833987787e+02
-8.743627095097057236e+02
-1.972288980805093672e+02
-9.676792831670707073e+02
9.315303804623033557e+02
3.293434947734754701e+02
7.049242489377401171e+02
7.877837913849151619e+02
