4.593576054068274175e+02
-5.575070036306880183e+02
2.343915036967444223e+02
8.788967694415485994e+02
-5.872400302380418680e+02
-1.254127417676220944e+02
-9.158997001796062705e+02
-7.976277264110168517e+02
9.759734575309795446e+02
8.647340889110397484e+02
-2.624030744856971751e+02
-5.551861466206329396e+02
5.413259124766802870e+02
6.068846976479974273e+02
-4.730077603454564041e+02
4.262202666385577210e-01
-6.741353701042676221e+02
-7.812620635308278452e+02
-8.766191202603450847e+02
-4.716240801991295370e+02
7.057300553379047869e+02
8.520958945351492275e+02
4.408361962136109469e+02
1.786135760025264290e+02
5.486427383702836096e+02
6.576629418899364055e+02
-7.518980743506040199e+01
6.123179188470539884e+02
1.440037507941632384e+02
7.261327437567059633e+02
9.751312044814400224e+02
-7.368703253664376689e+02
3.021306784178051998e+02
1.866678420779626038e+02
7.840597023915084662e+01
-8.475239658178641093e+02
-7.020935042697424251e+02
-6.098212615655279478e+02
-1.821175422607247469e+02
-8.472270421061710977e+02
-7.482792767857698664e+02
1.761193534902511146e+02
3.628556671933100830e+01
2.749128812353041553e+02
5.203160330022623157e+02
3.151392240910049054e+02
-9.561959519850652214e+02
5.802060526588426228e+02
-9.053745655170654345e+02
-7.010987975937828196e+02
3.117097673233577666e+02
-8.434633913112254504e+02
9.935227338413689040e+02
9.337509577394080225e+02
6.047972044646786571e+02
8.308210038700354971e+02
-4.052445379038352939e+02
5.426141249353058811e+02
3.538145279207175520e+01
7.410728783793676939e+02
3.196469138685138205e+02
-5.452321616596369722e+02
1.645247735449581512e+02
7.815027037109281309e+02
9.464091523506748445e+02
-3.502108408946619420e+02
-2.185910502273279405e+02
2.595493946894205095e+01
8.762493604968790351e+02
-2.890288570673914137e+02
-5.841317706807435570e+02
4.569809247866861028e+02
-2.578195125434792203e+02
-5.032477748421506476e+02
5.362133123059348918e+02
9.076881784818235133e+01
-5.392229035893202536e+02
1.707210217415066893e+02
1.896206547180643724e+02
-5.633622752922376549e+02
9.772697045410245664e+02
-5.419290153986793257e+02
1.407070875005249775e+02
1.163986719977124977e+02
-7.234587559806528816e+02
-6.406086728579136889e+02
9.243090249503821951e+02
-4.068276162735143942e+01
-4.977110632717636349e+02
1.629121700665567971e+02
5.828303299230259427e+02
8.094568773549144680e+02
2.055623593905785640e+02
8.936042913034543744e+02
9.783441664066453995e+02
-4.967406313319116862e+02
-4.359167269622176377e+02
5.110893520569049286e+01
-1.896412155886095263e+01
-1.583802584659131583e+02
9.208192286754107272e+02
-3.003086735040476469e+02
5.377116011424244562e+02
7.274276792455834766e+02
4.829999894914013225e+02
1.168347910598249371e+02
7.064646041265116594e+01
2.939031546243259641e+02
1.109072685741113951e+01
-1.167226129838572319e+02
-1.386619738952019532e+02
-4.516970816760908178e+02
6.159804196560113496e+02
2.045876054074478247e+02
-6.583347902660676709e+02
5.201750616304625510e+02
6.221200181218439411e+02
-2.763641974928250420e+02
-3.016556214171247916e+02
-8.052029077835134103e+02
1.905380167936456814e+02
-9.236936065086200642e+02
-6.398310127170901751e+02
-4.974887281043410781e+02
6.514693783631183805e+02
-6.452013342162387062e+02
4.767338916631318853e+02
1.736407106171276666e+02
-4.211373904985207872e+01
3.335041265716021144e+02
-3.241471566468025856e+01
-8.818283738135327212e+02
-1.210595846467258241e+02
-3.159954590669168439e+01
1.131744008701047051e+02
-1.019887108689651853e+02
2.028916158053161496e+02
4.174152991567079312e+02
1.765944421535173205e+02
-9.689627259978293523e+02
3.378473757483171767e+02
-9.241755945894989281e+02
-7.699904517764712182e+02
5.091350726187352507e+02
2.363457222210822124e+02
-2.263101242678141034e+02
9.123599548489249855e+02
-9.592612003574739674e+02
-3.319978381307033288e+01
8.083899036371208240e+02
2.305617314598918881e+02
9.438304713096395062e+02
-2.846027308502145914e+01
-6.104571547632723423e+02
-3.137067277488640116e+02
5.973698860264601080e+02
-6.463428237506966525e+02
-5.764388790388492225e+02
2.618361617452534347e+02
2.852852441032423485e+02
5.408850983990121222e+02
-7.033405114376416805e+02
4.647066466979433699e+02
-3.874572781072251360e+02
2.735242954721813362e+02
2.001457037651106816e+02
-1.551279391883574021e+02
-4.940395251970949175e+02
6.304194230935073620e+02
2.744978936752299887e+02
6.745378340320640973e+02
1.330303805244227817e+02
-8.319553602407994219e+01
6.484669612987845539e+02
3.179194673384742487e+02
-2.013977275495126094e+02
5.225647619342317967e+02
6.491288784074545504e+01
-7.439131314095769767e+02
5.698499361934401719e+01
-1.324647679564800171e+02
-6.242996601378994228e+02
-7.967707909056692017e+01
1.320317204684303078e+02
5.700342856570312051e+02
6.547882911889990964e+02
7.864627456537074295e+02
1.884063368865327277e+02
-5.848188270356693010e+02
8.010062502231608050e+02
-3.407218634850237891e+02
8.681041962395688643e+02
-8.191938570569794820e+02
4.308055394496003032e+01
9.248314641557057030e+02
-3.971977401835037540e+02
-9.319511079672155347e+02
-7.180550733632226184e+02
-5.042892814081548636e+02
-8.487026881338501880e+02
2.666258281668401082e+02
-6.794449884238126742e+02
1.429482765959243977e+02
4.569815773360422213e+02
9.099823314097715183e+02
8.954353086057381006e+02
-6.687009065122116453e+02
4.943857108735062411e+01
8.769595737467632262e+02
7.383041616640308575e+02
-2.432236273220125327e+02
4.193914621502531759e+01
9.186512320562026161e+02
-5.684733673402174645e+02
9.053934045365467682e+02
-7.301152018793784464e+02
-4.376532964512205695e+02
2.143495348681756241e+01
2.810650043346037705e+02
3.111687828415375634e+02
-6.241031576430782479e+02
4.573186657482324904e+02
-9.112208389974580314e+02
3.782035032203074252e+02
6.833797859430100061e+02
-5.011124339531451710e+02
8.875896353346727210e+02
-1.593988069513983135e+02
2.716330833659415589e+02
-9.773000891489225523e+02
8.742350857679805358e+02
2.985254335328121442e+02
1.926845076796236178e+00
9.590586989031995699e+02
3.857267206422257004e+02
-2.735095850279183196e+02
-1.120265940500605382e+02
-4.710100705384815569e+02
9.572957623121586721e+02
-8.559523173973149142e+02
-2.578967076926863911e+02
-1.208556608854865431e+02
-3.591930204403556104e+02
-9.653703889711504189e+02
5.373719150098852282e+01
9.928540619412833621e+02
8.404248687440577896e+02
-9.755982727879866161e+02
-9.509255803795062434e+01
-1.939444066116205931e+02
-7.712054669688490094e+02
-5.545255342789017732e+02
7.323212376518952169e+02
-2.142753698393448474e+02
8.853702314873224850e+02
5.485325993310674448e+02
-9.086622483365505332e+02
1.390278906820008729e+02
-8.738767163627411492e+02
-1.966086791890123209e+02
-9.677112113276912169e+02
9.271269404154592166e+02
3.310191066930717056e+02
7.048493066983759263e+02
7.886265536194741799e+02
