4.640580938237093847e+02
-5.575062100181543201e+02
2.958528200114039919e+02
7.254696128972192355e+02
-5.988828989976598223e+02
-1.270998164387614793e+02
-7.432646003205795751e+02
-8.546074961954465152e+02
9.755667742943721805e+02
8.647337066256446860e+02
-2.686631746748011551e+02
-5.552027272821192128e+02
5.367285954520382347e+02
6.061213727398024957e+02
-5.151218777022319273e+02
-3.179747384973179436e+00
-6.770320205034887522e+02
-7.854052842817411602e+02
-8.745043851181981154e+02
-4.716240803040834635e+02
7.066038705952432792e+02
8.520515614414241554e+02
7.412765498796377415e+02
1.848397786110846255e+02
5.512024143914931074e+02
6.702437672225025835e+02
-1.313358455910226326e+02
6.124565901168493838e+02
1.461906590038890954e+02
7.186670733951260672e+02
9.357853247814506403e+02
-5.825565206018902700e+02
3.002604344733064750e+02
1.763303281480901603e+02
7.848678887187894304e+01
-9.038885344758647307e+02
-6.776417722451201371e+02
-6.108407660608033893e+02
-1.849536751517566984e+02
-8.554975058334007372e+02
-7.308970530729974371e+02
1.765862649176970081e+02
3.311539177676615964e+01
2.755341653656628864e+02
5.126695973431797029e+02
3.159973950191226209e+02
-9.300880478800947913e+02
5.313392781723966891e+02
-9.054866329910742024e+02
-7.003689108212010979e+02
2.936871161672800667e+02
-8.547887490821095753e+02
8.764479124884134080e+02
9.336972805356239178e+02
6.048097059635600772e+02
7.868481033187523508e+02
-4.063727914080919277e+02
5.423330458652800417e+02
-3.072162966648636839e+01
7.398253770371801465e+02
2.856133868935446003e+02
-5.578677146391944461e+02
1.565278752525952655e+02
7.840316071015738544e+02
9.484850319991168135e+02
-3.447564975248266137e+02
-2.185323632058098724e+02
3.208395408716133090e+01
8.768277404585744534e+02
-2.890173618380863445e+02
-5.711859680685116700e+02
4.570783868020811838e+02
-3.000498764873632354e+02
-4.900493878728812547e+02
5.265632801896318824e+02
9.572686158135761048e+01
-5.455794802547312656e+02
2.127982638672337430e+02
1.903411873841212980e+02
-5.634623346835993516e+02
9.772791197885657084e+02
-5.414128712562053352e+02
1.355400569913664981e+02
1.160513651453737509e+02
-7.683145826694928928e+02
-6.372678992153661284e+02
7.481984553458947858e+02
-3.280033621602694183e+01
-4.977531642300407952e+02
1.628999007540630259e+02
5.834156395497461745e+02
7.735839529329880406e+02
2.077165580556948044e+02
8.916597035743357083e+02
9.866891102928335613e+02
-4.786872426043032647e+02
-4.379692902848652238e+02
4.605744740316453090e+01
6.057683052429325699e-01
-1.583974491721824904e+02
7.851755641271815875e+02
-2.958130010308036049e+02
7.635991655089616188e+02
7.277779107057713190e+02
4.937114419936049785e+02
1.118330467833886246e+02
7.532691670735826506e+01
2.938023589788430172e+02
1.521633467502773840e+00
-1.225507062323279399e+02
-1.520106908411680990e+02
-4.513334725086767207e+02
5.639170207275034272e+02
2.051988160931121286e+02
-6.603214311652648121e+02
5.178130610637090285e+02
6.366699962821812733e+02
-2.655256133021601386e+02
-3.887783243898313685e+02
-8.051986594688271452e+02
1.866050355873288424e+02
-9.438423170177306929e+02
-6.209952019376828503e+02
-4.053384554388792367e+02
6.548983270974173365e+02
-6.457392429514501373e+02
4.772647299541108055e+02
2.239763457888385858e+02
-6.679556684460685290e+01
3.334685024247509091e+02
-4.276579757129591997e+01
-8.820469154305397979e+02
-1.174243923034048578e+02
-3.133401970088249655e+01
1.329377324655315817e+02
-1.059753259795031965e+02
2.044454559507169620e+02
4.268390337651352979e+02
2.133347519174991476e+02
-9.693977395811435827e+02
3.196327771031481007e+02
-9.262384631129112904e+02
-7.795995560671523208e+02
5.117815829539739525e+02
2.042811638426831848e+02
-2.279447184934957136e+02
9.121848479969395385e+02
-9.575670440064392324e+02
-3.492107762775106750e+01
8.084665117869212736e+02
1.672156377624093295e+02
9.441609599005541895e+02
-3.230678068686646753e+01
-6.236173914809883172e+02
-3.167420197626620961e+02
5.952894161297765550e+02
-6.462648284046664457e+02
-5.764750274192451798e+02
2.642016152089844354e+02
2.853296041290798257e+02
5.410930276826585441e+02
-7.031933409246353222e+02
4.666339420835622604e+02
-4.005601273980184374e+02
2.977227342431363013e+02
2.010811604085369311e+02
-1.534697247807063718e+02
-5.039165471743077660e+02
7.845906814016198041e+02
2.741364932723622587e+02
6.758334894433504587e+02
1.277821847165204048e+02
-7.417350784950174614e+01
6.525211299898739981e+02
3.212602433583469974e+02
-2.015179675869111691e+02
4.919491980737469135e+02
7.012362210679069108e+01
-7.441990377788964679e+02
5.695918590898774170e+01
-1.273667720385222424e+02
-6.243877196384130457e+02
-1.000898993173104401e+02
9.046874580412385569e+01
5.301782783440856974e+02
4.462276036903979275e+02
7.898753206459794001e+02
1.858038139882947917e+02
-5.772534581437196266e+02
8.014839244697826643e+02
-3.413114787697531938e+02
8.773420664359268812e+02
-8.157560870979868923e+02
2.300438138541624866e+01
9.976664706848216611e+02
-3.972495871682422148e+02
-9.242574049084623766e+02
-6.594741337872173972e+02
-4.989980303834294659e+02
-8.382426361488759312e+02
2.615931323338739958e+02
-7.279295117524418401e+02
-3.906113128173249294e+01
4.628009294970941028e+02
7.776796533535552953e+02
9.547554940567689528e+02
-6.736429447753173463e+02
3.532847479954891412e+01
8.774904006347530867e+02
7.183294158759667880e+02
-3.792799535504340724e+01
4.032681372235066419e+01
9.176587241194266653e+02
-5.684541781673543710e+02
8.985663513500011277e+02
-7.312569359799199447e+02
-4.420012733376019014e+02
2.175583343050298524e+01
2.437193141429112018e+02
3.180611687238873628e+02
-6.267326074206027897e+02
4.573853373545696286e+02
-9.114506250130020817e+02
3.572035857508381014e+02
7.387183579885647760e+02
-5.013796542279293931e+02
8.818749819881119265e+02
-1.592648937331566970e+02
2.789103116761461365e+02
-9.773020842753088573e+02
8.742326113619858461e+02
2.993401585140579186e+02
-2.829709630549442068e+01
9.585393230755472587e+02
5.056105078450243582e+02
-2.692117143422921686e+02
-1.094015088295736291e+02
-5.824152497905687369e+02
9.559671321448554409e+02
-8.551825678656800847e+02
-2.565066397541909282e+02
-7.052226529859935056e+01
-3.593329727046997277e+02
-9.671791211700865460e+02
5.342115352765968339e+01
9.930619927442229482e+02
8.582573406818490866e+02
-9.735372179957612389e+02
-1.188642342714707212e+02
-5.781651444444415233e+01
-7.722223560482517541e+02
-5.551675771076005503e+02
7.361295865585801721e+02
-2.135760585770540558e+02
8.850061086923401490e+02
5.477148308069970426e+02
-9.058150583152921627e+02
1.413647263259117608e+02
-8.752447408723593298e+02
-1.970520517855683806e+02
-9.678374401067434292e+02
9.501915928105748890e+02
3.316792954255612358e+02
7.051455809337475102e+02
7.879160831997894547e+02
