4.545738862143377332e+02
-5.575067006809771328e+02
3.054889503625936982e+02
8.786990543489373522e+02
-6.008292573370594027e+02
-1.271037863899114484e+02
-8.973642026038854738e+02
-8.273377919789174939e+02
8.927978041169402559e+02
8.647309066614634503e+02
-2.673916189722361878e+02
-5.552215834498825870e+02
6.617423192098437994e+02
6.950576724177893766e+02
-5.290455359424689732e+02
-5.957000597951811471e+00
-6.694766549546578744e+02
-7.842748991809605741e+02
-8.729557447699104387e+02
-4.716240802468055335e+02
7.205329490467241840e+02
8.528088581948225055e+02
7.230144909510747766e+02
1.767762706984529473e+02
5.508409374941003307e+02
6.590042937744651681e+02
-6.389621465872332351e+01
6.132536604551798973e+02
1.294415894959450952e+02
7.180183350126008008e+02
9.386246503176971601e+02
-7.382030687654129224e+02
3.002602859065967777e+02
1.722570534921248111e+02
7.848011296267473824e+01
-9.013879496918858649e+02
-7.020129041241800678e+02
-3.440939152114924582e+02
-1.820374382682182670e+02
-8.559985241153959805e+02
-7.317965375666800583e+02
1.683029120600520798e+02
3.228399826056838862e+01
2.762056121989998019e+02
5.062191542011217393e+02
3.159480119846734283e+02
-9.579736477268412500e+02
5.345901585241467728e+02
-9.072269608014236155e+02
-7.007993867332440914e+02
3.234422162398589080e+02
-8.530545971419013540e+02
8.760781606178341008e+02
9.337554041797238824e+02
6.054533346985579101e+02
5.825040810335225387e+02
-3.120463310805016022e+02
5.289305143288449926e+02
-3.142214862848495116e+01
7.397965122115882650e+02
2.892084356248154791e+02
-5.740662021883825901e+02
1.657633576136436773e+02
8.501799280413911220e+02
9.456839135649032642e+02
-3.460713501645652741e+02
-2.185557124685058739e+02
3.004668126955068885e+01
8.812529385604583467e+02
-2.915981548011691871e+02
-5.814079299478635221e+02
4.555271760036251862e+02
-2.977823044282388310e+02
-4.815156151386246961e+02
5.365421048752351680e+02
8.175622146019104264e+01
-5.394565845103956008e+02
4.427346885876823990e+02
1.923532420616910770e+02
-5.647149811203615855e+02
9.771197254524054188e+02
-5.416195313778235914e+02
1.391442959525067806e+02
1.163111582243050464e+02
-7.177569210808937896e+02
-6.383872907453369407e+02
7.062915561069567048e+02
-3.986857728888212193e+01
-4.977671107500784160e+02
1.628993005073149050e+02
5.829965191819985648e+02
7.736370461669373526e+02
2.192732105510519887e+02
8.944750973777415766e+02
9.896515728470903923e+02
-5.930649745271500706e+02
-4.354554614821173004e+02
5.108961857494089998e+01
-1.996366224197556960e+01
-1.583799716759820342e+02
7.757778796347847674e+02
-2.920742798285691606e+02
8.837135220962964013e+02
7.254450471868004797e+02
4.796962925021328488e+02
1.117819946800009063e+02
7.225979223556370812e+01
2.937968355664424394e+02
-3.039543161437300967e+00
-1.226279737069877314e+02
-1.295521155857461508e+02
-4.528605962290115485e+02
6.201263904093216297e+02
2.029486194664535503e+02
-6.601879306919138344e+02
5.088056437974100277e+02
6.299767132324210479e+02
-2.739924922984528166e+02
-3.029072852808990319e+02
-8.052007352476882716e+02
1.924395779379079841e+02
-9.200114710024037095e+02
-6.377923222639832375e+02
-4.147596420839532243e+02
6.760611387777241816e+02
-6.452992625945263399e+02
4.767408409897616366e+02
1.840360963620908024e+02
-6.958285502335871797e+01
3.332449499064784391e+02
-4.168268030691128700e+01
-8.824856196792084120e+02
-1.231553952311147100e+02
-3.163052003383793576e+01
1.135449233056857565e+02
-1.058382844833322309e+02
2.043380393642363515e+02
3.782046062541342053e+02
1.698242554890497900e+02
-9.691935168209409994e+02
3.330590661559637624e+02
-9.251215628864975997e+02
-7.799178071887524766e+02
5.111464491359362228e+02
2.261552698252256732e+02
-2.263092406790018174e+02
9.123225496714381961e+02
-9.678441245626016780e+02
-1.646192302109830052e+01
8.292325582019313970e+02
2.389074326954882963e+02
9.434065989783911164e+02
-2.713583919233022712e+01
-6.210095736334715184e+02
-3.163238100217907913e+02
5.805840613127516008e+02
-6.463429269659191050e+02
-5.753324725756863245e+02
2.854650782199266246e+02
2.853302805584643238e+02
5.409906217755226407e+02
-7.118202268343042078e+02
4.671292123712653961e+02
-4.014820550618679249e+02
2.961233993229125190e+02
1.985748344663089711e+02
-1.546119643886962649e+02
-4.941884966171272140e+02
6.303631970723640734e+02
2.729645928625989768e+02
6.758847421324969673e+02
1.277514151419311190e+02
-8.734187614729464144e+01
6.473266150839411921e+02
3.173674638354918329e+02
-2.014898959641755027e+02
4.896109028953227380e+02
8.331510590225155966e+01
-7.383253215906344167e+02
5.694833779966388221e+01
-1.141580967506721151e+02
-6.222597356223235465e+02
-9.663475194510493793e+01
4.591411123514856740e+01
5.558219252303985058e+02
7.253196549746685378e+02
7.861248830798393783e+02
1.883678457208861801e+02
-6.071498716888930858e+02
8.020706160483563281e+02
-3.437873178685753146e+02
7.626186637226702487e+02
-8.176374669412502953e+02
2.175621997847747480e+01
9.979893784603780205e+02
-3.969552953737006646e+02
-9.261877881473808429e+02
-7.257006730902231766e+02
-4.899674069445936198e+02
-8.480690649345300471e+02
2.555924021115315554e+02
-6.372450379878664535e+02
1.432869001158071285e+02
4.568755994168858479e+02
8.944208252266934096e+02
8.955746343087392916e+02
-6.698525845194290014e+02
1.993305261182922550e+01
8.868305935179090511e+02
7.404690775279350419e+02
-2.430820730623615589e+02
5.322867408433354797e+01
9.189054111896816721e+02
-5.674096084333425551e+02
9.069749490247402264e+02
-7.300626851616299291e+02
-4.595633794962865863e+02
2.185139448377706728e+01
2.859475326338510968e+02
3.199937141989233282e+02
-6.185786203538409609e+02
4.573918239817084554e+02
-9.112438160925520378e+02
3.785079414437337277e+02
5.802414042293150942e+02
-5.028552038350931070e+02
8.877659934758231657e+02
-1.593339852469236178e+02
2.720459172708171991e+02
-9.758293027385203686e+02
8.742321533288923092e+02
4.152327970825177772e+02
4.629790353661004332e+00
9.602854043120156575e+02
5.058542009770625327e+02
-2.786074694903897466e+02
-1.094220304030007753e+02
-4.751415966480309407e+02
9.575141174759013438e+02
-8.553195811637413044e+02
-2.579192360987095753e+02
-1.467957286391848015e+02
-3.599903452136016995e+02
-9.671979437732535416e+02
5.399469533063700766e+01
9.947147900103542497e+02
8.407341892346327086e+02
-9.677490652139015310e+02
-1.084682771098306659e+02
-9.141416238172220687e+01
-7.769103407925201736e+02
-5.552517862973370484e+02
7.348600349269050866e+02
-2.975840221881520620e+02
8.852667080843290250e+02
4.399978390049027439e+02
-9.070855019692297674e+02
7.126713327966123757e+01
-8.594523712040797818e+02
-1.962685468741078978e+02
-9.683079407002331891e+02
9.674038272034333659e+02
3.320812950284904446e+02
7.087181207456828815e+02
7.860384165149124556e+02
