4.688139055111990388e+02
-5.575077122527981146e+02
2.957304574352268105e+02
8.791459310525644923e+02
-7.553247802058521074e+02
-1.287274539273298899e+02
-9.073196698993787095e+02
-7.968384763010939196e+02
9.715513572681086316e+02
8.647337067178344796e+02
-3.088605339538856356e+02
-5.552099431002853862e+02
6.319141721229869972e+02
6.066826642516721222e+02
-2.325953270325094309e+02
-9.962732839068504376e-01
-6.659181307563226255e+02
-7.874805880411410044e+02
-8.745441409084639872e+02
-4.716240802522452213e+02
7.045611222695283686e+02
8.520923911586039594e+02
4.518650803480300056e+02
1.884615628144472907e+02
5.507227939095849933e+02
6.711113070738681472e+02
-8.520956452162822359e+01
6.121142131644843403e+02
1.481188922214482204e+02
7.164967832501999965e+02
9.361989345899490900e+02
-7.381302629472531862e+02
3.013137785143198926e+02
1.647530306765436876e+02
7.824434628658315205e+01
-9.044463151001724555e+02
-6.989282716344665687e+02
-7.854684263974412488e+02
-1.809541370949473560e+02
-8.553470674730592691e+02
-7.317489508951408652e+02
1.774407099436502619e+02
3.223313375396774205e+01
2.753691795321416294e+02
3.230011355434678535e+02
3.165312154696637208e+02
-9.541766628664615837e+02
5.374714580440956979e+02
-9.056102271124163963e+02
-7.010885818542205925e+02
2.917294814488899988e+02
-8.544527807772728920e+02
8.768019780802571859e+02
9.336990374240382380e+02
6.045544942148994778e+02
7.817561254855935431e+02
-3.316665228935249274e+02
5.426628661328309136e+02
-3.395783873385388318e+01
7.396590164186161473e+02
3.180887884899695450e+02
-5.705557464622082762e+02
1.635888256854320844e+02
7.807093044105146191e+02
9.481295384733111860e+02
-3.380505295965913319e+02
-2.196928423698009851e+02
2.744351713570029361e+01
8.787803392897665162e+02
-2.896151715527499846e+02
-5.851378145224127820e+02
4.534185029146338479e+02
-3.000638355548580307e+02
-5.182208864233022041e+02
5.266667248499628613e+02
8.899340094195160589e+01
-5.478952742982596646e+02
1.653583047793668754e+02
1.617891116132859679e+02
-5.645415678773858872e+02
9.772838923196427459e+02
-5.418896517609508692e+02
1.492591198381555557e+02
1.140647221281204793e+02
-7.234959482646605693e+02
-6.307339287523757321e+02
8.651509072201295112e+02
-4.062333861145907576e+01
-4.977580014950801228e+02
1.629041152795738014e+02
5.735393271417583492e+02
7.741355673428022328e+02
2.031525155506213025e+02
8.902385847562842400e+02
9.774744795332603644e+02
-6.090694361228255502e+02
-4.393245024785488795e+02
4.338314019249655473e+01
-1.752043091634798202e+02
-1.583730930132853132e+02
7.725573157200126388e+02
-3.771681955462298674e+02
5.353496264928318169e+02
8.262473685016600484e+02
3.874600005531607962e+02
1.120384672772871255e+02
7.618620952894553966e+01
2.934390153167480548e+02
-3.111630576339230458e-01
-1.236842940509661162e+02
-1.278336502377559469e+02
-4.513044606308041011e+02
6.207412751128622403e+02
2.047049453141521838e+02
-6.566232807620544918e+02
5.171968773859791781e+02
5.957126840222643978e+02
-2.673669692663099227e+02
-3.861732050649191592e+02
-8.052083829316204628e+02
1.615634196497294965e+02
-9.486803336333402967e+02
-6.438922976881063960e+02
-5.076021058935484120e+02
6.488468760631145642e+02
-6.457713488566715796e+02
4.768760497983068376e+02
1.694184566631463156e+02
-6.791038280107935066e+01
3.327510405481223188e+02
-1.869625395167177828e+02
-8.817083243754400428e+02
-1.278437194854492276e+02
-3.641741123553327952e+01
1.126982813515827075e+02
-1.076805111475022443e+02
2.003705414202546535e+02
4.277227189335902722e+02
2.053718689151895092e+02
-9.720329325277317594e+02
3.130636742559028107e+02
-9.253365702641840471e+02
-7.875661909779003054e+02
5.119225472848185632e+02
-6.983922250263078979e+01
-2.255724861695262575e+02
9.121886819763496987e+02
-9.624218834946104835e+02
-3.384652088359788280e+01
8.082725531229623357e+02
-5.295128701180586006e+01
9.438883653222289922e+02
-2.736397331636436903e+01
-6.185796940117888880e+02
-3.173082698877285566e+02
5.930536400218677500e+02
-6.463631674195152073e+02
-5.775194349355203940e+02
1.611634571411739216e+02
2.849753677530586629e+02
5.409082452033578647e+02
-7.038607498637448998e+02
4.669229185361546115e+02
-4.005997049429927301e+02
2.965222538955862888e+02
2.000621226445242655e+02
-1.554771820197362899e+02
-5.073260595017930541e+02
8.030770994835276042e+02
2.843325910430132240e+02
6.745298266989955209e+02
1.331250904322035353e+02
-8.363425345063058103e+01
6.502977022612519704e+02
3.152693499515568192e+02
-2.024433973683006229e+02
4.900070691854170377e+02
6.504072822743471249e+01
-7.479363401535898674e+02
5.696956049790052390e+01
-1.320570590974982679e+02
-6.216068749759449474e+02
-9.487333924994321421e+01
7.257988871792612429e+00
5.342618442986550917e+02
5.685499097788058407e+02
8.317739296105706899e+02
1.858904862677564722e+02
-5.048829710015536421e+02
8.203264531939394146e+02
-5.909378976126391763e+02
8.660002862998521778e+02
-8.186024898287736278e+02
2.083389796504026137e+01
9.990621486024257365e+02
-3.944507316324545059e+02
-8.295749824662643732e+02
-7.259591296262508422e+02
-5.050410064735432911e+02
-8.793259036893808798e+02
2.573247817234213812e+02
-8.415839954479654352e+02
1.434114083120376790e+02
4.559962441656762167e+02
8.587181740330385082e+02
8.949452339715082871e+02
-6.688870893283649366e+02
1.108437303091380670e+02
8.744226376640806393e+02
7.388530542292660357e+02
-2.583272685428744921e+02
5.326963447230898652e+00
9.171333967648888574e+02
-5.688898291961843370e+02
8.093624991277799836e+02
-7.301617720621820808e+02
-4.784293662318939937e+02
2.148436019365019689e+01
2.827036107342091213e+02
3.309589650340797107e+02
-6.428842193813400172e+02
4.573943136180818101e+02
-9.089211129854625142e+02
3.705375293773465160e+02
5.545915161376140077e+02
-5.130289972052034955e+02
8.817398000451171356e+02
-1.593709436440549609e+02
2.719535643087590984e+02
-9.775528904809335700e+02
8.742321877040786831e+02
2.947602717004874080e+02
5.540997235149244915e+00
9.570526471637012946e+02
5.053188742105025995e+02
-2.692998802367854410e+02
-1.099135470326393005e+02
-5.868059270584918750e+02
9.574340272159367942e+02
-8.557558336793322269e+02
-2.578847969269626788e+02
-1.191338258025344317e+02
-3.598670757803903371e+02
-9.674858352511121211e+02
5.372645992495016287e+01
9.947058337067761613e+02
8.417260936445942434e+02
-9.764804035193541267e+02
-1.114038838289802555e+02
-7.101553243505064472e+01
-8.268724236546506745e+02
-5.836838800955970328e+02
7.360580256179914613e+02
-2.773612173522191142e+02
8.858475399299126138e+02
5.478878706490987724e+02
-9.074374882046123503e+02
1.391685866671285225e+02
-8.681009322187883299e+02
-1.962290171847409965e+02
-9.678693930602053115e+02
9.426355821439475449e+02
3.296700272870636468e+02
7.047223910177484640e+02
7.885064480684526416e+02
