5.371712353430326630e+02
-5.575068425329012598e+02
2.451237979039126174e+02
7.385554737570481620e+02
-5.851981083110565578e+02
-1.256943857069895500e+02
-9.063585761750443908e+02
-7.993284704345064711e+02
9.715535259484132666e+02
8.649973836702190511e+02
-2.633210218568663095e+02
-5.550133135784076330e+02
5.355956415051790600e+02
7.049524019236384902e+02
-1.189803754052196041e+02
-5.876514925533189881e+00
-6.653061939792524981e+02
-7.842300293207586037e+02
-8.747082494544740712e+02
-4.716240834671275479e+02
9.329473452640542064e+02
8.520891580551179914e+02
4.393297864370240973e+02
1.809087817320349245e+02
5.442266441611839127e+02
6.597776797568702705e+02
-6.527406316551039822e+01
5.999023896760294292e+02
1.360733556186089572e+02
7.163864850072347963e+02
9.360804920247654763e+02
-7.369133356005793303e+02
3.013036033861749843e+02
1.622238511009601609e+02
8.152608431063900696e+01
-8.971135805402660708e+02
-7.022882748635387316e+02
-7.882818093993361117e+02
-1.809608868540125570e+02
-8.452091536094141020e+02
-7.524400641245177894e+02
1.758776295477225347e+02
3.680846108402469241e+01
2.756606815923622662e+02
5.287462158010050643e+02
3.166611565017902876e+02
-9.549125684247258050e+02
5.374458468356019694e+02
-9.039476048015667402e+02
-7.015919941302820462e+02
2.917307917998130051e+02
-8.426666517227594113e+02
9.922503691684877367e+02
9.336938643835378571e+02
6.048069067950997351e+02
8.117256187357572799e+02
-4.184893812842562966e+02
5.423380383561911913e+02
4.534629938896812007e+01
7.398919036720337772e+02
3.680526669337253338e+02
-5.705530072782405568e+02
1.642171025854277957e+02
7.872710507272587392e+02
9.481532342019291946e+02
-3.381419108652393675e+02
-2.177007387668585068e+02
3.246868740348413951e+01
8.845949774053750616e+02
-2.888207568243354331e+02
-5.832206170822107651e+02
4.987393200466304961e+02
-2.628089788840322285e+02
-5.296082824197644641e+02
5.375730325691147300e+02
8.899694447392403163e+01
-4.105423878248809046e+02
1.783778884251041461e+02
1.897905935492651395e+02
-5.630286134000873517e+02
9.771241807510581339e+02
-4.804450352765049388e+02
1.426228200548288783e+02
1.171857964215629124e+02
-7.373156212281181752e+02
-6.342983534051140850e+02
9.815146381464377328e+02
-3.972656510646176287e+01
-4.977997123019898140e+02
1.629720677570891780e+02
5.734492623186724813e+02
7.731882222779764788e+02
2.612260671292897882e+02
9.356234160321430409e+02
9.765137837897150348e+02
-6.145134828489909751e+02
-4.396713491684520250e+02
4.324739361336989418e+01
-1.052278261427742478e+02
-1.583713940257777040e+02
7.852536607720868460e+02
-3.792224565725343837e+02
5.558140130385226030e+02
7.255516381011399289e+02
3.956334686631594195e+02
1.105097883506700072e+02
6.802353687544058403e+01
2.936919449143149450e+02
-6.046625158679164258e+01
-1.236629611977458154e+02
-1.320164403085283595e+02
-4.513017774723870730e+02
6.830945086486304945e+02
2.079419273351138884e+02
-6.547265086802668748e+02
5.171687125438623980e+02
4.983822537594818982e+02
-1.989059472469207890e+02
-3.776464808302969232e+02
-8.052691110593542589e+02
9.231370060097160035e+01
-9.570295153068866512e+02
-5.730694177720303060e+02
-5.085356498898433415e+02
6.495868915577649432e+02
-6.456819731663227913e+02
4.764789771088330781e+02
1.862284672937598202e+02
-6.712613799104842371e+01
3.333203057482526219e+02
-4.589288695195412515e+01
-8.831853234977048714e+02
-1.264266795308654281e+02
-3.162925047018965685e+01
1.363211288555266663e+02
-1.212095747508647321e+02
2.013290197719300352e+02
4.277287829249103197e+02
2.116215922595470147e+02
-9.720371657526718536e+02
3.219041951234678436e+02
-9.253641748853855233e+02
-8.978351479056863127e+02
4.459789515885610172e+02
8.259178098475840102e+01
-2.255703349079780367e+02
9.135058992964201252e+02
-9.623763883668823382e+02
-3.514386325860667171e+01
8.083814373786400438e+02
1.191023941862957827e+02
9.418800862077667944e+02
-2.699384542464115455e+01
-6.218911954390238179e+02
-4.914537845415307515e+01
5.893525484741296623e+02
-6.463678442219228373e+02
-5.750129565157037632e+02
3.799332050159752043e+02
2.890115531714656072e+02
5.409579285819438610e+02
-7.505290886113579063e+02
4.650870664135359220e+02
-4.005634584778185285e+02
2.957877030816075035e+02
2.001496879321712186e+02
-1.554771830140596478e+02
-5.033737250191486510e+02
7.853075791811548925e+02
2.732957741363722448e+02
6.761525449268480088e+02
1.223888153946376462e+02
-8.284345634317755014e+01
6.520334578186287899e+02
2.628890401305185947e+02
-2.027056162629508549e+02
4.900726399445406969e+02
4.028208075957877554e+01
-7.439870983755121188e+02
5.697651528094109352e+01
-7.092617166911308857e+01
-6.216413104152613869e+02
-1.067574012759986317e+02
8.313120664232670265e+00
5.353357833363670579e+02
6.428783453967810146e+02
7.880249647273894880e+02
1.863165853792368409e+02
-4.933339863935271978e+02
8.202469610108322513e+02
-3.190159753963672529e+02
8.908830861708921702e+02
-8.196611329388275635e+02
2.086192387838428886e+01
9.990789967507276970e+02
-4.002244628045265245e+02
-9.338085969554949770e+02
-7.241657141237109272e+02
-4.646792828497137293e+02
-8.492897240220252115e+02
2.332587738875547245e+02
-8.400216021704844707e+02
1.364423326793002786e+02
4.577212501107462685e+02
7.566473893986772055e+02
8.949701978010913308e+02
-6.743149695868631852e+02
1.409791652831605546e+01
8.785420259153437428e+02
7.379309449319231362e+02
-2.582918997636344329e+02
4.243443236023018983e+01
9.185174141403491603e+02
-5.685081277801695023e+02
9.065896447016067441e+02
-7.301659779057899868e+02
-4.771543814329863835e+02
2.170619501039873711e+01
2.830696692594163437e+02
3.288628381550032600e+02
-7.914854658328982850e+02
4.573583471244776320e+02
-9.100224395098942978e+02
3.796953814460667900e+02
5.276392939960277317e+02
-4.587807844652144809e+02
8.816197525040403207e+02
-1.587828877136100516e+02
2.731659537824112931e+02
-9.773145983713676515e+02
8.742348563745218826e+02
2.989810561921012209e+02
5.588747075047654000e+00
9.586028807574638222e+02
5.060944548752751757e+02
-2.691396851021328303e+02
-1.098777958046606784e+02
-4.831368817358833780e+02
9.559842504828121719e+02
-8.552028085386349403e+02
-2.578919657890124313e+02
-1.213352734778546704e+02
-3.591437309184730111e+02
-9.658497688836266661e+02
5.164031370192964232e+01
9.940877392650438651e+02
8.401282922013368761e+02
-9.656049539365485543e+02
-1.051529028946156075e+02
-2.151812338530397142e+02
-6.808553730658418317e+02
-5.551398788677969378e+02
7.363097701318564532e+02
-2.743337350147388065e+02
9.396752898169432910e+02
5.444438931392477343e+02
-9.078270699395515066e+02
1.393997571236674275e+02
-8.744519326719035917e+02
-1.965003853750887117e+02
-9.668382382083680113e+02
8.495043400846908526e+02
3.296421106465346611e+02
7.050390898654126204e+02
7.914533685335570681e+02
