4.598461739794872756e+02
-5.575062422205577377e+02
2.440221172370198985e+02
8.790724487006211803e+02
-5.972081167714909498e+02
-1.270066739947280041e+02
-9.065913949569097667e+02
-8.010232091804497259e+02
9.767328633642014211e+02
8.647338804897436830e+02
-2.716866110249556527e+02
-5.552006955249262319e+02
5.232732188915895222e+02
6.044729675585444966e+02
-2.106570753352980319e+02
7.040283116470995584e-01
-6.730370242575651218e+02
-7.842386248776382445e+02
-8.763482245778833430e+02
-4.716240802505500938e+02
7.031247500199756360e+02
8.519979351805827719e+02
3.765447364252128182e+02
1.855419433626878458e+02
5.471093700073283799e+02
6.597961791314132824e+02
-7.743280453464097945e+01
6.070520620477757348e+02
1.300698160744928487e+02
7.195290871053199453e+02
9.361777749646161055e+02
-7.365733860802848767e+02
3.003159157985316483e+02
1.626042098365184643e+02
7.796390913525955568e+01
-9.014867552863875062e+02
-7.018817270998443973e+02
-6.061278545290706461e+02
-1.821355450787927452e+02
-8.527508697866993543e+02
-7.313633279636200086e+02
1.724261799757593678e+02
3.022309881158702183e+01
2.754851821639086324e+02
5.091193421469671421e+02
3.152190873014966996e+02
-9.516904504345530995e+02
5.355170276575940989e+02
-9.099420583692008222e+02
-7.010429348372744016e+02
3.091510529752698062e+02
-8.371360962892152884e+02
8.757749684296178430e+02
9.336927005137702054e+02
6.069439905895951597e+02
8.053585096208327059e+02
-4.071031416489977914e+02
5.405466840014254331e+02
-2.860165965922930909e+01
7.397835600572769863e+02
2.904189082578068337e+02
-5.709127709782361535e+02
1.646811879249915478e+02
7.815268534653912411e+02
9.478628367890371464e+02
-3.810238747993968218e+02
-2.185796190476016250e+02
1.274444728998373044e+01
8.805295737589582359e+02
-2.916303926148675600e+02
-5.851168190939495162e+02
4.575223046179609696e+02
-3.051805305054305109e+02
-5.309569188753738445e+02
5.267651920266426941e+02
9.829424183154384309e+01
-5.472266887292013280e+02
1.801643930972809358e+02
1.904951561900016088e+02
-5.671593089825264542e+02
9.773694695848197398e+02
-5.418681964300973277e+02
1.420724345456082460e+02
1.163829391721861981e+02
-7.183630553020651632e+02
-6.296107911716925400e+02
9.620712340181075888e+02
-5.649852220129679381e+01
-4.977053760040126349e+02
1.628982578714074236e+02
5.830128287743929150e+02
7.762338743746842056e+02
1.874784456618157549e+02
8.899758653502589141e+02
9.843477215353531165e+02
-5.077311519645186308e+02
-4.363537166908450331e+02
5.166210080522252923e+01
-1.177987043827286016e+02
-2.216692290957595901e+02
7.711539564832768292e+02
-2.971730169064115898e+02
7.458607709209510404e+02
7.275524332149827842e+02
4.648456189807340593e+02
1.060702716127844241e+02
7.555352749442320714e+01
2.938110081991227389e+02
-6.011572090872157048e+00
-1.224230136734678069e+02
-1.250345293700983689e+02
-4.420558809187143083e+02
6.745307398577402864e+02
2.038960352277678396e+02
-6.575571951182746488e+02
5.164054475557713886e+02
5.149416427248829677e+02
-2.681073963526889088e+02
-3.879458452307177936e+02
-8.052347242613412845e+02
1.654587738891483752e+02
-9.890112448316430118e+02
-6.378801221938587105e+02
-5.038748956742119276e+02
6.518151065186829101e+02
-6.458056377566803121e+02
4.686104037987704487e+02
1.736585594937994301e+02
-6.779992877006147012e+01
3.334324607831671869e+02
-5.134620745334070335e+01
-8.820488839986745688e+02
-3.263338000813640605e+01
-3.162858630130056881e+01
1.131033848070441366e+02
-1.045937029500412905e+02
2.017570286273088414e+02
4.332959206888079962e+02
1.751282079806139791e+02
-9.717646652727246419e+02
3.195081050333566850e+02
-9.251640657372261103e+02
-7.553088942224353559e+02
5.112939094897618588e+02
2.390605918540963444e+02
-2.251308132840677558e+02
9.123842762543185927e+02
-9.581804167773879044e+02
-3.476691792744203013e+01
8.282866606802942897e+02
2.349358582730964145e+02
9.438732260332941451e+02
-3.227716911678191991e+01
-8.571886569740266850e+02
-3.162974559495966673e+02
5.960562190299486929e+02
-6.469475833989487228e+02
-5.765569545366103057e+02
2.564612064048633329e+02
2.851093761485549294e+02
5.412327917579698351e+02
-7.060846501973630893e+02
4.678927151305929897e+02
-3.900268428994317560e+02
2.961367240446034543e+02
2.000362635751644973e+02
-1.552088756768655173e+02
-5.050012159012346160e+02
7.688661034353557397e+02
2.744908831762735986e+02
6.744635417116204508e+02
1.217746046804904978e+02
-8.206133388569205067e+01
6.498225521918260483e+02
3.143105874783468607e+02
-2.024755709515852971e+02
4.872579385454807834e+02
1.134602055293759122e+02
-6.074088128384240690e+02
5.682056550422858265e+01
-1.329755109731599987e+02
-6.215349673380095510e+02
-1.008807536037223826e+02
-6.989138418215802062e+00
5.472636285822994751e+02
6.405329079622564450e+02
8.290770368598432469e+02
1.808788311006747733e+02
-4.903741852743318077e+02
8.020489801963346963e+02
-3.437856412362859260e+02
7.626453920390044914e+02
-8.189743592678768209e+02
2.108275826324351598e+01
9.989796782732825022e+02
-4.059081416259517709e+02
-9.285443582492882797e+02
-7.239647188569105083e+02
-5.002590155274375547e+02
-8.492647857595476353e+02
2.560762513687396336e+02
-8.455379793143113147e+02
1.433939490420909806e+02
4.568754073082576497e+02
8.863158612107635008e+02
8.953177360555740734e+02
-6.688298743902272463e+02
3.678948631153096471e+01
8.801407425801999125e+02
7.385220113736539815e+02
-2.443830132636948633e+02
2.429910658657843570e+01
9.173946777783449988e+02
-5.717976149039998290e+02
9.063048334544499767e+02
-7.313779733146869830e+02
-4.670277777888874766e+02
2.146963543152581266e+01
2.875141443799168997e+02
2.620149008479968984e+02
-6.116790144069429971e+02
4.573901190224499373e+02
-9.122749103593821474e+02
3.778325859835290430e+02
5.584998120786875688e+02
-5.023557940830356188e+02
8.860386785710679760e+02
-1.572610319987117862e+02
2.719973110279675552e+02
-9.772952748622365107e+02
8.742324352609891776e+02
2.981308869300558513e+02
5.477016778546508924e+00
9.571060954731084394e+02
5.012597994681316322e+02
-2.696527347399061796e+02
-1.098453057430632640e+02
-4.855270729169468495e+02
9.557869024104419395e+02
-8.551821950994498138e+02
-2.579548830526930487e+02
-1.307447315129093113e+02
-3.592410114715851250e+02
-9.664696938056680438e+02
5.518622503013865810e+01
9.902702241320281473e+02
8.411725497562414375e+02
-9.764524417854559033e+02
-1.507457705115825064e+01
-9.147573681554362679e+01
-7.810837328390800849e+02
-5.551723575877473422e+02
7.323166028238351828e+02
-2.204796866588255568e+02
8.853704678531343006e+02
5.437654056241661920e+02
-9.097771844290424497e+02
1.399920665280180287e+02
-8.742274949369153774e+02
-1.967362760058401534e+02
-9.677094139572554923e+02
9.294490165656409317e+02
3.312890392027040889e+02
7.049099009790361379e+02
7.860204459265005426e+02
