4.676450316239215113e+02
-5.574981077429025618e+02
2.949109458354455455e+02
8.791459310525644923e+02
-7.543512296436525730e+02
-1.284455508464819786e+02
-9.074020231591797483e+02
-8.358312002178745388e+02
9.717262366959856763e+02
8.647337067178344796e+02
-3.088605339538856356e+02
-5.552099336450776264e+02
6.319141721229869972e+02
6.066826642516721222e+02
-2.245480899824765970e+02
-9.962732839068504376e-01
-6.739607301929105461e+02
-7.875099070018362681e+02
-8.797855320323358228e+02
-4.716240802332333146e+02
7.045611222695283686e+02
8.520923911586039594e+02
4.512776199598534390e+02
1.828153462616301681e+02
5.499839298970937307e+02
6.705038579846446964e+02
-8.526812412180112233e+01
6.123239410944394194e+02
3.084792574551667599e+02
7.177848046823817185e+02
9.361989345899490900e+02
-7.367311067910699194e+02
3.001024449430958043e+02
1.647711119556451820e+02
7.832784386544607003e+01
-9.040542836284827217e+02
-6.988879439567018608e+02
-6.080782304162520404e+02
-1.810149026341399860e+02
-8.554270960987067838e+02
-7.317766863635964683e+02
1.778199703856450924e+02
3.223313375396774205e+01
3.047501703773057784e+02
5.070075534451650583e+02
3.165286825803880220e+02
-9.541492859686843531e+02
5.340757414129602694e+02
-9.388558389602815168e+02
-7.010891167573547591e+02
2.861521361702251625e+02
-8.540703735752482544e+02
8.757373182898915047e+02
9.336978386007897370e+02
6.045602518817985356e+02
7.826612476014086042e+02
-3.275116732405176663e+02
5.426631879364399538e+02
-3.194582909100609314e+01
7.396477892577192961e+02
3.180887884899695450e+02
-5.713975724169308705e+02
1.631349444233339057e+02
7.807093044105146191e+02
9.463680964747385360e+02
-3.463391966538802649e+02
-2.196928423698009851e+02
2.751865791973062869e+01
8.766175247737363634e+02
-2.883949358299558412e+02
-5.882204261275458066e+02
4.546258893375674006e+02
-2.986730651312660143e+02
-5.171095954510053616e+02
5.269787320615937460e+02
8.773841550900939978e+01
-5.474483035061228975e+02
1.697188361571960513e+02
1.605536321080814162e+02
-5.646621271009134944e+02
9.772838923196427459e+02
-5.418896517609508692e+02
1.492591198381555557e+02
1.160687512037362410e+02
-7.121423539901328468e+02
-6.349273559249395475e+02
8.636087206308303621e+02
-4.090643095378890592e+01
-4.977592474553944726e+02
1.629040181195950936e+02
5.833919878085644086e+02
7.741355673428022328e+02
2.027320348559182435e+02
8.879822342131576534e+02
9.878872618801425460e+02
-6.093661724094939700e+02
-4.393245024785488795e+02
4.551771858822604599e+01
-1.752043091634798202e+02
-1.583730930132853132e+02
7.725573157200126388e+02
-2.872033893235945925e+02
7.563333659398965665e+02
8.262473685016600484e+02
4.825032291942031861e+02
1.120384672772871255e+02
7.383912985886504998e+01
2.934638579324036982e+02
-1.191616492746945255e-01
-1.227617850173348444e+02
-1.283541754038425324e+02
-4.513046508118534916e+02
6.209242205866408995e+02
1.907585023509053599e+02
-6.745368428790404778e+02
5.171968773859791781e+02
6.383346461631033435e+02
-2.668061517397637772e+02
-3.861138180585796249e+02
-8.052084017120990893e+02
1.615634196497294965e+02
-9.486803336333402967e+02
-6.405289951331286602e+02
-4.061929876420609276e+02
6.488870239045821791e+02
-6.457723598721594271e+02
4.768802286099214598e+02
1.698919227962640548e+02
-6.792661746080865726e+01
3.327263437941741699e+02
-1.867304544341445762e+02
-8.726128737321472499e+02
-1.278437194854492276e+02
-3.641741123553327952e+01
1.126399489607068460e+02
-1.074942750381102599e+02
2.003705414202546535e+02
4.271021260141949369e+02
2.053718689151895092e+02
-9.716484290350842912e+02
3.129093621176826332e+02
-9.263786772602528572e+02
-7.799686819977151799e+02
5.113186783930736965e+02
-6.983922250263078979e+01
-2.258830057876201352e+02
9.122644846132782277e+02
-9.600516181026589493e+02
-3.384652088359788280e+01
8.082725531229623357e+02
1.037099086678025515e+02
9.438880839486952254e+02
-2.810926718830792126e+01
-6.183955294661170683e+02
-3.125274334289487115e+02
5.932430274286167560e+02
-6.464298420403898717e+02
-5.775194349355203940e+02
1.595228588127349099e+02
2.849753677530586629e+02
5.409082452033578647e+02
-7.038607498637448998e+02
4.669229185361546115e+02
-4.005651650165517026e+02
2.942349754405864246e+02
2.000651426191187738e+02
-1.549630768636791061e+02
-4.945740261044088584e+02
7.947958113691100834e+02
2.843325910430132240e+02
6.745312987124360689e+02
1.335006422735205263e+02
-7.665586668883723576e+01
6.736530620901295379e+02
3.147159895910846217e+02
-2.025406109511633872e+02
4.889802565433237760e+02
6.444916941260764531e+01
-7.441255877723368712e+02
5.714012329919933819e+01
-1.320672734892270341e+02
-6.216076196425714215e+02
-9.487333924994321421e+01
9.344227177739703905e+01
7.555630412588504896e+02
5.685499097788058407e+02
8.275062764343913386e+02
1.858305350404957892e+02
-5.047718601780620702e+02
8.020938363555743535e+02
-6.099264646847925633e+02
8.644345581166689954e+02
-8.186021929715190026e+02
2.186008949042643223e+01
9.998131769480494313e+02
-3.958095246040829807e+02
-8.251786234020635220e+02
-7.259591296262508422e+02
-5.050525552085482559e+02
-8.481979421240046122e+02
2.576546571861557595e+02
-8.413494714180884557e+02
1.434114083120376790e+02
4.559962441656762167e+02
7.811682033180570670e+02
8.955122602806229679e+02
-6.688870893283649366e+02
1.197751386193094163e+02
8.744226376640806393e+02
7.402620857782834491e+02
-2.434374271718738498e+02
5.326963447230898652e+00
9.171333967648888574e+02
-5.685094243824049727e+02
8.105448240401766498e+02
-7.299594467680685739e+02
-4.783729414428519817e+02
2.150948414815638188e+01
2.866373721057431680e+02
3.307851181693712306e+02
-8.121057477300596474e+02
4.573041395683723067e+02
-9.537850763657944526e+02
3.702807897336086853e+02
5.536564249014938923e+02
-5.130289972052034955e+02
8.817398000451171356e+02
-1.593709251292770261e+02
2.721785101266565334e+02
-9.775545610350933430e+02
8.742321877040786831e+02
2.945535744462648040e+02
5.540997235149244915e+00
9.570526471637012946e+02
5.053188742105025995e+02
-2.668955736197655142e+02
-1.097551897954996605e+02
-5.857249807023392805e+02
9.574340272159367942e+02
-8.557579709129837511e+02
-2.573707775499485138e+02
-1.191338258025344317e+02
-3.591601755297306795e+02
-9.674858352511121211e+02
5.351833075680865193e+01
9.503117655250696316e+02
8.409892157071586780e+02
-9.761044129062560160e+02
-1.114038838289802555e+02
-7.101553243505064472e+01
-8.284524206450957990e+02
-5.552000329400804048e+02
7.674741987533726615e+02
-2.188953802988273196e+02
8.858502631428971199e+02
5.483515041395845628e+02
-7.829609004760550306e+02
1.391698308499747725e+02
-8.721262791030300150e+02
-1.962240210471930197e+02
-9.677953210347264985e+02
9.426355821439475449e+02
2.369963627965157968e+02
7.047223910177484640e+02
7.885306145686769241e+02
