4.589012604248808884e+02
-5.575061450879767335e+02
2.420644369011882873e+02
8.790582870045112713e+02
-6.027096988627077963e+02
-1.267703311354735263e+02
-8.970053876805442314e+02
-8.276474410546520630e+02
9.757505007818197100e+02
8.647337066240997956e+02
-2.728742145149888643e+02
-5.552058010888707713e+02
6.431838147002558799e+02
6.044565162380308720e+02
-5.221140130328705027e+02
2.615197333129999357e+00
-5.887564960369156779e+02
-7.621974251029090510e+02
-8.764482898130333979e+02
-4.716240803024211345e+02
7.690253978161598525e+02
8.519979656612944154e+02
4.409021196971936547e+02
1.795826753665111539e+02
5.503273760606078895e+02
6.560516519779794180e+02
-1.368585638661321866e+02
6.124330786364887445e+02
1.324260643666584656e+02
7.177655509068492847e+02
9.364305948929195438e+02
-5.825575395151930707e+02
3.002391485617701505e+02
2.332362998401123093e+02
7.831543160917679813e+01
-8.918489908368500210e+02
-7.020708937814861201e+02
-6.774905414044625331e+02
-1.820370113943393164e+02
-8.480184799995544154e+02
-7.315664896936323203e+02
1.781107560906290246e+02
3.232103812265203402e+01
2.759764503500758792e+02
5.012501224527593422e+02
3.158419248010605429e+02
-9.558797905232867151e+02
5.386507326139495717e+02
-8.990730117017276370e+02
-7.011054382278531421e+02
2.915565093884687258e+02
-8.524684586381114286e+02
8.756864934586432128e+02
9.336988745108304784e+02
6.013392766922190731e+02
8.398375720755894918e+02
-4.024303792646798001e+02
5.472958382019290866e+02
-3.359270030079864711e+01
7.413118421128493765e+02
3.173256899268164943e+02
-5.567717856358972313e+02
1.753000984391901795e+02
8.521997308074176090e+02
9.474231326691282220e+02
-3.469850741541790171e+02
-2.185555922109014659e+02
1.209709008243691564e+01
8.768289485115434445e+02
-2.889555669284132478e+02
-5.705522368769989043e+02
4.566432617904587801e+02
-2.989232332678049033e+02
-4.872106848087158255e+02
5.357939261067854204e+02
9.826508590058368497e+01
-5.296003236049306224e+02
2.014756432688076018e+02
1.883912740217013209e+02
-5.646397457808448053e+02
9.772677178471478783e+02
-5.387761911776595980e+02
1.426729468496539539e+02
1.164562965287880587e+02
-7.238716767626625597e+02
-6.374834649790174126e+02
7.405980928478853684e+02
-3.626850416462263382e+01
-4.976858694930506317e+02
1.629170992064914572e+02
5.831316421163963923e+02
7.758761630131277798e+02
2.199705121186666190e+02
8.885797716732344043e+02
9.688315754854598936e+02
-6.146322639407893575e+02
-4.376196594004201756e+02
4.531195049252990970e+01
-3.093838294206118888e+00
-1.583812858132544079e+02
7.732330696597580300e+02
-2.989765441937149149e+02
4.982549460617627233e+02
7.278498924402374541e+02
3.901024487726216421e+02
1.113540195706064821e+02
4.408382022558145508e+01
2.938338407698507808e+02
2.723714531349380241e+00
-1.229216805857681010e+02
-1.339123937816217165e+02
-4.534937878567772032e+02
6.822893811774548567e+02
2.018377624740772376e+02
-6.593342454837925288e+02
5.215797014944706689e+02
6.343696159323156962e+02
-2.445779809739767643e+02
-3.888553772609657244e+02
-8.052198636155806071e+02
1.952779429631175105e+02
-9.189137720251164865e+02
-6.413407095375564495e+02
-3.401822573473565399e+02
6.505669363961558247e+02
-6.452173434729877499e+02
4.770600722134036005e+02
2.211503494151934603e+02
-1.800796001449662072e+02
3.334080463217146644e+02
-5.178618896110620540e+01
-8.742447741409572473e+02
-3.786726651910374386e+01
-3.160686131832637713e+01
1.123305050224106481e+02
-1.052597306863362263e+02
2.029526106507035195e+02
4.268348109363307117e+02
3.082220463109533171e+02
-9.716277146871465220e+02
3.358256740944018475e+02
-9.261996518572225341e+02
-7.696603186882889531e+02
5.106743542950711685e+02
2.008875235034887226e+02
-2.310661885289030124e+02
9.134379313527548447e+02
-9.576013542223018931e+02
-3.528708800697734915e+01
8.083041575970771646e+02
2.332805176167709078e+02
9.440894243045902385e+02
-2.751589347280376785e+01
-6.213695755380585979e+02
-3.130788052620971484e+02
5.978760793560755928e+02
-6.463520867577325362e+02
-5.776296665451010313e+02
2.576208020771829297e+02
2.853446476019028069e+02
5.412507602178119441e+02
-6.980734196458032557e+02
4.653487832000464550e+02
-5.488859200586939551e+02
2.939692319437805281e+02
1.943862537731235420e+02
-1.552202725475893033e+02
-5.036415584001138086e+02
6.273598823278227883e+02
2.742570427237061494e+02
6.710770850921513784e+02
1.442647223652383559e+02
-7.176130405352098762e+01
6.530925191455359027e+02
3.147269290314835644e+02
-2.014834108627169940e+02
4.900376520607906627e+02
1.138932846945303226e+02
-7.429004402966511407e+02
5.696662418888277557e+01
-1.136850836312076325e+02
-6.217393270462537203e+02
-5.056056145600567220e+01
9.028651956369206744e+01
5.343568087543774254e+02
4.443170136125111753e+02
7.887648217675279056e+02
1.856587542862960731e+02
-4.900942035780645938e+02
8.131928061429857735e+02
-3.421683083344593683e+02
8.698267847879337751e+02
-8.170052265641493250e+02
2.135644999314567727e+01
9.978985849202964573e+02
-3.961835337845014919e+02
-9.248284588032855709e+02
-7.176605260956920347e+02
-4.994250816872921632e+02
-8.467429034898710825e+02
2.597144812055088323e+02
-8.451763862805572671e+02
1.482072049698869023e+02
4.567161778056716912e+02
7.824220145213477053e+02
8.952953168275199687e+02
-6.733768947791327264e+02
5.316824913924429552e+01
8.745370563964836492e+02
7.373365904260620027e+02
-2.433253916087147104e+02
4.163690782633694454e+01
9.176083011005760000e+02
-5.683680893439290003e+02
8.989679490297966140e+02
-7.301181769745121528e+02
-4.513134403551523519e+02
2.379938305740373039e+01
2.705433041854781209e+02
3.108974365259833803e+02
-6.225267837176887724e+02
4.572868713881664462e+02
-9.112590611744585658e+02
3.574276866482273363e+02
6.998450972533844379e+02
-5.023866381180059761e+02
8.930856737580710387e+02
-1.593461896400214073e+02
2.718397040812448608e+02
-9.773879482262526608e+02
8.742326049550911193e+02
2.994725761584039674e+02
4.965599660693174044e+00
9.593571614681168285e+02
5.052022336988320603e+02
-2.686954788482445338e+02
-1.092431418700443260e+02
-5.838047840403958162e+02
9.572550420338874346e+02
-8.551089072600827876e+02
-2.564562758614546851e+02
-1.527365054880637274e+02
-3.602830375267385534e+02
-9.301610374401465151e+02
5.353680502363550886e+01
9.944908891339883894e+02
8.428514763777749295e+02
-9.745100647603208017e+02
-1.055326861446289541e+02
-6.230584495536266587e+01
-7.721772411673829311e+02
-5.551875433743977055e+02
7.358652899439031216e+02
-2.122726645407655326e+02
8.783737057949209657e+02
5.472793803701375737e+02
-7.718183849277171475e+02
1.448760450406547022e+02
-8.593323641664095476e+02
-1.962024646334222098e+02
-9.673173084659289316e+02
9.137527279101633439e+02
3.308971225031907011e+02
7.048786599361224035e+02
7.879091634737711729e+02
