5.403414957579345810e+02
-5.575100917934071276e+02
2.489762133759325877e+02
8.746550715187531750e+02
-6.061572598556253979e+02
-1.270019666068032507e+02
-9.059508951699300496e+02
-8.287535490801859623e+02
9.757132568498777800e+02
8.647337066240987724e+02
-2.698515162204768671e+02
-5.552093101244978470e+02
5.349589419159443651e+02
7.116624589714897411e+02
-5.121858299713106817e+02
2.016743698075891267e+00
-6.769318285777210349e+02
-7.632123622048696916e+02
-8.825532260435398939e+02
-4.716240801626133816e+02
7.048236759115740142e+02
8.520698497588410874e+02
9.689915002670483091e+02
1.844389943529355662e+02
5.525118890059653722e+02
6.585767522703247323e+02
-7.479022765822152508e+01
6.000554797685655330e+02
3.312277568086245765e+02
7.450354797446058228e+02
9.620990832860860564e+02
-7.391037360719054732e+02
3.002649842456108900e+02
1.882463312356486824e+02
7.946844948933414798e+01
-9.009887907817573023e+02
-7.025688543586454671e+02
-5.982943614055866419e+02
-1.825866712183131142e+02
-8.535489339252235368e+02
-7.520975754739168906e+02
1.769890095321941033e+02
3.223246314761908593e+01
2.754464370628149368e+02
5.244232270283195021e+02
3.175968645802473702e+02
-6.751984420022668019e+02
5.739002336341527553e+02
-9.040245768782871210e+02
-7.008671331021344031e+02
3.252622067313208731e+02
-8.530404020053459817e+02
8.760871129064964862e+02
9.336992773570456166e+02
6.047174316935386287e+02
8.097502431358457216e+02
-3.309546339536347546e+02
5.271056144678902911e+02
-3.403633118279864078e+01
7.397510417905365330e+02
2.877966481868468236e+02
-5.393588864581206508e+02
1.656328054877387217e+02
7.839677640930162852e+02
9.475220141320110088e+02
-3.379782297184680715e+02
-2.178173890380744524e+02
5.466588134776382191e+01
8.803041985660389628e+02
-2.916882382143899122e+02
-5.823732841016880002e+02
5.063317674367447694e+02
-3.009544620381805089e+02
-4.623972375919879596e+02
5.076076089911402960e+02
9.402010437953164512e+01
-5.445686408009592014e+02
1.970973599413832744e+02
1.556772254400364091e+02
-5.646642714999125019e+02
9.773785512437059424e+02
-5.418266227436050713e+02
1.377519393774364573e+02
1.174389990282330700e+02
-7.225760346010645208e+02
-6.295791971931214448e+02
9.079726576412091390e+02
1.713386384526546991e+01
-4.971303795284857756e+02
1.629001816397274069e+02
5.587764256279032224e+02
7.078078956847623431e+02
2.058076571001870150e+02
8.877488580822620179e+02
9.854239500866008257e+02
-4.878332518792080919e+02
-4.391659648928961701e+02
5.127587854035117232e+01
1.252078181946607316e+01
-1.583650805968482018e+02
7.749507451632401853e+02
-2.992737755497358307e+02
7.517213717701924907e+02
7.253608169988988266e+02
4.518439525073667937e+02
1.058270156307792291e+02
9.206139902800818220e+01
2.940013420569330833e+02
6.323822482820180113e+00
-1.231477425343380503e+02
-1.579611498499978381e+02
-4.509635561836998363e+02
6.205497383269157581e+02
2.070947475017831891e+02
-6.596610828159643916e+02
5.225551620770984300e+02
6.174389149537813637e+02
-3.933499863410295916e+01
-3.854400776608298997e+02
-8.052090180781366371e+02
1.921314958992676907e+02
-9.491204380115533468e+02
-6.335721450124773355e+02
-4.081180050545273161e+02
6.523410435238247373e+02
-6.452976794479212685e+02
4.644815151266494695e+02
1.761552712792465059e+02
-6.719895102439994616e+01
3.333173676488028150e+02
-5.123909949486812820e+01
-8.729125528053932612e+02
-1.173476524526271589e+02
-3.160504119423503866e+01
1.108576324925988530e+02
-1.079686154576743462e+02
2.030278856589197858e+02
4.405457411418383913e+02
1.768002744063020373e+02
-9.691611043077504064e+02
3.131424199655613165e+02
-9.239412890498160777e+02
-5.825090283343123474e+02
5.107511845637130250e+02
2.140197849252751041e+02
-2.242045494901425968e+02
9.123587041119875494e+02
-9.573597121721605845e+02
-3.163204581454133901e+01
8.083191511472672346e+02
2.449947003980620650e+02
9.454684623918329862e+02
-2.933975471688109593e+01
-5.594737838700627890e+02
-3.062378157433608408e+02
5.970647631728522811e+02
-6.469486808664233877e+02
-5.751925570149621763e+02
2.601585667963283299e+02
2.691018293043292715e+02
5.410322114317591513e+02
-7.433735619262901082e+02
4.670602358353531258e+02
-4.037792338360731037e+02
2.968490779008783420e+02
2.000556124067444443e+02
-1.551357378060002077e+02
-5.035057276919179685e+02
8.117345762270359728e+02
2.738668551855259921e+02
6.749037465350133971e+02
1.036346191233506175e+02
-7.340131420577057497e+01
6.480950971952144073e+02
2.839766638522564790e+02
-2.016277785588050051e+02
4.889288380569578294e+02
7.027279752218414899e+01
-7.048579456327374828e+02
5.696891692770618931e+01
-1.304516999643002464e+02
-6.217566872036354653e+02
-5.356750467434590490e+01
-2.173188652828891634e+02
5.584464919402122405e+02
6.400542094235738659e+02
7.877199169121935256e+02
1.884484702611674152e+02
-4.960604195349802694e+02
8.124365231562063627e+02
-3.339047195072179193e+02
9.332857813174804278e+02
-8.178273795394250101e+02
2.184796781600439530e+01
9.980865209016020572e+02
-2.789289781203531788e+02
-9.296093219518820661e+02
-7.024656157080731873e+02
-4.617897018785233740e+02
-8.405691492127160700e+02
2.537837894494523141e+02
-8.401862479361775513e+02
1.434685573022278220e+02
4.572241286983845612e+02
7.532145431540579921e+02
8.952014304721441249e+02
-6.703975983209866172e+02
2.714912718795691049e+01
8.808953000508660125e+02
7.336975434220545367e+02
-2.456196683949467854e+02
3.997766950193259561e+01
9.172614373291198717e+02
-5.683923098432417191e+02
9.086033981793887051e+02
-7.314715666481392873e+02
-4.531306629885297070e+02
2.170902925942463924e+01
2.794398682225092898e+02
3.126064638591589642e+02
-6.281907870532285187e+02
4.573951594289484319e+02
-9.110871274599289791e+02
3.767878935271729119e+02
5.807157924143876926e+02
-5.013859264719248472e+02
9.570410191759808640e+02
-1.587786495533240725e+02
2.723063774091795040e+02
-9.774041086113899155e+02
8.742326083133622205e+02
2.989873679953112173e+02
-1.177484829244512667e+02
9.587915375089858117e+02
5.054346393866549647e+02
-2.681790682736967142e+02
-1.057280704267747495e+02
-5.821628221173373277e+02
9.574951012596204691e+02
-8.551854105410349121e+02
-2.587134468049408156e+02
-1.538885874739589781e+02
-3.598447503272595327e+02
-9.660031429336892188e+02
5.351175880368593596e+01
9.911467840298001875e+02
8.430821530802186317e+02
-9.715441493201576577e+02
-1.123889807680114359e+02
-6.753774323058169671e+01
-7.775422996553328403e+02
-5.551898598983678994e+02
7.334304301316022929e+02
-2.828335085694192230e+02
8.965181695434370113e+02
5.445211220078277847e+02
-9.082645648351293630e+02
1.393745673764811670e+02
-8.691418942065671445e+02
-1.956147914412260889e+02
-9.826543619573413935e+02
9.269625125389198956e+02
3.330548372600904372e+02
7.051239475159969743e+02
7.871797166401960339e+02
