4.725354401550560510e+02
-5.575077346038859787e+02
2.462769655335788173e+02
7.164009863678869579e+02
-8.142076458042187141e+02
-1.271068840165352754e+02
-9.073842835562078335e+02
-8.549035328954811348e+02
9.761472176322531595e+02
8.647339905405082163e+02
-3.040693284660395648e+02
-5.552229649614110940e+02
5.352188023679294702e+02
6.046709841333357645e+02
-4.799391556638416318e+02
-1.271446978414405793e+00
-6.752428954186708552e+02
-7.842465844357925562e+02
-8.737090775032297643e+02
-4.716240803056423943e+02
7.094982245554538167e+02
8.519760283085574883e+02
7.155971822978822274e+02
1.870531734694690726e+02
5.498824000383614248e+02
6.565742430405422283e+02
-8.109649697785918931e+01
6.153766580891433478e+02
1.322853695926524153e+02
7.156350725446757224e+02
9.346415767737443048e+02
-7.388119675681638228e+02
3.002603442602335235e+02
1.771301959948927163e+02
8.230628670579721984e+01
-9.036377563786262499e+02
-7.166117976429663941e+02
-6.224050316278365926e+02
-1.810946927412401521e+02
-8.504066310881848949e+02
-6.872291518731432234e+02
2.086208953416944212e+02
3.621590340424478427e+01
2.755382646651243590e+02
5.061158508422182081e+02
3.149989855198479063e+02
-9.582046658940654424e+02
5.355160479417525039e+02
-9.258570781585592613e+02
-7.011439112683725625e+02
3.275338782966697408e+02
-8.665966266038680033e+02
8.761014063078763456e+02
9.336965867766041356e+02
6.093490549765949709e+02
8.004832120438298944e+02
-3.065767448835262030e+02
5.406182609164502537e+02
-3.627911994921120709e+01
7.397525697153373585e+02
3.173064943028004450e+02
-5.593645232892030208e+02
1.637942291558257750e+02
7.815340547165914131e+02
9.491895201181359880e+02
-4.358291506567043143e+02
-2.196606327983972164e+02
2.550237371390381469e+01
8.830828124929777232e+02
-2.941918722824430006e+02
-5.816166628283452837e+02
4.544192824852059971e+02
-3.131867601856336591e+02
-3.785540023592493526e+02
5.268221164391994762e+02
8.624530015482005751e+01
-5.443807223552134928e+02
1.857905565288012042e+02
1.924333186910990321e+02
-5.634129461860696892e+02
9.770805649148014709e+02
-5.419514841177006019e+02
2.677042975159796470e+02
1.163595808199616073e+02
-7.216641294799937896e+02
-6.300586689026902150e+02
9.555120604350709073e+02
-4.150043343429837250e+01
-4.977495921898465099e+02
1.628990583341665968e+02
5.832992368967258017e+02
7.766091867475022354e+02
2.169832888623357121e+02
8.930539405902644603e+02
9.565274806258921672e+02
-4.734461564720838851e+02
-4.327834202032020130e+02
5.125701311772264290e+01
-1.670436459392394113e+02
-1.583724718220672116e+02
7.716727518994729280e+02
-2.923645477034647797e+02
7.342659781033842137e+02
7.254498473142904231e+02
4.550043201012264262e+02
1.128381754950276132e+02
3.863860134417051029e+01
2.938109729185900960e+02
5.952916140067236128e+00
-1.239241263298496563e+02
-1.286778831298622947e+02
-4.517196078487779118e+02
6.228955199909142948e+02
2.097620055203139202e+02
-6.623496029731842327e+02
5.175215997786925755e+02
6.075735983027423117e+02
-2.730365859677183948e+02
-3.847710334635155505e+02
-8.052118336490443653e+02
1.866713760361964773e+02
-9.588790228665621953e+02
-6.400782515545342903e+02
-3.613584130741576246e+02
6.521047883868874351e+02
-6.453169703793920462e+02
4.767919811636510872e+02
1.713327919683096923e+02
-6.794546825345993568e+01
3.332884034728951406e+02
-5.100520626117769041e+01
-8.833506893831961406e+02
-2.451689901197450894e+01
-2.167017800724001120e+02
1.108577789628490962e+02
-1.018356789705295284e+02
2.010601898892492159e+02
4.372570979800594273e+02
4.606283393237825408e+01
-9.682816169102134154e+02
3.150484097774269117e+02
-9.240061692402146036e+02
-7.798040655024640273e+02
5.113708378984979390e+02
2.417024614481130413e+02
-2.310024505136062771e+02
9.122052574893627934e+02
-9.430270815926503474e+02
-3.238363127201541403e+01
8.083470885156409622e+02
2.338618205304148887e+02
9.416312428993253434e+02
-2.602422796845221242e+01
-8.288870614882479231e+02
-3.096284495934834808e+02
5.901685424484020359e+02
-6.463596305389614827e+02
-5.752188474688491624e+02
2.854209407797367817e+02
2.851259936830546167e+02
5.410210025979283728e+02
-7.120777552982181078e+02
4.667841315573579664e+02
-3.993951306006571826e+02
2.994279348598993238e+02
1.999985319524778049e+02
-1.583019546174411403e+02
-5.038382872666442722e+02
6.053010981271946775e+02
2.738297081799140074e+02
6.745851016182369904e+02
1.283573449639120270e+02
-7.427773822012603944e+01
6.502745118312044497e+02
3.166250790421166812e+02
-2.027489442615557778e+02
4.892730120152170912e+02
6.425579110935331073e+01
-7.435506163391382870e+02
5.695964756121176720e+01
-1.138373616094076795e+02
-6.211612057470096033e+02
-5.092885981566443121e+01
1.109058705034942420e+02
5.339564706875936508e+02
7.129818930652833160e+02
8.271982376457385726e+02
1.854667401022643389e+02
-3.845691889413164404e+02
8.021817024480103555e+02
-6.075980388505374776e+02
9.034975706556266459e+02
-8.176158700887692703e+02
2.078788663925406865e+01
9.931563597591685948e+02
-3.968963993795474607e+02
-9.319588601986946514e+02
-7.146296458435016348e+02
-4.603642579640626877e+02
-8.489120887747533288e+02
2.547004811850046337e+02
-8.356578455740101390e+02
1.434599900640160115e+02
4.561356372370681811e+02
8.912843707037674221e+02
8.955638695611000912e+02
-6.582580516260853756e+02
5.278216122175989966e+01
8.783653866793844145e+02
7.387026510351071238e+02
-2.418909963011652167e+02
3.898460249877543049e+01
9.196241612050401955e+02
-5.684455007576829075e+02
9.069685966944322217e+02
-7.301148528341133215e+02
-4.029155014238426702e+02
2.158924586299347226e+01
2.399176721622631590e+02
3.289634742978822146e+02
-6.275444105431546404e+02
4.573192401851803197e+02
-9.087408612426788750e+02
3.808850052534643851e+02
6.200911510706264380e+02
-5.013700174732583150e+02
8.815948574152068886e+02
-1.593871269023207446e+02
2.715952335277973475e+02
-9.773143440966732669e+02
8.742316147906298056e+02
2.984166555328800428e+02
5.539158530447437556e+00
9.579157077282226282e+02
5.060944928570607431e+02
-2.855588871526205708e+02
-1.093168641237154048e+02
-5.832930951443730692e+02
9.572010195962052421e+02
-8.552472381019011891e+02
-2.578918100778416829e+02
-1.519503895587089914e+02
-3.597716342596840491e+02
-9.671069603623018338e+02
5.395895323322090320e+01
9.944517236341007447e+02
8.394655597686663668e+02
-9.678265933708698867e+02
-1.127634320677237554e+02
-7.146159379730146100e+01
-6.517876036685006511e+02
-5.542737512488736229e+02
7.349831283237497246e+02
-2.697911563593599453e+02
8.853268751598026256e+02
5.481325178777121891e+02
-7.721608262403220806e+02
1.390859594456591708e+02
-8.738302506917555093e+02
-1.962813621423768780e+02
-9.677133278376970793e+02
9.332393109259960511e+02
3.314893752682040144e+02
7.072631273294961147e+02
7.879601185109551125e+02
