4.725354401550560510e+02
-5.575077346038859787e+02
2.462769655335788173e+02
7.164009863678869579e+02
-8.142076458042187141e+02
-1.271068840165352754e+02
-9.157410097575760801e+02
-8.548593663823443194e+02
9.722995447026216880e+02
8.647339893638890089e+02
-3.040693284660395648e+02
-5.552399511450612408e+02
5.366654505858559787e+02
6.046359846089724215e+02
-4.803908975582350536e+02
-1.328920115721182293e+00
-7.784867221461662439e+02
-7.848928477658397469e+02
-8.736920208176825327e+02
-4.716240803056423943e+02
7.100689093770545242e+02
8.519767240934584152e+02
4.218671313735944750e+02
1.869954081476291208e+02
5.497585814152254216e+02
6.578312956805549447e+02
-1.261891103444099116e+02
6.007780896158418500e+02
1.322853695926524153e+02
7.154928963109432516e+02
9.345854744995258443e+02
-7.387493374098307868e+02
3.002879901298290974e+02
1.762597475528660027e+02
8.241950746486857327e+01
-9.036080742947922317e+02
-7.166117976429663941e+02
-6.097865471640633359e+02
-1.822095764045021156e+02
-8.504066310881848949e+02
-6.873544783600000301e+02
1.777239932310108941e+02
3.617587820645523067e+01
2.755416206965309698e+02
5.447839765643701639e+02
3.149575141765716921e+02
-9.582538282863813492e+02
5.355080881170121074e+02
-9.259215385475542917e+02
-7.011439112683725625e+02
2.890047678427201276e+02
-8.570205370784160550e+02
8.761232285648475226e+02
9.336964814737791585e+02
6.090354582639191676e+02
7.994775079983922978e+02
-3.116595437722238557e+02
5.408474820698148733e+02
-3.149458432924617668e+01
7.396665781128585877e+02
2.894653400117495039e+02
-5.593645232892030208e+02
1.635532186488466380e+02
7.815340547165914131e+02
9.478788069313958431e+02
-4.384560337426120782e+02
-2.196606327983972164e+02
2.702850669661720318e+01
8.830374045175938136e+02
-2.941918722824430006e+02
-5.860569143561090186e+02
4.551935393068428652e+02
-3.131867601856336591e+02
-3.659641065421894268e+02
5.238059081800010972e+02
8.624530015482005751e+01
-5.441047633696543926e+02
1.848342275801339838e+02
1.581075303813287292e+02
-5.634129461860696892e+02
9.770805649148014709e+02
-5.561818039139352550e+02
2.571121794368100382e+02
1.163634002790129642e+02
-7.216641294799937896e+02
-6.393325968380686390e+02
9.555120604350709073e+02
-4.150043343429837250e+01
-4.977495921898465099e+02
1.628983314766484796e+02
5.832988775320319519e+02
7.758552992747859207e+02
2.202389309378216069e+02
8.071610142454104562e+02
9.565274806258921672e+02
-5.169757571998586627e+02
-4.387669559726358557e+02
5.110489982906265283e+01
-1.670436459392394113e+02
-1.583724718220672116e+02
7.717428486935623368e+02
-2.925705661656743928e+02
8.107670034436257538e+02
7.251591934860786068e+02
4.550043201012264262e+02
1.124132665375107365e+02
3.862200358114970555e+01
2.938121807893477921e+02
-3.158093523491650512e+00
-1.239248722101526567e+02
-1.286693651006863490e+02
-4.516512816632885006e+02
6.228955199909142948e+02
2.097620055203139202e+02
-7.362358399171503152e+02
5.183325692256702268e+02
5.517997611917891163e+02
-2.834095391181352284e+02
-3.847710334635155505e+02
-8.052313180823759922e+02
1.866713760361964773e+02
-9.636370629007107027e+02
-6.431822949906978693e+02
-3.611917911512936143e+02
6.520642833129481915e+02
-6.453200543835876033e+02
4.767919811636510872e+02
1.779209559118112907e+02
-7.198600240026284780e+01
3.332888761920085017e+02
-5.079548344442461172e+01
-8.833564722053977221e+02
-2.451689901197450894e+01
-3.233191609927528987e+01
1.129842975227328452e+02
-1.072530219522185178e+02
2.010601898892492159e+02
4.362778555544769574e+02
4.606283393237825408e+01
-9.684836028844143812e+02
3.150484097774269117e+02
-9.239646534273125553e+02
-7.797644007957143231e+02
5.100228599957860069e+02
2.419529399319111178e+02
-2.280289440413046123e+02
9.122222204839808910e+02
-9.416104897758854122e+02
-3.238363127201541403e+01
8.074510135343717820e+02
2.338618205304148887e+02
9.416312428993253434e+02
-2.608342607166343186e+01
-8.288870614882479231e+02
-3.092511820109949667e+02
5.901685424484020359e+02
-6.463596305389614827e+02
-5.752691085249481375e+02
2.586146307923951326e+02
2.849987892601849353e+02
5.409390139062196567e+02
-7.118470083438162419e+02
4.668058433754129055e+02
-4.003891646717960953e+02
3.007975621032085769e+02
1.999985319524778049e+02
-1.616531122265410261e+02
-5.038382872666442722e+02
6.053010981271946775e+02
2.731223340644633595e+02
6.745865030528174202e+02
1.275707340121102931e+02
-7.427773822012603944e+01
6.501823961373071370e+02
3.165187469958663087e+02
-2.027461487785276688e+02
4.887262199340124766e+02
6.419348192062139447e+01
-7.437804855393674188e+02
5.695964756121176720e+01
-1.127195023162761771e+02
-6.212419975561513183e+02
-5.074341664480714087e+01
9.349197197534446957e+01
5.359016813656384102e+02
4.337679553322299171e+02
8.246125159515074756e+02
1.857239361132232887e+02
-3.860338763803208622e+02
8.011229480177308915e+02
-6.322381213522559165e+02
9.033763772949019994e+02
-8.192002273756173736e+02
2.078788663925406865e+01
9.668822173061199692e+02
-4.772194035811476169e+02
-9.319588601986946514e+02
-7.146296458435016348e+02
-4.603642579640626877e+02
-8.489120887747533288e+02
2.552896763840837195e+02
-8.358697120061888199e+02
1.434599900640160115e+02
4.569847428236971041e+02
7.827724233859565857e+02
8.950506197047858450e+02
-6.590311891537717202e+02
4.327676340191950999e+01
8.784828900349137939e+02
7.386857746735274759e+02
-2.437500977665546600e+02
4.538601086392651496e+01
9.172180060645434878e+02
-5.684455007576829075e+02
9.059724796055370462e+02
-7.312775728015561754e+02
-4.693836583671078415e+02
2.149028054385017583e+01
2.399176721622631590e+02
3.277919433200161734e+02
-8.069027999690686102e+02
4.573192401851803197e+02
-9.522888269194924078e+02
3.771818824772701078e+02
6.067604333937825913e+02
-5.013700174732583150e+02
8.815696620058563440e+02
-1.593777656354294834e+02
2.686451698395731569e+02
-9.773143440966732669e+02
8.742316147906298056e+02
2.984166555328800428e+02
5.539158530447437556e+00
9.579157077282226282e+02
5.060944928570607431e+02
-2.750705934055612829e+02
-1.092818924071453779e+02
-5.832930951443730692e+02
9.572010195962052421e+02
-8.552472381019011891e+02
-2.578918100778416829e+02
-1.519427275787336100e+02
-3.597753911316364110e+02
-9.671069603623018338e+02
5.381733796591849028e+01
9.944418123897938813e+02
8.305331361243268020e+02
-9.755857441715734240e+02
-1.126759810005348754e+02
-7.300554449744539909e+01
-7.664929425427509386e+02
-5.543138962504555138e+02
7.356357334108033683e+02
-2.709487065406913757e+02
8.853268751598026256e+02
5.481401893737455566e+02
-7.662311239591674621e+02
1.390859594456591708e+02
-8.738197360097559567e+02
-1.966211887094052315e+02
-9.676945802632523055e+02
9.266886077114179443e+02
3.314893752682040144e+02
7.049862426700464084e+02
7.879601185109551125e+02
