4.645231561562221714e+02
-5.575062620814679804e+02
2.407204786197792998e+02
8.744910704601272755e+02
-6.014241394148548352e+02
-1.271643657527568934e+02
-9.452830578454266970e+02
-8.570187764981693590e+02
8.898441255642577516e+02
8.647516498314216733e+02
-2.692618515816023432e+02
-5.552055626240750144e+02
5.368059161583893228e+02
6.052570303352672454e+02
-5.093004265997575999e+02
-3.593579887888580515e+00
-6.750013159085300458e+02
-7.844704990464629191e+02
-8.749848045726663486e+02
-4.716240803031930113e+02
7.020347865888201113e+02
8.521013457809813190e+02
4.036664168352902493e+02
1.861574186983432071e+02
5.367686528923163678e+02
7.853059823654728007e+02
-7.674707219947606518e+01
6.149548558973050376e+02
1.524047415760832109e+02
7.206242897565546173e+02
9.355835948369146990e+02
-7.386671580117381382e+02
3.022153268509362647e+02
1.866625242869607177e+02
7.078789980267197279e+01
-9.039522368571160769e+02
-7.013940795634097185e+02
-6.098438501484760081e+02
-1.822105685364940086e+02
-8.554955926716520480e+02
-7.391294677158293780e+02
1.727294670056358825e+02
-3.171680504390492317e+01
2.754758653503661208e+02
5.463615602735432049e+02
3.180828658923699663e+02
-9.532826925623501211e+02
5.382010896697306634e+02
-9.014062079697040417e+02
-7.011419564921018264e+02
2.899679105278279394e+02
-8.518166674236528024e+02
8.770414230493629475e+02
9.336950344410735170e+02
5.968507931588537758e+02
8.157457062513317396e+02
-4.124339778279422148e+02
5.447841338055739016e+02
-3.144375137913615958e+01
7.398285691119289140e+02
2.892824282025695766e+02
-5.710211555890462023e+02
1.637635042149684352e+02
7.809664384560875305e+02
9.461289258851859358e+02
-3.462478941952693958e+02
-2.177940368999471161e+02
3.371052874829629076e+01
8.767981098848491683e+02
-2.895178233032405615e+02
-5.796052858405639654e+02
4.551911448522253067e+02
-3.048027913461131106e+02
-3.695618843450952227e+02
5.238089691293597525e+02
8.165877318866715484e+01
-5.474836186064321737e+02
1.863429706937206163e+02
1.554490999222877292e+02
-5.645978068298975359e+02
9.774133124683283995e+02
-5.417423932103589550e+02
1.410852125976628315e+02
1.160309513056370463e+02
-7.396343866998134899e+02
-5.829556519203090375e+02
9.589457393895678479e+02
-4.782095284571823868e+01
-4.977498549750820303e+02
1.628982162256487811e+02
5.807387617492670415e+02
7.724598498541981826e+02
2.027389166043124931e+02
8.915417926189389846e+02
9.703501203082407756e+02
-5.182274948085043889e+02
-4.460262946360828664e+02
-5.316243732438390879e+00
-1.131425915147964645e+02
-1.579204555471139031e+02
7.737887577933613557e+02
-2.901925714522969884e+02
8.047544515347553897e+02
7.275448129298282538e+02
4.799101665363731968e+02
1.057857717459309157e+02
3.978687217096191375e+01
2.938050886487719708e+02
-2.564083653352654757e+00
-1.240307703366185876e+02
-1.266388248849310543e+02
-4.512937164906961129e+02
6.165626439376571852e+02
2.040277099110346910e+02
-6.590983196599680696e+02
5.079486172519119691e+02
5.535941082910903788e+02
-2.835473712466384200e+02
-3.868458528537969414e+02
-8.052119649834568236e+02
1.860526985034461518e+02
-9.598994228577994363e+02
-6.433373215142881918e+02
-4.220089318160370908e+02
6.522177261975095917e+02
-6.456798225751570044e+02
4.761354802495584408e+02
1.781100814899783131e+02
-7.214917142222212476e+01
3.324552663693864929e+02
-5.110523022325528331e+01
-8.821764930161507436e+02
-1.289491424068710046e+02
-3.163684243744076241e+01
9.907974867968063393e+01
-1.072904480076592506e+02
1.896113787542530815e+02
4.369261670829399691e+02
1.618490673118629957e+02
-9.716957252364398983e+02
3.191898575722427722e+02
-9.252995713199538841e+02
-7.695163662958985924e+02
5.090964771642921392e+02
2.317982660823291781e+02
-2.278513413072183482e+02
9.124267168929732179e+02
-9.581637627009406515e+02
-3.401115904857753236e+01
8.075654386722575282e+02
1.264199984518245401e+02
9.436183461810966264e+02
-1.659715685562403920e+01
-6.076014385528862931e+02
-3.203082804337080916e+02
5.922622641544822955e+02
-6.487339474966748867e+02
-5.767526084762303071e+02
2.607067873217534384e+02
2.852880804506382333e+02
5.405571199170019554e+02
-7.080117537582367504e+02
4.671334280102513503e+02
-4.008837128517678821e+02
2.943231834783143199e+02
2.001189009524293283e+02
-2.491356155539124302e+02
-5.036512394956679373e+02
6.306360106424523337e+02
2.740658076119813131e+02
6.745148242866845294e+02
1.274306602852065993e+02
-8.286670087176133848e+01
6.479998853909880836e+02
3.102452200668403179e+02
-2.024803401733853718e+02
4.884025711675490129e+02
6.467186696420809255e+01
-7.457343279131712279e+02
5.695931198760373348e+01
-1.320736119250758236e+02
-6.224498992874449641e+02
-5.316562912581335354e+01
1.180086932515025495e+02
5.750408342206501402e+02
4.316981194041191543e+02
7.877174818584654759e+02
1.882906359674929604e+02
-5.314995071222091383e+02
8.011904311234169427e+02
-3.406235164815032022e+02
8.813663223291989652e+02
-8.177202574155620596e+02
2.296010391972394515e+01
9.668147115352609262e+02
-4.768589682025414618e+02
-9.271358001940225222e+02
-7.372360030132048223e+02
-5.036296019981643894e+02
-8.492629136975975825e+02
2.571429679616405224e+02
-8.570752297439959193e+02
1.434014996781000946e+02
4.566789354759290518e+02
7.621434657569110414e+02
8.964908255438499509e+02
-6.703628722839287093e+02
4.299128720641917312e+01
8.784818244148650592e+02
7.360462586325537586e+02
-2.437458080877329678e+02
4.533606494908814710e+01
9.189438445295063502e+02
-5.685086178405316559e+02
9.002429805427320844e+02
-7.313013207506128310e+02
-4.623399404788755191e+02
2.153753211395173395e+01
2.815311025828140146e+02
3.278336629955755939e+02
-6.127373603284337378e+02
4.572927377413811882e+02
-9.198635679823471492e+02
3.772668947906508947e+02
3.426419079610776066e+02
-5.023482856118018844e+02
8.832433850513401694e+02
-1.593630189994861155e+02
2.715204788972002348e+02
-9.773908979676659783e+02
8.742053697156405860e+02
2.967452107307267397e+02
5.419717085885727315e+00
9.580817853009925784e+02
5.049961716193746497e+02
-2.750191789306700230e+02
-1.103601414436834176e+02
-4.940126365273890769e+02
9.563708928822205735e+02
-8.552974682846453334e+02
-2.567394108813149387e+02
-1.482268888390724726e+02
-3.598912322686066432e+02
-9.673246214430396321e+02
5.630389126754418783e+01
9.929497885525249785e+02
8.436568236022865221e+02
-9.753005181138297530e+02
-1.109688848109346822e+02
-7.450934917165413651e+01
-7.770181342589189626e+02
-5.551422903900294159e+02
7.355895857203223613e+02
-2.709414014103904265e+02
8.897434877766778527e+02
6.442400142925025648e+02
-9.109268480687154579e+02
1.447937728071204049e+02
-8.742912722916911434e+02
-1.970517677357957780e+02
-9.679633874546743755e+02
9.497560364914720594e+02
3.314423822224466676e+02
7.049209511535455022e+02
7.880918366746748234e+02
