4.652118445711877825e+02
-5.574994913566049490e+02
3.057655992854847682e+02
8.787006706669342293e+02
-6.096396911142447834e+02
-1.257791992590725840e+02
-9.064614796118446520e+02
-8.288224447898593326e+02
9.759620019673835714e+02
8.647329740094445469e+02
-2.715311808013357222e+02
-5.552207244440315890e+02
6.406243663045332823e+02
6.066272783528821719e+02
-3.158629848424118336e+01
-3.235724516347496138e+00
-6.835885521833412213e+02
-7.845544348252691407e+02
-8.803527891758678834e+02
-4.716240803092870237e+02
7.032114291408681765e+02
8.519779058620508749e+02
3.604704983131062477e+02
1.793424634365149757e+02
5.500727007523543080e+02
6.571759504748238214e+02
-7.983332806431707240e+01
6.007283996323993733e+02
1.294573663292254651e+02
7.174600122879365927e+02
9.362473268581264847e+02
-7.392482731242140517e+02
3.003259302469102749e+02
1.683073973128609282e+02
7.817487293391556591e+01
-9.039652958769142970e+02
-7.018971241598953839e+02
-6.086860648941619729e+02
-1.843341412373822834e+02
-8.523451262323272886e+02
-7.310427935927898488e+02
1.775899667210551911e+02
-3.368636710555790614e+01
2.749388685590351997e+02
5.155927927185289263e+02
3.157763231222171498e+02
-9.670503421098403578e+02
5.355448447745578733e+02
-9.055459481465228464e+02
-7.011233079780745356e+02
3.280572455552886595e+02
-9.776959574062026377e+02
8.771093915168594322e+02
9.336941014613535117e+02
6.049583260525462265e+02
7.497728581730001451e+02
-4.242415434439733417e+02
5.492896512299196274e+02
-3.128478448496786868e+01
7.213592502452668214e+02
2.769249254433751162e+02
-5.731022062832490747e+02
1.629764230316482099e+02
7.802902094997923541e+02
9.474699196256442519e+02
-3.462281961450257199e+02
-2.190479535456469193e+02
3.106783061645627697e+01
8.738959684524385239e+02
-2.918895548089459453e+02
-5.797120768546386671e+02
4.576201395364785753e+02
-2.995494460683365219e+02
-4.698941218409064504e+02
5.286364930184869309e+02
9.108504124380041844e+01
-5.424413789217674093e+02
1.898894870542502531e+02
1.539063604489011254e+02
-5.633849150958409382e+02
9.768380711113312600e+02
-5.391411464731788783e+02
1.364976222178246985e+02
1.145215615372423770e+02
-7.346747074010246479e+02
-6.393783744500464081e+02
7.185486277382492517e+02
-3.787486328827348814e+01
-4.977114047042086895e+02
1.628984165092858802e+02
5.829978651015692321e+02
7.731873010443454177e+02
2.029167722047102700e+02
8.884888896361441084e+02
9.872851523082782705e+02
-4.898850759186174173e+02
-4.461619237127028441e+02
5.097082867532425610e+01
-1.202779772191249492e+02
-1.584068181071789070e+02
7.741729417949331946e+02
-3.824851619059386962e+02
5.452791868543347391e+02
7.206744102075185765e+02
4.703089591149996522e+02
1.063291806352546729e+02
3.498084823960957124e+01
2.938414117250562754e+02
1.962114499118255528e+00
-1.236562562630659698e+02
-1.384107999156627216e+02
-4.553613550717081466e+02
6.168270877438587831e+02
2.043641734115458064e+02
-6.722044802172273421e+02
5.101835825301940872e+02
6.161531159384682041e+02
-2.943502774149184233e+02
-3.897336271624015467e+02
-8.052191961254139869e+02
1.866966122311081051e+02
-9.627457924945578043e+02
-6.383044344538758423e+02
-4.983035800850794885e+02
6.861383701588368922e+02
-6.458347639734766972e+02
4.764668482316607765e+02
1.760989513833611113e+02
-5.987669764482912882e+01
3.333591732668099894e+02
-2.034590149798337961e+02
-8.819441035705524428e+02
-1.283777250295161707e+02
-3.268757339997462452e+01
1.045918945287066606e+02
-1.050461209344948514e+02
2.029061639151368297e+02
4.152003193803227532e+02
2.930313054085623889e+02
-9.746785905250949327e+02
3.193635832131643610e+02
-9.228631543150277139e+02
-7.891013286182292177e+02
5.109414286721439566e+02
1.979593097582376799e+02
-2.311547418209557918e+02
9.120460661110575984e+02
-9.580415439829198476e+02
-3.321325103537351708e+01
8.083284992352073459e+02
2.429397373060359087e+02
9.440864494697376585e+02
-2.693247174592181636e+01
-6.236319574071673060e+02
-3.187242654122456997e+02
5.971026950455041060e+02
-6.844165584376493143e+02
-5.752795894279377080e+02
2.575381038140154715e+02
2.850936918520400241e+02
5.410116008545649038e+02
-7.106181869201512882e+02
4.675634068042332387e+02
-4.005628506938539317e+02
2.948964351913191422e+02
2.001550270081842768e+02
-1.551098725651733616e+02
-5.039057233547723627e+02
6.752478041396159369e+02
2.696399279305397272e+02
6.742627535423782774e+02
1.917003242952748963e+02
-8.471633475476606634e+01
6.501382994614087920e+02
2.073422802583422708e+02
-2.025011999901106208e+02
4.891607354759729560e+02
6.271403252812807239e+01
-7.458175410218569823e+02
5.697055982703751909e+01
-1.143372719755965079e+02
-6.244925603708719564e+02
-1.087085023041091745e+02
-2.285166998433795698e+02
5.310126642298050683e+02
4.352297212735926450e+02
7.876522917567536979e+02
1.892060762571078669e+02
-5.302485071543289905e+02
8.009692788770762490e+02
-3.405824178111218998e+02
8.309085887705440427e+02
-8.177544817257892191e+02
2.169522903268405045e+01
9.976317341448387879e+02
-3.963764261901539498e+02
-9.272910901873817693e+02
-7.372988569492895294e+02
-5.032754997270389481e+02
-8.471452113562169188e+02
2.706686624971290485e+02
-8.482342928231836368e+02
1.425952941120855257e+02
4.566841491174016028e+02
7.529014916410593514e+02
8.952575637108222963e+02
-6.732052925099867480e+02
3.315868269849889316e+01
8.785157519694570283e+02
7.374262994373356150e+02
-2.444318264554281370e+02
4.896330036621019843e+00
9.172439756528339103e+02
-5.148638379633480326e+02
9.054339945496813016e+02
-7.313349735353966707e+02
-4.748061574779755460e+02
2.152780301477071490e+01
2.447475018812872349e+02
3.177247632150688901e+02
-6.283100889632218014e+02
4.573785887839583211e+02
-9.656952871747837435e+02
3.564193714658645149e+02
5.084138089588969933e+02
-5.027889941256332236e+02
8.991064365399131475e+02
-1.593475924684388190e+02
2.719493075807678792e+02
-9.773126951046272097e+02
8.742325981605079050e+02
2.985945278513928542e+02
5.483353997592318230e+00
9.602015292318460524e+02
5.060683567399267417e+02
-2.781403141688802521e+02
-1.095140025697433401e+02
-5.511035461602715486e+02
9.510961028341137080e+02
-8.563731464335820647e+02
-2.590864031385539192e+02
-1.501310874006210554e+02
-3.634512615859220546e+02
-9.672037723383027696e+02
5.333484927939585418e+01
9.526381132695322549e+02
8.414036474874584428e+02
-9.755499078650954061e+02
-1.124056904399464258e+02
-6.068592052340174803e+01
-7.771367413985651638e+02
-5.551734970811074845e+02
7.334687952515627103e+02
-2.271001270041318776e+02
8.835595158241525269e+02
5.442027730571156781e+02
-9.101101038314690186e+02
1.451063333315238140e+02
-8.752112558520101402e+02
-1.972750970220796489e+02
-9.678355386637640549e+02
9.471257365152912371e+02
3.296160788915802300e+02
7.048788488011012987e+02
7.877273253291411947e+02
