4.843506140641334241e+02
-5.575067222589525500e+02
2.407204786197792998e+02
8.796606659744956005e+02
-5.965850240038590755e+02
-1.271639877687497631e+02
-9.054358284704006792e+02
-8.574997776182416374e+02
9.720411823481505280e+02
8.647340885337232521e+02
-2.692747852017606647e+02
-5.552219374762585176e+02
5.355927669091174721e+02
6.045160962458824088e+02
-5.057507704393042332e+02
-1.248551054468594046e+00
-6.746915596977231644e+02
-7.844725506032762041e+02
-8.729840366164842180e+02
-4.716240803861574022e+02
7.007232076756739616e+02
8.519494151604883427e+02
9.007307241995830509e+02
1.861882751453870810e+02
5.496508934213177326e+02
6.322428083941025534e+02
-1.252021722960312076e+02
6.016248395184541096e+02
1.293571092641873292e+02
7.178044633997461688e+02
9.355085112636101030e+02
-7.367223515258930320e+02
2.999897790540954361e+02
1.866611992593564935e+02
7.038038860641714223e+01
-9.039500515967705496e+02
-7.019500377925578505e+02
-6.077879632285613525e+02
-1.822227110815349533e+02
-8.563386507151752767e+02
-7.317724168696757943e+02
1.725310274750565895e+02
3.245577509278482609e+01
2.754885421247570321e+02
5.463615602735432049e+02
3.164143204472074444e+02
-9.622225003749597363e+02
5.382846844370557164e+02
-9.335110949045480311e+02
-7.011419564921018264e+02
3.082457711556102140e+02
-8.542476926416730976e+02
8.807204225455996038e+02
9.336950780112464372e+02
5.971065343012487574e+02
8.153060806296352894e+02
-3.105753187852796486e+02
5.449095802897155636e+02
3.942668355732028118e+01
7.255957165575350700e+02
2.889742348638505973e+02
-5.708654810528807957e+02
1.645906508893505986e+02
7.812018426743715054e+02
9.480371811495375596e+02
-3.464754312025480658e+02
-2.020862625602723313e+02
2.504107711738332043e+01
9.255784080268225580e+02
-2.890528227048705503e+02
-5.798690875385799472e+02
4.551340917324836255e+02
-3.055075991712729433e+02
-4.754156900745447274e+02
5.239263821542959931e+02
9.190779329932732367e+01
-5.471784083160974888e+02
2.008382800741178471e+02
1.875096107135547356e+02
-5.645979997246845414e+02
9.771386423286310219e+02
-5.419443180947567953e+02
1.267394880457900399e+02
1.159809488033396008e+02
-7.213933256932282347e+02
-5.374513669330344783e+02
9.218815420691447571e+02
-1.151086901045586046e+02
-4.977619742090238901e+02
1.628980521601664577e+02
5.723250837976246430e+02
7.906470905102244160e+02
1.878200843413019356e+02
8.848297689027347133e+02
9.614141121094378377e+02
-5.155492862196921351e+02
-4.457955553519850014e+02
5.112311608540893104e+01
-3.258980244760182643e+01
-1.167010726962024023e+02
7.734122087111601331e+02
-2.999308142248927993e+02
7.952275328201410503e+02
7.274530761623001354e+02
4.794446400314445782e+02
1.118315952138293170e+02
4.469264569168644385e+01
2.938673230742043074e+02
-2.498945034467917381e+00
-1.227640150961078263e+02
-1.496890742319575907e+02
-8.362532435872010410e+02
5.972520485613522396e+02
2.031067770776242014e+02
-6.596728727513901731e+02
5.062408853154577173e+02
6.196337062026822196e+02
-2.790524155707271916e+02
-3.809661046415939722e+02
-8.052120978100775801e+02
1.867095714849635044e+02
-9.488643147680696757e+02
-6.437318897676127563e+02
-3.318352703720452155e+02
6.716648146866999696e+02
-6.452744837959423876e+02
4.759985574928616074e+02
1.781100814899783131e+02
-6.801201709419423480e+01
3.324541758918928167e+02
-4.109790973252285085e+01
-8.821929999400703082e+02
-1.288614122732889484e+02
-3.160055090141488776e+01
1.351393545229160793e+02
-1.073360929069797294e+02
2.029488574230740880e+02
4.186414473694089224e+02
5.449892082566022822e+01
-9.718750746075314737e+02
3.341003959118813782e+02
-9.252394489896310006e+02
-7.799145932015298968e+02
5.431059699429155216e+02
2.360465935348563278e+02
-2.256777458087851187e+02
9.123275603630096384e+02
-9.665408290002591229e+02
2.542934935057285273e+01
8.078053799147138534e+02
2.515405234980112255e+02
9.440845675682112415e+02
-1.654686415147489953e+01
-6.215998572346854871e+02
-3.195541314408123412e+02
5.962565986546625254e+02
-6.848440269164304937e+02
-5.767738980973682601e+02
2.569349246538421312e+02
2.854239688167693885e+02
5.409212439735340467e+02
-7.037376426490834547e+02
4.663105677763149970e+02
-4.004065826726666728e+02
2.724449650738719697e+02
1.954505244840825071e+02
-1.550554482976325801e+02
-5.038895458156046061e+02
7.714813332580090446e+02
2.742842310763508067e+02
6.743620759896602976e+02
1.284556484778176753e+02
-8.287480284833050348e+01
6.476629407269518879e+02
3.195162004188100013e+02
-2.024515792675996977e+02
4.889765888243118752e+02
6.495670792431683083e+01
-7.448649332888345498e+02
5.698655864312392794e+01
-1.320658721573792320e+02
-6.217596341134391196e+02
-8.195214885676899996e+01
1.251813207976529441e+02
5.808770954566462024e+02
4.180153623692661995e+02
7.876699556855960509e+02
1.879539501387616554e+02
-3.563028314504104515e+02
8.011691918786143560e+02
-3.402039436324129156e+02
7.632399174109929163e+02
-8.191209111021214540e+02
2.296010391972394515e+01
9.664524882915803801e+02
-4.091409855367676300e+02
-9.270886954081241811e+02
-7.258014718963180485e+02
-4.947232845292284651e+02
-8.491456386019519869e+02
2.811899265676406117e+02
-8.576892288139152924e+02
-4.015336824678289673e+01
4.570756626737511965e+02
8.567510592858727705e+02
8.970906505756100842e+02
-6.703628722839287093e+02
-1.169588977939440610e+00
8.786004107992999934e+02
7.184322176211894657e+02
-2.435655475730925446e+02
1.983286570034862279e+02
9.174345257791553649e+02
-5.685115804397485135e+02
8.967687138147848600e+02
-7.312587844971988034e+02
-6.056988191758396169e+02
2.134196150726589636e+01
2.866149577398834367e+02
3.278336629955755939e+02
-6.173328895480037772e+02
4.573821119095597965e+02
-9.692727224707934965e+02
3.767974697503564698e+02
5.448635425333499143e+02
-5.029723589471266791e+02
8.872928861279997363e+02
-1.592412032711342249e+02
2.722983797837206907e+02
-9.772973977624052395e+02
8.736694183138761218e+02
2.982434646220625041e+02
3.247964742971010565e+00
9.581131761466773469e+02
5.064479914302373800e+02
-2.749139815450760693e+02
-1.092512108078630035e+02
-4.940126365273890769e+02
9.514082996838956205e+02
-8.553592963058191572e+02
-2.581080740416018671e+02
-1.388586059865907600e+02
-3.596045851053420392e+02
-9.673301919730209875e+02
5.332600329353559232e+01
9.911308100461812955e+02
8.412250250299757681e+02
-9.775364673144255221e+02
-1.190173283061003815e+02
-6.416060982789700518e+01
-7.903261119597395918e+02
-5.556452476522188135e+02
7.355358336572390954e+02
-2.709414014103904265e+02
8.843441475671902481e+02
5.471781532490169866e+02
-9.107202942903894609e+02
1.392583174354392384e+02
-8.757136016037983381e+02
-1.964586822721952046e+02
-9.826364150032728730e+02
9.494890678457707054e+02
3.314494662342725633e+02
7.048948199165970436e+02
7.880062741390727297e+02
