4.586751211226323335e+02
-5.575062461041268307e+02
2.352563578438886509e+02
8.919858074936188359e+02
-6.025948891695769589e+02
-1.279535213463232992e+02
-9.063819883212823925e+02
-8.571594032548302948e+02
8.963989875398206095e+02
8.647336077162940455e+02
-2.720147244543470038e+02
-5.552026819719460491e+02
5.033049323877885399e+02
6.037219030673428506e+02
-5.314339741640079637e+02
-5.807288262035334547e+00
-6.816943822664874233e+02
-7.845043218214319722e+02
-8.762539470653886156e+02
-4.716240803101488837e+02
6.831759218735804779e+02
8.520373641762113266e+02
9.327407514167729232e+02
1.830979894515600677e+02
5.365187944997244358e+02
5.988147292654609828e+02
-1.306549261426477528e+02
6.000499232290053442e+02
1.278063174001159439e+02
7.179279021791631976e+02
9.358062104213316843e+02
-5.775728233487881198e+02
3.002542046018699011e+02
1.699698375173502427e+02
7.830599287478507620e+01
-9.038823020561762860e+02
-7.019127266135513992e+02
-6.770577484374853157e+02
-1.849868612634255101e+02
-8.562173671393287577e+02
-7.314953537626957996e+02
1.739007517357556480e+02
3.344679748474380432e+01
2.740653741574976721e+02
5.234319915037933697e+02
3.179290486538980645e+02
-9.640261186293141691e+02
5.313273147266070282e+02
-8.988264783193919811e+02
-7.011244164730466082e+02
2.925266043888795480e+02
-8.513804651347961681e+02
8.763977268968369572e+02
9.336972440473018651e+02
6.045360106239154447e+02
7.611941499525797781e+02
-4.023568914853540832e+02
5.416113125097220973e+02
-3.654795321219044979e+01
7.265871099132236850e+02
2.855205365718286998e+02
-5.713981887917582299e+02
1.524841857800092839e+02
8.475366935611162944e+02
9.339929291709333938e+02
-3.463552942179895808e+02
-2.185835709338749666e+02
2.712998337873484189e+01
8.768277404585744534e+02
-2.933132863517560622e+02
-5.849566796115998386e+02
4.566550112275668880e+02
-3.081231713501534273e+02
-4.750482956082550459e+02
5.273658046485779778e+02
8.587332806108665295e+01
-5.701937252095799522e+02
1.876458305417372401e+02
1.561773274989208460e+02
-5.646279961921227368e+02
9.771577689990833733e+02
-5.418174201331012227e+02
1.231261259755953432e+02
1.160513651453737509e+02
-7.197445108793729105e+02
-6.374882200910690244e+02
7.599672532697820770e+02
-4.478582532132641347e+01
-4.977630619245832690e+02
1.628982811932457082e+02
5.818136400141855802e+02
6.980657659442009617e+02
1.872603185294953221e+02
8.884515880848281313e+02
9.688320898040323073e+02
-6.143775223054784647e+02
-4.366741236301055551e+02
4.605716451700108394e+01
-1.225992451600330639e+02
-1.584028296550332016e+02
7.774273137830086853e+02
-2.989772561894214959e+02
4.992791609065769194e+02
7.253436515235904380e+02
3.900682120935668422e+02
1.124812637578636298e+02
7.532691670735826506e+01
2.934767993752272446e+02
4.856689518808259720e+00
-1.233644650337677575e+02
-1.317354761657925337e+02
-4.513454219354560450e+02
5.669455475692467417e+02
2.045076522199634610e+02
-6.724574101258667724e+02
5.081370823425635308e+02
5.319036267530558462e+02
-2.654574573158515136e+02
-2.969786475098395613e+02
-8.052350983505775730e+02
1.804987866371422172e+02
-9.167995879957128409e+02
-6.406399848024075254e+02
-4.910464690542697213e+02
6.543078348092594752e+02
-6.457394507508283823e+02
4.692896613305174469e+02
1.855122227046539081e+02
-6.983105635512413301e+01
3.332842317894952089e+02
-1.798900066762470829e+02
-8.820404235240989692e+02
-1.251528652073022130e+02
-3.161423907759793295e+01
6.983043964244881607e+00
-1.209898283200780327e+02
1.992098798221043978e+02
4.270206853332062451e+02
3.646542053967770869e+01
-9.714242953234996776e+02
3.123689297466938228e+02
-9.252512434413239362e+02
-7.795904125784495591e+02
5.108862857649469902e+02
2.013256925574580691e+02
-2.312497322557356654e+02
9.121841199889372547e+02
-9.576708422963544081e+02
-4.401631281232128856e+01
8.075757161191160094e+02
1.567378375091815315e+02
9.439337903297123376e+02
-3.256484806602784943e+01
-6.214521109748370691e+02
-2.350185244354314023e+02
5.961478006244198014e+02
-6.463516495463046567e+02
-5.764626294674038718e+02
2.603860650796785876e+02
2.850846580558123833e+02
5.410938424629464407e+02
-7.009563605126730863e+02
4.653113047402031270e+02
-4.008075498667976149e+02
2.978653321382292916e+02
1.944616898870130228e+02
-1.552319550134938879e+02
-5.038073475178298963e+02
6.298986822816414133e+02
2.746069661317722534e+02
6.759372370212201986e+02
1.277821847165204048e+02
-8.585265830288813049e+01
6.436248623085565441e+02
3.051187636239284302e+02
-2.030899423467562599e+02
4.890132521725471406e+02
6.505203524379501800e+01
-7.454474311363474044e+02
5.696035783745005432e+01
-1.321372386291942007e+02
-6.243510985406882128e+02
-8.163738636934279214e+01
8.549524905411652753e+01
5.319558948972096459e+02
4.445212562832212484e+02
7.896685336963545296e+02
1.809021306831700713e+02
-1.571797688880795363e+02
8.015725573399819268e+02
-3.413341384471024185e+02
7.648296974606913636e+02
-8.159205928010625257e+02
2.024533864841745867e+01
9.922325288284573617e+02
-4.780980494216730676e+02
-9.280240645921369378e+02
-5.043789422805092499e+02
-4.987668402891374058e+02
-8.388566585665920456e+02
2.326186302836160280e+02
-8.414640025984094791e+02
1.473129526106088178e+02
4.566937702446257958e+02
7.784496447242870545e+02
8.925958422840203639e+02
-6.736429447753173463e+02
-3.478015213228160292e+02
8.747051123148921761e+02
7.178787129920888219e+02
-2.444224393586139854e+02
3.894910232021014451e+01
9.150715939067803220e+02
-5.684537524847485201e+02
8.958122828219770781e+02
-7.312581052414060423e+02
-4.772391277337662814e+02
2.150854689060405178e+01
2.431026115655669741e+02
3.104537890082745548e+02
-6.579165834153063770e+02
4.572834012150207172e+02
-9.101157341816482358e+02
3.570082895058786789e+02
3.694720694153990053e+02
-5.024709879249649589e+02
8.828463054169428688e+02
-1.592670245704128433e+02
2.718711973305871652e+02
-9.773156015321152381e+02
8.742051735579100296e+02
2.984950808964576368e+02
-3.018254375942708734e+01
9.585393230755472587e+02
5.051848479308585524e+02
-2.853829274026415419e+02
-1.097388880897457426e+02
-5.499890311869672814e+02
9.559671321448554409e+02
-8.699853982778141699e+02
-2.581331283042272844e+02
-1.185555583369199013e+02
-3.608973349127404617e+02
-9.642809809348913177e+02
5.146281891629708838e+01
9.927893162443808706e+02
8.402082088346975297e+02
-9.721873376234555053e+02
-9.951997249271497026e+01
-7.511392731453288718e+01
-7.781893375752370048e+02
-5.552599244190990930e+02
7.334668190581994622e+02
-2.128110160694959347e+02
8.864949811492737126e+02
5.472874620948233542e+02
-9.106218070382861924e+02
1.394595997101956470e+02
-8.752479373457135807e+02
-1.970012727716199947e+02
-9.679348493159897089e+02
9.467637193938221571e+02
3.313351039386604384e+02
7.049257910472157391e+02
7.879179370356979462e+02
