4.803381133618348144e+02
-5.575066844580042016e+02
2.515708991330332651e+02
8.769349728311234458e+02
-7.986579486173754958e+02
-1.806826484682192131e+02
-9.683474506724434150e+02
-8.551378545003268528e+02
9.718800224710585098e+02
8.647337066256986873e+02
-2.725371600311518137e+02
-5.552363470508967112e+02
5.134956094336115484e+02
6.043484064411201189e+02
-5.178808556564093806e+02
-1.343057740623485596e+00
-7.116422592065061963e+02
-7.846992928882343676e+02
-8.840109651871337064e+02
-4.716240803075875192e+02
6.832217762842268485e+02
8.520152848440422986e+02
4.207587908369105776e+02
1.473013266971159112e+02
5.387222026693655152e+02
6.547993200778904566e+02
-7.708931472858269274e+01
6.001600967842780392e+02
1.306709983266911763e+02
7.176032107382690128e+02
9.361324431646096400e+02
-7.391747290407820401e+02
2.998941542764258656e+02
1.630505589521965248e+02
7.807594689661016218e+01
-9.014492665001226896e+02
-7.017668277562728463e+02
-6.051799081663118614e+02
-1.831250908091888050e+02
-8.555106535853518608e+02
-7.314903323829954616e+02
1.773178988139572425e+02
3.059749542201623385e+01
2.754852883046460192e+02
1.617163235514828159e+02
3.156416535711850315e+02
-9.620386036310934514e+02
5.334690897048812985e+02
-9.036670704116544357e+02
-7.011699317272742746e+02
2.859302275674350540e+02
-8.568364033225084313e+02
8.742615063507357718e+02
9.336989113727189533e+02
6.046778214006443477e+02
8.169119644827067077e+02
-3.452596391948097789e+02
5.414056699541888520e+02
-3.934081835499506496e+01
7.222897394105921194e+02
2.892168221975716733e+02
-5.729829911157503375e+02
1.637925776536106071e+02
7.814764574474670553e+02
9.464327388983083438e+02
-3.463639307148279158e+02
-2.209047839125574910e+02
9.623352516686669134e+00
8.748113490436855955e+02
-2.928863755958428214e+02
-5.850303150850257907e+02
4.559369493712159738e+02
-2.952307127929205990e+02
-5.623513748239084862e+02
5.259632927864302019e+02
8.299013641977862221e+01
-5.469022866766539437e+02
1.706482900194350520e+02
1.873818679516851375e+02
-5.856234653743713352e+02
9.770837643289294192e+02
-5.440889634833642958e+02
2.351041987808529257e+02
1.156922003971346982e+02
-7.682141050066483103e+02
-6.393371567816241168e+02
7.497414905408782033e+02
-1.126527819309283274e+02
-4.977538393891235842e+02
1.628390892135806496e+02
5.826306593529692464e+02
7.742269477992997508e+02
1.676629277600134742e+02
8.875947987926665519e+02
9.690349463306502003e+02
-4.916462305858304944e+02
-4.411783046082493911e+02
4.375576937492323282e+01
-1.840640980028261140e+02
-1.583990302770293113e+02
7.690729688862352305e+02
-2.992515143470258749e+02
7.270091621785481948e+02
7.303207706082283721e+02
4.817887731469854771e+02
1.042797466200423457e+02
6.747523907614083782e+01
2.938442630935972488e+02
2.399221434715705925e-01
-1.240335129828155232e+02
-1.393311638321155215e+02
-4.533875330843090410e+02
6.207391637004722043e+02
2.046051477544654063e+02
-6.568628689132792715e+02
3.870649661051002113e+02
6.386303487998750370e+02
-3.048444410582875435e+02
-3.888026953332953326e+02
-8.052721907311863561e+02
1.860962043288716643e+02
-9.851194221578837187e+02
-6.418236791556126946e+02
-4.034990155363844337e+02
6.518416812399149194e+02
-6.451837244505901481e+02
4.764009880891164244e+02
1.705076994340714691e+02
-6.831672002916933195e+01
3.324861293813717680e+02
-1.971378805089098591e+02
-8.822119284549308986e+02
-1.284057104444562469e+02
-3.162784962807544176e+01
1.124060174011686399e+02
-1.077139472154609621e+02
2.030333559883477506e+02
4.329120980745524889e+02
1.871584560104235209e+02
-9.693291475633229766e+02
3.432344064130814445e+02
-9.251888480236502801e+02
-7.800542925696867087e+02
5.093931458549374724e+02
2.031668547271177090e+02
-2.312538211256824638e+02
9.116841459278423372e+02
-9.622645313273743568e+02
-3.452476291057346458e+01
8.075438069513214714e+02
2.326482552731218902e+02
9.425037517743126045e+02
-2.748634848404770281e+01
-6.322134734322005443e+02
-3.134769401929031574e+02
5.968918566183270968e+02
-6.463529006748981374e+02
-5.765548336777147824e+02
2.492286885521940860e+02
2.852841938546317238e+02
5.409891073420677685e+02
-7.172167402146952782e+02
4.672986383545630815e+02
-4.008316980728288286e+02
2.734206495938512376e+02
1.999393033323678139e+02
-1.553353304618711377e+02
-5.038280927082013250e+02
6.605938987247523073e+02
2.719999049584969271e+02
6.744965750388900005e+02
1.268812066444591977e+02
-1.139299298794997384e+02
6.474783788602060213e+02
3.037548553386275216e+02
-2.024766821108341901e+02
4.849570095666950920e+02
6.818878330639230967e+01
-7.467005291804787248e+02
5.681168800681518150e+01
-1.328741872537505344e+02
-6.225467440350423658e+02
-9.120814464876647776e+01
9.214973993210581682e+01
5.374220546549966002e+02
4.568062409252730731e+02
7.869655188778066304e+02
1.805823515217277304e+02
-5.293856979072728564e+02
8.012561362244229031e+02
-3.433836231950085676e+02
7.635260268904523855e+02
-8.186314055937488092e+02
1.226089352370746255e+01
9.967627414651083200e+02
-4.791303642122453539e+02
-9.298619743202575592e+02
-7.258704005205262320e+02
-4.620007580084262031e+02
-8.521386852838418235e+02
2.582348643749793382e+02
-7.274672563761420179e+02
1.471604952728151829e+02
4.565195675124102195e+02
7.649842520540111082e+02
8.954630561761815670e+02
-6.687123577020125822e+02
3.376656425293892738e+01
8.792531726471863749e+02
7.100180772339072064e+02
-2.439273224827980755e+02
3.730041048109188040e+01
9.155438716828423367e+02
-5.682605872516257932e+02
8.929581209302384650e+02
-7.300288720899775399e+02
-4.968842166818854480e+02
5.879533372148865844e+00
2.812024207295895621e+02
3.083667197182040240e+02
-7.980629122141186826e+02
4.572882844676178706e+02
-9.125196412048346701e+02
3.673589137646058589e+02
5.576392033629518892e+02
-5.027154809845486056e+02
8.871345459654625074e+02
-1.593741615192602126e+02
2.718748216157388242e+02
-9.773883756398582818e+02
8.742306106074646550e+02
2.981192335129161961e+02
5.483810552165327756e+00
9.399425290293460193e+02
5.057348314152621356e+02
-2.812067387442969562e+02
-1.095524350128360993e+02
-5.867862542937474473e+02
9.571974952797828564e+02
-8.571349294373491148e+02
-2.606866716894559204e+02
-1.590144640232649920e+02
-3.599305817724419398e+02
-9.654071207597792181e+02
5.317922136220977336e+01
9.895342385200236777e+02
8.404870298304358585e+02
-9.757047683302550922e+02
-1.148746461903596696e+02
-1.782538442482511698e+02
-7.829797310804954122e+02
-5.555802309759961872e+02
7.364235871751980085e+02
-2.192864221329592738e+02
8.838056811148766201e+02
5.446755543374260924e+02
-9.105607793251873545e+02
7.893008204400160821e+01
-8.746317984876570790e+02
-1.966082145921836002e+02
-9.677049878722232279e+02
9.279762241423145497e+02
3.312918824250364764e+02
7.049071255441598396e+02
7.878291196818165645e+02
