4.598305637507547772e+02
-5.575062511196065316e+02
2.348166734819689623e+02
8.789220839607302196e+02
-7.486209228533278974e+02
-1.272148954687396412e+02
-9.437589679037391761e+02
-8.539190493604602352e+02
9.714241416106057159e+02
8.647337066255923901e+02
-2.663103548344683418e+02
-5.552216575891932280e+02
4.327280341871714882e+02
6.081627601392387987e+02
-5.088044874771085802e+02
-4.493282361581949047e+00
-6.787896806228923197e+02
-7.846587012795985174e+02
-8.731709679910367186e+02
-4.716240802937829244e+02
7.004983898873132375e+02
8.519987372212092396e+02
4.383957709895552171e+02
1.475738547952473425e+02
5.404313160787772858e+02
6.586799589654204965e+02
-7.665514146552349928e+01
6.008152349892585562e+02
1.317720728708638376e+02
7.176891591387242215e+02
9.353466071924666494e+02
-7.387301880097569438e+02
3.003001013866611402e+02
1.630589957549109954e+02
6.910963636535554144e+01
-9.045755517455937706e+02
-7.020711535890521873e+02
-6.034531844979547941e+02
-1.822150013965442952e+02
-8.554521857875073465e+02
-7.385987194018578066e+02
1.756256712008146508e+02
2.947826916622123861e+01
2.743819423612397941e+02
4.988300781067288767e+02
3.156616940811246650e+02
-9.572591970124652789e+02
5.361112235246591808e+02
-9.028236897478099081e+02
-7.011483698796362205e+02
2.926421532463280641e+02
-8.517391344714343404e+02
8.799653819545488886e+02
9.336958310209520278e+02
6.047422902002159617e+02
8.074901203391302715e+02
-3.251164051515944493e+02
5.422453034064108124e+02
-3.287043063168924562e+01
7.400246583038184554e+02
2.855044831091069568e+02
-5.579796931342842754e+02
1.637419582251768304e+02
7.791288583771530512e+02
9.470992146030222330e+02
-3.461033551680720848e+02
-2.178209899259196334e+02
2.432340470592571791e+01
8.767484544285371157e+02
-2.895034470557829991e+02
-5.850962708515403392e+02
4.528460489916162146e+02
-3.111163204744759696e+02
-4.935940453499097771e+02
5.262056008055443499e+02
9.038516634812351924e+01
-5.469966329567412231e+02
2.020013807224722768e+02
1.852475567691621450e+02
-5.645914151220353006e+02
9.767698837519740209e+02
-5.426710055784988072e+02
1.230115858495629340e+02
1.172312084640858956e+02
-7.199669789270068350e+02
-6.401027434321304099e+02
9.280041977922794558e+02
-4.503076736079205489e+01
-4.977514569707973351e+02
1.628943234214277993e+02
5.833768139976805287e+02
7.748410041254957150e+02
1.882195529026849954e+02
8.900605681041312209e+02
9.863597132495250435e+02
-5.994592269472432235e+02
-4.395734159507659342e+02
5.046182495594767659e+01
-1.248805009177858949e+02
-1.584023939469392417e+02
7.715541627566842635e+02
-3.018535342259127106e+02
5.008524140913478959e+02
7.265439621332463958e+02
4.793959782990388021e+02
1.057910065903906087e+02
3.987874425891816088e+01
2.938815021689671880e+02
-2.638970004980463635e+00
-1.224671774428011304e+02
-1.395875543252905118e+02
-4.511030345332964089e+02
6.213445396674505901e+02
2.046054027884053710e+02
-6.595121290178291247e+02
5.088277473585356461e+02
6.118116801197368204e+02
-2.763514155660858478e+02
-3.729774290134387797e+02
-8.052078548645815772e+02
1.866643218957488841e+02
-9.605520585855567788e+02
-6.398028982293529907e+02
-3.985280348236878467e+02
6.525161738476136861e+02
-6.456842985786238387e+02
4.760167723284287149e+02
1.763423049559327183e+02
-6.788488790443864218e+01
3.332790291245713092e+02
-5.061015364123165483e+01
-8.819983450215986522e+02
-1.282045749953065013e+02
-3.161437371068213054e+01
1.121773494329455758e+02
-1.072517515220828841e+02
1.999478684313978647e+02
4.185782144373866345e+02
1.787507203791555526e+02
-9.717282814979474779e+02
3.241579549315532631e+02
-9.252472204995316361e+02
-7.793954064427672392e+02
5.052412910295105917e+02
8.666582565305422747e+01
-2.278683287869202445e+02
9.123264326103098938e+02
-9.647816603882774871e+02
-3.693657371975655934e+01
8.074734018816535581e+02
1.724743970065409258e+02
9.437869085405936858e+02
-2.763875495855565134e+01
-6.235002787617227114e+02
-3.232335229899313731e+02
6.020260241815933568e+02
-6.485766789275461406e+02
-5.766587319388904689e+02
2.581135472380530587e+02
2.852510362257253860e+02
5.409081672053197281e+02
-7.079025376157514984e+02
4.666357539970189805e+02
-3.919105862081831901e+02
2.964818853748682841e+02
1.989975501349987610e+02
-1.501367118433428800e+02
-5.037787200379990509e+02
6.330506372110849043e+02
2.741321537219512265e+02
6.745473192452328703e+02
1.285648177848896410e+02
-8.287039196832428445e+01
6.482685416302655312e+02
3.120748497762279499e+02
-2.024717443020483074e+02
4.923272214840407059e+02
1.459728387587476561e+01
-7.458207845288416138e+02
5.698772172843075623e+01
-1.310624102671745561e+02
-6.209071614131798924e+02
-8.398543198533732834e+01
8.512761161643592800e+01
5.331802736304512109e+02
4.133626713762482154e+02
7.875220987594501594e+02
1.856580114107336783e+02
-5.324802339130226301e+02
8.025636594690195125e+02
-3.271252153567536993e+02
8.706357006652133350e+02
-8.185369559420822725e+02
2.233911322508295427e+01
9.686461857034012155e+02
-4.821037853011205812e+02
-9.391129782100275634e+02
-7.137005133944592217e+02
-4.937071234230763253e+02
-8.491863308722553256e+02
2.569288786628694652e+02
-8.417324284843007263e+02
1.439017956920714028e+02
4.570037268484272772e+02
8.741842285415159495e+02
8.967912516601727475e+02
-6.711045323833903922e+02
2.576277356490039949e+01
8.784857114281878694e+02
7.177081553930231621e+02
-2.435109334496651456e+02
3.920706312330393928e+01
9.174301299409980857e+02
-5.684720308663145261e+02
8.958237993574153961e+02
-7.313443857539405144e+02
-7.896547875273436148e+02
2.126472902506687745e+01
2.868746736630208716e+02
3.121217335311083048e+02
-6.181490248453663980e+02
4.572928009552609296e+02
-9.665707519487663149e+02
3.759031626164259592e+02
3.510608657830352968e+02
-5.029484563820641370e+02
8.873895228572522456e+02
-1.593569285915197042e+02
2.721814708854446963e+02
-9.773160664226882091e+02
8.742328593154570626e+02
3.090287266590290756e+02
5.541486555439566253e+00
9.580747796930444338e+02
5.064915760899264114e+02
-2.710144376600634928e+02
-1.065638803473856058e+02
-5.817569192689649071e+02
9.575072744985512827e+02
-8.703997331073641135e+02
-2.564647621588931088e+02
-1.525864021863210951e+02
-3.607242808755200940e+02
-9.720819376250234427e+02
5.414276252427611524e+01
9.919328997423646115e+02
8.413957853009385417e+02
-9.755183826742810425e+02
-1.002033592523235086e+02
-7.470667375807481392e+01
-7.913780972392770536e+02
-5.551783889878320224e+02
7.357024047796819559e+02
-2.997902210201938260e+02
8.850131719091850755e+02
5.444426408046693950e+02
-9.015199718414526160e+02
1.394110025842263383e+02
-8.716950639104888978e+02
-1.961861766192166954e+02
-9.690933864714072570e+02
9.263606044617893076e+02
3.310719899312377379e+02
7.050111603893445817e+02
7.878986114185717042e+02
