2.400840007814026080e+02
-5.574971561624822698e+02
2.460202200943192850e+02
8.786473737342157619e+02
-5.875926179136116616e+02
-1.256804530820163137e+02
-8.966137758630817416e+02
-8.538537408466434044e+02
9.702491123915234539e+02
8.397754113353746561e+02
-2.685807795624456276e+02
-5.551888096719203531e+02
5.418377487599544793e+02
7.027407660360007640e+02
-4.711996441765149370e+02
5.126969537707255498e-01
-6.758724755646851463e+02
-7.814338098419033258e+02
-8.748429425668463182e+02
-4.716240803053112813e+02
7.056153314142923136e+02
8.520943462164711946e+02
4.298616097101627247e+02
1.806590435969916086e+02
5.455165346675921683e+02
6.491585693340940679e+02
-7.616777100571908932e+01
6.015782946222462897e+02
1.312157710738666481e+02
7.261032882328398728e+02
9.353731114151059955e+02
-7.368563221293253491e+02
3.000092115847350556e+02
1.878337097862200835e+02
7.891046979074475587e+01
-9.015948874173034255e+02
-7.020126409537461996e+02
-3.320041811923863406e+02
-1.820251955032267972e+02
-8.476098320206447170e+02
-7.314661552983412776e+02
1.684188580313506804e+02
3.189338413436873765e+01
2.754843926325772827e+02
5.071666147779621383e+02
3.185043409560115606e+02
-9.563284569157102624e+02
5.347943639624133993e+02
-8.550563364238844315e+02
-7.011471213313261615e+02
2.941469834883462227e+02
-8.530813283065458563e+02
9.963042810074787212e+02
9.337471343461735387e+02
6.047988473253211623e+02
8.082814230381803782e+02
-3.660203336899313626e+02
5.427404749414263279e+02
3.454045624814553150e+01
7.396667796083994517e+02
3.237964094332860441e+02
-5.454636980366217358e+02
1.645232269674499150e+02
7.875047539212132506e+02
9.467788573582913614e+02
-3.462576745099377149e+02
-2.185556524150166808e+02
1.123332242435323636e+01
8.792740729757933877e+02
-2.891017893221429631e+02
-5.810961055104028219e+02
4.566829774745306167e+02
-2.516232072645665880e+02
-3.832775365917509021e+02
5.347895282978695377e+02
9.190396111920711064e+01
-5.419325446674902196e+02
2.131838365358970577e+02
1.939240981634336265e+02
-5.647248884837242713e+02
9.769387674990748565e+02
-5.387439657357230089e+02
1.406522557848342956e+02
1.163002599518140414e+02
-7.173377162829845020e+02
-6.356201511165369311e+02
9.165716875806278949e+02
-3.983380777518112836e+01
-4.977116525012523880e+02
1.629119121446398424e+02
5.838207945437484341e+02
7.719951513228937756e+02
2.042002184989445936e+02
8.885240301927586870e+02
9.561119077995007274e+02
-6.099126038686367792e+02
-4.359713067660307502e+02
5.110814438371267698e+01
-2.189435479003267915e+01
-1.583797677564317041e+02
9.285231195342132651e+02
-2.995207085102984479e+02
8.919361251200069773e+02
7.266460548624700095e+02
4.797322407952771641e+02
1.117655337175597339e+02
7.759144366304542473e+01
2.938677033507805731e+02
2.053986647399288934e+00
-1.227322255011941650e+02
-2.540895121166954311e+02
-4.529225047235560737e+02
6.788185930402080430e+02
2.027553651917212676e+02
-6.584742743585205744e+02
5.140382373339651849e+02
6.266389662141928056e+02
-2.668342351401521455e+02
-3.020735511592552029e+02
-8.052017503492991182e+02
1.872298105047397598e+02
-9.606618504257714903e+02
-6.382457906386756576e+02
-3.993872449355765752e+02
6.516662830612481230e+02
-6.451433218264254492e+02
4.762836342239273790e+02
1.772176512398755222e+02
-4.576744832315083045e+01
3.332895019156305239e+02
-5.361664476886917896e+01
-8.827069344287621107e+02
-1.212327057520641489e+02
-3.163054123785825311e+01
1.131271329103728078e+02
-1.048889870282809795e+02
2.028926803069790594e+02
4.168404189272611120e+02
2.168723412299478355e+02
-9.672267048939652341e+02
3.369971863394807770e+02
-9.251762519301653356e+02
-7.700336434271662256e+02
5.093897427407353575e+02
2.373336641741516928e+02
-2.262690030995398160e+02
9.124324470351189120e+02
-9.586518756222752700e+02
-3.313527640240582883e+01
8.084349016870065725e+02
2.421130853675982735e+02
9.439158283460544681e+02
-2.719901513874885168e+01
-6.208829398384007163e+02
-3.148126704966113039e+02
5.963505969697604314e+02
-6.463428118653154115e+02
-5.752587440879186715e+02
2.620594538299525311e+02
2.852848937128232478e+02
5.409585714655305537e+02
-7.033672879765636026e+02
4.790272169919116436e+02
-3.999071705047857677e+02
2.957087367142555081e+02
1.997936390838407021e+02
-1.550050763032673729e+02
-4.942028944421293772e+02
7.699208533404855643e+02
2.742808685814707133e+02
6.745389238621565937e+02
1.283947369509709802e+02
-7.416099358411617004e+01
6.473482577450756708e+02
3.182888927474435263e+02
-2.014685508411758974e+02
5.238507034418054218e+02
8.389083292712426498e+01
-7.439076274099487591e+02
5.696762266134459907e+01
-1.328495263073116348e+02
-6.217286122776911270e+02
-7.953105507574312583e+01
1.329821257415211448e+02
5.562852163061057809e+02
7.152322793650876065e+02
7.892297939815123300e+02
1.860494519090799201e+02
-4.001793935076175330e+02
8.135778917273270281e+02
-3.430423341282267415e+02
7.625426671655740165e+02
-8.191916260169278985e+02
2.172833187457020543e+01
9.985718709757675242e+02
-3.970162041709987193e+02
-9.476931752936603743e+02
-8.304918232896293375e+02
-4.575823471194884746e+02
-8.484278976750966876e+02
2.559632441535309226e+02
-6.706676712310556923e+02
1.410478822113633157e+02
4.569291384015173207e+02
9.085075069218971748e+02
8.971356667981262945e+02
-6.698415307409698016e+02
3.674478136722902377e+01
8.785995815189102132e+02
7.384500684094969074e+02
-2.443608108807263477e+02
4.180859852635027352e+01
9.188605221608227112e+02
-5.683894555621677682e+02
8.968350370361835076e+02
-7.301641521623963627e+02
-4.748469178465685445e+02
2.141833667197246172e+01
2.881354537591055305e+02
3.301641666159246142e+02
-6.173433306978012070e+02
4.573830489566946653e+02
-9.138365747219455670e+02
3.785784122595425174e+02
5.646236613209317738e+02
-5.011327350846392505e+02
8.878716672489985058e+02
-1.596171783119971224e+02
2.927533646536169840e+02
-9.773165873032556874e+02
8.742329850918956708e+02
2.985186871926661638e+02
5.537659448167416620e+00
9.590681320491695487e+02
5.271467209301868024e+02
-2.673625564874512861e+02
-1.092395313683125835e+02
-4.296850705106811574e+02
9.575346173714239058e+02
-8.552948938207271112e+02
-2.578945565958990187e+02
-1.220876831471007478e+02
-3.591813748063787557e+02
-9.671255222610591318e+02
5.333293300153786021e+01
9.905901197304726793e+02
8.403212427558423769e+02
-9.509601503620554013e+02
-9.497603255681740109e+01
-6.177037929935915628e+01
-7.710240304869092824e+02
-5.544826931045585070e+02
7.362105263303469656e+02
-2.150823729400063655e+02
8.853710597792882027e+02
5.443184508346101893e+02
-9.052188642111397030e+02
1.394087050681693256e+02
-8.733547102189845646e+02
-1.966087082601406735e+02
-9.696350437784760743e+02
9.692511115224901914e+02
3.319682631381149349e+02
7.086129455713435163e+02
7.869050615979988379e+02
