4.691807828166801073e+02
-5.574972025844048176e+02
3.032158704162150116e+02
8.916448574105453417e+02
-5.788986706880181146e+02
-1.279535213463232992e+02
-9.054232824401482276e+02
-8.537779050472795461e+02
9.716434290331858392e+02
8.647337066241611865e+02
-2.683828058854252845e+02
-5.552028265792138200e+02
5.110280074201843377e+02
6.037727918120594950e+02
-5.307236617328511556e+02
-5.924303137728232471e+00
-6.861111010373213048e+02
-7.845043218214319722e+02
-8.762539470653886156e+02
-4.716240803040834635e+02
6.829587940931421599e+02
8.520377829385757877e+02
9.938525001670209349e+02
1.844366878614021914e+02
5.405036465021248659e+02
5.999269653290989481e+02
-6.699857188476900660e+01
5.995600727051885315e+02
1.277925276887906989e+02
7.473379316300645314e+02
9.822665988407868554e+02
-7.343328228073013406e+02
3.020962449540762123e+02
1.687352008073433751e+02
7.846827973371740939e+01
-9.038823020561762860e+02
-7.019100894599137064e+02
-6.007545150142710781e+02
-1.849629017207560935e+02
-8.481949908921423003e+02
-7.302496746716169582e+02
1.767883103084223819e+02
3.315814400425711739e+01
3.025354960772461936e+02
5.277494008908884098e+02
3.294872977238303520e+02
-6.678596701532685529e+02
5.313064673076079316e+02
-9.050082960882655243e+02
-7.011244164730466082e+02
3.217033148252227193e+02
-8.513804651347961681e+02
9.027751413334134440e+02
9.337488459008033033e+02
4.746913000805677711e+02
7.618627399060883363e+02
-3.721020099578271356e+02
5.416113125097220973e+02
-3.654795321219044979e+01
7.245051817619723806e+02
2.858312155682917250e+02
-5.713981887917582299e+02
1.522430029735369885e+02
8.475366935611162944e+02
9.334684115727646940e+02
-3.461425777825596128e+02
-2.185830208196842364e+02
2.674746548838060534e+01
8.768403041934872135e+02
-2.890824960480441632e+02
-5.680534447620821084e+02
4.570783868020811838e+02
-3.081231713501534273e+02
-4.753783919748613584e+02
5.273794926642240171e+02
9.088610263266113520e+01
-5.701937252095799522e+02
1.991466340212411694e+02
1.625091278019659455e+02
-5.646257664806221328e+02
9.771556434946353420e+02
-5.418174201331012227e+02
1.356251860646599425e+02
1.160513651453737509e+02
-7.197445108793729105e+02
-6.373283949882662682e+02
9.714232929856890451e+02
-2.621640819532992595e+01
-4.977529192292638527e+02
1.629033045693532245e+02
5.818136400141855802e+02
6.980657659442009617e+02
1.872461956828723828e+02
8.902281306372657355e+02
9.686397471415792779e+02
-6.116871865519977973e+02
-4.366671101228438943e+02
4.605716451700108394e+01
2.398325486179779986e+01
-1.584011092873371354e+02
7.774586140657722808e+02
-2.990503559150902788e+02
5.631106097067852261e+02
7.253436515235904380e+02
4.805061496735264654e+02
1.124812637578636298e+02
7.532691670735826506e+01
2.934702622075272984e+02
5.075919334963796103e+00
-1.230265315267313468e+02
-1.317603586989403937e+02
-4.510418224819935631e+02
5.619354885736159986e+02
2.050940142576361325e+02
-5.819558693455323919e+02
5.104060609334904370e+02
5.239672099980163011e+02
-2.654574573158515136e+02
-2.969786475098395613e+02
-8.052348943868566948e+02
1.804987866371422172e+02
-9.167995879957128409e+02
-6.218664951567611752e+02
-4.047324210848560142e+02
6.525588072314919827e+02
-6.457178923383628444e+02
4.692896613305174469e+02
1.832711494216070776e+02
-6.978907176374015364e+01
3.332842317894952089e+02
-4.253068060365990277e+01
-8.820456151357969929e+02
-1.226259419767972361e+02
-3.133533239672987136e+01
5.234441252233381192e+00
-1.209898283200780327e+02
1.991956092679792505e+02
4.254856338128273023e+02
2.138070766808109227e+02
-9.714292713190765198e+02
3.123689297466938228e+02
-9.253497383752524001e+02
-7.790364295241420223e+02
5.108898275692300217e+02
2.037405849359034562e+02
-2.312497322557356654e+02
9.121848479969395385e+02
-9.576708422963544081e+02
-4.375917719055700417e+01
8.078031064897072611e+02
1.725897907849304147e+02
9.439513144348368314e+02
-3.256484806602784943e+01
-6.220517821297412411e+02
-2.350185244354314023e+02
5.960098060413203029e+02
-6.463609074296074368e+02
-5.764626294674038718e+02
2.603853480793750919e+02
2.850852366464862371e+02
5.411005906190808901e+02
-7.009563605126730863e+02
4.650928065499496142e+02
-4.008075498667976149e+02
2.977566417427714214e+02
1.999674465679049717e+02
-1.549773587414460110e+02
-5.037999881750313307e+02
6.300528783407373794e+02
2.746058162687969570e+02
6.759372370212201986e+02
1.276978012256234365e+02
-8.590155753928576132e+01
6.436248623085565441e+02
3.053793118734539576e+02
-2.030899423467562599e+02
4.919491980737469135e+02
6.548592147911035966e+01
-7.125526881891012181e+02
5.696035783745005432e+01
-1.320235246242915537e+02
-6.243510985406882128e+02
-8.163738636934279214e+01
9.059171082884786586e+01
5.582240551057032008e+02
4.384869860087288771e+02
7.896047062716341998e+02
1.808982545873596450e+02
-1.573556411585221326e+02
8.014993582233656753e+02
-3.413341384471024185e+02
8.259302625718731861e+02
-8.160197102563791987e+02
1.985792087830975916e+01
9.922325288284573617e+02
-3.967899605688860447e+02
-9.280240645921369378e+02
-5.107327507072349704e+02
-4.888141080541882957e+02
-8.386063488946628013e+02
2.326186302836160280e+02
-8.414640025984094791e+02
1.473129526106088178e+02
4.561702239861677981e+02
8.522994475413449891e+02
8.925958422840203639e+02
-6.687549402758490942e+02
-3.794700097036445072e+02
8.747623443180337972e+02
7.178787129920888219e+02
-2.443857110990449542e+02
3.892797203063464195e+01
9.149635835985159247e+02
-5.684541486159024544e+02
8.985518872968783626e+02
-7.312581052414060423e+02
-4.775271777606966452e+02
2.151145427414051881e+01
2.438984431937958561e+02
3.240207685042903449e+02
-6.579165834153063770e+02
4.573897049509822637e+02
-9.101037154039295274e+02
3.852776356353724623e+02
6.916285032158893955e+02
-5.011328404386999864e+02
8.926686609643970769e+02
-1.592684057784399556e+02
2.718935495126312958e+02
-9.773164361291509294e+02
8.742326139661231537e+02
2.984746148399929098e+02
-3.028112128963189065e+01
9.585393230755472587e+02
5.072322486310190470e+02
-2.809338732691209088e+02
-1.097332412513632107e+02
-4.923363986870954250e+02
9.559671321448554409e+02
-8.703218828989678286e+02
-2.581436692397852539e+02
-1.163254880516871737e+02
-3.592798326139156870e+02
-9.639506063458709377e+02
5.146281891629708838e+01
9.927915492419590464e+02
8.402082088346975297e+02
-9.721873376234555053e+02
-9.949520447301293302e+01
-7.444493389363580604e+01
-7.565078729767323011e+02
-5.552599244190990930e+02
7.334668190581994622e+02
-2.216879432366993399e+02
8.864228297937142997e+02
5.482452748578886030e+02
-9.134328622227803862e+02
1.395144945533016880e+02
-8.752634226148841208e+02
-1.967954450073764292e+02
-9.675744943720784477e+02
9.470235877861978224e+02
3.313402662875794249e+02
7.049257910472157391e+02
7.886047530168606272e+02
