2.917578271236912428e+02
-5.575063411886519589e+02
2.646728326222145142e+02
8.743296450185231379e+02
-6.099980070928193072e+02
-1.280324656565395856e+02
-9.171820344824801623e+02
-8.529517044070927341e+02
9.715574648784016745e+02
8.647337066254959836e+02
-2.688427284518795659e+02
-5.552174827362505312e+02
5.333355073858965625e+02
6.070426399047685209e+02
-5.145498689754263069e+02
-5.725534803495464509e+00
-6.752667081909663693e+02
-7.842293338295900185e+02
-8.745453393168393177e+02
-4.716240803066322087e+02
7.079701942457954829e+02
8.520788192633824565e+02
8.978576220711976248e+02
1.804925947639285937e+02
5.441704965504354732e+02
6.585394435554405845e+02
-7.662781922178450600e+01
5.994732067425579771e+02
1.534668020550317351e+02
7.173113713999433685e+02
9.362291989531211129e+02
-7.401730790094304666e+02
3.002974657681658641e+02
1.629325575182319028e+02
7.890925644609743017e+01
-9.039044213029487764e+02
-7.023201528898298420e+02
-6.068654051140952106e+02
-1.822154527548964325e+02
-8.555027631492364435e+02
-7.314602788419937269e+02
1.746261825903952740e+02
3.239981085917367665e+01
2.754875390019633414e+02
5.198546060187873081e+02
3.239893939274761010e+02
-9.620651855193596020e+02
5.361392483770308672e+02
-9.059579531013656606e+02
-7.007932020751849223e+02
2.910373457604869714e+02
-8.556102171780647723e+02
8.806893854331360671e+02
9.336957874507789938e+02
6.050463495831211276e+02
8.279103853172758818e+02
-4.139800733249460905e+02
5.405210205079982870e+02
-2.376612856808728935e+01
7.211850559919701027e+02
2.940172547289407703e+02
-5.579824795246448730e+02
1.629379507542177805e+02
7.836934432964177404e+02
9.478822088894158924e+02
-3.103157433658715831e+02
-2.177498714144587382e+02
2.315963233465543425e+01
8.787084700596919902e+02
-2.894740979307297835e+02
-5.857232011273644048e+02
4.528925908660337427e+02
-2.521758227128465251e+02
-3.387779584500927967e+02
5.261824997963529995e+02
8.784468490233462035e+01
-5.467359542838416928e+02
2.009697635854127498e+02
1.904201733655071109e+02
-5.646107330881202415e+02
9.771541929671122944e+02
-5.415703166431127329e+02
1.370095509380695376e+02
1.169277685372767337e+02
-3.044165728812160410e+02
-6.346957529892301864e+02
9.254902722437585680e+02
-4.134100498807723056e+01
-4.977534560729329769e+02
1.629054533753740373e+02
5.715101934788677909e+02
7.709813955649260606e+02
2.013676875347235296e+02
8.909555654979266137e+02
9.871099846759719867e+02
-6.093254642331611421e+02
-4.403633633618122190e+02
4.123258777882104908e+01
-1.133958746659512826e+02
-1.584074712588015643e+02
9.345133453760388420e+02
-2.954382704964029358e+02
5.486471915194093754e+02
7.264543183144963905e+02
4.951394387055277662e+02
1.089841851657200351e+02
4.041952243411542156e+01
2.938254072070093912e+02
-2.726870722853551143e+00
-1.231035456728103838e+02
-1.304431752397592277e+02
-4.511185600287037687e+02
6.212745710672863879e+02
2.042510495708418148e+02
-6.634818808000495665e+02
4.155342821186887932e+02
5.009576480927492526e+02
-2.008447011508764319e+02
-3.901306930008390168e+02
-8.052072000193169288e+02
1.850323095804307911e+02
-9.596617642254931297e+02
-6.434935540298431533e+02
-4.218785438512568362e+02
5.830638034440627280e+02
-6.611211523572440001e+02
4.763534284522613689e+02
2.252539273528310275e+02
-6.688254467158391492e+01
3.324640669450499786e+02
-2.101716638672222075e+02
-8.722175850191257496e+02
-1.278267687093588592e+02
-3.162057643421842457e+01
1.131599218467920736e+02
-1.050869555375366247e+02
2.029367886126139808e+02
4.188068418421483443e+02
4.637800338088283070e+01
-9.717568518873277981e+02
3.194919642280985954e+02
-9.262408176617947220e+02
-7.903012772502893313e+02
5.137164187342542618e+02
2.047041843084648178e+02
-2.311592551471080981e+02
9.123020543076248714e+02
-9.623500232387374353e+02
-3.384802808059879453e+01
8.077911484106037960e+02
1.156853250587665372e+02
9.436076770648480760e+02
-2.738972690344171923e+01
-6.216001502722625673e+02
-4.166832216163282965e+01
6.085330444813016584e+02
-6.463657715382595370e+02
-5.766606609906840504e+02
2.646506699475517053e+02
2.852534034893099602e+02
5.405527768025960995e+02
-7.515118691780669451e+02
4.803137225520546281e+02
-3.915313540707006723e+02
2.957400671395544691e+02
3.913773036860246179e+02
-1.488161194224476560e+02
-5.036457432575567736e+02
7.702799718443109214e+02
2.742369863359738247e+02
6.744505768676509661e+02
1.283828624175037874e+02
-8.302843920123471833e+01
6.475997283013849710e+02
3.139669379319824998e+02
-2.024610253567740301e+02
4.931046434748784577e+02
6.997424601795400179e+01
-7.141430240260409619e+02
5.697745903039297843e+01
-3.591943581581187459e+02
-6.195867493994479673e+02
-8.076332860147275028e+01
1.174188243302113790e+02
4.261591229223977280e+02
4.349236196539826551e+02
7.874967633668743474e+02
1.882271418331705490e+02
-3.393230136400617880e+02
8.016002433001156078e+02
-3.430390187410011436e+02
8.874111016061355031e+02
-8.183654664445966773e+02
2.287398416607046414e+01
9.968459428736556447e+02
-4.071476729566481936e+02
-8.384663593973148181e+02
-7.103399152657603963e+02
-4.946556416420717710e+02
-8.481709077474807827e+02
2.311229708941714591e+02
-6.730837409606039046e+02
1.600085204953884954e+02
4.569919949956147889e+02
8.589985399657819016e+02
8.970265624693646487e+02
-6.709480162832520591e+02
3.670700415430084718e+01
8.789092146985070713e+02
7.179164458433831442e+02
-2.350558373594353725e+02
4.124212104790861133e+01
9.179585920123051892e+02
-5.684442656354349310e+02
8.954996612302502399e+02
-7.301454998664293043e+02
-4.791362562970769545e+02
2.119753096232619782e+01
2.866831647791337332e+02
3.246562750538931255e+02
-6.211240932297131394e+02
4.574349974040116535e+02
-9.087681236945452383e+02
3.790690213354604907e+02
5.634890702684434700e+02
-5.007509691287536384e+02
8.872526172073894486e+02
-1.593591475352364739e+02
2.722077421580484611e+02
-9.773152472337741301e+02
8.742781893761984975e+02
2.980660321137434607e+02
5.454740016677732228e+00
9.536637716856852194e+02
5.046035860422943529e+02
-2.855668879502442792e+02
-1.069462039118653536e+02
-5.828236130820803282e+02
9.569592680364357875e+02
-8.555424210374109180e+02
-2.581271766521144286e+02
-1.205554186839497106e+02
-3.599377066639851819e+02
-9.723634300210584342e+02
5.338842390003422622e+01
9.930098117370580439e+02
8.403671005732894628e+02
-9.755081115190808987e+02
-1.133650813882733672e+02
-7.404250138661852532e+01
-7.772087179151994860e+02
-5.550929190533991004e+02
7.335068353482287193e+02
-2.089063527543113423e+02
8.861448999425640523e+02
5.444673078705973239e+02
-9.107528009663506054e+02
1.396179761308735863e+02
-8.732370002650446850e+02
-1.972416781294846544e+02
-9.755950213257136738e+02
9.263344522313398102e+02
3.313984285166305881e+02
7.049451195240101242e+02
7.878098121805103347e+02
