4.780499579265807597e+02
-5.575090371391032704e+02
2.351823984296808874e+02
8.768341333112452958e+02
-5.968435874827810039e+02
-1.270833839048818419e+02
-9.065647441147092422e+02
-8.530124978121201593e+02
9.775127680538145114e+02
8.647337306399285808e+02
-2.624445045029076482e+02
-5.552220831776061232e+02
5.030053740940275020e+02
6.085227954252356994e+02
-5.182367097410976839e+02
-1.231197025478062423e+00
-6.752353445376730861e+02
-7.842772149848592562e+02
-8.745776130107750532e+02
-4.716240803095934666e+02
7.008693638254227380e+02
8.520000916874760151e+02
9.366491006782491695e+02
1.831914918924749429e+02
5.498427715456791702e+02
6.104215980853881547e+02
-1.263564498724251166e+02
6.015182996155223236e+02
1.281771527451992654e+02
7.172288726730982944e+02
9.376849628531674625e+02
-7.400473399580828300e+02
3.002923925653241781e+02
1.873021758544393833e+02
7.811918230662830354e+01
-9.011826896528925772e+02
-4.472325732489586585e+02
-6.064782724139198535e+02
-1.824499923095766860e+02
-8.562658745984986126e+02
-7.309761083678580462e+02
1.739286062292566157e+02
3.651430899540327601e+01
2.740628955023115623e+02
5.234589427436543474e+02
3.158120958235505782e+02
-9.639603304012124454e+02
5.332081787340200663e+02
-9.290083192189734973e+02
-7.010965556046382972e+02
3.083483405110594049e+02
-8.535601780928209337e+02
8.806393367825626228e+02
9.336982636797418991e+02
6.036396406666053736e+02
8.294692723161089134e+02
-6.417518658442108972e+02
5.412145930175014428e+02
-3.750044722479088222e+01
7.397666704537592750e+02
2.908941636547687040e+02
-5.692799268270480297e+02
1.629796331786589860e+02
7.807237631349388494e+02
9.480119092639586142e+02
-3.463591011173888319e+02
-2.177347008185278412e+02
2.495489140567234898e+01
8.787304146213961076e+02
-2.931788989499135596e+02
-5.847810645507033769e+02
4.566779142816546937e+02
-3.083702639145956823e+02
-5.223949151337001240e+02
5.243288195301449832e+02
8.573701931932261289e+01
-5.460023807358264776e+02
1.875744369929911102e+02
1.560351493597378578e+02
-5.645978907368248656e+02
9.772153389685041702e+02
-5.415147752974772857e+02
1.229683132157351935e+02
1.142126863973361708e+02
-7.143340830214843891e+02
-6.362098569143311124e+02
9.842395601322672292e+02
-4.479564902305207852e+01
-4.977637001339841163e+02
1.628981772563990376e+02
5.853229360967623052e+02
7.751365154173936389e+02
1.877503635055599602e+02
8.900175310787514036e+02
9.635132420954512327e+02
-5.890950990123135398e+02
-4.364139968436245454e+02
5.019292875472979176e+01
-2.034679947273152436e+02
-1.583832681476988000e+02
7.786510784674476326e+02
-3.845583605633382831e+02
5.554446334278234190e+02
7.269997626391464109e+02
4.941271754728206247e+02
1.126679895037715227e+02
7.048666948815204591e+01
2.938377216524371534e+02
1.086702964462083187e+01
-1.233743016297324289e+02
-1.393255169745816886e+02
-4.544394834866303086e+02
6.219318582951577810e+02
2.044969408045385535e+02
-6.724413540198665942e+02
5.121554394738130895e+02
5.078950762217934312e+02
-2.834301942331279065e+02
-3.899839984855407238e+02
-8.052101608068885525e+02
1.935209255762278531e+02
-9.235967244465479098e+02
-6.402142390091696598e+02
-4.941290462791024538e+02
6.765226458295257999e+02
-6.457148586488196997e+02
4.642145297988945458e+02
2.243064000126991004e+02
-6.957905084084775638e+01
3.334083007783822836e+02
-1.856480064551261933e+02
-8.819419746483449671e+02
-1.257212438357511530e+02
-3.160032822055468671e+01
1.335499723979655755e+02
-1.072205726325737203e+02
1.993894172303876644e+02
4.186332513022051671e+02
5.248464474141303526e+01
-9.714091508352308892e+02
3.177853047566156306e+02
-9.251394272425350209e+02
-7.797856766118643463e+02
5.099189282244134915e+02
2.267075782098554555e+02
-2.255878117668632115e+02
9.123001895167856219e+02
-9.540843991592802240e+02
-3.806386590108903789e+01
8.074712299768276580e+02
1.575661877380105693e+02
9.439306135920227234e+02
-1.643462828081445082e+01
-6.226125199645434805e+02
-2.329577797593152582e+02
5.984235601690286330e+02
-6.463417459892508532e+02
-5.764908052505576279e+02
2.567256952949887250e+02
2.851596932492194014e+02
5.410097905160694154e+02
-5.560112394784500793e+02
4.666494762139847126e+02
-4.046259286360456144e+02
2.732750583537140869e+02
2.001792530279707023e+02
-1.601277808880570888e+02
-5.038073977360855338e+02
6.251093326339479290e+02
2.730729618982658167e+02
6.743568052687236332e+02
1.319665825761834412e+02
-8.408492831171975013e+01
6.527859363272461906e+02
2.238692299114950970e+02
-2.018685347086619117e+02
4.890119749503240314e+02
1.468552830761611006e+01
-7.451181077829800188e+02
5.695604616847888479e+01
-7.591664902296312789e+01
-6.218566946054216942e+02
-8.028211899134467444e+01
8.562824851449239816e+01
5.319712822584847345e+02
6.565357512124235200e+02
8.026942789168676882e+02
1.883610541913924976e+02
-3.501393773993497689e+02
8.024481175531617509e+02
-3.406050360324146595e+02
7.595105173365418523e+02
-8.142216987928976550e+02
4.201997049273140306e+01
9.914139459935403238e+02
-4.808637950229164630e+02
-8.480206770407814929e+02
-5.269574595202765295e+02
-4.601628828647898786e+02
-8.487758163615457079e+02
2.713349993174240353e+02
-8.296039430217277868e+02
1.434661213893316472e+02
4.570136758355384927e+02
7.657205726722222607e+02
8.955009360778017253e+02
-6.707104393912978821e+02
1.699394195303209898e+01
8.784844908701493296e+02
7.186068643621701995e+02
-2.434463006000949861e+02
3.732631960698270035e+01
9.169133797776507890e+02
-5.684484909349322379e+02
8.957193792683035554e+02
-7.315317823558939381e+02
-4.738045548375392855e+02
2.131295934321246222e+01
2.868805036026217294e+02
3.122934723226687765e+02
-5.944386396852434018e+02
4.572897604876068272e+02
-9.704342880190337155e+02
3.791492432337443574e+02
3.484133051839028781e+02
-5.010061827894507474e+02
8.834223486147453741e+02
-1.592307339746856769e+02
2.726562047583533399e+02
-9.773063717906331931e+02
8.742329402150782016e+02
2.986660362087407634e+02
5.470834651648787350e+00
9.586657099120151315e+02
5.278040723957070668e+02
-2.854259976565012380e+02
-1.097736638210586335e+02
-5.517327960248323961e+02
9.565354748651799355e+02
-8.571942967149951755e+02
-2.577479228130873707e+02
-1.522092465733680626e+02
-3.608964200778101485e+02
-9.670301351852626794e+02
5.028645725271309885e+01
9.928461480853875400e+02
8.407026582363771467e+02
-9.755134828515632535e+02
-9.723441805016203432e+01
-6.396675549137945183e+01
-7.781168239290045676e+02
-5.564359153969842282e+02
7.359356055310998954e+02
-2.712512865662507124e+02
8.859036060930874328e+02
5.645481205121485573e+02
-9.107167387196595882e+02
1.391493789313259128e+02
-8.738239890591243011e+02
-1.965761420302701197e+02
-9.675616552930039234e+02
9.777714543773214473e+02
3.314826484888922664e+02
7.048715157472665851e+02
7.860245930013345514e+02
