4.767367124985149758e+02
-5.574994252079230819e+02
3.057061895485047103e+02
8.786480463859036263e+02
-5.986235370021937570e+02
-1.268081095041080744e+02
-9.049080119401186266e+02
-8.533909074755033544e+02
9.751622615304852388e+02
8.647337484388783651e+02
-2.690532774208710407e+02
-5.552054565748350115e+02
5.347150636724975357e+02
6.908022393979509843e+02
-4.731907924656198361e+02
-1.838099678682415750e+00
-6.678617497783346835e+02
-7.844011654874267379e+02
-8.800614192778886036e+02
-4.716240802913825974e+02
9.803289179135933864e+02
8.519800129014894310e+02
3.663040685018092404e+02
1.796253368088593447e+02
5.508062024590199144e+02
6.594015550184572021e+02
-6.608936341486848676e+01
6.075401336285685829e+02
1.475370657778004784e+02
7.456269161604501505e+02
9.362129259777543666e+02
-7.374239709398276545e+02
3.019949527152209612e+02
1.885283288014965706e+02
7.855585114414277825e+01
-9.008155545510793445e+02
-6.986738282179502448e+02
-6.057293238796984269e+02
-1.842045931915359063e+02
-8.531856337605986482e+02
-7.310427935927898488e+02
1.775761636697599783e+02
3.227132686219034241e+01
3.002885947835423508e+02
5.164965650828800108e+02
3.157763231222171498e+02
-9.557787384988255326e+02
5.359482088767277901e+02
-9.059578717199963194e+02
-7.010356767041613466e+02
3.294789108753415121e+02
-8.534333825988960598e+02
8.767248723240056734e+02
9.336939139370063003e+02
6.048106512790532179e+02
7.866174124637327623e+02
-4.154046274947808683e+02
5.423762381742785692e+02
3.920723497103815447e+01
7.390292644641306197e+02
3.720239560389352391e+02
-5.717455312943927765e+02
1.639324935912645174e+02
7.804059017241587526e+02
9.473669391377785587e+02
-3.462202575007173664e+02
-2.184344188885901019e+02
3.050169752823846636e+01
8.738959684524385239e+02
-2.918180572219419560e+02
-5.677458696151051072e+02
4.528953294002727716e+02
-2.993043614826218572e+02
-3.808937768993165491e+02
5.286082531073317341e+02
9.812451245161142310e+01
-5.426421581727963712e+02
1.888672687054092307e+02
1.627611943163881563e+02
-5.646692191703422168e+02
9.771525357396899381e+02
-5.417050599472429440e+02
2.303488997060219390e+02
1.172245872284270547e+02
-7.225852484400961657e+02
-6.310979646848992388e+02
9.151327466020609336e+02
-3.748716532291626891e+01
-4.977101700835702331e+02
1.629021854805106386e+02
6.537258621967291674e+02
7.918408782993548130e+02
2.052336883192678272e+02
8.904976895130530465e+02
9.868365827832711830e+02
-4.920344872330878161e+02
-4.532955142697064730e+02
5.069103633652126462e+01
-1.203000150164839965e+02
-1.584064511592492295e+02
7.853147118613392195e+02
-3.732443050804990321e+02
5.339568134936808974e+02
7.280824232164827663e+02
3.973229722821980090e+02
1.112786663559387961e+02
7.772817476893902722e+01
2.942407960546605068e+02
-4.962772405373655715e+01
-1.237427260436268028e+02
-1.381912131442067277e+02
-4.507823699894008200e+02
6.169197520521747720e+02
2.051508990163075055e+02
-6.571020718379371601e+02
4.255106585909310297e+02
6.328781005201348080e+02
-2.814709707264934764e+02
-3.884235522907335962e+02
-8.052348667727942484e+02
1.828172205611235768e+02
-9.627457924945578043e+02
-5.772843912220354241e+02
-3.986591095484510561e+02
6.523294437817615972e+02
-6.457215381253319038e+02
4.760886410682958854e+02
1.764474129513163234e+02
-6.780749533413531083e+01
3.325969376220678555e+02
-4.898809433264221269e+01
-8.818227765059332341e+02
-1.283777250295161707e+02
-3.161680704017465970e+01
1.045918945287066606e+02
-1.044411331783471155e+02
2.029686791934449559e+02
4.244066611483785891e+02
1.884655622545615472e+02
-9.710567904708365177e+02
2.087097315965446569e+02
-8.694505708668394846e+02
-7.804136179550587258e+02
5.118117943929621561e+02
2.108339586444902523e+02
-2.256692129962081026e+02
9.135527910625166896e+02
-9.564883297201679397e+02
-3.309746198869861900e+01
8.083280073676771735e+02
2.262624608000657531e+02
9.455137731625435435e+02
-1.553680228687131937e+01
-6.236319574071673060e+02
-3.252699425761238103e+02
5.865636457899144034e+02
-6.463902069366432670e+02
-5.752250675287331205e+02
3.660145640585778892e+02
2.850844239391685733e+02
5.411463701959202126e+02
-7.036790837713832616e+02
4.672288190442512814e+02
-4.005540126180997618e+02
2.948413818349087023e+02
2.001349788242873728e+02
-1.530584616890571965e+02
-4.956603418511823520e+02
6.763330103044376074e+02
2.694220527641447802e+02
6.750441545343487633e+02
1.191151114857997442e+02
-8.016094915011660760e+01
6.527652064347977330e+02
3.224217281914920932e+02
-2.016683020324250606e+02
4.897653028972203515e+02
1.078748774915606958e+02
-7.419581107585729569e+02
5.692001134760221959e+01
-1.148841687990516220e+02
-6.244403532506391912e+02
-5.019369675547820719e+01
-2.231435778933913241e+02
5.339712855840466545e+02
4.519438578841579783e+02
7.876967622233123620e+02
1.892060762571078669e+02
-5.629941447158283836e+02
8.009706562056110215e+02
-3.406780076007662501e+02
8.660239174000197409e+02
-8.177544742298808842e+02
2.179301281356210751e+01
9.963235051164879224e+02
-3.914376783069134262e+02
-9.273271824805931374e+02
-7.203502063301664293e+02
-5.050198453144362247e+02
-8.470373918380040550e+02
2.594444631583820069e+02
-8.416807316953351119e+02
1.431270099304416306e+02
4.568620181483095735e+02
7.506528658379488661e+02
8.953782750181674146e+02
-6.689166775798670415e+02
1.280537597784294235e+01
8.801001906980989133e+02
7.366835636079125607e+02
-2.432853384077968428e+02
3.872496601539633332e+01
9.172207620566078958e+02
-5.132916829818984752e+02
9.062142424992741780e+02
-7.303010143425759679e+02
-4.670468769284353812e+02
2.191853749281612806e+01
2.839964111229701871e+02
3.306147073357628301e+02
-6.018989613119077831e+02
4.573766016316579908e+02
-9.781030198263480315e+02
3.782347449421637862e+02
5.573751024481633749e+02
-5.026913105950558247e+02
8.988334354287472934e+02
-1.593609328431900849e+02
2.795498849352026127e+02
-9.773125825866047762e+02
8.742346994708335615e+02
2.996470526028947461e+02
5.539145930526987449e+00
9.572586378070327555e+02
5.057689819153069948e+02
-2.677570555664331096e+02
-1.093592872417514457e+02
-4.890877883275030626e+02
9.569501526208016458e+02
-8.554379186012433820e+02
-2.564970065451024084e+02
3.438260689416821236e+01
-4.007367476657513521e+02
-9.671422846853535020e+02
5.340404536575742611e+01
9.952824970590895646e+02
8.403226123460045756e+02
-9.736883977875821756e+02
-1.141786897357615089e+02
-6.357206868679398326e+01
-7.752315343038437732e+02
-5.551658197167317894e+02
7.334688084843746765e+02
-2.206544763627265411e+02
8.899988310377293601e+02
5.483424654612101676e+02
-9.101554151362548737e+02
1.413929032790341864e+02
-8.607959366198512043e+02
-1.962867088234840764e+02
-9.678355386637640549e+02
9.468918018881892067e+02
3.317885133593577507e+02
7.048788488011012987e+02
7.916287602949647635e+02
