4.676450316239215113e+02
-5.575072970706920614e+02
2.429663812703641099e+02
8.741712383297376618e+02
-7.543512296436525730e+02
-1.857198897864120681e+02
-9.074020231591797483e+02
-7.968384763010939196e+02
9.715344588488439967e+02
8.647337067955315888e+02
-3.088605339538856356e+02
-5.552173158793868879e+02
5.422413923557425051e+02
6.054324368047128928e+02
-5.043186174504734254e+02
-1.244423400294977444e+00
-6.658165692590051776e+02
-7.873862063057374598e+02
-8.763034575244859070e+02
-4.716240804921832250e+02
7.045611222695283686e+02
8.520923911586039594e+02
4.056833745925217727e+02
1.827999112204522305e+02
5.499839298970937307e+02
6.326428069349593670e+02
-3.039547525237049967e+02
6.121142131644843403e+02
3.129206232025640020e+02
7.164692269857351903e+02
9.355547155779740933e+02
-7.367311067910699194e+02
3.013137785143198926e+02
1.647711119556451820e+02
7.847538279881560186e+01
-9.040581745830651244e+02
-6.988879439567018608e+02
-7.827624774686381670e+02
-1.809541370949473560e+02
-8.553791239905172006e+02
-7.522638937968430355e+02
1.196508625021819228e+02
3.223313375396774205e+01
2.745502371914239461e+02
5.081045820224426279e+02
3.165312154696637208e+02
-9.666671815647072208e+02
5.374714580440956979e+02
-9.346622861345554156e+02
-7.011424247090028530e+02
2.913888876647112056e+02
-8.544527807772728920e+02
8.768019780802571859e+02
9.336977767981516081e+02
6.045544942148994778e+02
7.814382454692818101e+02
-4.126875193333487459e+02
5.426958994107362741e+02
-3.194582909100609314e+01
7.396528183869963868e+02
3.180887884899695450e+02
-5.705557464622082762e+02
1.643053621802297926e+02
7.807093044105146191e+02
9.481295384733111860e+02
-3.462830971289172908e+02
-2.196928423698009851e+02
2.524264808188328146e+01
8.766175247737363634e+02
-2.890447366231502428e+02
-5.833849399088981045e+02
4.534377314905400453e+02
-3.094683737376121258e+02
-5.166155736572537762e+02
5.266819511124360815e+02
8.866272321533573120e+01
-5.482460089214637264e+02
1.697188361571960513e+02
1.616347184132006021e+02
-5.646566461060607480e+02
9.772838923196427459e+02
-5.418896517609508692e+02
1.395831670115203451e+02
1.171675689324865459e+02
-7.215039238291116135e+02
-6.353639873278062851e+02
8.678954966307323957e+02
-4.090643095378890592e+01
-4.977590515197635455e+02
1.629040181195950936e+02
5.722857923963771327e+02
6.550272273512367747e+02
2.031525155506213025e+02
8.887831165235569415e+02
9.705910913391228405e+02
-6.090694361228255502e+02
-4.393245024785488795e+02
4.338320484672228616e+01
-1.830884581940481155e+02
-1.583443991432550320e+02
7.725573157200126388e+02
-3.771681955462298674e+02
5.647859230727199247e+02
7.190423555936311004e+02
4.825032291942031861e+02
1.118283851870149448e+02
6.847009194156569833e+01
2.934067171367378251e+02
-6.513277490809949200e+01
-1.236923780090116622e+02
-1.283541754038425324e+02
-4.513044606308041011e+02
6.209242205866408995e+02
1.906955464938100988e+02
-6.758438418238848726e+02
5.062826954308868608e+02
5.008135809052339482e+02
-2.668061517397637772e+02
-3.861349716076835534e+02
-8.052084017120990893e+02
1.615634196497294965e+02
-9.594518587435508152e+02
-6.439993951607270901e+02
-5.141208588536173920e+02
6.488054495144995144e+02
-6.457713488566715796e+02
4.640494151141450061e+02
1.699699174049241321e+02
-6.791038280107935066e+01
3.324982365027373703e+02
-1.867304544341445762e+02
-8.834938646384738377e+02
-1.278437194854492276e+02
-3.641741123553327952e+01
1.126986270707810718e+02
-1.076715982725640401e+02
2.004135800757458981e+02
4.237084386209438094e+02
5.799505077580089107e+01
-9.749353884588437040e+02
3.124040721658025177e+02
-9.253251172063244212e+02
-7.878523610871295659e+02
5.113186783930736965e+02
-6.983922250263078979e+01
-2.255724861695262575e+02
9.122644846132782277e+02
-9.624339703047975263e+02
-3.384652088359788280e+01
8.078030098599343773e+02
1.188083684346607640e+02
9.438880839486952254e+02
-2.808594057339275807e+01
-6.187464666246114575e+02
-3.173082698877285566e+02
5.920174745516879966e+02
-6.884514344507695114e+02
-5.775194349355203940e+02
1.595228588127349099e+02
2.849787217861222643e+02
5.409082452033578647e+02
-7.038596136244148056e+02
4.669229185361546115e+02
-4.005651650165517026e+02
2.714289755321059374e+02
2.000621226445242655e+02
-1.554824456851319212e+02
-5.033862894227776792e+02
7.947958113691100834e+02
2.843325910430132240e+02
6.745312987124360689e+02
1.335006422735205263e+02
-8.363425345063058103e+01
6.502351001174982912e+02
3.146939891983744246e+02
-2.027179993005416350e+02
4.900430338491804036e+02
6.444916941260764531e+01
-7.441255877723368712e+02
5.696357939495169376e+01
-1.320701078886247046e+02
-6.216076196425714215e+02
-9.487333924994321421e+01
1.345427498271985911e+01
4.892438562191160827e+02
5.685499097788058407e+02
7.876348697686532887e+02
1.857968450261599287e+02
-5.177285418683735543e+02
8.203264531939394146e+02
-6.099264646847925633e+02
8.644345581166689954e+02
-8.191269620679527179e+02
2.083389796504026137e+01
9.990621486024257365e+02
-3.958045977586850199e+02
-9.249707222114840306e+02
-7.259591296262508422e+02
-5.049865866101251868e+02
-8.493922177082476992e+02
2.574815086011957419e+02
-8.414386308710423918e+02
1.409544894448854677e+02
4.560488381398585034e+02
7.612986856845728880e+02
8.955122602806229679e+02
-6.688870893283649366e+02
1.108437303091380670e+02
8.747218209255521515e+02
7.126044963716841494e+02
-2.583272685428744921e+02
5.326963447230898652e+00
9.169948575502180574e+02
-5.685094293244784467e+02
8.025114796834157005e+02
-7.301617720621820808e+02
-4.783729414428519817e+02
2.173212846647219010e+01
2.827299036711877420e+02
3.119794888650691860e+02
-8.253895432693685734e+02
4.573085865892718971e+02
-9.089211129854625142e+02
3.703621831469766903e+02
5.460181446041615345e+02
-5.130289972052034955e+02
8.817284004338479235e+02
-1.593709251292770261e+02
2.721785101266565334e+02
-9.775539723330936113e+02
8.742321877040786831e+02
2.947304974366391548e+02
5.540997235149244915e+00
9.570595635815601554e+02
5.053249581132853336e+02
-2.754470085792109444e+02
-1.103939132663225564e+02
-5.862527035446362333e+02
9.555621003103166231e+02
-8.557558336793322269e+02
-2.588471951918979244e+02
-1.191338258025344317e+02
-3.600174593793568079e+02
-9.674858352511121211e+02
5.372645992495016287e+01
9.947176342583919677e+02
8.402118172519922155e+02
-9.774176281509137425e+02
-1.114038838289802555e+02
-8.121118654764852351e+01
-8.242465441495656933e+02
-5.551985667130069260e+02
7.353056302263164525e+02
-2.773612173522191142e+02
8.858502631428971199e+02
5.450614291095336057e+02
-9.078897010981918356e+02
1.391751385568942965e+02
-8.798991433508093678e+02
-1.962290171847409965e+02
-9.677968584225341147e+02
9.419353250285814738e+02
3.297635079185462246e+02
7.047223910177484640e+02
7.885306145686769241e+02
