4.579489084936752761e+02
-5.575079990753498578e+02
2.397160963706339203e+02
8.789506241144152909e+02
-5.815127682660369146e+02
-1.259450473642644397e+02
-9.062845714827873280e+02
-8.526575673037065144e+02
9.757348535927169451e+02
8.641365734774304883e+02
-2.623713781113044092e+02
-5.552091282174149001e+02
5.330399789331445390e+02
6.063065125167593123e+02
-5.188101095451463607e+02
-5.479087996334413901e+00
-6.795780950062016927e+02
-7.820292834023787236e+02
-8.747966703358657696e+02
-4.716240836802749072e+02
6.932853875547743883e+02
8.519867087033139796e+02
4.121785767670345422e+02
1.514722561622976400e+02
5.455770022889551001e+02
6.133647253255919622e+02
-1.317639875961215239e+02
6.026010266594066707e+02
1.279606311255051594e+02
7.176967705567684561e+02
9.359333761837215206e+02
-7.380306895954358879e+02
3.002543047474822515e+02
1.894342953392510083e+02
7.916948860325447868e+01
-9.040348094973430761e+02
-7.018955257446820042e+02
-8.210033952672190480e+02
-1.825756541888844708e+02
-8.562587103762850802e+02
-7.320075801866211123e+02
1.670427410955920777e+02
3.188616172981279817e+01
2.754278509283921039e+02
5.045709847154176373e+02
3.157239287666351402e+02
-9.594925424481134542e+02
5.436821556286095074e+02
-9.050379904305508489e+02
-7.015419881267289384e+02
2.929391985467659651e+02
-8.558187079358300480e+02
8.782378825492112355e+02
9.336990279333328999e+02
6.042016559384622951e+02
7.950258893608962580e+02
-4.125362460856825919e+02
5.471451791573927039e+02
-3.167242441338146364e+01
7.199561107412505407e+02
2.907286419822573862e+02
-5.699694766627713989e+02
1.636218262977091342e+02
7.805883930686161420e+02
9.495238303642103119e+02
-3.459011684455401792e+02
-2.188365766363547777e+02
1.203274094957521712e+01
8.791683887414317269e+02
-2.896751285134975546e+02
-5.851032830507290328e+02
4.532619891508450110e+02
-3.060767660063121411e+02
-4.861435299661214913e+02
5.263070485193928789e+02
8.850131516496868755e+01
-5.478830102387976240e+02
1.929384298060677736e+02
1.631780568134992109e+02
-5.633525936350417851e+02
9.771440003577594098e+02
-5.429591032150385672e+02
1.355210695895127628e+02
1.162872434992596453e+02
-7.258816515537153009e+02
-6.272273415496257485e+02
9.578474989742741172e+02
-4.419707178689378679e+01
-4.977534945494751355e+02
1.629028554533316537e+02
5.853835575077365547e+02
7.759259675565861016e+02
2.029820774421736189e+02
8.956982776644457545e+02
9.707516839668560351e+02
-6.137149149946249054e+02
-4.328817846011588131e+02
4.300658925534604293e+01
-1.210748611702690596e+02
-1.584149825584771349e+02
7.875962711821753146e+02
-2.986850020633423810e+02
8.565806946803633082e+02
7.262646205939656738e+02
3.874505954981286777e+02
1.066629095390600384e+02
7.591739446278897674e+01
2.943492026833040995e+02
7.699910191710584328e+00
-1.225471950227236988e+02
-1.278445589834238660e+02
-4.509879908750820618e+02
6.163246955312871478e+02
2.041368340580289669e+02
-6.618462369943041494e+02
6.703956904451783885e+02
6.085334935409872514e+02
-2.795948449968964269e+02
-3.890658879759090496e+02
-8.052054171660273596e+02
1.862267883860301652e+02
-9.607122034510451840e+02
-6.366342895656781593e+02
-4.333443713504054813e+02
6.526682273628322264e+02
-6.457302872973198191e+02
4.770191786780005714e+02
1.818867649145395546e+02
-7.317163089040683133e+01
3.332974146572497034e+02
-4.841200738518398339e+01
-8.817869720175843895e+02
-1.288822106318476415e+02
-3.159863619286912240e+01
1.159441261466523798e+02
-1.017432183253712452e+02
2.046586679981431018e+02
4.198505246794852042e+02
1.834267711290293619e+02
-9.714702459287411784e+02
3.312303809290563663e+02
-9.252247588551276749e+02
-7.886435206476270423e+02
5.118992492967302042e+02
7.650213163861320709e+01
-2.284177315726774680e+02
9.121834953367031176e+02
-9.587809744458812702e+02
-4.414775476650823549e+01
8.074554884895103442e+02
-3.181931598403633643e+01
9.438520013777315398e+02
-2.728232163406011423e+01
-6.314754392869983803e+02
-3.277271689418465712e+02
6.029821262301375100e+02
-6.463525379494717527e+02
-5.775431889115864124e+02
2.615416477064817968e+02
2.852704732782061114e+02
5.405484108483067303e+02
-7.018178368741347413e+02
4.666275592566972819e+02
-4.006957378652975876e+02
2.707924465317142904e+02
2.026799228552356453e+02
-1.548716020144832726e+02
-5.034412730141971224e+02
6.355166347206898081e+02
2.724536118524684980e+02
6.748078299518717813e+02
1.276655748901924028e+02
-7.158915666818994339e+01
6.473512682831502616e+02
3.150034442148242420e+02
-2.024852408735530673e+02
4.884849544995689143e+02
3.413878450593647074e+01
-7.478603973999363461e+02
5.696660129304445519e+01
-1.325446636463535413e+02
-6.217387893716349936e+02
-6.744825640679053436e+01
4.491973137361156887e+00
5.332761058108038696e+02
4.278245710100970882e+02
7.873086484281059256e+02
1.885145179606780914e+02
-4.991411634588473021e+02
8.019782436273694657e+02
-3.348324506233266789e+02
8.827470763662806803e+02
-8.191707819183293395e+02
2.140338668452542947e+01
9.986888631694947662e+02
-4.069394218469183215e+02
-9.242801284915917677e+02
-7.172281174844176803e+02
-4.896216013018468516e+02
-8.784051919966541391e+02
2.557607947202505443e+02
-8.448215237710479641e+02
1.453461545920187632e+02
4.558043430516254375e+02
7.783986868610942338e+02
8.950037606081348258e+02
-6.748395798620149435e+02
3.882454963716540419e+01
8.787485434409651361e+02
7.185810995212242460e+02
-2.434061185589472700e+02
3.982531726827615159e+01
9.184629110540641932e+02
-5.684642272459007017e+02
8.935436849444256495e+02
-7.313541942668472302e+02
-4.258592139608598472e+02
2.237484192665479199e+01
2.864806858310365101e+02
3.310221291085215398e+02
-6.432050405834322646e+02
4.573923176826937151e+02
-9.702116416145624953e+02
3.571707818093163382e+02
7.364002898458218169e+02
-5.023972335760433339e+02
8.928568901284271533e+02
-1.593664092394535317e+02
2.719692938496514216e+02
-9.775485795406317493e+02
8.742349125624473345e+02
2.985402031437148480e+02
4.849447405414454515e+00
9.586710149456249610e+02
5.059565065827272861e+02
-2.691220219339199957e+02
-1.091171529360924666e+02
-5.776394145379479141e+02
9.965452093720296034e+02
-8.553649581352075302e+02
-2.567574796057921276e+02
-1.177188590071499448e+02
-3.592470348574817649e+02
-9.677401724147991899e+02
5.405479941734191840e+01
9.928205999064266507e+02
8.417144536759253697e+02
-9.753750964739068650e+02
-1.112083324416855561e+02
-1.786370320094997624e+02
-7.707449483881501919e+02
-5.554474678803653660e+02
7.360901463925271173e+02
-2.091741759462728965e+02
8.859228632389412041e+02
5.485538316686511280e+02
-9.034301310819727178e+02
1.394119410086425432e+02
-8.679951629063782548e+02
-1.965431621337370132e+02
-9.682519904036576008e+02
9.316681597755165285e+02
3.298251297266913298e+02
7.090406075767775746e+02
7.885443818567792960e+02
