4.704214796202106754e+02
-5.575072833287371168e+02
2.557199526152112128e+02
8.777571785841971632e+02
-7.706545658671967658e+02
-1.271958840159641682e+02
-9.066347200372766792e+02
-8.554486158708036783e+02
9.731883346462407189e+02
8.647337050462972456e+02
-3.054602088617258460e+02
-5.552109695804609828e+02
5.394296380572116050e+02
5.958911392376443246e+02
-5.268808096735493791e+02
-3.281997246585703465e+00
-6.756503808666799387e+02
-7.851412428340127008e+02
-8.801702051546034227e+02
-4.716240803319483348e+02
7.126023701003881570e+02
8.519294093419706542e+02
4.231518307948414304e+02
1.790819864694531418e+02
5.510582404409118453e+02
6.565118911070439935e+02
-1.318914504925324991e+02
6.107410396952202518e+02
8.385998190255406826e+01
7.143311821338842265e+02
8.788847474982635504e+02
-7.386605457563599657e+02
3.002430369263573198e+02
1.871909419243910975e+02
7.841695489057143220e+01
-9.035414486393555080e+02
-7.006532883941387126e+02
-6.050827337684631857e+02
-1.821886532441700695e+02
-8.562082850051481273e+02
-7.418373458984711988e+02
1.758523663752908419e+02
3.216094712083729235e+01
2.723294126406967166e+02
5.054918612071070356e+02
3.165470185069349895e+02
-9.787561903511526680e+02
5.301022146495473635e+02
-9.061382150712690873e+02
-7.011483156801695031e+02
2.884725441191308164e+02
-9.813662355368039698e+02
8.757384223958124494e+02
9.336941951022805597e+02
6.047619254511305371e+02
4.831417054081545075e+02
-4.243599080937963777e+02
5.186762258065523383e+02
-3.409611557662608305e+01
7.396637910939974745e+02
2.910850345467022180e+02
-5.729482588565654169e+02
1.442517719747336855e+02
7.802921111831079770e+02
9.460165477453224412e+02
-3.455763262274450653e+02
-2.190415035052485848e+02
1.232019209158377571e+01
8.790326610015430333e+02
-2.918910478197374800e+02
-5.885896635598068087e+02
5.027578552061943356e+02
-2.912915240968155217e+02
-4.836477096388529162e+02
5.245824912890033147e+02
8.752732707002303414e+01
-5.428953341659927219e+02
1.885833765244192932e+02
1.577599919368298629e+02
-5.646697116104110137e+02
9.771179137024797683e+02
-5.421376769702184220e+02
1.284203048970840655e+02
1.161491906103859435e+02
-7.230388028419620241e+02
-6.349402460242200732e+02
9.891603167940444337e+02
-3.917572921656545759e+01
-4.977114826749078702e+02
1.629743657313253209e+02
5.377839900228602801e+02
7.013481534290725676e+02
1.844235253002803745e+02
8.898117271366681962e+02
9.849925754312467916e+02
-6.101960033539852475e+02
-4.401853816653982676e+02
4.559228444166951988e+01
-1.221364675921790592e+02
-1.584102958696636563e+02
7.749979599672755057e+02
-3.716644578094127382e+02
5.336127617741517497e+02
7.272721407775084117e+02
3.922951608202578768e+02
1.118833074163647439e+02
3.554735604939486393e+01
2.937138501210296795e+02
4.379247034021405138e-01
-1.222550947142127171e+02
-1.335601267667387333e+02
-4.514484129260548002e+02
6.115757547390785476e+02
2.017489512549572623e+02
-7.287356982272706318e+02
5.219722711186633433e+02
4.981750895780349992e+02
-7.413909868475411713e+02
-3.904785051227614758e+02
-8.051687876513657329e+02
1.736508972729749303e+02
-9.570080816037386739e+02
-6.357336602096416982e+02
-4.071480330543698756e+02
6.545483566484549556e+02
-6.458262352654675169e+02
4.697478821840560954e+02
1.760387703394783330e+02
-6.968281952467832241e+01
3.334460457490889667e+02
-4.957871381799544253e+01
-8.890965346864804815e+02
-1.275364943634207009e+02
6.616130472759050463e+01
9.980115388473330995e+01
-1.062136427041045010e+02
2.002999334570092458e+02
3.751109339342067415e+02
1.884050619110521154e+02
-9.750831808544766091e+02
3.110641980378323979e+02
-9.204395060173483216e+02
-7.976307247474919677e+02
5.105842586302237578e+02
2.097167358123215593e+02
-2.278928023674837959e+02
9.119808650386669342e+02
-9.548324812849447198e+02
-3.395824664593174447e+01
8.083868082622361726e+02
-4.095158394692387560e+01
9.441962486197843418e+02
-2.748757539442932796e+01
-5.837481626031466249e+02
-3.268312331648565419e+02
6.073203938464122302e+02
-6.469429868507203309e+02
-5.781981093822593039e+02
2.572063602757046965e+02
2.852763682925900071e+02
5.409975548244891570e+02
-7.069426576760307626e+02
4.663970990385491859e+02
-4.001443279349397244e+02
2.961447765570781030e+02
1.963461729361906407e+02
-1.555180197227064127e+02
-5.049922293039402916e+02
6.597123470728512302e+02
2.699304752877777105e+02
6.744692481492694469e+02
1.254069392251060577e+02
-8.468566108055836139e+01
6.441822605048690775e+02
3.156870956733953903e+02
-2.024438605782253262e+02
4.871712497327242204e+02
6.618908685368013778e+01
-7.433520688614373739e+02
5.680987403820395087e+01
-1.326423392682288238e+02
-6.250410307382858264e+02
-6.187195037171313317e+01
8.773831901522942189e+01
5.249350715976615902e+02
4.174411140738907307e+02
7.876674282233145732e+02
1.857211624722242505e+02
-4.848907579022298933e+02
8.011678313626697445e+02
-3.426264501115404073e+02
8.687526755355297610e+02
-8.118510077340004045e+02
2.208246300180984534e+01
9.951553396768149469e+02
-3.962764243036160110e+02
-9.325277697533690571e+02
-7.245413506104998760e+02
-4.610217941789481984e+02
-8.486123107232052689e+02
2.312967214968347776e+02
-8.416120186356730528e+02
1.425976234181665916e+02
4.588046717167848669e+02
8.867344028649173424e+02
8.947682541418373603e+02
-6.763911077185310887e+02
-3.471271365352916973e+02
8.785974008570051410e+02
7.159866732513670513e+02
-2.449636466738221827e+02
3.974030042583418521e+01
9.172363768312789034e+02
-5.684404989669196766e+02
9.038683671034434610e+02
-7.314621837221503711e+02
-4.968589625192466315e+02
2.149517480245071965e+01
2.864176130225900465e+02
3.184049332293087105e+02
-6.278055837768321226e+02
4.573634170981923717e+02
-9.706142990391615513e+02
3.779977193532354818e+02
5.065247870385857141e+02
-5.029667104863580107e+02
8.874208589719061138e+02
-1.587821412139814186e+02
2.725222800215425423e+02
-9.773161282199928337e+02
8.742325038188115514e+02
2.982838377127548029e+02
5.536841159627241105e+00
9.535579875025655383e+02
5.056163822407196449e+02
-2.768959000519429310e+02
-1.097696137026269128e+02
-5.833032085465142700e+02
9.572290653255815869e+02
-8.570575568000351723e+02
-2.589822519008772588e+02
-1.144949816879688456e+02
-3.589935579612035781e+02
-9.711493346258142765e+02
5.334988853963025690e+01
9.521822462446158397e+02
8.401653503126666465e+02
-9.714916103639432094e+02
-2.597224770235180245e+02
-6.447216658023188529e+01
-7.738914913372868796e+02
-5.551773993532642635e+02
7.381414590261780404e+02
-2.155018329907184693e+02
8.837196261390290601e+02
5.442051942725449862e+02
-9.098041375460471727e+02
1.392258163239046098e+02
-8.717968064436503255e+02
-1.966709106802862550e+02
-9.681144074224580436e+02
9.386828890789664683e+02
3.307284759487319548e+02
7.049272584207014916e+02
7.874290506545070230e+02
