4.803381133618348144e+02
-5.575076689422015761e+02
2.458805964128461028e+02
7.114732709165763254e+02
-7.986579486173754958e+02
-1.289049831896168712e+02
-9.663466057294159555e+02
-8.551856937829527396e+02
9.718244639147333146e+02
8.647337066256986873e+02
-3.047886712559105717e+02
-5.552363470508967112e+02
5.132223807669031430e+02
6.043506387246465010e+02
-5.178808556564093806e+02
4.633099959051816263e-01
-7.131360030680832551e+02
-7.848954123070820970e+02
-8.840109651871337064e+02
-4.716240803099807408e+02
6.829986245936208888e+02
8.520152848440422986e+02
3.686071985990362236e+02
1.821917008111269922e+02
5.387222026693655152e+02
6.597429253418256394e+02
-7.864238800238413774e+01
6.001600967842780392e+02
1.296875354508079852e+02
7.156599519294503580e+02
9.346236725528484612e+02
-7.388271109035424615e+02
2.999041885647093295e+02
1.646340093156354385e+02
8.240540482684721724e+01
-9.014492665001226896e+02
-7.167206717536782890e+02
-6.051799081663118614e+02
-1.831250908091888050e+02
-8.555106535853518608e+02
-7.314490064409682191e+02
1.773097108819908385e+02
3.756628794553675021e+01
2.754875099962890772e+02
1.617163235514828159e+02
3.149155072284098651e+02
-9.619979535620384468e+02
5.334702846162906553e+02
-9.036670704116544357e+02
-7.011687659094670835e+02
3.228572230963375205e+02
-8.570240767785857088e+02
8.724871359294839976e+02
9.336989113727189533e+02
6.046997348401206409e+02
7.981581136106038912e+02
-3.452596391948097789e+02
5.426009121240783770e+02
-3.934081835499506496e+01
7.231013729895902316e+02
2.892168221975716733e+02
-5.608310973964097457e+02
1.635598107716472498e+02
7.814588492561276780e+02
9.470711290703167151e+02
-3.462426899491434256e+02
-2.208957837782728006e+02
1.044990702771309898e+01
8.789521404917123846e+02
-2.942976650263314582e+02
-5.850303150850257907e+02
4.559842431354313135e+02
-2.952307127929205990e+02
-5.603194398010033410e+02
5.259632927864302019e+02
8.622823185830333159e+01
-5.469554164700119827e+02
1.706482900194350520e+02
1.587919519022817099e+02
-5.857533839336795154e+02
9.770811051442041162e+02
-5.426930622695372222e+02
2.338404215548084721e+02
1.156922003971346982e+02
-7.683449256157205127e+02
-6.394018026379205821e+02
7.557649805233572806e+02
-1.126464715819112712e+02
-4.977489203181713151e+02
1.628326189314782937e+02
5.831626406041465316e+02
7.758528713473573362e+02
2.036579363498314308e+02
8.064264854929707553e+02
9.900209635752391932e+02
-4.916462305858304944e+02
-4.411783046082493911e+02
4.375576937492323282e+01
-1.782983233799233744e+02
-1.583992070380102746e+02
7.690729688862352305e+02
-2.989402501005565682e+02
7.270091621785481948e+02
7.255528940334629624e+02
4.546961155023116703e+02
1.040367183743682489e+02
6.747523907614083782e+01
2.938105932447792839e+02
1.028757624476344112e+00
-1.240335129828155232e+02
-1.287047034511702748e+02
-4.534123211319387678e+02
6.207391637004722043e+02
2.046051477544654063e+02
-7.344265637188152596e+02
3.840531440263151239e+02
5.246978851409546678e+02
-3.867218727906548565e+02
-3.887028526064828498e+02
-8.052692506174803384e+02
1.860823521896504928e+02
-9.863898381666848536e+02
-6.418753518859277847e+02
-4.009683510047099730e+02
6.518466845864322750e+02
-6.453097728006595162e+02
4.763951395986860575e+02
1.697913801615292471e+02
-6.836110561215113535e+01
3.324775379793940147e+02
-1.890961374827700183e+02
-8.832419523612135208e+02
-1.263707066305033351e+02
-3.161433830785439980e+01
1.122326389814866303e+02
-1.077139472154609621e+02
2.030333559883477506e+02
4.324059910685032833e+02
1.871584560104235209e+02
-9.693263372393995496e+02
3.432344064130814445e+02
-9.251888480236502801e+02
-7.800546494421414536e+02
5.113890395980689050e+02
2.227195450275560518e+02
-2.312567633040470412e+02
9.132557472375833640e+02
-9.622645313273743568e+02
-3.463182260996921258e+01
8.073918478538414547e+02
2.327006594005432021e+02
9.416085819619023596e+02
-2.748634848404770281e+01
-8.323008366772656927e+02
-3.109074523114415456e+02
5.902490973516122494e+02
-6.463595946415606477e+02
-5.765548336777147824e+02
2.492286885521940860e+02
2.849999787239892157e+02
5.409673610830101325e+02
-7.172167402146952782e+02
4.668187321112700374e+02
-4.007884287188871895e+02
2.738011268578126192e+02
1.999393033323678139e+02
-1.553502406298103153e+02
-5.038276129467022315e+02
6.040619795492710864e+02
2.719999049584969271e+02
6.749616749016254289e+02
1.271999442968533316e+02
-1.125363870355252800e+02
6.474783788602060213e+02
3.037548553386275216e+02
-2.024766821108341901e+02
4.892293815948966653e+02
6.446310195783108554e+01
-7.464948161916150866e+02
5.678929265922221958e+01
-1.328960980003807606e+02
-6.225340134694586141e+02
-8.525571386720740463e+01
9.219870285655395037e+01
5.344795645697317923e+02
4.568062409252730731e+02
7.882052240396682237e+02
1.806694806075764745e+02
-4.861047732617740849e+02
8.012319845234419518e+02
-3.141909122336973041e+02
7.613985542903445776e+02
-8.153891517444019428e+02
1.251991871317650507e+01
9.967765922512627412e+02
-4.783301526718677792e+02
-9.298619743202575592e+02
-7.258704005205262320e+02
-4.620190970751310147e+02
-8.519174101267084325e+02
2.551425720663051209e+02
-7.274672563761420179e+02
1.435894204940170766e+02
4.565195675124102195e+02
7.646574068749220032e+02
8.956481086503819142e+02
-6.686020982253827469e+02
3.375657052733824059e+01
8.786096494588355199e+02
7.193069644791801238e+02
-2.441542646544169486e+02
3.722632798322008085e+01
9.153951800580234703e+02
-5.682605872516257932e+02
8.963158015469564361e+02
-7.300288720899775399e+02
-4.968842166818854480e+02
2.147218606655693662e+01
2.349112067963149002e+02
3.083667197182040240e+02
-8.074090758462332360e+02
4.572878783615621501e+02
-9.125196412048346701e+02
3.677313290902804397e+02
5.567646864697708224e+02
-5.025208212701666639e+02
8.817214402390598025e+02
-1.593782677426625582e+02
2.718473746519996439e+02
-9.773896990115140397e+02
8.742306106074646550e+02
2.983009310865434713e+02
5.661445063871100913e+00
9.393584791388777830e+02
5.057415629973757518e+02
-2.806075910716059525e+02
-1.095524350128360993e+02
-5.867862542937474473e+02
9.571974867788056827e+02
-8.570700740963762883e+02
-2.607008071496927641e+02
-1.590144640232649920e+02
-3.591794291016475427e+02
-9.654071207597792181e+02
5.318698411355519085e+01
9.894525436784900876e+02
8.404870298304358585e+02
-9.755694236578008258e+02
-1.148020447900024408e+02
-2.090216242391574895e+02
-7.829797310804954122e+02
-5.554273787228480614e+02
7.352243188651314085e+02
-2.690394017209422373e+02
8.838642145189797930e+02
5.479502809937908978e+02
-9.104884798928444525e+02
1.396062417793293093e+02
-8.747870421850550429e+02
-1.965012504997120573e+02
-9.677073429456244185e+02
9.279762241423145497e+02
3.312901473478040089e+02
7.049185614815639838e+02
7.878058808963318143e+02
