4.663364108768571441e+02
-5.575067238526452229e+02
2.402905792154419089e+02
8.747880613589869654e+02
-5.966052068945894007e+02
-1.272487114168390434e+02
-9.066330049088165879e+02
-8.545624915201311751e+02
9.715681589487095380e+02
8.647336800361512132e+02
-2.730985429704036278e+02
-5.552061214059183385e+02
5.370201376517908329e+02
6.067500468569091936e+02
-5.236461752450331915e+02
-3.363080986371053349e+00
-6.661480039288869648e+02
-7.844511882503027209e+02
-8.749204669485866361e+02
-4.716240803045544112e+02
7.179723028379471543e+02
8.519779184292762011e+02
4.356911399158398126e+02
1.859316017085219528e+02
5.392738958836720258e+02
6.572583443305999253e+02
-7.444112028315352347e+01
6.012885706548651115e+02
1.310264643906846516e+02
7.180270175771100867e+02
9.361160564589888509e+02
-7.399315423343080056e+02
3.013073135024146723e+02
1.646389848849060513e+02
7.845090146826102284e+01
-8.927273355844082516e+02
-7.019794810370195819e+02
-6.093558493083525036e+02
-1.822671655776342163e+02
-8.553146705235657237e+02
-7.323530145445582775e+02
1.783715617300650820e+02
3.596585490273623265e+01
2.754884392411309477e+02
5.174708688225809965e+02
3.112521528291267146e+02
-9.529199315452875680e+02
5.337184307853451628e+02
-9.055422233952774604e+02
-7.010872291726632284e+02
3.170898257465040615e+02
-8.540781431314673000e+02
8.804520576208502689e+02
9.336969054720944996e+02
6.044347542462010097e+02
8.385365663110634387e+02
-3.242833322974036605e+02
5.405993161400127747e+02
-3.146719477664924369e+01
7.396450805853970678e+02
3.196602723856057082e+02
-5.708823343621369304e+02
1.650485858260383623e+02
7.807120662502609321e+02
9.462571977521328108e+02
-3.387545017777501926e+02
-2.184501803476061355e+02
1.218338240926198068e+01
8.780261746746136851e+02
-2.906921095896960878e+02
-5.800244368318718671e+02
4.531555375051287342e+02
-3.131408743932116181e+02
-5.202553734782901529e+02
5.238586893431709086e+02
9.424241935647863500e+01
-5.365409467424810828e+02
2.162525022363398364e+02
1.556883778853163562e+02
-5.646553680552739252e+02
9.772162056918682538e+02
-5.427279510593581335e+02
1.494340419551041350e+02
1.143324752378898808e+02
-7.258371854358414339e+02
-6.359668650557550791e+02
9.561245696667429002e+02
-3.268544154030997362e+01
-4.977437283640061310e+02
1.628986480208744752e+02
5.812492440163348419e+02
7.741751131617795636e+02
2.067700031117398964e+02
8.900348825384938891e+02
9.569687259492673093e+02
-4.761922013276788448e+02
-4.357636947462252692e+02
3.801452962657502610e+01
-1.979859771456591204e+02
-1.583971535911052797e+02
7.734608117286379638e+02
-3.809078374777616318e+02
7.195945492688900913e+02
7.263132883461830716e+02
4.556469583699350210e+02
1.128513524600224258e+02
4.629386293218328063e+01
2.939399583520350916e+02
9.775308014139402202e-01
-1.228227802900482573e+02
-1.388861817458699761e+02
-4.515264861133612726e+02
6.223692290410741634e+02
2.039051353459003053e+02
-6.612385571303706229e+02
5.170540546028170183e+02
5.530415289193585977e+02
-2.651616705891985362e+02
-3.778147283427142042e+02
-8.052632767852097686e+02
1.927670178311533675e+02
-9.579555433269740661e+02
-6.385309692377827560e+02
-4.064098422852638919e+02
6.517935721107971858e+02
-6.456790835228931655e+02
4.768325725344485591e+02
1.751586014923205141e+02
-6.809598220815121294e+01
3.333254258915948185e+02
-4.952946891449856537e+01
-8.827226553866418044e+02
-1.205491156476949470e+02
-3.188595829054389696e+01
1.098590395053790871e+02
-1.087454146652470683e+02
2.029712182798506603e+02
4.181603334428003791e+02
2.671089774650698700e+02
-9.708345620219785133e+02
3.189685021541093874e+02
-9.252817801853790343e+02
-7.875401012442149522e+02
5.107411075985828006e+02
2.258254715019900800e+02
-2.278925042341951439e+02
9.082860261787830041e+02
-9.581960280602482953e+02
-3.479538447685482794e+01
8.083530796617681062e+02
1.603902051519154099e+02
9.440054207183574135e+02
-2.754625126964044668e+01
-8.565850095303234184e+02
-3.196092969143218170e+02
5.966611404564417853e+02
-6.463852435280297186e+02
-5.766980729559802512e+02
2.534303960757213190e+02
2.851587819515639808e+02
5.398840615971109855e+02
-7.078048769809898886e+02
4.599188506308341857e+02
-4.003826121327545593e+02
2.946811465028781640e+02
2.000635266986834040e+02
-1.532346382776181599e+02
-5.023540939511839269e+02
6.308268384852118515e+02
2.731115795372141974e+02
6.705133946554111617e+02
1.334627504591451270e+02
-8.385404346039757684e+01
6.500602492548570126e+02
3.138865702130971727e+02
-2.025078723679265522e+02
4.900687145665737603e+02
6.372214415546064004e+01
-7.451399286775125574e+02
5.695568555351651696e+01
-1.315114531785683312e+02
-6.215502127476477199e+02
-1.007828443611931846e+02
8.858488198042118711e+01
5.293661191727562709e+02
4.484852600928257971e+02
7.877166816541296157e+02
1.852860197736229964e+02
-5.036870955154318494e+02
8.035214581213901965e+02
-3.406160581323712790e+02
8.775339441292596803e+02
-8.205411949256944126e+02
2.872509605353673123e+01
9.973153118711143179e+02
-3.939251702545890339e+02
-8.221881111929138797e+02
-5.664535718788490612e+02
-4.898875901209166841e+02
-8.491519254017966887e+02
2.602569893711116151e+02
-8.592221732174045883e+02
2.568135661494176958e+01
4.559569312267065015e+02
7.771351422521128143e+02
9.084797423574650566e+02
-6.688805143030587033e+02
2.697800939530736741e-01
8.785418484792693334e+02
7.167663474489833106e+02
-2.435618848964802510e+02
2.592603598627439965e+01
9.171258967356307039e+02
-5.684610961641601534e+02
8.079250657142724776e+02
-7.303809429780633309e+02
-4.624614746567091288e+02
2.149709399776894259e+01
2.871761463007493376e+02
3.138092491125833590e+02
-7.771349732442179175e+02
4.572945910045969526e+02
-9.127501494266080044e+02
3.772585091876575802e+02
5.702675014981746244e+02
-5.010920873579578938e+02
8.709200150988551741e+02
-1.593554360159982650e+02
2.721366038729941579e+02
-9.778079418919288628e+02
8.742321677820186778e+02
2.980665028555702065e+02
5.541230498773628277e+00
9.570644189141673905e+02
5.063332866393957943e+02
-2.689546445405561030e+02
-1.064572178413605315e+02
-5.841009577817314948e+02
9.565399325548746674e+02
-8.552913283645148113e+02
-2.580919158123781472e+02
-1.202218703992988509e+02
-3.591598854463272801e+02
-9.673507234262459633e+02
5.619287954933608376e+01
9.929475409405697519e+02
8.402993964206201554e+02
-9.755251754354640070e+02
-1.080324492524941320e+02
-7.169403137977357687e+01
-7.788599975018355508e+02
-5.552003148571191105e+02
7.354425244518308773e+02
-1.320305489515346267e+02
8.854323081241745967e+02
5.477351128554382740e+02
-9.080204954369784218e+02
1.376979742298127860e+02
-8.735994458194303434e+02
-1.962594205355368047e+02
-9.675153720168888185e+02
8.685793093672733676e+02
3.293112352511341783e+02
7.059818741918361411e+02
7.877830639368035008e+02
