4.680596964677550886e+02
-5.574989129583881322e+02
2.384572353479010189e+02
8.786312971632114568e+02
-5.996959599061110566e+02
-1.271721715895824616e+02
-9.060596703589192202e+02
-8.355885600545074112e+02
9.714171468864562939e+02
8.647337066240910417e+02
-2.674579567097125050e+02
-5.552350475560440373e+02
5.417061432458032186e+02
6.090130331140762792e+02
-5.295653878701025405e+02
-9.361839323749414632e-01
-6.749234024185869885e+02
-7.846807716674527455e+02
-8.732460938205996399e+02
-4.716240803036324678e+02
7.013513896768893119e+02
8.519958767760036835e+02
9.365060960047396748e+02
1.794548299267030700e+02
5.489852638824330597e+02
6.121438210436452891e+02
-7.635342968772464189e+01
6.119404642481006249e+02
1.283748598988757692e+02
7.215892681659964865e+02
9.377737573052970674e+02
-7.366363478906015416e+02
3.002857242519051510e+02
1.698490015509850650e+02
7.835392144662057490e+01
-9.036055903746681679e+02
-7.001156526801460132e+02
-5.978576331371239121e+02
-1.821717625195197741e+02
-8.543582230032081952e+02
-7.322729645895404929e+02
1.777292594862126123e+02
3.605030950955759295e+01
2.755489972052871508e+02
5.109310673707953470e+02
3.194403541855509729e+02
-9.309556317035201118e+02
5.360953429515174093e+02
-8.429556166245446320e+02
-7.010373198171174636e+02
2.858468408426818428e+02
-8.537123840013614426e+02
8.769758047258850411e+02
9.336972275632474521e+02
6.048055224727901305e+02
8.143335424394625761e+02
-4.012269159083140835e+02
5.427462127637909362e+02
-3.162858327786147683e+01
7.390210050176400500e+02
2.935270709460162948e+02
-5.587543691759819922e+02
1.657863010190981186e+02
7.812414286565176553e+02
9.221837654879645925e+02
-3.463710094090901066e+02
-2.185594421244711896e+02
1.394044519006708356e+02
8.765023319614344928e+02
-2.890991692428451643e+02
-5.715595594125393291e+02
4.525628925211812543e+02
-3.055087948617705820e+02
-4.808489938069791378e+02
5.273544917787857003e+02
9.427414836873933268e+01
-5.469579534732620232e+02
2.026128795697117084e+02
1.880425833045523802e+02
-5.646631838928813067e+02
9.771347064883482290e+02
-5.418846264766431204e+02
1.310276132143503673e+02
1.169982252795884961e+02
-7.396213593806570543e+02
-6.297100580740967644e+02
9.709064815687038390e+02
-3.273930927005237379e+01
-4.977538503049428869e+02
1.629182917308916103e+02
5.833718944932543309e+02
7.903260373341862532e+02
2.199085080317022687e+02
8.886866769770232395e+02
9.658981554200935307e+02
-6.060811584986497564e+02
-4.358957144474417760e+02
3.511708217202694726e+01
-1.668290411794069996e+02
-1.583751367813300419e+02
7.801753426073528317e+02
-2.995752913422029451e+02
7.263437222314762494e+02
8.145567320376381986e+02
4.941162298453202766e+02
1.109400377248302476e+02
4.331094254803658572e+01
2.938650590652776486e+02
-2.480050926539924649e+00
-1.240141755275082431e+02
-1.300975699431393764e+02
-4.511546120670872710e+02
6.684259346640956210e+02
2.045477112176597245e+02
-6.608513046270680888e+02
4.278960888415004433e+02
5.348954030937691186e+02
-2.843849115757808477e+02
-3.896518501870891100e+02
-8.052065220802088561e+02
1.867559677706813375e+02
-9.230724219518899645e+02
-6.220598968343458637e+02
-5.036147085886111654e+02
5.905425308562548707e+02
-6.456808560164130313e+02
4.766942689772252493e+02
1.770286584293194778e+02
-6.790176042265073875e+01
3.324479970681587133e+02
-4.709681800978981414e+01
-8.727660152080454736e+02
-1.175698714852845939e+02
-3.162994707248451931e+01
1.146889322791464565e+02
-1.073602122844846178e+02
1.904478434997864440e+02
4.253318503299665281e+02
1.841593107527075972e+02
-9.714698786230500218e+02
3.668219040778130875e+02
-9.252559119668836729e+02
-7.811417266416315215e+02
5.104700802886018778e+02
2.040159908543894574e+02
-2.252958707923739325e+02
9.123284397110455757e+02
-9.660134111511318906e+02
-3.355890481445999995e+01
8.074740396389228181e+02
2.329236858527222580e+02
9.446974969003978231e+02
-2.741057216410210984e+01
-6.215995804324008986e+02
-2.273577275837141087e+02
5.961767390653022858e+02
-6.485770596473456635e+02
-5.755127673376740631e+02
2.645439214585635455e+02
2.852576969174030523e+02
5.411626189791338675e+02
-7.092371159716583406e+02
4.685830693025010305e+02
-4.005212916057964208e+02
2.554159195665490074e+02
1.995610970933562385e+02
-1.549128268861734341e+02
-4.949959378885994283e+02
6.328359656762794430e+02
2.742170085908966257e+02
6.745180464781604996e+02
1.285329664332573714e+02
-7.499872011720843545e+01
6.519417728879984679e+02
3.043210474277430535e+02
-2.024695246947604232e+02
4.883984539659070379e+02
6.997569769658375094e+01
-7.435524848371413782e+02
5.697758258388022057e+01
-1.324555403938313134e+02
-6.217595710342504844e+02
-9.926005567715498046e+01
9.062264084092483074e+01
5.496646888365838777e+02
6.344081180975734924e+02
7.880873503971566834e+02
1.861480038263227073e+02
-3.879075541859284044e+02
8.025174501864253216e+02
-3.410402847745862687e+02
9.016420743113576464e+02
-8.190347318260414795e+02
1.827148524776696092e+01
8.977457396965842236e+02
-4.037642259177586084e+02
-9.226022773740007779e+02
-7.479887871733617430e+02
-4.945904452330307208e+02
-8.491535507526288029e+02
2.375748482956439602e+02
-8.468632063782905561e+02
-7.973132416343439388e+00
4.565412373243802904e+02
8.862670212244340746e+02
8.954443127723691305e+02
-6.683489620458011586e+02
1.278119719825995659e+01
8.786241037309616786e+02
7.422070732462710794e+02
-2.435403264563191783e+02
3.973918738509694748e+01
9.171865359239891404e+02
-5.684463912302336439e+02
9.097099035636587132e+02
-7.302561135215375998e+02
-4.695783919570864668e+02
2.173273479083418991e+01
2.791153817756596709e+02
3.304677760958167596e+02
-9.163416891688799524e+02
4.573244541119006499e+02
-9.103863366917315716e+02
3.727610889603798796e+02
6.891573251447989605e+02
-5.010658999066407659e+02
8.870419722582568056e+02
-1.594008797569885303e+02
2.733498549852029669e+02
-9.773162593093750274e+02
8.742322341472630569e+02
2.980269611857195855e+02
8.294866158931986533e+00
9.575776825808267176e+02
5.055944949178885395e+02
-2.512453773868900839e+02
-1.092218893165276796e+02
-4.900589539409677968e+02
9.572903034533989057e+02
-8.571982621283221988e+02
-2.578694798535680093e+02
-1.527118763442312286e+02
-3.591533576637812075e+02
-9.669944039500854842e+02
5.391027915238268520e+01
9.918333801667581611e+02
8.481246308911414644e+02
-9.986411127067134430e+02
-1.152360563627321710e+02
-6.203236904245154903e+01
-7.975921915037182544e+02
-5.557631576194004310e+02
7.333076056939324872e+02
-2.998956962777462536e+02
8.843210276458544286e+02
5.481877999921176752e+02
-9.107504289941246043e+02
1.392950814443204592e+02
-8.682268033773892739e+02
-1.967018767213025399e+02
-9.679530536046133875e+02
9.311685140711182385e+02
3.314330652167818698e+02
7.048738690233712987e+02
7.869668528225298587e+02
