4.600766824146963359e+02
-5.574985940865583416e+02
2.432142931179351137e+02
8.786474212006575044e+02
-5.873845116920974760e+02
-1.268071008462517284e+02
-9.053116354782355302e+02
-8.597449266339041287e+02
9.759913738503795457e+02
8.647337067645012212e+02
-2.622203454237843516e+02
-5.552367187320976427e+02
5.351264782890900733e+02
6.068360570550225930e+02
-4.751978865321602825e+02
-3.307732899835178930e+00
-6.728544525790157422e+02
-7.845894091118236702e+02
-8.745375532952554067e+02
-4.716240801865470758e+02
7.004264961524157798e+02
8.521008021997023434e+02
8.766555921148109292e+02
1.795885092053178198e+02
5.491203679356466409e+02
6.556072817680296794e+02
-7.508951216329053580e+01
6.013919457210046176e+02
1.473978601544962430e+02
7.427237860809036647e+02
9.361898526010108981e+02
-7.390061575208023896e+02
5.611074748318619640e+02
1.709668833372580252e+02
7.903190594245366185e+01
-8.459949350112397042e+02
-7.015142730263315798e+02
-6.070778952956329704e+02
-1.821977767855037200e+02
-8.544631771041423463e+02
-7.316662818195592308e+02
1.764070232447075739e+02
3.214250552718608844e+01
2.755659243796047235e+02
5.193358280511736211e+02
3.164099438276687124e+02
-9.561863591767290700e+02
5.800135117587813056e+02
-9.055253495250635751e+02
-7.008378185904939528e+02
3.185878285810340458e+02
-8.435063299280947149e+02
9.971051409651602171e+02
9.336968585614818039e+02
6.048071296253561968e+02
7.751339973370101006e+02
-3.267689412490586278e+02
5.125452681526819561e+02
3.442866593110100837e+01
7.397644776247864229e+02
2.917787502483595290e+02
-5.898764913574171942e+02
1.639998670783967611e+02
7.809557879673710659e+02
9.473046140510607529e+02
-3.460171985187868131e+02
-2.177162935624497493e+02
3.223255595959609110e+01
8.791867719894792117e+02
-2.891167352759459845e+02
-5.678256992248370807e+02
4.786744471912242602e+02
-2.574339525427510011e+02
-4.728472046413648968e+02
5.276919870170825106e+02
9.140255397891328926e+01
-5.467988114355243852e+02
2.027205931132152443e+02
1.895965296671498379e+02
-5.646135603304517190e+02
9.771523706832421112e+02
-5.414242470081574083e+02
2.344620371763115827e+02
1.163182558737857448e+02
-7.251905826842011038e+02
-6.332792400957680456e+02
9.164151243470952295e+02
-3.245644828874416987e+01
-4.977118159622914959e+02
1.628982190463410689e+02
5.830215025878602546e+02
7.759361375668273695e+02
2.039396590944321019e+02
8.935536918145799063e+02
9.772056986358807080e+02
-5.828459921681181868e+02
-4.402703136137797628e+02
5.095847505285088630e+01
-1.939728955363230511e+01
-1.583027718746137396e+02
9.335113353248735848e+02
-3.693860460974989337e+02
5.432020359565459557e+02
7.263824624475327028e+02
4.831815216177699881e+02
1.170106406020094170e+02
7.283043335938378959e+01
2.942539329751590458e+02
1.124837344226234315e+01
-1.225523644256507652e+02
-1.283240346629750945e+02
-4.514093908745555268e+02
6.217762748392923413e+02
2.045735554723257223e+02
-6.583084145950991797e+02
4.261041094730411487e+02
6.215620829494341706e+02
-2.680792033448790335e+02
-3.016701341615228102e+02
-8.052011566150829367e+02
1.866905083193458097e+02
-9.428831412592279548e+02
-6.203542906906687904e+02
-4.061373210249240628e+02
6.523621120396928745e+02
-6.457491655472915681e+02
4.766972203675141486e+02
1.764734060956675137e+02
-4.225425513594655058e+01
3.335200227159976407e+02
-4.954118184001468705e+01
-8.737411712446582897e+02
-1.434685589718188510e+02
-3.160036539390971555e+01
1.136847657801581306e+02
-1.059423239768565850e+02
2.027692503536947584e+02
4.262774451946802969e+02
1.771896750056006908e+02
-9.714458511277190382e+02
3.211560333745032381e+02
-9.251645505593297685e+02
-7.805411377822349550e+02
5.114482297934248436e+02
2.025709250037564857e+02
-2.256484752450394922e+02
9.123603583500380410e+02
-9.584127244463929856e+02
-3.322842428711422968e+01
8.077344521354507378e+02
4.235470441309291232e+02
9.441619474798457077e+02
-2.716336810002863089e+01
-7.531545339816052547e+02
-3.141556141516837215e+02
5.970735883633985850e+02
-6.450261441464558629e+02
-5.777553790567056922e+02
2.542239717756237098e+02
2.852680257710983369e+02
5.410115167088313228e+02
-7.066671796666719274e+02
4.594768361584644936e+02
-3.877555397119801910e+02
2.997143224613423058e+02
1.999938841804052458e+02
-1.529183349311843187e+02
-5.045915846313450288e+02
6.367260410818965966e+02
2.743631539580310914e+02
6.744380412101455704e+02
1.439289533652759872e+02
-8.092558132283886607e+01
6.530321417508872628e+02
3.141133572256499633e+02
-2.013944569501908859e+02
5.248533617945505512e+02
6.428676404907838560e+01
-7.418261135044183447e+02
5.695054545982460326e+01
-1.277659012691418781e+02
-6.218284609441242310e+02
-5.094808810773868402e+01
1.311184380773403291e+02
5.459988346949425022e+02
6.312270538309664971e+02
7.877206508937991885e+02
1.858557125397407788e+02
-5.661324890724538363e+02
8.011496729400694221e+02
-3.407191200388506900e+02
8.693803770157227291e+02
-8.169778538939165173e+02
2.110917759134115457e+01
9.954256440251518825e+02
-4.806570332018005729e+02
-9.444570756937921487e+02
-7.325315853620245434e+02
-5.042786357951545142e+02
-8.452151171439871860e+02
2.596703857201757728e+02
-8.415519515657630336e+02
1.439043612240148491e+02
4.568392142745909723e+02
9.180648083920411864e+02
8.954354325124245406e+02
-6.689020712525369845e+02
-4.403816849954537247e+02
8.773796399309364915e+02
7.384014703971489553e+02
-2.449682545846185064e+02
4.169526085033702145e+01
9.186497297446145467e+02
-5.684440760920825824e+02
9.065975859500913430e+02
-7.301672730587528122e+02
-4.753628002718471635e+02
2.173528556033239667e+01
2.810599434651650199e+02
3.126485905050018914e+02
-6.373149619593734769e+02
4.573196107735772671e+02
-9.118546794324638540e+02
3.795129099288253087e+02
5.362277011978599148e+02
-5.010880300303118702e+02
8.893537689355356406e+02
-1.593776824510590018e+02
2.717834214572883411e+02
-9.772999019598123596e+02
8.742350980073750861e+02
2.979514348164825606e+02
5.398614152328357285e+00
9.590135911597139966e+02
5.054229301529462077e+02
-2.753219179764229239e+02
-1.094150017127959416e+02
-4.780801699885537346e+02
9.566372483338200254e+02
-8.559647516719293208e+02
-2.590254497865878420e+02
-6.919039194936895854e+01
-3.587771608948812627e+02
-9.654463484784297407e+02
5.385857922221671856e+01
9.922240015898864840e+02
8.428124941687439104e+02
-9.736838962421626320e+02
-9.565847603731414495e+01
-6.355227044121843250e+01
-7.711334719362075703e+02
-5.544268515790330412e+02
7.334047635235427833e+02
-2.687973264719991562e+02
8.838033085324019567e+02
5.483278018654884818e+02
-9.075396465730866566e+02
1.415301688577604864e+02
-8.738454795204759193e+02
-1.966021056777489378e+02
-9.676792831670707073e+02
9.261162841640493752e+02
3.293434947734754701e+02
7.058928709285032710e+02
7.877837913849151619e+02
