4.781132058779745080e+02
-5.575059054299456420e+02
2.398880939524294433e+02
8.768341333112452958e+02
-6.015617585184446625e+02
-1.270837618888889864e+02
-8.973062931953187444e+02
-8.539672438039535791e+02
9.710434155878519960e+02
8.647513908454952798e+02
-2.631925882561251342e+02
-5.552058309618264502e+02
5.100710700897302559e+02
6.084567129439429891e+02
-5.177822887040182422e+02
-3.640696833919208508e+00
-6.749424935604266693e+02
-7.842776662609196592e+02
-8.749992509508131207e+02
-4.716240803038015201e+02
7.019638149581304560e+02
8.521013323762247182e+02
9.971981365014360108e+02
1.844397509323437703e+02
5.405237080929548483e+02
6.104215980853881547e+02
-7.722321597520019054e+01
6.150689290332634300e+02
1.281633630338740204e+02
7.205520760326680829e+02
9.377722950593614542e+02
-7.386533203575995685e+02
3.022205286027942179e+02
1.860675391444325442e+02
7.811918230662830354e+01
-9.011826896528925772e+02
-7.013874803725202582e+02
-6.047046540584326522e+02
-1.824499923095766860e+02
-8.480962773465704458e+02
-7.309744096790947196e+02
1.768161648019233780e+02
3.620333927036940480e+01
2.754207933259590391e+02
5.289010954575758205e+02
3.298035441455660361e+02
-9.595229125839368862e+02
5.331873313150210834e+02
-8.996354718597688134e+02
-7.010965556046382972e+02
3.083483405110594049e+02
-8.535601780928209337e+02
8.769746431117571319e+02
9.336982479166301800e+02
6.037265040903237150e+02
8.301378622696167895e+02
-6.417518658442108972e+02
5.412145930175014428e+02
1.096673303605584948e+01
7.377455748155880428e+02
2.912048426512316723e+02
-5.691546481536265674e+02
1.635376713252837249e+02
7.807142538337211590e+02
9.473637688490077835e+02
-3.461782227063637265e+02
-2.177347008185278412e+02
3.363873023701528098e+01
8.787233696505553553e+02
-2.890060360009226201e+02
-5.705229011810076827e+02
4.571012898561690463e+02
-3.083702639145956823e+02
-5.223949151337001240e+02
5.243288195301449832e+02
9.118054090007814239e+01
-5.460023807358264776e+02
1.991069373193685408e+02
1.624162208705766659e+02
-5.645959817033517538e+02
9.774078832617085482e+02
-5.417404788036338914e+02
1.355270182330755233e+02
1.142633975557474457e+02
-7.143012339241041673e+02
-5.837420348369702197e+02
9.639395348905163701e+02
-3.632157151893376579e+01
-4.977543289272132938e+02
1.629032006325065538e+02
5.813366027185185203e+02
7.726475400634683410e+02
1.877362406589370210e+02
8.915277457208159149e+02
9.632952276951405111e+02
-5.916430484607660674e+02
-4.359026028268169739e+02
-5.610390027236540789e+00
2.045437613538410915e+00
-1.583832681476988000e+02
7.786890448115536856e+02
-3.845583605633382831e+02
5.467275566595337750e+02
7.269997626391464109e+02
4.941271754728206247e+02
1.129091970876353201e+02
7.048666948815204591e+01
2.938064311091866898e+02
1.086702964462083187e+01
-1.229321535534402727e+02
-1.379637140162965068e+02
-4.511284661267898741e+02
6.189037761583243764e+02
2.050833028422111965e+02
-6.591192009498004154e+02
5.101979975519058144e+02
5.078950762217934312e+02
-2.835404704557134892e+02
-3.899638503888481296e+02
-8.052101608068885525e+02
1.943614088528586308e+02
-9.235967244465479098e+02
-6.402142390091696598e+02
-4.078149983096887468e+02
6.744362529580560022e+02
-6.457118940162201852e+02
4.765723546596576625e+02
2.220653267296522984e+02
-6.970537923368971178e+01
3.334083007783822836e+02
-5.763331339643504236e+01
-8.819471662600431046e+02
-1.201827345480495666e+02
-3.160032822055468671e+01
9.825809133254196581e+01
-1.072241219953083089e+02
1.993751466762625171e+02
4.367503047048076610e+02
2.298263008825462634e+02
-9.714199182482328752e+02
3.177853047566156306e+02
-9.251231408079610219e+02
-7.695263662487454894e+02
5.090329102319170715e+02
2.310152275761274723e+02
-2.255614579055931586e+02
9.122755418296619609e+02
-9.540843991592802240e+02
-3.413393086922614827e+01
8.077900533349678653e+02
1.720658094775712357e+02
9.439556816539338797e+02
-1.643462828081445082e+01
-6.072885973351094435e+02
-2.344033039892527484e+02
5.982855655859292483e+02
-6.463421123042675163e+02
-5.764908052505576279e+02
2.604250726536396314e+02
2.851602718398931984e+02
5.409889641206108308e+02
-5.560112394784500793e+02
4.669410255945205108e+02
-4.051188392255783697e+02
2.945240154948718896e+02
2.000794600871210207e+02
-1.552639490343693467e+02
-5.038026995485951716e+02
6.249210283019388044e+02
2.740558781513095710e+02
6.743568052687236332e+02
1.319665825761834412e+02
-8.412162146819545683e+01
6.526444784381750424e+02
2.221658683217650037e+02
-2.018685347086619117e+02
4.919479208515238042e+02
6.547998556307240392e+01
-7.122233648357337188e+02
5.695945484486112065e+01
-7.580293501806048084e+01
-6.224431031240744687e+02
-5.229865256928425765e+01
9.071836842574424509e+01
5.340018254010481087e+02
6.474199732661479629e+02
8.026942789168676882e+02
1.882838167693943205e+02
-5.251561994957110073e+02
8.023528366008439434e+02
-3.406237203863569789e+02
8.188428275191882904e+02
-8.142416458602955345e+02
4.145665817824204424e+01
9.914139459935403238e+02
-3.995807257928782974e+02
-8.480206770407814929e+02
-5.269574595202765295e+02
-4.601628828647898786e+02
-8.487758163615457079e+02
2.713349993174240353e+02
-8.284391245529157004e+02
1.434661213893316472e+02
4.567086945939615248e+02
7.657205726722222607e+02
8.954124327965835164e+02
-6.707104393912978821e+02
3.209570938933637763e+00
8.785391355921817649e+02
7.186068643621701995e+02
-2.434095723405259264e+02
3.732631960698270035e+01
9.186625613514719362e+02
-5.684495163160825086e+02
8.987024486104533025e+02
-7.313027613348656359e+02
-4.740606476192016316e+02
2.151143733343476327e+01
2.876763352308506114e+02
3.122529922210813424e+02
-5.944386396852434018e+02
4.573960642235683736e+02
-9.111258524791398941e+02
3.791831947669081728e+02
6.705697386489998735e+02
-5.010061827894507474e+02
8.930611849553256434e+02
-1.592307339746856769e+02
2.726785569403974705e+02
-9.773001255067698594e+02
8.742327000162733839e+02
2.986589035040631757e+02
5.036613075213427493e+00
9.586657099120151315e+02
5.053499785752083540e+02
-2.809769435229805481e+02
-1.097736780344892225e+02
-4.940801635249604828e+02
9.563647757598639600e+02
-8.575341446267246965e+02
-2.578258747775581696e+02
-1.481483926923408490e+02
-3.593155186065870339e+02
-9.670245646552814378e+02
5.028645725271309885e+01
9.928483810829657159e+02
8.437092954097706752e+02
-9.752883880732287025e+02
-9.646010416642562291e+01
-6.396675549137945183e+01
-7.721498424020192033e+02
-5.564359153969842282e+02
7.359133909292249882e+02
-2.712512865662507124e+02
8.896945304636882383e+02
5.485259991315507477e+02
-9.107167387196595882e+02
1.452545484147641730e+02
-8.743113728687555977e+02
-1.968027649835040620e+02
-9.676198148213956074e+02
9.780313222885973801e+02
3.314878108378111961e+02
7.048687862609280046e+02
7.860229972349095533e+02
