4.629819983857312877e+02
-5.575081821653300267e+02
2.454541422098449743e+02
7.217297821841840459e+02
-7.120180489581374559e+02
-1.270169703502240992e+02
-9.065937311606404592e+02
-8.576314018851469427e+02
9.762491001550159808e+02
8.638371385462546641e+02
-2.734152894921008965e+02
-5.552395501981353618e+02
4.296316602042163026e+02
6.026447631264758229e+02
-5.161352900475601473e+02
-3.451867023768079079e+00
-6.766759929655489714e+02
-7.843349634932621939e+02
-8.824095224736892078e+02
-4.716240803068624814e+02
7.027850933440100789e+02
8.521190993691077438e+02
4.261045372848622037e+02
1.852174236750297496e+02
5.485425697095993200e+02
5.713501842037435381e+02
-1.306137111640303772e+02
6.882069436387080259e+02
7.907493370560401047e+01
7.182231889046771585e+02
9.343440231862919063e+02
-7.392162595826018787e+02
3.002611935688154290e+02
1.613347569129878707e+02
7.828187363479635508e+01
-9.038140905265357787e+02
-7.020527547665072916e+02
-6.062221410239078523e+02
-1.824123064353286452e+02
-8.564326487926092568e+02
-7.285640395720778315e+02
1.677709421692487979e+02
3.212611249098115707e+01
2.746219291714853625e+02
4.766502768827066916e+02
3.153560735646609032e+02
-9.614698362748387126e+02
5.353698043420655495e+02
-9.099353863898697909e+02
-7.011098974476551575e+02
2.862101112235936284e+02
-9.725813336659658717e+02
8.755562490711890860e+02
9.336928163437933108e+02
6.034343670539908544e+02
8.004513905534259948e+02
-3.717247205142994630e+02
5.274547543658484301e+02
-3.144999086551402101e+01
7.397503522820265971e+02
2.861329085892031117e+02
-5.700823526913960677e+02
1.542013880128737355e+02
7.789044760943605752e+02
9.491970528265439953e+02
-3.465303700514891716e+02
-2.178019808727016198e+02
1.035013679226629080e+01
8.786696183873842756e+02
-2.916717765133607259e+02
-5.818806357996822953e+02
4.534342669872064562e+02
-2.984801111618971845e+02
-5.315749159716644954e+02
5.225771438192954292e+02
8.748095790293608331e+01
-5.479140024798533659e+02
1.858023402880189110e+02
1.840991507908816800e+02
-5.646218366304206029e+02
9.767883668465402707e+02
-5.483371458576556279e+02
1.285992401951707791e+02
1.160025361211165489e+02
-7.215906826862042180e+02
-6.298833888367970530e+02
6.606023058620403390e+02
-4.422537931207357076e+01
-4.977947802614810371e+02
1.628977779459106330e+02
5.823924549196347016e+02
6.905531201040666929e+02
2.040644024135457357e+02
8.867587729218491859e+02
9.609166461921050768e+02
-6.147767504202624878e+02
-4.326761152650078088e+02
4.565350272385884978e+01
-1.179891168456500736e+02
-1.583842104600516336e+02
7.737937766823079073e+02
-3.797696661477764337e+02
4.939902549552371056e+02
7.252878408868303950e+02
4.640437155140654681e+02
1.060053033466758450e+02
3.654263000455983956e+01
2.936687407625233277e+02
-5.396171833524018524e+01
-1.233465099788222119e+02
-1.318940541101910071e+02
-4.545009789240526743e+02
6.168311213050606057e+02
2.027672900019233850e+02
-6.715891101212939702e+02
4.319842603813859228e+02
6.077202293346089164e+02
-2.862771795215327302e+02
-3.833955521701088855e+02
-8.052107498405815704e+02
1.866469030729705878e+02
-9.587440290104136693e+02
-6.679275586820091348e+02
-4.324379822683812904e+02
6.494917343166479213e+02
-6.458179840967338805e+02
4.764759195406327308e+02
1.699531457653613700e+02
-6.949332483682792372e+01
3.332636003256694721e+02
-5.905041849607420801e+01
-8.836872866726100710e+02
-1.309995329064343252e+02
-3.162779665706292320e+01
1.510928112934660561e+01
-1.018419044039441843e+02
2.026147879186050318e+02
4.178691237557721365e+02
6.300225153806152889e+00
-9.718406545929098002e+02
3.204689649936684077e+02
-9.252632894092383822e+02
-7.818160414437016925e+02
5.106107689855030003e+02
8.047874655251131060e+01
-2.314222185967830967e+02
9.122337377625536874e+02
-9.940208322943030907e+02
-3.248908703034602752e+01
8.079728391934554566e+02
1.181054445996176554e+02
9.423474348774406053e+02
-2.722623062245181913e+01
-8.381295547662442686e+02
-3.267145816540160013e+02
5.981173705460963674e+02
-6.463526847058742533e+02
-5.768822557010632863e+02
2.617272637610347488e+02
2.850837492489330316e+02
5.410221474853372001e+02
-7.536630005083324022e+02
4.654115547363193741e+02
-4.127079877312904159e+02
2.951631215721920398e+02
1.968600212787251849e+02
-1.587616831746412345e+02
-5.039401994860824630e+02
5.982690964135222202e+02
2.721644399601311193e+02
6.745368280306865927e+02
1.211392834643913545e+02
-1.472885602061103612e+02
6.502725831489270831e+02
3.037574420929559551e+02
-2.024893412642116459e+02
4.892642954622894536e+02
6.525665617382827577e+01
-7.435313902820706744e+02
5.694396042395518265e+01
-1.334720219892148521e+02
-6.244727962823870939e+02
-3.702229611805249760e+02
-2.345082373922660963e+02
5.209923617031297454e+02
4.460260204101283534e+02
7.875850752848068623e+02
1.807465447688551876e+02
-4.907336287389386484e+02
8.011857326403095385e+02
-3.421412265059133802e+02
8.892697162947820289e+02
-8.186083831404394004e+02
2.173518314310088329e+01
9.918126621268220333e+02
-4.062424466621000647e+02
-9.324891335756528861e+02
-7.472954412902535068e+02
-4.907282134355835410e+02
-8.492957378374658219e+02
2.314010074958229097e+02
-8.448219342084456684e+02
1.411416373676858314e+02
4.567086300816099538e+02
7.526831057792275033e+02
8.954674209895425747e+02
-6.711069807056912850e+02
3.822261091643309072e+00
8.747434950194902967e+02
7.359511685305980109e+02
-2.426018439528704960e+02
3.885535056125242193e+01
8.908867233431104751e+02
-5.685196580470717436e+02
8.984932308105071570e+02
-7.301191576167860831e+02
-4.779258664186872352e+02
6.793490120761628503e+00
2.811945716729544529e+02
3.103941554887796315e+02
-6.278059702362388634e+02
4.573681516598762187e+02
-9.113410226451929930e+02
3.557776387482307427e+02
5.469753744709773855e+02
-5.025060326214754127e+02
8.877407764373555210e+02
-1.596168042722313771e+02
2.716125845757837283e+02
-9.773161299559718600e+02
8.742321325935433833e+02
3.017278406354530489e+02
-2.905264952194393757e+01
9.404873071976396659e+02
5.050441805513192435e+02
-2.805322516013780501e+02
-1.094325342326583552e+02
-5.945160781291818921e+02
9.556882217563280619e+02
-8.566117512825717313e+02
-2.591365490336605717e+02
-1.528874480518351220e+02
-3.610203970085825631e+02
-9.672523915302932664e+02
5.334331734396868541e+01
9.905388354201760421e+02
8.393129525975820115e+02
-9.750564762640749450e+02
-1.193805002516028253e+02
-6.934238300585344916e+01
-7.937487464274686317e+02
-5.557757152895159152e+02
7.345705961920883738e+02
-2.700525401243624515e+02
8.838208971814594861e+02
5.444398913387321954e+02
-9.084913578308438673e+02
1.396684424523414805e+02
-8.747596351866309305e+02
-1.968781370864377038e+02
-9.701988022791634876e+02
9.350816283212984672e+02
3.313318178617898297e+02
7.048339655430834227e+02
7.878073146490862655e+02
