4.581515401449277647e+02
-5.575058544708568888e+02
2.927283545361341908e+02
8.794035921164090723e+02
-5.967059683791910629e+02
-1.299828112862802527e+02
-9.168912961252602827e+02
-8.545951274752505924e+02
9.715512608314811587e+02
8.647337142058379413e+02
-2.692740334254456229e+02
-5.552102320770625283e+02
6.252655466763620780e+02
6.066666910729335314e+02
-2.461785839125143696e+02
-1.000400938080467039e+00
-6.789884125324937258e+02
-7.845937484665012107e+02
-8.745945620091912360e+02
-4.716240802169307926e+02
7.003429788704963812e+02
8.519449678526005982e+02
4.487015264975093487e+02
1.861714801687688521e+02
5.500756360015858490e+02
6.708345391844217147e+02
-8.278495000185938579e+01
6.016248395184541096e+02
1.289844534080369556e+02
7.172837739453769927e+02
9.361527302755850997e+02
-7.367223515258930320e+02
3.001107506358989667e+02
1.866214907861902645e+02
7.046548436254512637e+01
-9.039114171734019010e+02
-7.019504195479219106e+02
-6.102335095918764409e+02
-1.823033495386178799e+02
-8.562030916540950329e+02
-7.318992958345830857e+02
1.794227483397655476e+02
3.032123991592276013e+01
3.056106177199336003e+02
5.463615602735432049e+02
3.163151260530786431e+02
-9.544422761129925448e+02
5.382214223336040959e+02
-9.047842359307107927e+02
-7.010888812455373227e+02
3.085863649397889503e+02
-9.753073773518306098e+02
8.793987239584917006e+02
9.336988219083963259e+02
5.969897061049534841e+02
8.153060806296352894e+02
-3.314129813881183964e+02
5.447680173146302423e+02
3.828051978309768089e+01
7.397815091186075733e+02
2.892824282025695766e+02
-5.931608679284471464e+02
1.629910166025478304e+02
7.802253073467467175e+02
9.480693270842980382e+02
-3.384817184871328095e+02
-2.021847047495840286e+02
2.722755897077037446e+01
9.256764108123097685e+02
-2.884030219116760918e+02
-5.800325629981953170e+02
4.551806336069011536e+02
-3.000852812839014518e+02
-4.927933263816270255e+02
5.237616798147698773e+02
9.223847102594318415e+01
-5.283891553982059577e+02
1.739886971297096920e+02
1.917025851962783918e+02
-5.645865740844584479e+02
9.771551766039133327e+02
-5.415664587391719351e+02
1.499707125841691777e+02
1.159802408231352757e+02
-7.131374379471279781e+02
-6.343271326395610004e+02
9.155767971913896872e+02
-1.151086901045586046e+02
-4.977545133030888564e+02
1.628980438204627035e+02
5.735731098662926115e+02
7.726486735712434211e+02
1.875644991100666346e+02
8.847399313240437095e+02
9.773739860157104431e+02
-5.156795453600517476e+02
-4.457843010662090819e+02
4.180717134541358604e+01
-1.753488003020887334e+02
-1.567165744023802745e+02
7.737247168151690175e+02
-2.990142393952637576e+02
7.986528615005260008e+02
8.347107085156625317e+02
4.794446400314445782e+02
1.120416773041014977e+02
4.469264569168644385e+01
2.938585368893144505e+02
9.622573290806073487e-01
-1.227640150961078263e+02
-1.280006278432161935e+02
-8.362532435872010410e+02
5.965720847919418475e+02
2.028106820032486155e+02
-6.746204206152793859e+02
5.171550672705500347e+02
6.212410688850817451e+02
-2.943206898931857154e+02
-3.809935128555035249e+02
-8.052120953793697709e+02
1.851074619861450117e+02
-9.489078201963330912e+02
-6.381367106168015653e+02
-4.156015053540879194e+02
6.527506417103056719e+02
-6.457100225177756556e+02
4.768834164457270504e+02
1.781100814899783131e+02
-7.200483061477294200e+01
3.327289437042300619e+02
-5.091966421601712511e+01
-8.824021489928551318e+02
-1.289518260600978579e+02
-3.265639417861081739e+01
1.117030821525848125e+02
-1.050792298196711130e+02
2.027298748841389227e+02
4.278223602456052390e+02
2.018757389650488108e+02
-9.720393835379967413e+02
3.200611935208396517e+02
-9.251192037114099094e+02
-7.800940963675009243e+02
5.133254036610366029e+02
2.039144324749259454e+02
-3.117974117532783680e+02
9.123514986978456136e+02
-9.585596162166649492e+02
-3.190336214647523150e+01
8.082607830386829164e+02
1.284093668922180314e+02
9.436157494312818699e+02
-1.652986743953537285e+01
-6.183909084066090145e+02
-3.188627562037706298e+02
5.932163722435492446e+02
-6.445064533928627952e+02
-5.767738980973682601e+02
2.568677309055793785e+02
2.852795258139695989e+02
5.405801111661403411e+02
-7.033797845474298356e+02
4.675947398878530521e+02
-4.078799719055105584e+02
2.955366112779598780e+02
2.000686132102633508e+02
-1.549989028381734784e+02
-5.035762472273734716e+02
7.523011753911800952e+02
2.742898190245042542e+02
6.743620759896602976e+02
1.273616710660554645e+02
-8.308492885857430110e+01
6.476576708939658147e+02
3.179475523974755333e+02
-2.028305179958865949e+02
4.890793200386575563e+02
6.486969443158811544e+01
-7.450211385677864655e+02
5.713250724145527215e+01
-1.320675502842455558e+02
-6.217418924121196824e+02
-1.112016566476991528e+02
8.953750982532230296e+01
7.629100062752355598e+02
3.960209266504317043e+02
8.279488867356981245e+02
1.859554677538547480e+02
-3.435260033355369842e+02
8.010322784454564271e+02
-3.402839370563651187e+02
7.632399174109929163e+02
-8.185961420056878524e+02
2.078850617165292647e+01
9.665071102550185742e+02
-3.946127114244399650e+02
-8.349883444505921943e+02
-7.107844633481588517e+02
-5.004376771068172047e+02
-8.491733036469790932e+02
2.564829466922770962e+02
-8.576892288139152924e+02
1.433963581125729263e+02
4.570223211542180479e+02
7.811384931101578104e+02
8.930231292407260071e+02
-6.713271745915302517e+02
3.672197004073542814e+01
8.785384869673958974e+02
7.372004193768722189e+02
-2.434509555999360941e+02
4.536146794906804303e+01
9.171337744628617656e+02
-5.685112184456675095e+02
9.029914053370390548e+02
-7.315910983079838843e+02
-4.620838476972131161e+02
2.134349305805984542e+01
2.814907754808943992e+02
3.304499061749629050e+02
-6.040490923064269282e+02
4.573740537325040236e+02
-9.129664593785737452e+02
3.586001500499510826e+02
5.525055017404893078e+02
-5.023849832421436190e+02
8.881737762551200603e+02
-1.593925712486859823e+02
2.719539953959363174e+02
-9.773150423553189512e+02
8.740350290749728401e+02
2.967749849945750498e+02
5.419662093512425116e+00
9.580748688831337176e+02
5.054150759878632471e+02
-2.687295262583895123e+02
-1.098608761428440346e+02
-5.707210916926294431e+02
9.574932038940436314e+02
-8.560396919621455254e+02
-2.578669026527830397e+02
-1.388586059865907600e+02
-3.591383521048623493e+02
-9.673718602655515042e+02
5.337099258904119381e+01
9.928526094130367028e+02
8.406317215074802789e+02
-9.765487944619069367e+02
-1.117184306749690563e+02
-7.106654069557511377e+01
-7.796818163273127311e+02
-5.551084635017110713e+02
7.330170759089174908e+02
-2.709414014103904265e+02
8.799176909321032554e+02
5.483416500490078533e+02
-9.107371427128194910e+02
1.394047021181517607e+02
-8.739284188985553783e+02
-1.966193170183182701e+02
-9.675433355945638141e+02
9.504562936068380168e+02
3.304408631465572626e+02
7.049549470440067580e+02
7.879693625498031224e+02
