4.651263987514550422e+02
-5.574986298539248537e+02
2.408954738231868191e+02
8.789243206107964852e+02
-5.965226484206560826e+02
-1.271230792941168346e+02
-9.062428084889972979e+02
-8.531327974509349588e+02
9.758182290620127333e+02
8.647339917893779102e+02
-2.724570561497426979e+02
-5.552053406032202929e+02
5.025269115812824907e+02
7.037787675945163528e+02
-1.113584082014476451e+02
-2.376884314093569373e+00
-6.728014894269873594e+02
-7.842767807307875501e+02
-8.763344948242396413e+02
-4.716240803077269561e+02
7.036098989448756811e+02
8.520435713906363162e+02
4.186446912288690783e+02
1.795163817315657582e+02
5.477241049502314354e+02
5.723366131528543974e+02
-1.296779040622573973e+02
5.983257535729501342e+02
1.289172238938178623e+02
7.182368575457976476e+02
9.345217827412019460e+02
-7.388516587936104543e+02
3.002781810556265896e+02
1.874247399225114066e+02
7.844593426359320176e+01
-9.015033639553697640e+02
-7.013861418237803491e+02
-5.988358418368685534e+02
-1.846128346400672342e+02
-8.562667355891503576e+02
-7.256379465783118121e+02
1.767260151153482184e+02
2.961270586164667762e+01
2.754262471676586870e+02
5.080802403944671255e+02
3.160389052424625902e+02
-9.291843701909339188e+02
5.363332421486129533e+02
-9.085048019695842640e+02
-7.006624003830480660e+02
3.168829605866068846e+02
-8.488682650595700352e+02
8.761508630830302309e+02
9.336958741739884999e+02
6.046820942492654467e+02
7.634987682377436613e+02
-3.991427369237873677e+02
5.410738603439720009e+02
-3.617510412185099256e+01
7.396226415832281873e+02
2.903355003299623149e+02
-5.675802677256051538e+02
1.572346520557717042e+02
7.809408048618882958e+02
9.469957417187146120e+02
-3.476694052507743891e+02
-2.187274771633772161e+02
2.596864312792583007e+01
8.842191115238771317e+02
-2.890799900209053703e+02
-5.860707774898598927e+02
4.669363520581396756e+02
-3.006934587034812694e+02
-4.646314304311761703e+02
5.260995544182983394e+02
9.416456142792544881e+01
-5.019610394817486281e+02
1.640237043974942139e+02
1.841512177853714149e+02
-5.646551098889981404e+02
9.771204967769294853e+02
-5.422635382746420873e+02
1.364941604074309680e+02
1.166701961195060022e+02
-7.271151395581840688e+02
-6.305070225902888978e+02
9.728528566308017389e+02
-4.387324100440341823e+01
-4.977473356083593785e+02
1.628982487703102606e+02
5.765984992006140146e+02
7.756784319759464097e+02
2.041483985468573792e+02
8.939591028403868904e+02
9.869951258721258682e+02
-6.028429157861437488e+02
-4.553697398709840058e+02
4.988984698524227213e+01
-1.510448697396939792e+02
-1.583854641566095722e+02
7.743200593305180064e+02
-2.927469620675265674e+02
9.160727369022293942e+02
7.277133627450626818e+02
3.914849162931723754e+02
1.062535698272421740e+02
3.879202549537736644e+01
3.876416316579014278e+02
2.442725190548914682e+00
-1.229126278195954143e+02
-1.319199476984909154e+02
-5.200499774502470700e+02
6.249795405018534211e+02
2.042194500890913105e+02
-6.602843664943703743e+02
5.134165603375320188e+02
5.984440576880955405e+02
-2.757352782962059337e+02
-3.792714210894337157e+02
-8.052180853112188288e+02
1.860449608440949874e+02
-9.524402780563131046e+02
-6.381785844907099090e+02
-4.069769721278220800e+02
6.521124070834567874e+02
-6.450372505246548371e+02
4.760051318421870974e+02
1.696304880530707351e+02
-6.957854027898190452e+01
3.334128406824482340e+02
-4.942219490170599272e+01
-8.818287313122741580e+02
-1.213339157594995044e+02
-3.163110191333919019e+01
1.012749718407739721e+02
-1.053584970908576395e+02
2.029306596205900064e+02
4.331382339576244362e+02
1.908878403065085365e+02
-9.535550837023050690e+02
3.092466846300243901e+02
-9.253418724196648100e+02
-7.866582318032183139e+02
5.106974460132457239e+02
1.107323313567799374e+02
-2.281780466333064794e+02
9.122641880915085721e+02
-9.546140543468867463e+02
-3.697681920427690727e+01
8.083922709111369613e+02
2.392013829266425944e+02
9.439698303419497734e+02
-2.713853464933700721e+01
-6.231343273354934809e+02
-3.194236259235941588e+02
5.969251233694677694e+02
-6.488234951905079697e+02
-5.768378264723575057e+02
2.592872867627066285e+02
2.852939335991826511e+02
5.410912791804462358e+02
-7.473175199731335852e+02
4.666630170531096837e+02
-4.005525887199189015e+02
2.961642244838479314e+02
2.000878379695921581e+02
-1.551502469195209812e+02
-5.048693640979189468e+02
6.652608661747131009e+02
2.733074959870601219e+02
6.746864220484125099e+02
-1.761002260033227174e+02
-8.389180136404661425e+01
6.479246926595859577e+02
3.128384647522683508e+02
-2.016193589329130873e+02
4.885757586883631802e+02
6.965182047587944680e+01
-7.439043742637405785e+02
5.700940547463702046e+01
-1.380100757504824571e+02
-6.220390041266491608e+02
-5.739522292072147991e+01
8.549894466165602580e+01
5.319303379956154458e+02
4.531223074618266082e+02
7.875991584455895236e+02
1.889046120318190560e+02
-4.821729402444123593e+02
8.144749631896440860e+02
-3.408991392595278285e+02
8.623917079148217226e+02
-9.017578682893260975e+02
2.285328393715955997e+01
9.680296310561161590e+02
-4.803897526255754542e+02
-9.246516110279302438e+02
-7.285308888879515052e+02
-4.653069664087236106e+02
-8.502769209807865991e+02
2.572051197978581172e+02
-8.420330631197222147e+02
1.437317799407687744e+02
4.566679227182236218e+02
8.891016800290387891e+02
8.952217908379853952e+02
-6.719767267125835133e+02
3.774712412800825234e+01
8.786463481611325506e+02
7.178584270479111638e+02
-2.450343156012021097e+02
4.156387357589377984e+01
9.175845156306722856e+02
-5.684082464813079696e+02
8.984750294918518421e+02
-7.312640829752372156e+02
-4.665783904745110817e+02
2.151093300216373194e+01
2.818678997239895239e+02
3.122785639612526438e+02
-9.067750192202655626e+02
4.572912104733231331e+02
-9.690649894221804743e+02
3.720752547355085653e+02
5.391617164026656610e+02
-5.008830866540974398e+02
8.912274890550739883e+02
-1.592373846049991926e+02
2.722134378026132140e+02
-9.773145653263211443e+02
8.348911536793225423e+02
2.984546819130255244e+02
5.541456388419462975e+00
9.580722845503627241e+02
5.053554215582545339e+02
-2.809523377124226045e+02
-1.095692658925285201e+02
-5.898844531450478144e+02
9.572611556460310567e+02
-8.552462293826160931e+02
-2.241351883945305303e+02
-1.207326842775216988e+02
-3.599502785805019585e+02
-9.660225680051873951e+02
5.297981919897129899e+01
9.583536028646602745e+02
8.402329499382586846e+02
-6.968108330821273739e+02
-1.037471425935236908e+02
-9.306111288413038096e+01
-6.981855207497948186e+02
-5.552542400324888376e+02
7.371935543308338765e+02
-2.706576697036484802e+02
8.852698096660644751e+02
5.441871431414267590e+02
-9.012581438782890473e+02
1.144625396828785142e+02
-8.671490092079956185e+02
-1.966873050375324112e+02
-9.677107631521342910e+02
9.472128494415103432e+02
3.313152540523072389e+02
7.050429664475859681e+02
7.912615420096767593e+02
