4.630218775193925467e+02
-5.574980857902794469e+02
3.022361012168494199e+02
8.793123034715489439e+02
-6.048720784679419467e+02
-1.270850490031145625e+02
-9.171777045888005659e+02
-8.531305350243978864e+02
9.720290272714620414e+02
8.647339917893779102e+02
-2.724562626604069351e+02
-5.550643599583343075e+02
5.153755058206896820e+02
7.018269122035948158e+02
-1.113584082014476451e+02
3.026496809457464465e+00
-6.727936475294898173e+02
-7.843531001725926899e+02
-8.764641892957345135e+02
-4.716240803019586565e+02
7.058139263613019239e+02
8.520914656559039031e+02
4.210923181393709456e+02
1.861646059754599776e+02
5.524707895156324184e+02
6.589020250838137827e+02
-1.290332324331581617e+02
6.171756368590673674e+02
1.444929599618959344e+02
7.178633214615771294e+02
9.362314539200507397e+02
-7.387638294955821721e+02
3.020861475191030650e+02
1.874265270689489569e+02
8.040327295947203368e+01
-8.922035824934698667e+02
-7.012742636757327546e+02
-5.988141255333202935e+02
-1.718157720877470638e+02
-8.565394336548125693e+02
-7.292595535295146192e+02
1.784433404969780383e+02
3.111117939222747353e+01
2.754160718198839959e+02
5.216168087520441077e+02
3.162238613945069119e+02
-9.291583460037253417e+02
5.392073562138559737e+02
-9.053219908561252396e+02
-7.006624003830480660e+02
3.239200662975226805e+02
-8.488454612140160407e+02
8.758669572384787898e+02
9.337436339098264853e+02
6.046742148824868082e+02
8.070921160764628439e+02
-3.253955769641937650e+02
5.420931325309406930e+02
-3.617510412185099256e+01
7.400216422019101401e+02
2.906902329472235920e+02
-5.676073368972084836e+02
1.636936574900198025e+02
8.513967628942796182e+02
9.470039082197565676e+02
-3.467087006102113946e+02
-2.183974551783277604e+02
2.681488630254384020e+01
9.481047179949700876e+02
-2.890827914655291693e+02
-5.813316609528392291e+02
5.050787605104920885e+02
-2.720835648294567477e+02
-4.642177210500211118e+02
5.269193348881224210e+02
9.806080627872378841e+01
-5.460704569127428840e+02
1.866814804848071390e+02
1.841512177853714149e+02
-5.635124902702569898e+02
9.773125075612252886e+02
-5.383224545935374863e+02
1.366165005389275962e+02
1.168148864702331480e+02
-7.214793225252051343e+02
-6.300945501425145494e+02
9.728528566308017389e+02
-4.389614340548593674e+01
-4.972546210705745580e+02
1.629233385646203658e+02
5.804608830484348800e+02
7.761457338239614501e+02
2.058996080653340073e+02
8.936400214025850346e+02
9.869951258721258682e+02
-6.032100537552186097e+02
-4.349505978672048627e+02
4.990871854016667442e+01
1.480377027081601682e+01
-1.583720409706535008e+02
7.855616394646443723e+02
-2.927469620675265674e+02
9.160727369022293942e+02
7.277701680758060547e+02
3.904384526565042961e+02
1.060672969279253977e+02
3.879202549537736644e+01
3.876416316579014278e+02
2.176799153618250937e+00
-1.229155124589375987e+02
-1.319199476984909154e+02
-5.230475017021742588e+02
8.468509743453591909e+02
2.046804794249993336e+02
-6.603195211439431205e+02
5.165461592080238233e+02
5.984440576880955405e+02
-2.736171099022636213e+02
-3.792484281121977006e+02
-8.052111649714645409e+02
1.871179203993607416e+02
-9.523917851924499018e+02
-6.368809626925086604e+02
-3.475281747582531580e+02
6.521097744453345513e+02
-6.450381506701835406e+02
4.768523922795083649e+02
1.737224604685096381e+02
-6.731736123752168055e+01
3.334128406824482340e+02
-5.141232234469929807e+01
-8.739483517715349308e+02
1.057564937611372926e+02
-3.163010596871481184e+01
9.976601871862744986e+01
-1.054086189128574489e+02
2.029051887211221299e+02
4.331377507595742600e+02
1.914618294826302929e+02
-9.535550837023050690e+02
3.132147509253039743e+02
-9.253465360708351000e+02
-7.901649636832253236e+02
5.106974460132457239e+02
2.258546976640953687e+02
-2.255215387420631146e+02
9.124134049536659177e+02
-9.546140543468867463e+02
-3.693731326739326448e+01
8.084598881341117931e+02
2.450037026899764498e+02
9.453210142347662668e+02
-2.712097752869556899e+01
-6.231343273354934809e+02
-3.177481630323774198e+02
5.969336154686093323e+02
-6.463507789655160423e+02
-5.754854921572808735e+02
2.844745353464521713e+02
2.852927756841012297e+02
5.411418043119208505e+02
-7.049975473965770334e+02
4.666630170531096837e+02
-4.005283619322597701e+02
3.005348575969156855e+02
2.000878379695921581e+02
-1.551138543259013147e+02
-5.038172763788060138e+02
8.027599640970641985e+02
2.744471503365308536e+02
6.745695806835170742e+02
1.316960685411027328e+02
-8.106650472122572637e+01
6.485500666640671170e+02
3.261505812949108076e+02
-2.016193589329130873e+02
4.889335508271711888e+02
6.946391285179183228e+01
-7.382884371480264463e+02
5.696697056820556071e+01
-1.124705168198086227e+02
-6.220397731240136636e+02
-5.739522292072147991e+01
8.549894466165602580e+01
5.348687872782712702e+02
6.259930447934231097e+02
7.877195029643220323e+02
1.889080014206192857e+02
-4.870359683603753069e+02
8.132420765670445917e+02
-3.408628985642417319e+02
8.622399306192969561e+02
-8.181660100532595834e+02
2.827141314472497058e+01
9.983207432923808256e+02
-3.914083585732366828e+02
-9.243944018057368339e+02
-5.710163037126578729e+02
-4.894956787224293748e+02
-8.476341220106578476e+02
2.572137631933940725e+02
-8.418133687965745366e+02
1.436028943590904419e+02
4.619358403536380706e+02
8.891016800290387891e+02
8.968625906292301124e+02
-6.693092432952406625e+02
5.040086489378751367e+01
8.786463481611325506e+02
7.178584270479111638e+02
-2.450343156012021097e+02
4.022090281567960801e+01
9.175845156306722856e+02
-5.684082464813079696e+02
8.985069092764895231e+02
-5.886574421690711461e+02
-4.667588534666256805e+02
2.152876330762982704e+01
2.818678997239895239e+02
3.169635838280841540e+02
-6.246646822158548957e+02
4.573760280198374630e+02
-9.127330395740964377e+02
3.737847385068459971e+02
5.919495880679237416e+02
-5.008830920594797931e+02
8.912274890550739883e+02
-1.570555994226869814e+02
2.722032914640718673e+02
-9.771894450421575584e+02
8.764666754563280620e+02
3.086619913919655005e+02
5.733049068979054752e+00
9.580726941695655796e+02
5.053723328863730444e+02
-2.691096894604120280e+02
-1.061297764240590453e+02
-5.847196915757787110e+02
9.572661422178147177e+02
-8.551459285935593471e+02
-2.234460685349527296e+02
-1.193367900649953555e+02
-3.598902878626904567e+02
-9.639930409725658365e+02
5.306175583408649743e+01
9.929869902229517038e+02
8.466061190546757871e+02
-6.968108330821273739e+02
-9.632396057536564626e+01
-6.539160334669421104e+01
-6.806396786396711605e+02
-5.551757691292261825e+02
7.371935543308338765e+02
-2.715240539490050651e+02
8.880323997142909320e+02
5.716364167641538643e+02
-9.088291466121517033e+02
1.393644101974617797e+02
-8.703235221618687092e+02
-1.966849678839055855e+02
-9.686138393987278050e+02
9.471337765135754125e+02
3.313354532764692522e+02
7.050343934981146958e+02
7.911000055335882735e+02
