4.725354401550560510e+02
-5.575067327668845110e+02
2.519672682537659512e+02
8.842599783166048155e+02
-8.142076458042187141e+02
-1.271068840165352754e+02
-9.157410097575760801e+02
-8.548593663823443194e+02
9.723551032589468832e+02
8.647339905405082163e+02
-2.719589585002378271e+02
-5.552399511450612408e+02
5.366654505858559787e+02
6.046337523254461530e+02
-4.803399865835698392e+02
-1.329652329668954414e+00
-7.784867221461662439e+02
-7.847028400133758623e+02
-8.736920208176825327e+02
-4.716240803056423943e+02
7.094982245554538167e+02
8.519760283085574883e+02
9.852908994651400008e+02
1.869709460562272909e+02
5.381201962593665939e+02
6.578312956805549447e+02
-7.715370495733063194e+01
6.126499517918377933e+02
1.326712731008771300e+02
7.178424535971822706e+02
9.361503473855053699e+02
-7.387842460118106374e+02
3.002326984692953147e+02
1.762597475528660027e+02
8.357879054344502379e+01
-9.036057003179188314e+02
-7.007047369774886647e+02
-6.224050316278365926e+02
-1.810512341126174647e+02
-8.504066310881848949e+02
-6.872291518731432234e+02
1.777321811629772697e+02
3.617587820645523067e+01
2.755360429734813579e+02
5.049166334263750855e+02
3.164100907151290585e+02
-9.582434563538629391e+02
5.355080881170121074e+02
-9.258570781585592613e+02
-7.011439112683725625e+02
3.280478049909215770e+02
-8.568006253979893927e+02
8.761232285648475226e+02
9.336965867766041356e+02
6.090135448244428744e+02
8.184126741002622794e+02
-3.116595437722238557e+02
5.406182609164502537e+02
-3.627911994921120709e+01
7.396665781128585877e+02
3.173064943028004450e+02
-5.593645232892030208e+02
1.645128819058571423e+02
7.839157951121117094e+02
9.478747266475445485e+02
-4.358291506567043143e+02
-2.196797550529059322e+02
2.702850669661720318e+01
8.830374045175938136e+02
-2.927805828519543070e+02
-5.859036651052542766e+02
4.544192824852059971e+02
-3.131867601856336591e+02
-3.659641065421894268e+02
5.268221164391994762e+02
9.519907695519151503e+01
-5.443110801542549098e+02
1.848342275801339838e+02
1.869434127738763323e+02
-5.634129461860696892e+02
9.770880908880532161e+02
-5.561818039139352550e+02
2.583759566628544917e+02
1.163634002790129642e+02
-7.216641294799937896e+02
-6.396288793212873998e+02
9.555120604350709073e+02
-4.150043343429837250e+01
-4.977424012210748856e+02
1.628881995698434082e+02
5.833646699698427938e+02
7.761116966806170012e+02
2.194431409620627278e+02
8.883293275439503986e+02
9.565274806258921672e+02
-4.879137630481320116e+02
-4.397014680750343132e+02
5.110489982906265283e+01
-1.674555492811860518e+02
-1.583722950610862767e+02
7.716727518994729280e+02
-2.928818304121436995e+02
7.342659781033842137e+02
7.299689206105590529e+02
4.950007304088700835e+02
1.126562947831848334e+02
3.863860134417051029e+01
2.938446427674080041e+02
6.180754515294004214e+00
-1.239241263298496563e+02
-1.282482104924282851e+02
-4.517245644659212189e+02
6.228955199909142948e+02
2.097620055203139202e+02
-6.586679633404478409e+02
5.184712309025777586e+02
6.432330979744830302e+02
-2.722090115817694596e+02
-3.847710334635155505e+02
-8.052322742430910694e+02
1.866852281754176772e+02
-9.643865129378845040e+02
-6.400165580776133538e+02
-3.637224556829681319e+02
6.520613700318594965e+02
-6.451844022905487464e+02
4.767919811636510872e+02
1.712663078621994543e+02
-6.789613711122783002e+01
3.332974675939861982e+02
-5.300439261588863360e+01
-8.818605408131069225e+02
-2.279674786377226781e+01
-2.167017800724001120e+02
1.123988883775160019e+02
-1.020228109882513365e+02
2.010601898892492159e+02
4.377632049861086330e+02
4.606283393237825408e+01
-9.684836028844143812e+02
3.150484097774269117e+02
-9.240061692402146036e+02
-7.797640439232595782e+02
5.190766723109458098e+02
2.417024614481130413e+02
-2.309995083352416998e+02
9.122052574893627934e+02
-9.422282027581147759e+02
-3.227657157261966603e+01
8.085717202827365782e+02
2.338094164029935769e+02
9.425389971325527085e+02
-2.602422796845221242e+01
-6.283070350805546695e+02
-3.092068343196280580e+02
5.968113017151168833e+02
-6.463529365722989724e+02
-5.752691085249481375e+02
2.585211586331016633e+02
2.852830043908275002e+02
5.409886714856990011e+02
-7.118470083438162419e+02
4.672905618327770298e+02
-4.004552540272379701e+02
2.987142786816747275e+02
1.999985319524778049e+02
-1.597468299051953409e+02
-5.038382872666442722e+02
6.618330173026757848e+02
2.739231687230404191e+02
6.745865030528174202e+02
1.287167895266959476e+02
-7.567128106410049782e+01
6.501823961373071370e+02
3.166250790421166812e+02
-2.027489442615557778e+02
4.887262199340124766e+02
6.798147245791453486e+01
-7.441280680381681805e+02
5.698204290880473621e+01
-1.137435111361470774e+02
-6.212712442343166686e+02
-5.092885981566443121e+01
9.344300905089633602e+01
5.373794116755607320e+02
7.129818930652833160e+02
8.241373951681531480e+02
1.857239361132232887e+02
-3.859942351947626094e+02
8.022058541489914205e+02
-6.075980388505374776e+02
9.056250384797507422e+02
-8.192002273756173736e+02
2.078788663925406865e+01
9.694174535797924364e+02
-4.023096141877267655e+02
-9.319588601986946514e+02
-7.146296458435016348e+02
-4.603459188973578762e+02
-8.489642191272783975e+02
2.583819686927579369e+02
-8.356578455740101390e+02
1.470310648428140894e+02
4.561356372370681811e+02
7.832724806608620156e+02
8.950506197047858450e+02
-6.591414486304014417e+02
3.317244272869315580e+01
8.792365050533821886e+02
7.393031889778510504e+02
-2.417333483950420430e+02
3.897666842612927240e+01
9.215556455414466654e+02
-5.684455007576829075e+02
9.055706909064967931e+02
-7.312775728015561754e+02
-4.029155014238426702e+02
2.149085770538668072e+01
2.863321995588803475e+02
3.290148052312010236e+02
-7.897566895170964472e+02
4.573196462912360971e+02
-9.522888269194924078e+02
3.805125899277898611e+02
6.200911510706264380e+02
-5.015302993219281120e+02
8.870079631416094799e+02
-1.593738907660844575e+02
2.685903831494375709e+02
-9.773143440966732669e+02
8.742316147906298056e+02
2.984139231854455261e+02
5.539158530447437556e+00
9.579157077282226282e+02
5.060877612749471268e+02
-2.855588871526205708e+02
-1.093119485976859409e+02
-5.832930951443730692e+02
9.572010280971823022e+02
-8.552472381019011891e+02
-2.578776746176048391e+02
-1.519427275787336100e+02
-3.597716342596840491e+02
-9.671069603623018338e+02
5.395613430005345634e+01
9.944517236341007447e+02
8.305331361243268020e+02
-9.751558784051178463e+02
-1.126759810005348754e+02
-8.863593874335268197e+01
-6.517876036685006511e+02
-5.544447404430354709e+02
9.443208859313183439e+02
-2.198207936546301369e+02
8.853268751598026256e+02
5.481401893737455566e+02
-7.760176415045605154e+02
1.452328855028844714e+02
-8.738328688146511922e+02
-1.965632953424352252e+02
-9.676945802632523055e+02
9.266886077114179443e+02
3.314893752682040144e+02
7.072631273294961147e+02
7.879601185109551125e+02
