4.765136610768901733e+02
-5.575062435353192996e+02
2.370739526879928860e+02
7.040544918601508471e+02
-5.970787123613073391e+02
-1.272265714116454234e+02
-9.171757122398191768e+02
-8.568032592702418242e+02
9.718984214703784801e+02
8.647562260701855621e+02
-2.690086905954417489e+02
-5.552023426269528272e+02
5.363325534944125366e+02
6.816408169979424656e+02
-4.654661528793946559e+02
4.150362160909220677e+01
-5.834321812334383139e+02
-7.828315732830893694e+02
-8.739476211077260359e+02
-4.716240803009958995e+02
7.003539088457098387e+02
8.519966019270518700e+02
9.581071035724222611e+02
1.864976732052716955e+02
5.507887006430008796e+02
7.841321127800233626e+02
-6.739537942537091908e+01
6.074811277866571118e+02
1.309165125178693359e+02
7.205935326483540848e+02
9.376162962527574791e+02
-7.384366533026435491e+02
3.019035507890375811e+02
1.861048206363087729e+02
7.842349544269981720e+01
-9.004429678333306128e+02
-7.008605160316682259e+02
-6.064359218585618692e+02
-1.849598113515583861e+02
-8.520875262484995574e+02
-7.317914237796320549e+02
1.767351240677590454e+02
3.398598456219094999e+01
3.014598146811931656e+02
5.472254782796117070e+02
3.172169958513047732e+02
-9.540379997836665780e+02
5.815524396110457701e+02
-9.045460621708186864e+02
-7.010446162490970892e+02
2.955821008940650358e+02
-8.578869255126319331e+02
8.815316886759301269e+02
9.336955416960649927e+02
6.068842716142555673e+02
7.995407831263291882e+02
-4.186134550550195286e+02
5.423317451966829594e+02
-3.633694275896171177e+01
7.396765720454387747e+02
2.896035162170896342e+02
-5.713278397399949426e+02
1.635085945844987236e+02
7.837937452922348029e+02
9.482972882783028581e+02
-3.463875907008743980e+02
-2.185251293880083665e+02
2.513608478072596242e+01
8.787705192902157023e+02
-2.916447792177909264e+02
-5.555291748920082000e+02
4.563308542102826664e+02
-2.697317973495356682e+02
-4.789213873386621003e+02
5.265202241108929684e+02
9.032968691850740584e+01
-5.468129747867442347e+02
2.000165426437675933e+02
1.815189316381509173e+02
-5.632703476254538373e+02
9.771156781298093392e+02
-5.440769224701517714e+02
1.265114568066622098e+02
1.163947203399616370e+02
-7.213164041052834818e+02
-6.346915864798401117e+02
9.149378689291029332e+02
-3.691780903875524444e+01
-4.977006581463808743e+02
1.629023290511997004e+02
5.831417355306211903e+02
7.760133066641266169e+02
2.205491415071975041e+02
8.937369283116742054e+02
9.620549204594178718e+02
-5.086476762432223495e+02
-4.350832000480461943e+02
5.456726943905991334e+01
-1.061026185080489768e+02
-1.584008424101216974e+02
7.743346138344330711e+02
-2.879492011188023071e+02
7.981960481233635392e+02
7.277584935337667957e+02
4.798347279797500846e+02
1.120635084480548471e+02
7.218136976984813202e+01
2.934903748642963137e+02
5.718304981399302989e+00
-1.166740362898978418e+02
-1.338522831904845702e+02
-4.510109924022551127e+02
6.819952294492538840e+02
2.046536302495026121e+02
-6.574314425078488284e+02
5.215191471481020926e+02
6.212434331894113484e+02
-2.787923622753297650e+02
-3.808262734585072167e+02
-8.052098182674578766e+02
1.950280843186883715e+02
-9.582249754262779788e+02
-6.434422558161473944e+02
-6.450695230318767699e+02
6.509370335107159917e+02
-6.458293183719689523e+02
4.768056695194648569e+02
2.242750848657427696e+02
-6.364335758545020383e+01
3.335464788919950934e+02
-4.510318245184988939e+01
-8.821706151357440149e+02
-3.247540096289976219e+01
-3.133598435016949324e+01
1.351750940023305816e+02
-1.214756806396742945e+02
2.029104828905073532e+02
4.272109172608189738e+02
1.772943872253948996e+02
-9.715573629228412074e+02
3.124493966528166879e+02
-9.253169655033660774e+02
-7.797614109033729619e+02
5.264180278039154928e+02
2.273903248641483401e+02
-2.307816687979116068e+02
9.137230601005638846e+02
-9.564490019627291986e+02
-3.225845989577898365e+01
8.084470111490481941e+02
1.991490657076941204e+02
9.439467344949734979e+02
-1.577385856225454575e+01
-6.215243202509409457e+02
-3.165459507935938177e+02
5.973666560111257695e+02
-6.462824227248642046e+02
-5.768006011418198113e+02
2.569070825104241180e+02
2.852837744223471077e+02
5.411466664337502834e+02
-7.041645860637312353e+02
4.650872381032456246e+02
-4.005519577962919016e+02
2.961493977385339349e+02
1.991560569211442555e+02
-1.581697346339085470e+02
-4.954991535688087083e+02
7.854713607184698958e+02
2.723939225723603954e+02
6.747205515465826693e+02
1.274446855379688941e+02
-8.038801991009712822e+01
6.524049855288088793e+02
3.231141145309087506e+02
-2.017016973730445955e+02
4.895423666047235542e+02
1.219655794811269658e+02
-7.447401805774532022e+02
5.703342149785363091e+01
-1.325488374833911394e+02
-6.221691643719848344e+02
-1.005541765448432727e+02
9.767925122451637776e+01
5.709884646552837921e+02
4.508984341897556760e+02
7.876928403071780167e+02
1.888136463794584756e+02
-3.936294259152043651e+02
8.010663332926342264e+02
-3.476497862440816107e+02
7.589746971305655734e+02
-8.162422738567295255e+02
2.296268622460192077e+01
9.993045838441765909e+02
-4.059165694127146367e+02
-9.271500044768447424e+02
-7.204724223310236084e+02
-4.946648964214239186e+02
-8.480034559058160539e+02
2.334825413703987067e+02
-8.446555623648283699e+02
1.434637114315397355e+02
4.569441062377640037e+02
7.593185862413661198e+02
8.954476136829018742e+02
-6.691649499061358028e+02
-3.787481213828476712e+02
8.802143434149948007e+02
7.373449088179693263e+02
-2.437947849470775452e+02
3.968454368992275505e+01
9.181943042377660049e+02
-5.684746404531914550e+02
9.256249562953321401e+02
-7.313052021444324282e+02
-4.370891144641555570e+02
2.378960525079824251e+01
2.840493236496803888e+02
3.278373087460761326e+02
-8.183791061411400278e+02
4.573794070167926975e+02
-9.133807385795884102e+02
3.783752295696673400e+02
5.648160561373213113e+02
-5.026907936412832782e+02
8.826267433903381061e+02
-1.593351440978500193e+02
2.719727061799455896e+02
-9.773142202678824333e+02
8.742326511028413734e+02
2.989746408889755003e+02
5.557922526522474094e+00
9.580901972279391430e+02
5.269787231963452996e+02
-2.698707547657327268e+02
1.975047130562721520e+01
-5.871738548900291335e+02
9.569309947776043828e+02
-8.552288970461985400e+02
-2.564076702015314595e+02
-9.469496428228629270e+01
-3.593612044128017828e+02
-9.671404524415288506e+02
5.492897815501608960e+01
9.927202941760667727e+02
8.401349256534971346e+02
-9.752798615446430404e+02
-9.718361285379245373e+01
-7.420876489778723339e+01
-7.720403330856503317e+02
-5.551662457471044263e+02
7.354862051389901580e+02
-2.693705841190480328e+02
9.547509868870160972e+02
5.492149064031050330e+02
-9.076391701344247167e+02
1.393896697808347653e+02
-8.604988335485708149e+02
-1.964766276082361856e+02
-9.677110383272125773e+02
9.477090965321002614e+02
3.309060730251134714e+02
7.049479130453303242e+02
7.965848329144653235e+02
