4.680596964677550886e+02
-5.575071898299347595e+02
2.383878493641264527e+02
8.786656685832774656e+02
-6.001529448382364080e+02
-1.272454770637781110e+02
-9.069811017913538080e+02
-8.577891145419026770e+02
9.714178809038434110e+02
8.647337066240934291e+02
-2.674549027395966050e+02
-5.552216551803737730e+02
4.321657696122945822e+02
6.061976929810666661e+02
-4.759757846089324289e+02
-9.361839323749414632e-01
-6.733209489931375629e+02
-7.851386684864264680e+02
-8.732380867800454780e+02
-4.716240803036324678e+02
6.999557989118879959e+02
8.519948634593678207e+02
4.264772933567053315e+02
1.433617274210728567e+02
5.348556318010183759e+02
6.117220301909741238e+02
-7.910185597803852886e+01
6.010183213120802748e+02
1.320794673866846267e+02
7.178268182190579410e+02
9.351951045209224276e+02
-7.366558286800329824e+02
3.002857242519051510e+02
1.631576834380942671e+02
7.835392144662057490e+01
-9.039493625832903945e+02
-7.020585618292911931e+02
-8.320798025192700607e+02
-1.822148297152541829e+02
-8.502841631246358247e+02
-7.322729645895404929e+02
1.743932500564982888e+02
3.240069523397734486e+01
2.755489972052871508e+02
5.106321366842250882e+02
3.163990391959973181e+02
-9.623810190705873993e+02
5.361181880932876993e+02
-9.038306392790326527e+02
-7.011250666669336624e+02
2.861319652145687087e+02
-8.552249937758538181e+02
8.769758047258850411e+02
9.336958310209520278e+02
6.047455852190040559e+02
8.142049674363825034e+02
-3.312788462206337954e+02
5.422280180546878228e+02
-3.260374012533183219e+01
7.233681911409366876e+02
3.042895606630326029e+02
-5.695008341311529421e+02
1.639494066866199660e+02
7.812414286565176553e+02
9.466749272469204470e+02
-3.464781394573405464e+02
-2.185788545589459488e+02
1.034155831257202252e+01
8.765695200805286049e+02
-2.890991692428451643e+02
-5.715595594125393291e+02
4.529916914022528545e+02
-3.055067297269465030e+02
-4.808489938069791378e+02
5.267378515260737686e+02
9.094340361272848838e+01
-5.469579534732620232e+02
2.009928049127105112e+02
1.527096746253360493e+02
-5.646268352092657778e+02
9.772695440419885244e+02
-5.417768061602838543e+02
1.310412441543908528e+02
1.169982252795884961e+02
-7.638840428129078646e+02
-6.396240682800257673e+02
9.375050349072284916e+02
-3.593114430509497481e+01
-4.977623668410591335e+02
1.629180721219942427e+02
5.833569756445702978e+02
7.913405613143270330e+02
2.187749335049855972e+02
8.917960495075055860e+02
9.658981554200935307e+02
-6.060811584986497564e+02
-4.384693659376941923e+02
4.568205997306739619e+01
-1.668290411794069996e+02
-1.583750797666534993e+02
7.802000332761316486e+02
-2.964851835203335213e+02
5.346328556618478842e+02
7.301731749831127445e+02
4.820939723169777835e+02
1.108904333105230364e+02
3.859161937915288831e+01
2.938691187316570677e+02
-1.138522347950382763e+00
-1.239506694337457731e+02
-1.298963573205723492e+02
-4.513377939659170011e+02
6.697696537968760140e+02
2.043563113069703263e+02
-6.721760599471160731e+02
5.087990253368183176e+02
5.324564289322183868e+02
-2.855313860801932719e+02
-3.896149049067381611e+02
-8.052066781223127236e+02
1.867583315277492488e+02
-9.578734349447611294e+02
-6.383121958511752609e+02
-5.064307391340140043e+02
5.891500485864376060e+02
-6.456808560164130313e+02
4.759935565632125645e+02
1.765494520702424950e+02
-6.788488790443864218e+01
3.324541808151615214e+02
-5.061094006746743190e+01
-8.837254601521161703e+02
-1.450080783036244725e+02
-3.162994707248451931e+01
7.279123052844148845e+00
-1.074825244418553325e+02
1.897386190729207556e+02
4.397100132126304288e+02
1.841593107527075972e+02
-9.717622042694321181e+02
3.184613043380777526e+02
-9.252539173355256708e+02
-7.894106475957672728e+02
5.104828231922010104e+02
1.982744756897188267e+02
-2.252958707923739325e+02
9.123267197228917667e+02
-9.654232890772083238e+02
-4.310194181689345783e+01
8.074740396389228181e+02
2.329236858527222580e+02
9.439791057187302386e+02
-2.748809754662628535e+01
-6.215885680823259918e+02
-3.127756827265627635e+02
5.961767390653022858e+02
-6.539878755464222877e+02
-5.752853801787792918e+02
2.645026636798352797e+02
2.852159587005916705e+02
5.409781631120355314e+02
-7.538050356289531919e+02
4.651115325955004778e+02
-4.005055260137955884e+02
3.158340010508690057e+02
1.991048514428083251e+02
-1.549127061298262618e+02
-4.949950249922291619e+02
6.328359656762794430e+02
2.719951674668971009e+02
6.746013500152915867e+02
1.285329664332573714e+02
-8.111620619819005640e+01
6.501763251546318543e+02
3.047777801978966181e+02
-2.024524383600202952e+02
4.883984539659070379e+02
3.836510102148956491e+01
-7.458223163226195993e+02
5.694983887048275761e+01
-1.324555403938313134e+02
-6.217948991632216575e+02
-9.926005567715498046e+01
8.508678010544431913e+01
5.322035960323973995e+02
4.450646612504056066e+02
7.873962878875635170e+02
1.860580300069587452e+02
-5.232948058459351159e+02
8.010594845982308243e+02
-3.410402847745862687e+02
9.016420743113576464e+02
-8.190282670897662456e+02
2.121301473268307092e+01
9.983223276392715206e+02
-4.022363077740666313e+02
-8.422087422399010848e+02
-7.489073953046651013e+02
-4.946499419134222535e+02
-8.491099838465428320e+02
2.324529459091019419e+02
-6.376003564222073692e+02
-7.973132416343439388e+00
4.567066757434718625e+02
7.744776232047951225e+02
8.966914399809126053e+02
-6.716669221394680562e+02
4.774449187359408597e-02
8.786221773797930155e+02
7.177081553930231621e+02
-2.449581737033367688e+02
4.127088590735252183e+01
9.179281507774085185e+02
-5.684489604600332768e+02
8.987754021384790803e+02
-7.312557176603828566e+02
-4.713676149734244518e+02
2.116824812853260340e+01
2.854437913680138195e+02
3.301092662390863666e+02
-6.258955524126000682e+02
4.573885327220378372e+02
-9.778774817583382628e+02
3.728355032684130492e+02
4.909475958842913315e+02
-5.026226074782568389e+02
8.872772228620582382e+02
-1.594012874072538466e+02
2.715783091716004378e+02
-9.773002655747978906e+02
8.742329794077721772e+02
2.980290610011965668e+02
-2.808972481282158995e+01
9.580362768786028482e+02
5.055897123241858253e+02
-2.795553234080049947e+02
-1.092242686623928734e+02
-5.842882293065583781e+02
9.517040284947979671e+02
-8.571827770928917971e+02
-2.581285241362409124e+02
-1.529052245120630857e+02
-3.592008234984776891e+02
-9.669944039500854842e+02
5.010818092910751886e+01
9.924372132763691070e+02
8.415884967505809300e+02
-9.982856136838557859e+02
-1.190400546488346549e+02
-7.393625567538651921e+01
-7.989718473411255673e+02
-5.557627713606973430e+02
7.334837645289298962e+02
-2.997902210201938260e+02
8.843590129765137817e+02
5.444762926470880302e+02
-9.014241065863666336e+02
1.392501902611115554e+02
-8.682273451299932958e+02
-1.969387571755231932e+02
-9.679352672976528993e+02
9.568290118795780472e+02
3.312929409456268672e+02
7.048750616139418526e+02
7.868880448382586792e+02
