5.414550705331420204e+02
-5.575099260707837630e+02
2.408754232448049208e+02
8.746057471009175970e+02
-7.700406122630065511e+02
-1.272221171913001712e+02
-9.063793102093086418e+02
-8.561534128626095708e+02
8.898511631757240821e+02
8.647337066240986587e+02
-2.728190447439905029e+02
-5.552231843210994384e+02
5.349077863097891168e+02
6.993713585985674399e+02
-2.131114159964435828e+02
3.474086426483314227e+00
-6.762310196906540796e+02
-7.829571518551982763e+02
-8.761685778387129631e+02
-4.716240802232802025e+02
9.333466377715963063e+02
8.530383373531674351e+02
4.323916837285012207e+02
1.447765572719686133e+02
5.504470216120006398e+02
6.483863479736387490e+02
-7.483577788997943969e+01
5.996898605117355601e+02
8.237877808738625163e+01
7.182907475367773031e+02
9.379185175463363748e+02
-7.391042591369703132e+02
3.012536574371758888e+02
1.905677047779222164e+02
7.008440444019242932e+01
-9.080873614173470969e+02
-6.985836011359652957e+02
-6.107331901030408972e+02
-1.825905865916662094e+02
-8.563331585898183675e+02
-7.412452481746904596e+02
1.686775077771288238e+02
3.233775940797194437e+01
2.754242230709635351e+02
5.212952707692702461e+02
3.152496029135691629e+02
-9.581897495186589140e+02
5.354518026689877388e+02
-9.040479550778545672e+02
-7.008204843411450611e+02
3.249465598651444225e+02
-8.541228254377120948e+02
8.760566922037921813e+02
9.336968071501852364e+02
6.047283253334517212e+02
8.101607903690290868e+02
-3.181937297092725316e+02
5.423170253204951905e+02
4.431241474938447311e+01
7.397791840916889896e+02
3.673111180861084790e+02
-2.921700773595069336e+02
1.645223658729626663e+02
7.910753851064807805e+02
9.462764910835502405e+02
-3.390902969913045126e+02
-2.186968463959218241e+02
2.996235763640614636e+01
8.719609734640550869e+02
-2.916855939500048294e+02
-5.807571283698927118e+02
5.770768298232907227e+02
-2.954500818097804995e+02
-4.875086666063262442e+02
5.076011243278186953e+02
8.790754292228695022e+01
-5.470450756219590858e+02
1.998229513313032442e+02
1.846098418142424578e+02
-5.630666334849684063e+02
9.773802178219914367e+02
-5.443977034737793019e+02
1.366141347119247200e+02
1.170210872197098553e+02
-7.216005044797875598e+02
-6.373322509899275019e+02
7.074276801728948385e+02
-1.051133844422589334e+02
-4.977533044377870510e+02
1.628782652945292284e+02
5.820810571084565481e+02
7.759550851518425816e+02
2.058212490894214284e+02
8.937655321481219062e+02
9.551275401290175751e+02
-6.117705039404680747e+02
-4.342899362002845578e+02
4.625262117821298347e+01
1.209051668142396352e+01
-1.583986527354779525e+02
7.749048939588617486e+02
-2.928201760126538034e+02
4.420297129651577848e+02
7.269509912289952354e+02
4.806530196988641706e+02
1.109751936126600498e+02
3.123867925801462420e+01
2.903829182554972590e+02
1.534287690246818556e+02
-1.225548776573223648e+02
-1.317585168936668367e+02
-4.514229859197098449e+02
5.664860196886988888e+02
2.070852492040957600e+02
-6.569474032760891760e+02
5.073499221798051622e+02
6.403217132824530609e+02
-2.997844192076409513e+02
-3.856463242697395799e+02
-8.052742198271007510e+02
1.864939842325529469e+02
-9.708366463141860550e+02
-5.681537880674777625e+02
-4.066539599204488695e+02
6.507876024333133955e+02
-6.452774973061643777e+02
4.697714337435049856e+02
1.761306013586414565e+02
-6.823188623522251817e+01
3.326007480944836061e+02
-4.948146303947256541e+01
-8.729135537431700413e+02
-1.194295848318594437e+02
-3.136631566549806038e+01
1.121576763114903770e+02
-1.089408241403044428e+02
2.025969739164103487e+02
4.357062577673613646e+02
1.781369126093687782e+02
-9.714199144508573909e+02
3.192190214953134841e+02
-9.251751202101834224e+02
-7.797292012703655928e+02
5.106518457632913055e+02
2.017410537510460529e+02
-2.241939003676680215e+02
9.121768270182413971e+02
-9.573547002045166892e+02
2.838258414963849674e+01
8.075028206777406012e+02
2.295215618654318348e+02
9.423378133650096515e+02
-2.750000749636219410e+01
-5.569560846110430248e+02
-3.059398810355998535e+02
5.882942564935895007e+02
-6.469523655772208031e+02
-5.751366572342492418e+02
2.605035294092264735e+02
2.693659255596665503e+02
5.408618068870739535e+02
-7.032878096333242866e+02
4.653919604831583570e+02
-4.002588202942831117e+02
2.966621033243704346e+02
2.000559107573899666e+02
-1.529439649044041118e+02
-5.046741327422644190e+02
6.693631584691451053e+02
2.692025709014021686e+02
6.743993909611245954e+02
1.254986462665547151e+02
-8.312051793503560759e+01
6.475403802587235305e+02
3.224469440196519372e+02
-2.030688684914137525e+02
4.903498363702275924e+02
6.690022201539494517e+01
-7.507035461362490878e+02
5.695752960437946655e+01
-1.335111838686204919e+02
-6.216998655751126535e+02
-1.005836032524018435e+02
-2.183096141824178176e+02
5.324366987535825047e+02
6.317539952447478981e+02
7.877195110789442651e+02
1.885814585031348543e+02
-4.964045764720179932e+02
8.003201916888600636e+02
-3.435754783381398170e+02
7.599975386139692546e+02
-8.202217505695662112e+02
2.190734336168165797e+01
9.925910095851112374e+02
-3.965138738883868541e+02
-9.338562438539444202e+02
-7.242606213334805716e+02
-4.988833409245027042e+02
-8.384747747390425729e+02
5.264101287196468775e+02
-8.511280814251608717e+02
1.650588281926551133e+02
4.575549687447417568e+02
7.794417534655842701e+02
8.954415848447811186e+02
-6.699656674627009352e+02
2.705735350054381883e+01
8.262748249640300173e+02
7.338288025425922569e+02
-2.434073169513022492e+02
4.000286787508849784e+01
9.168166665890761351e+02
-5.683928154259615440e+02
9.009702976742925102e+02
-7.312947948196564312e+02
-4.822885569963629564e+02
2.116591679644409396e+01
2.802801671659657927e+02
3.134480693929701260e+02
-6.222292932254912330e+02
4.573801307991818135e+02
-9.168813145256083317e+02
3.564817431767305607e+02
5.801017333288525606e+02
-5.013838482554456846e+02
8.846837412376515886e+02
-1.593753797262392027e+02
2.718242150794208669e+02
-9.773164027058353440e+02
8.742319324896918715e+02
3.039863165861593188e+02
4.461648515913701374e+00
9.590782169372328099e+02
5.061242558726602283e+02
-2.805465086192011768e+02
-1.062500922157991994e+02
-5.824337182710739853e+02
9.572454853387699814e+02
-8.551665323008689938e+02
-2.564086609307415756e+02
-1.347085648808200631e+02
-3.593332599393260125e+02
-9.672157253878738175e+02
5.350390582742643630e+01
9.927879601308604833e+02
8.406356523912396597e+02
-9.765875957550920248e+02
-1.162008784424721455e+02
-6.519111934336638114e+01
-7.575886238416028391e+02
-5.552432121134108911e+02
7.355377352468464096e+02
-2.158099998514264826e+02
8.851272487120102141e+02
5.706970617115473488e+02
-9.084150459348978757e+02
1.448228246523534608e+02
-8.720400731436964179e+02
-1.965046518106898645e+02
-9.816881104443256163e+02
9.277640439706614188e+02
3.317607143785734820e+02
7.055222854842859306e+02
7.871741948118485652e+02
