4.609471516538056335e+02
-5.574962893962367616e+02
2.409992940606751688e+02
8.789013451571190672e+02
-7.700406122630065511e+02
-1.272176530043081470e+02
-9.063793102093086418e+02
-8.544405263078549524e+02
8.898511631757240821e+02
8.647337066240986587e+02
-2.696372705214515122e+02
-5.552231843210994384e+02
5.134901956556326468e+02
7.003155656338826702e+02
-5.121563013080387918e+02
3.474086426483314227e+00
-6.766684872806042677e+02
-7.842212012928063132e+02
-8.727422408521097168e+02
-4.716240802232802025e+02
9.333466377715963063e+02
8.530903629313164629e+02
4.517357250133433695e+02
1.466065469295792525e+02
5.507229866827973410e+02
6.497096464889111758e+02
-7.331977760042074976e+01
6.159550864222643440e+02
8.045253660233053949e+01
7.182907475367773031e+02
9.378852405129516683e+02
-7.390105427700738119e+02
3.012536574371758888e+02
1.905677047779222164e+02
7.008440444019242932e+01
-9.082248836173547488e+02
-6.985836011359652957e+02
-6.107331901030408972e+02
-1.837313667911356845e+02
-8.563497994677391034e+02
-7.411940114586847130e+02
1.684397106584182495e+02
3.234453512834438982e+01
2.754725187679253509e+02
5.179168320222942157e+02
3.164643793477712279e+02
-9.584995049658288053e+02
5.345585381267683260e+02
-9.040479550778545672e+02
-7.008204843411450611e+02
2.899894811055340256e+02
-8.432303947956407910e+02
8.768592814755015752e+02
9.337456615750592164e+02
6.064545428587950937e+02
8.187103112790082378e+02
-3.169864062246448952e+02
5.423143838706192810e+02
4.431241474938447311e+01
7.397798629093530280e+02
3.673111180861084790e+02
-2.921700773595069336e+02
1.645166144411812752e+02
7.836037992486272969e+02
9.462764910835502405e+02
-3.390837921717218819e+02
-2.186982416504339994e+02
3.071232640156073757e+01
8.719609734640550869e+02
-2.904454932137891774e+02
-5.807571283698927118e+02
5.770768298232907227e+02
-2.954500818097804995e+02
-4.863314801077522134e+02
5.295101714853869908e+02
9.051425693604316791e+01
-5.470450756219590858e+02
1.782451164159991777e+02
1.864611410852629660e+02
-5.630592377438943004e+02
9.771078467055333476e+02
-5.443977034737793019e+02
1.427681728512024790e+02
1.170210872197098553e+02
-7.216143745660683635e+02
-6.373352319922034894e+02
7.074276801728948385e+02
-1.051133844422589334e+02
-4.977533044377870510e+02
1.628771512975330324e+02
5.820810571084565481e+02
7.864474911201793930e+02
2.058212490894214284e+02
9.114369129224459130e+02
9.565796439002040188e+02
-5.011111117672425053e+02
-4.342899362002845578e+02
5.132246975397988820e+01
1.594031115952004640e+00
-1.583987096412391509e+02
7.749126559186285021e+02
-2.928201760126538034e+02
4.330589542598883099e+02
7.269509912289952354e+02
4.808463673701517678e+02
1.113106953963131218e+02
2.042319449419527189e+01
2.903829182554972590e+02
2.163358122359833935e+00
-1.225548776573223648e+02
-1.338419528087288768e+02
-4.514229859197098449e+02
6.163379767358292156e+02
2.050414717825286459e+02
-6.568137887854099972e+02
5.073499221798051622e+02
6.403217132824530609e+02
-3.053735131575504056e+02
-3.796937975711242075e+02
-8.052742198271007510e+02
1.864087696196007755e+02
-9.708366463141860550e+02
-5.667404234492242949e+02
-4.066762991129256761e+02
6.523635145407839673e+02
-6.452862901564500362e+02
4.760654600016611084e+02
1.761306013586414565e+02
-6.709609958956291109e+01
3.332676082771658912e+02
-4.952189753922603188e+01
-8.731212729444109755e+02
1.608850502525750130e+02
-3.162933809436433918e+01
1.121576763114903770e+02
-1.089408241403044428e+02
2.026968811831831090e+02
4.357062577673613646e+02
2.155062407580910531e+02
-9.680426670330419938e+02
3.192190214953134841e+02
-9.251751202101834224e+02
-7.797292012703655928e+02
5.111156927697734886e+02
2.258294342195208344e+02
-2.240706306746432688e+02
9.123317528681751583e+02
-9.545357592373742364e+02
2.838258414963849674e+01
8.067596435665878971e+02
2.297658588878621515e+02
9.423350294945638552e+02
-2.484439502249085052e+01
-5.823179811324514503e+02
-3.112390221017071212e+02
5.882942564935895007e+02
-6.462890486356235442e+02
-5.762961945776539778e+02
2.474683462400447240e+02
2.868493112940918763e+02
5.408618068870739535e+02
-7.032890872263869824e+02
4.653919604831583570e+02
-3.997467548607140770e+02
3.782305138189536819e+02
2.001141797748199451e+02
-1.529439649044041118e+02
-5.046680185829465017e+02
6.693631584691451053e+02
2.739239047086045957e+02
6.743997559520953473e+02
1.202244940703155152e+02
-8.390505508260073952e+01
6.518848902220416903e+02
3.224469440196519372e+02
-2.027002944296081637e+02
4.886919892613050251e+02
8.182147301137756301e+01
-7.508398745818267344e+02
5.695750465200386259e+01
-1.957369746683915537e+02
-6.216998655751126535e+02
-1.045507601295556981e+02
8.113000771522698074e+01
5.323008565746712293e+02
6.317539952447478981e+02
7.877520207994385828e+02
1.860916622879626061e+02
-4.964045764720179932e+02
8.004675112450473762e+02
-3.439753556316383083e+02
7.167275942852319304e+02
-8.202979410978271062e+02
2.407470921034424194e+01
9.977936489190050224e+02
-3.986360276994905121e+02
-9.338249156239778586e+02
-7.242606213334805716e+02
-5.024976939583046942e+02
-8.384883023640860529e+02
2.544302719026169086e+02
-8.513091256118796082e+02
1.444123139206613189e+02
4.625648787567820364e+02
7.467391277609837061e+02
8.954415848447811186e+02
-6.699656674627009352e+02
2.695061612327885925e+01
8.262748249640300173e+02
7.338288025425922569e+02
-2.431879517839825837e+02
4.471850034014620690e+01
9.168166665890761351e+02
-5.684036928220391474e+02
9.008124105183962911e+02
-7.297376928760932060e+02
-4.822885569963629564e+02
2.116704499434034048e+01
2.706738021915494983e+02
3.133961876526012134e+02
-6.221127681321843284e+02
4.573801307991818135e+02
-9.168813145256083317e+02
3.783010149857296369e+02
5.520369860367949286e+02
-5.008163670491537118e+02
8.876595881794710294e+02
-1.593795051432561820e+02
2.718076443300494702e+02
-9.773164027058353440e+02
8.742321227499877523e+02
2.978889256255310443e+02
4.394245925059146352e+00
9.589063356862700402e+02
5.060815455253907089e+02
-2.805465086192011768e+02
-1.062415780497889557e+02
-5.889910627195559982e+02
9.572401216600017051e+02
-8.556968026120524655e+02
-3.297296654822818596e+02
-1.347028482941209973e+02
-3.608781036575447274e+02
-9.672157253878738175e+02
5.387069865854961392e+01
9.966282184021797548e+02
8.406300237066428735e+02
-9.572006374017560120e+02
-1.162008784424721455e+02
-7.743917862502482308e+01
-7.775009269620497889e+02
-5.552432121134108911e+02
7.355372343182533541e+02
-2.158747778574635845e+02
8.869886918601517891e+02
5.718441926062617995e+02
-9.084141677619649045e+02
1.393999419848402965e+02
-8.720400731436964179e+02
-1.965046518106898645e+02
-9.677062647819085441e+02
9.288579396400161841e+02
3.317280998905289948e+02
7.055114832249045094e+02
7.877932128032197170e+02
