4.596569035975485917e+02
-5.574991836200205171e+02
2.383878493641264527e+02
8.786656288345953953e+02
-5.967926208056400128e+02
-1.257335599208200847e+02
-9.011356652559211398e+02
-8.551617519693486429e+02
9.751896095600918670e+02
8.647337066240910417e+02
-2.669889618049879800e+02
-5.552216575891932280e+02
5.342752082803453959e+02
6.065569598697131823e+02
-5.088044874771085802e+02
-3.304209436355923124e+00
-6.729122613423510302e+02
-7.843172272251648565e+02
-8.732380867800454780e+02
-4.716240803036324678e+02
7.004983898873132375e+02
8.519941384693148620e+02
8.951439721753444019e+02
1.832623424776066372e+02
5.348557926530340865e+02
6.585922321354705673e+02
-7.982063235219749231e+01
6.008152349892585562e+02
1.421283025345263127e+02
7.450107462474270505e+02
9.357542543753467044e+02
-7.367254400236852234e+02
3.003013624560061317e+02
1.631576834380942671e+02
1.081491824940596445e+02
-9.014200949222641839e+02
-7.015287187917434721e+02
-5.975182300366212758e+02
-1.822148297152541829e+02
-8.544074418516472633e+02
-7.316283126688134644e+02
1.762986137157709550e+02
3.239555731386113990e+01
2.755651274334866798e+02
5.106321366842250882e+02
3.164089318648689755e+02
-9.623608943436470327e+02
5.361039692481479051e+02
-9.082943336778544108e+02
-7.008457504856030482e+02
3.179591950521734134e+02
-8.553702969787445909e+02
8.769776129828671856e+02
9.336968182999484043e+02
6.048059424470586691e+02
8.151118429825637577e+02
-3.314488548660150968e+02
5.410306476115547412e+02
-3.260374012533183219e+01
7.461056311089827204e+02
2.918575199674672263e+02
-5.587558222438243547e+02
1.644454967181675613e+02
7.812414286565176553e+02
9.472534363795546142e+02
-3.464766693942927418e+02
-2.185785860366003703e+02
2.424677444338490062e+01
8.787780811931115750e+02
-2.891217723702693547e+02
-5.679975648769654981e+02
4.769109818423771685e+02
-3.055601764109633791e+02
-4.729386776680571529e+02
5.262031168118783171e+02
9.094340361272848838e+01
-5.467975614427997471e+02
2.027018625162269529e+02
1.877675260822240091e+02
-5.645426841640904740e+02
9.759626106463326778e+02
-5.414229578783608758e+02
2.372867166198488178e+02
1.160731113742729690e+02
-7.252459016379855257e+02
-6.332145036077005216e+02
9.163480475589036587e+02
-2.894811394747592459e+01
-4.977494756219231817e+02
1.628983681855428358e+02
5.830282722370267265e+02
7.913405613143270330e+02
1.882901944383414161e+02
8.939150390241743480e+02
9.714432635593166196e+02
-5.830083637913618304e+02
-4.382383548974482892e+02
5.043959808889717067e+01
-1.735155895230629994e+02
-1.582739464604688351e+02
7.801589146015452343e+02
-2.953143422533302669e+02
5.344769381742797805e+02
7.265439621332463958e+02
4.759823375921510547e+02
1.109177183192996097e+02
7.369848219919731491e+01
2.943973320379963639e+02
3.559700137196457170e+00
-1.225787129515181135e+02
-1.278200168877782801e+02
-4.515023848361213368e+02
6.217769895494589036e+02
2.043471271666475673e+02
-6.596995292862494580e+02
5.248555556080187898e+02
5.308276651305695850e+02
-2.795141343523319506e+02
-3.896149049067381611e+02
-8.052008638411340371e+02
1.866062168074765850e+02
-9.611426933088084752e+02
-6.405213461916993083e+02
-4.996054712563558269e+02
6.525186798778790944e+02
-6.456808560164130313e+02
4.767172906157045986e+02
1.810685366345934995e+02
-6.786254870610297019e+01
3.333125727336317823e+02
-4.961406768345494100e+01
-8.818783828338279136e+02
-1.169144417257288069e+02
-3.162649855086621287e+01
-3.484521122287240757e+00
-1.073355927298464110e+02
2.047559661489319467e+02
4.265794637149427331e+02
1.975773708973790121e+02
-9.717404572052413414e+02
3.325349182312729681e+02
-9.251883931963992609e+02
-7.898557223471223097e+02
5.117539244762487556e+02
1.983360895501630807e+02
-2.256463434084760991e+02
9.123227520353424325e+02
-9.584089241957992726e+02
-3.706258549277823988e+01
8.074736573142211000e+02
1.671935792331766208e+02
9.439639238281334883e+02
-2.715671365235676404e+01
-6.215995804324008986e+02
-4.629707001072650883e+02
5.961873338950933885e+02
-6.485770596473456635e+02
-5.766032398807585651e+02
2.636361007508687635e+02
2.854421144554933676e+02
5.411669528054086413e+02
-7.092271327330328177e+02
4.652835654087782018e+02
-4.005058611763104750e+02
2.544573978324107486e+02
2.000332278438400522e+02
-1.548944952154775763e+02
-5.042444384020317898e+02
6.398944936601607196e+02
2.741870684645112988e+02
6.745644618063612370e+02
1.329823755207226554e+02
-8.108105249547870130e+01
6.528945740870426562e+02
3.142441439533845937e+02
-2.024524383600202952e+02
4.884884374304273820e+02
6.870237037124529422e+01
-7.458476828391247864e+02
5.697758258388022057e+01
-1.278918060060758961e+02
-6.215229372770012333e+02
-4.591746615637062234e+01
8.921074705067614730e+01
5.459988910394578170e+02
4.370298382822278427e+02
7.877160578917591920e+02
1.886393674221238257e+02
-4.045534659932770865e+02
8.025255316770238778e+02
-3.421273330442679139e+02
8.693847419919859476e+02
-8.185381074546060063e+02
2.526815710665139747e+01
9.973487311434292906e+02
-4.079944398220859512e+02
-9.242842040742144718e+02
-7.169752017550604251e+02
-4.943441525365761890e+02
-8.450763471909452846e+02
2.608011995720964933e+02
-6.617047642585757785e+02
1.421744265434214185e+02
4.568701596586757887e+02
8.572788183608137160e+02
8.968721407859449073e+02
-6.684561562031258291e+02
5.360865755495601093e+01
8.811186566233574240e+02
7.190207755722697129e+02
-2.435403264563191783e+02
4.149088961244682849e+01
9.179461008347687994e+02
-5.684693349995609424e+02
8.959911714839865908e+02
-7.301194812439342741e+02
-4.749324322760360246e+02
2.117819657782706599e+01
2.865403083460570883e+02
3.126641680679981619e+02
-5.899568796268388269e+02
4.573906910642863863e+02
-9.699714376345866640e+02
3.728355032684130492e+02
6.891573251447989605e+02
-5.011367958432824707e+02
8.871811010851057517e+02
-1.593667318044288663e+02
2.715781269073673343e+02
-9.774193232710132406e+02
8.742329992460940957e+02
2.980395871768160418e+02
-2.876330344417198859e+01
9.587012893614072482e+02
5.056007493717972920e+02
-2.797651081048846322e+02
-1.091178271641495883e+02
-5.507633826620976834e+02
9.513685950660391200e+02
-8.553453458612126497e+02
-2.582460921167697165e+02
-1.525095724462086366e+02
-3.588059113705807022e+02
-9.656106680787138430e+02
5.404127046341994145e+01
9.924671875174985871e+02
8.427597303507025117e+02
-9.988081828870085701e+02
-1.157782002865692590e+02
-7.915680620819836122e+01
-7.989718473411255673e+02
-5.557627713606973430e+02
7.334818964877894132e+02
-2.856718889140922215e+02
8.843116855306196840e+02
5.490126711091455718e+02
-9.078041124406203153e+02
1.412820548129031692e+02
-8.686422743887832212e+02
-1.968114152360155629e+02
-9.827086318823083957e+02
9.306208337848496512e+02
3.313321626252613328e+02
7.091194673620287858e+02
7.869054330045604502e+02
