4.518247355165805743e+02
-5.574972467072171867e+02
2.409409425369161397e+02
8.768012576241734450e+02
-5.967117383856567585e+02
-1.842464852066390790e+02
-9.063459991344228683e+02
-8.545114689644890404e+02
9.757520704892862113e+02
8.647261539280010538e+02
-2.687329315914606696e+02
-5.552232574819921638e+02
5.379536735575287594e+02
6.066474007400295250e+02
-5.232094752797262345e+02
-1.279616803418577531e+00
-6.775356155784977545e+02
-7.845554937006647833e+02
-8.748429425668463182e+02
-4.716240802303463511e+02
6.963420638335280728e+02
8.519979861550416445e+02
4.294919067157882182e+02
1.473481116254861547e+02
5.345723098239741375e+02
6.549142659181962927e+02
-7.723615161803866158e+01
5.985488599904673492e+02
1.313121563291396114e+02
7.255924234206405572e+02
9.360741848350842247e+02
-7.391721112243952803e+02
3.021603073856947503e+02
1.634734335773964915e+02
7.093535737229059635e+01
-9.017650676769990241e+02
-7.018127567921758327e+02
-6.027457722533529250e+02
-1.891557758105581968e+02
-8.556386157011089608e+02
-7.314897345124634285e+02
1.674004535924721040e+02
3.027951360822550342e+01
2.728309497150061702e+02
5.063401172708933018e+02
3.157176943100719200e+02
-9.563469351792223279e+02
5.335019113011456966e+02
-9.068425631846738497e+02
-7.011484930060498755e+02
2.833156751739516608e+02
-8.553897742631327219e+02
9.002265569541584682e+02
9.336966051316219364e+02
6.049017115856387363e+02
7.868507503865972694e+02
-4.065011180830078956e+02
5.414515381140090540e+02
-3.034382055396937972e+01
7.210812280476623073e+02
2.919879546162566157e+02
-5.734765329220144849e+02
1.637876594594364121e+02
7.809616666546088481e+02
9.463213802897549840e+02
-3.463692474850163308e+02
-2.189421019554801262e+02
2.525017724692600041e+01
8.743053996649717874e+02
-2.890957562044985707e+02
-5.843511846053534100e+02
4.567146672331004424e+02
-2.988647671315003436e+02
-4.879470953302557632e+02
5.361267745680421513e+02
8.359882563640768183e+01
-5.419381891047490853e+02
1.629260897497491953e+02
1.873708004826875708e+02
-5.645975894123494072e+02
9.771416903118497430e+02
-5.440990413025472208e+02
1.360737576692698667e+02
1.163869063282163694e+02
-7.241508759143092675e+02
-6.351924151606312989e+02
9.163519188583107962e+02
-2.548708427457174075e+00
-4.977546652541813614e+02
1.628984753741704878e+02
5.826306238268558673e+02
7.732415805544769682e+02
2.011013076793871903e+02
8.903232139592565773e+02
9.686433767830314991e+02
-6.037388807437170044e+02
-4.376323398049676712e+02
4.381961161688505513e+01
-1.855843860753655576e+02
-1.583788950047677986e+02
7.705327735237697198e+02
-2.849239963180164068e+02
5.351717283143185568e+02
7.276772456647399849e+02
4.818522770492658651e+02
1.124036101241714221e+02
7.057463298839785182e+01
2.938321202989112635e+02
7.216069718931603205e+00
-1.232393221688813867e+02
-1.386863582924725620e+02
-4.518256397921678058e+02
6.194539434267877596e+02
2.029277920149100396e+02
-6.568154760747262344e+02
5.168485387097589410e+02
5.203155518539258537e+02
-2.874408211690258668e+02
-3.800390214768536907e+02
-8.052312317773012182e+02
1.866292287954260587e+02
-9.517681096000817433e+02
-6.379249411504789578e+02
-4.088602767703484915e+02
6.525204673546562617e+02
-6.452963013232550793e+02
4.766669586579414499e+02
2.233260770037227303e+02
-6.792920072391345343e+01
3.333203292206723063e+02
-2.085510622181697045e+02
-8.821831636309940450e+02
-1.285613197556888281e+02
-3.162727982409440841e+01
1.131279045047254073e+02
-1.089026208507447819e+02
1.989353268261243386e+02
3.607523437204895913e+02
3.725939883346141812e+01
-9.989038295883458431e+02
3.375241872282671238e+02
-9.251733787218917087e+02
-7.797123212865549249e+02
5.077134302698685246e+02
2.038599910607854326e+02
-2.262638812137643356e+02
9.117186733145690596e+02
-9.586128625787412147e+02
-3.524204110868819129e+01
8.074902622708068520e+02
2.215298005696853636e+02
9.414760391446484391e+02
-2.722565720250237220e+01
-8.465883180468749742e+02
-3.219481450229018833e+02
5.969808658585216108e+02
-6.469926366030111922e+02
-5.767979470898272893e+02
2.556477510540766218e+02
2.852639316858476377e+02
5.384307995598032903e+02
-7.067559055069248188e+02
4.674324114537599826e+02
-3.999035567984140584e+02
2.944718796119298077e+02
2.000372943482183814e+02
-1.554158208682536610e+02
-5.035166282942936959e+02
6.277114849860134882e+02
2.732822499732942561e+02
6.745013513055813519e+02
1.288550774028344392e+02
-8.343143571089480304e+01
6.476170785862723278e+02
3.085384898840619030e+02
-2.016366918810043956e+02
5.221768473287932011e+02
8.940788097236289644e+00
-7.439365794123630167e+02
5.694431848112833450e+01
-7.362533797305877670e+01
-6.215491239413713629e+02
-9.123926920879347335e+01
9.323543883534712506e+01
4.009309696520531929e+02
6.355584919316139576e+02
8.295759079611239031e+02
1.856697916658339693e+02
-5.284295374803616596e+02
8.013207176935204643e+02
-3.431258528852768563e+02
8.664091371297854494e+02
-8.185561763799801156e+02
2.132091117224032928e+01
9.981040996075923886e+02
-3.972651043000628874e+02
-9.266520402571678687e+02
-7.213290549483597260e+02
-5.018543875680250608e+02
-8.496778070125087652e+02
2.561144295760582850e+02
-8.411773279957676550e+02
6.236578277934982140e+01
4.569374275824823712e+02
7.341507192464086984e+02
8.954726078392366162e+02
-6.716450389666088086e+02
3.615452818376260780e+01
8.785499140732134720e+02
7.105831286312668453e+02
-2.437557948834709691e+02
4.165517709708703364e+01
9.173186618241668384e+02
-5.685065640015627650e+02
8.932480259681549342e+02
-7.301111141493014429e+02
-4.550689855323282131e+02
6.042586140095918879e+00
2.879105980885508984e+02
2.650882740105881794e+02
-6.356579349443898082e+02
4.572744040111921322e+02
-9.137678843747996780e+02
3.782040480860555931e+02
5.648655644015309463e+02
-5.027151674834528308e+02
8.826783001056456897e+02
-1.593786907285472978e+02
2.723738052668300043e+02
-9.773159079010600863e+02
8.742318933175442908e+02
2.981231673511276767e+02
5.486357015518608549e+00
9.585116408988955072e+02
5.053349389434476393e+02
-2.753250819745437639e+02
-1.098596169128877733e+02
-5.899805446813934395e+02
9.572340212405835018e+02
-8.552940808126318188e+02
-2.580206561463343178e+02
-1.164163096318941086e+02
-3.599310336196542721e+02
-9.671843266761826499e+02
5.348009888289323754e+01
9.917014800720044150e+02
8.299569058364362490e+02
-9.756933186935447111e+02
-1.107335975865195934e+02
-1.797053443740809371e+02
-7.709362106698988555e+02
-5.563919599122033333e+02
7.359089375611425794e+02
-2.192775014655003929e+02
8.853328351942965355e+02
5.444474952216291967e+02
-9.073463795183766933e+02
8.252631777066837060e+01
-8.732731137958439831e+02
-1.966129386683085727e+02
-9.676026937285912481e+02
9.692866217268215223e+02
3.314725928347305057e+02
7.054665270304856222e+02
7.879561342619840616e+02
