4.645231561562221714e+02
-5.575090430605711163e+02
2.407204786197792998e+02
8.744910704601272755e+02
-5.967059683791910629e+02
-1.271639877687497631e+02
-9.452830578454266970e+02
-8.527016246719009587e+02
9.715612242990780487e+02
8.647340897103423458e+02
-2.692618515816023432e+02
-5.552218148398546873e+02
5.368059161583893228e+02
6.053864129072325113e+02
-5.092495156250923287e+02
-1.301827169088104474e+00
-6.752350772831448467e+02
-7.844700477704024024e+02
-8.745631666326281675e+02
-4.716240803029194808e+02
7.001525228540733679e+02
8.519994093073316890e+02
4.029197576734962922e+02
1.861362997417828069e+02
5.384341831915820649e+02
7.853059823654728007e+02
-7.839797398342314239e+01
6.126661765939849147e+02
1.524047415760832109e+02
7.174432626307170722e+02
9.355620087089132539e+02
-7.400960862142014776e+02
3.002419334412158491e+02
1.866625242869607177e+02
7.078789980267197279e+01
-9.039498628802427902e+02
-7.020718021663490163e+02
-6.224623346122492649e+02
-1.810522262446093578e+02
-8.554673422673827190e+02
-7.390041412289724576e+02
1.727294670056358825e+02
-3.171680504390492317e+01
2.754851856394023457e+02
5.064942171355481264e+02
3.156911379835630100e+02
-9.528571463432326709e+02
5.382010896697306634e+02
-9.307145949399143774e+02
-7.011419564921018264e+02
3.290397832454481772e+02
-8.518166674236528024e+02
8.806896274001612710e+02
9.336951397438986078e+02
5.967639297351355481e+02
8.159270214810991320e+02
-4.124339778279422148e+02
5.445549126522092820e+02
-3.622828699910118644e+01
7.397677365988487281e+02
3.171235824936204608e+02
-5.711464342624677784e+02
1.629632718951176287e+02
7.809759477573053346e+02
9.462484684181168859e+02
-3.436144738675780559e+02
-2.177940368999471161e+02
2.502668991695336231e+01
8.768051548556899206e+02
-2.894598959485197156e+02
-5.794520365897092233e+02
4.544168880305883818e+02
-3.048027913461131106e+02
-3.695618843450952227e+02
5.268251773885581315e+02
8.122802617948612180e+01
-5.477595775919912739e+02
1.862997005250500706e+02
1.553235710163410772e+02
-5.645978915045390067e+02
9.772164089492348467e+02
-5.415166897042023493e+02
1.410852125976628315e+02
1.159802401472257856e+02
-7.396672357971938254e+02
-6.357197564808886909e+02
9.592133608434022563e+02
-4.782095284571823868e+01
-4.977506558340502352e+02
1.628880843188437098e+02
5.847908875653216683e+02
7.749488252081233668e+02
2.019431266285535855e+02
8.900315779768744733e+02
9.705681347085514972e+02
-4.866175512083250965e+02
-4.474651872480272914e+02
5.048707504952793812e+01
-1.990885613055187946e+02
-1.579204555471139031e+02
7.737119949379298305e+02
-2.901925714522969884e+02
7.369705062088564773e+02
7.275866634795432901e+02
4.799101665363731968e+02
1.055445641620671324e+02
3.980346993398271849e+01
2.938364612629952148e+02
6.546926010206231439e+00
-1.240300244563155871e+02
-1.280006278432161935e+02
-4.544516480414929447e+02
6.165626439376571852e+02
2.040277099110346910e+02
-6.590983196599680696e+02
5.110721572706005418e+02
5.310949814148638097e+02
-2.730641418736360606e+02
-3.868660009504895925e+02
-8.052114546135808268e+02
1.852122152268153457e+02
-9.598994228577994363e+02
-6.402057062946099677e+02
-4.220089318160370908e+02
6.525173282008448723e+02
-6.456732476519612192e+02
4.637776553887953810e+02
1.715050673511794344e+02
-6.797909093138640912e+01
3.324552663693864929e+02
-5.108740178680080390e+01
-8.821764930161507436e+02
-1.289491424068710046e+02
-2.160067064105655845e+02
1.336128421802053765e+02
-1.020566876809574808e+02
1.896113787542530815e+02
4.196412851161132380e+02
1.618490673118629957e+02
-9.716851077715095926e+02
3.191898575722427722e+02
-9.253596875441065777e+02
-7.695163662958985924e+02
5.113304730595006049e+02
2.267760036772496335e+02
-2.308512016407900092e+02
9.124351295934809514e+02
-9.587814756831697878e+02
-3.793232571864379565e+01
8.074740056847087999e+02
1.277723299880127428e+02
9.436157494312818699e+02
-1.653795875241281976e+01
-6.235195831642465691e+02
-3.188627562037706298e+02
5.922622641544822955e+02
-6.487339474966748867e+02
-5.767526084762303071e+02
2.569132208035056237e+02
2.852880804506382333e+02
5.406058576328822483e+02
-7.080117537582367504e+02
4.666444215177832575e+02
-4.004481253967462067e+02
2.713714201795840495e+02
2.001189009524293283e+02
-2.520931650862545155e+02
-5.036512394956679373e+02
6.308243149744614584e+02
2.738837260175146753e+02
6.745148242866845294e+02
1.285767157997922823e+02
-8.287890695168327682e+01
6.481413432800593455e+02
3.120549137028207269e+02
-2.024831356564135092e+02
4.884025711675490129e+02
1.437360513279903884e+01
-7.458898178049314538e+02
5.695590331122149053e+01
-1.331195314915769359e+02
-6.218927374469576534e+02
-8.133453871873105356e+01
1.180086932515025495e+02
5.735760744453076541e+02
7.139935647188428902e+02
7.877174818584654759e+02
1.883639972936807396e+02
-3.564430438402906702e+02
8.022712673893978490e+02
-3.159647495831539459e+02
8.774424090228961859e+02
-8.177994278034808531e+02
2.296010391972394515e+01
9.693499478089332797e+02
-4.019491788091206672e+02
-9.271358001940225222e+02
-7.372360030132048223e+02
-5.036296019981643894e+02
-8.492629136975975825e+02
2.571429679616405224e+02
-8.580281817806292111e+02
1.434014996781000946e+02
4.561498214730131053e+02
7.623166778527275937e+02
8.965793288250682735e+02
-6.703628722839287093e+02
5.249668502625956990e+01
8.785945035260916711e+02
7.360631349941334065e+02
-2.419560008878391670e+02
3.893465658393705553e+01
9.212963783655554835e+02
-5.685076495045974525e+02
8.999995156754836216e+02
-7.315303417716412469e+02
-3.956156907539478880e+02
2.134196150726589636e+01
2.815311025828140146e+02
3.290565249067604441e+02
-5.971326776747096119e+02
4.572927377413811882e+02
-9.687748680579526308e+02
3.809700175668452289e+02
3.559726256352309974e+02
-5.023482856118018844e+02
8.834520996675644255e+02
-1.593632503535434068e+02
2.714656922070645919e+02
-9.773979788485651170e+02
8.742330503226585279e+02
2.967452107307267397e+02
5.419717085885727315e+00
9.580817853009925784e+02
5.274466621389816510e+02
-2.855074726777293677e+02
-1.103901834207934058e+02
-4.940126365273890769e+02
9.565415919875365489e+02
-8.552941049940693574e+02
-2.566719998524021094e+02
-1.522877427200996578e+02
-3.598874753966542812e+02
-9.673301919730209875e+02
5.645045035302455716e+01
9.929596997968318419e+02
8.406501864288928800e+02
-9.755256128921644176e+02
-1.117184306749690563e+02
-2.106371799647232024e+02
-6.623127953846222908e+02
-5.551202823294612472e+02
7.324110171159320544e+02
-2.697878350106768153e+02
8.858804120505176343e+02
6.442400142925025648e+02
-9.207133093476262502e+02
1.387434981667881573e+02
-8.738298884332299394e+02
-1.965614236513482922e+02
-9.675448729823714302e+02
9.497560364914720594e+02
3.314423822224466676e+02
7.072005652993337890e+02
7.880934324410999352e+02
