4.607628516317575418e+02
-5.574991367541605314e+02
2.426523157417441041e+02
8.786828067113043517e+02
-6.020572590490819493e+02
-1.250956934087666070e+02
-9.060779391033378261e+02
-8.544088137196912385e+02
9.756834211127463732e+02
8.647394818811773121e+02
-2.723754244663539339e+02
-5.552008622193724250e+02
5.302661367685321920e+02
6.035529368778212529e+02
-5.175673717500180828e+02
-3.303122566591986331e+00
-6.792346852502843149e+02
-7.870749195891975205e+02
-8.832471861535527751e+02
-4.716240803044359495e+02
7.064712075859877132e+02
8.520940714054878526e+02
4.424824549436238499e+02
1.867047112479920088e+02
5.468698474541112091e+02
6.547344688821926866e+02
-7.718423942373330249e+01
5.995978044582868733e+02
1.313383107866523858e+02
7.177268205742477676e+02
9.353277051205527641e+02
-7.435741072286507460e+02
3.003114576911377753e+02
1.647679875029111543e+02
6.983740120991510025e+01
-9.036312515282512550e+02
-7.019818308936489757e+02
-6.064321060882488155e+02
-1.885159521434770227e+02
-8.481814970473398034e+02
-7.319844789301731680e+02
1.729894646560236140e+02
3.223405584925546918e+01
2.748259613996808071e+02
5.200848693578417397e+02
3.180333663997718077e+02
-9.294895545212266370e+02
5.351646246119616990e+02
-9.056029074719122036e+02
-7.010850864101852267e+02
3.257936432805942673e+02
-8.309639600213857875e+02
8.768883943774230829e+02
9.337661918392151392e+02
6.029556853949841297e+02
7.859883555767166854e+02
-4.047573311271116836e+02
5.474372887833004597e+02
-3.095579258866472827e+01
7.388869143633809244e+02
3.193586671549861649e+02
-5.453489530889037269e+02
1.636705269400175666e+02
7.904027429607812110e+02
9.480042840767373491e+02
-3.448288721610343828e+02
-2.180917204936029634e+02
2.605789951949006422e+01
7.796628086757255005e+02
-2.931128017601402007e+02
-4.856117423921392628e+02
4.526921470270468717e+02
-1.714116615769999896e+02
-3.135781839757686384e+02
5.227106310320726834e+02
9.127780608001329199e+01
-5.474967346355890641e+02
1.779290864634817524e+02
1.942669565267706560e+02
-5.645796730289093830e+02
9.771249500357110946e+02
-5.416883886475172858e+02
1.407586099375562014e+02
1.163592716148809956e+02
-7.238659622618841922e+02
-6.394108734430137702e+02
6.575680762313490959e+02
-3.313691578036994656e+01
-4.977547323237689056e+02
1.628841082377282135e+02
6.560779899324628559e+02
7.863528708793489841e+02
2.055323561074636416e+02
8.855218747118079818e+02
9.694299938302855253e+02
-5.930941948799385273e+02
-4.358175739014430405e+02
5.061637245972080734e+01
-1.125646148012120591e+02
-1.582800674440125590e+02
9.243133923385454409e+02
-3.653181168190328094e+02
8.680376194735965782e+02
7.275164051362089594e+02
4.950859367207677906e+02
1.091628274893599269e+02
7.107409072724014720e+01
2.938227014732461839e+02
3.418000322851783679e+00
-1.224268751320515776e+02
-1.305430397007848740e+02
-4.511712539904139589e+02
6.768768029275478284e+02
2.048950583891801500e+02
-6.771094680831411097e+02
5.246037068236225878e+02
6.603098439619551527e+02
-6.521365124337767156e+02
-3.789856375009963472e+02
-8.052205537277861822e+02
1.923041542255727734e+02
-9.441340755023924203e+02
-6.406962008935868198e+02
-4.954673208087205012e+02
6.646942008424824735e+02
-6.451563709477721886e+02
4.722247207039197860e+02
1.741412559346248941e+02
-6.692764549071821989e+01
3.324085101925462027e+02
-4.583891763153408050e+01
-8.821584123408150617e+02
-1.208228492829787939e+02
-3.166402077334128862e+01
1.131944346997282480e+02
-1.044978989609755899e+02
2.034469441768846423e+02
4.093767615930693751e+02
1.691788075197144394e+02
-9.692739003370343198e+02
3.147178171994754621e+02
-9.265687451892499666e+02
-7.796104105889268112e+02
5.105068908603120121e+02
2.344779973598513720e+02
-2.313847940434495172e+02
9.120553907759239110e+02
-9.585504858411974283e+02
-3.487832274213286610e+01
8.083186890069000583e+02
2.336769096267522059e+02
9.439261053941984301e+02
-1.214152798411014942e+02
-6.215911275902675470e+02
-3.107436733833182529e+02
6.025606945191610748e+02
-6.463488535646052924e+02
-5.777413173278546310e+02
2.546078901541392554e+02
2.853329023526949868e+02
5.409801651384811976e+02
-7.554497820053787791e+02
4.588083137225654013e+02
-4.031871597956042592e+02
2.954706999961661609e+02
1.998226927618873390e+02
-1.547571753894899871e+02
-4.931298634495271358e+02
6.378723058351879445e+02
2.727469064326608645e+02
6.745218827492691389e+02
1.037016980303117322e+02
-7.265241804452507779e+01
6.478219869534245845e+02
3.176684516032964893e+02
-2.024099630995803523e+02
4.884482574986541294e+02
6.645404715298238330e+01
-7.437749651444893288e+02
5.696115494285820802e+01
-1.320805086776049393e+02
-6.243491548844508543e+02
-1.183590050528435995e+02
8.955047945766807516e+01
5.201925094744922262e+02
4.510241974644824268e+02
7.876285014736580479e+02
1.854963779740336065e+02
-3.991452506090352585e+02
8.129287926304011762e+02
-3.428012010536293701e+02
8.936184723108243588e+02
-8.170763938319776116e+02
1.663990396066887456e+01
9.954096414774385266e+02
-4.477630166009950585e+02
-8.375119116336829848e+02
-7.296991998369550174e+02
-4.989387135064473000e+02
-8.495223672767274365e+02
2.576648845066976037e+02
-2.478533835957591407e+02
1.428873666436098233e+02
4.567120610117539172e+02
7.701242616738917377e+02
8.953621218247005800e+02
-6.688195070525359824e+02
2.703731725939569586e+01
8.786381998667585549e+02
7.413404170748026445e+02
-2.435377603958438328e+02
4.160864899973966402e+01
9.171840056083821082e+02
-5.718647150265893515e+02
8.954819485220808701e+02
-7.302049225316430920e+02
-4.768351750226353261e+02
2.155412359334377115e+01
2.802116115611726741e+02
3.179622041937480503e+02
-6.309978764148778509e+02
4.573033306628123000e+02
-9.050160979512156700e+02
3.771732751703832491e+02
6.904951956190546980e+02
-5.011141871636278893e+02
8.874861069065248103e+02
-1.593703244547676263e+02
2.723647476260675262e+02
-9.773156672631209858e+02
8.742324290482721381e+02
2.990376287424895168e+02
6.146815887764573105e+00
9.585365313649488144e+02
5.052422628803208795e+02
-2.695843486755677532e+02
-1.094089469711522185e+02
-5.398011652523861130e+02
9.572340391972072666e+02
-8.562373716545957905e+02
-2.568613076996715563e+02
-1.528874509042580314e+02
-3.580569475283393786e+02
-9.661562057547276936e+02
5.001533730304271330e+01
9.948179020447519179e+02
8.302454752811721619e+02
-9.885247079839128901e+02
-1.165257986457664430e+02
-6.937743495639901425e+01
-7.895375107086722437e+02
-5.551424248997022914e+02
7.323613814338218617e+02
-2.723347631431371951e+02
8.839730055884785997e+02
5.483616339618508846e+02
-9.139675188178232474e+02
1.383475444060909467e+02
-8.745718510320515406e+02
-1.969827849873221339e+02
-9.757820911247167714e+02
9.246465063586789483e+02
3.319720956193532402e+02
7.048953920508690771e+02
7.878013980126572733e+02
