4.739358237433481236e+02
-5.574966392776325392e+02
2.368089994230611524e+02
7.166847260260351504e+02
-5.934744069244152342e+02
-1.253745357993958152e+02
-9.065629228875393437e+02
-8.537298660344883956e+02
9.718327964637823015e+02
8.647333707964027099e+02
-2.209178844314173773e+02
-5.552063876786443188e+02
5.103167112729752830e+02
6.975343473197618778e+02
-2.102439215347237678e+02
-1.054744956682484025e+00
-6.713831913866775949e+02
-7.847135631674885872e+02
-8.823287649268610267e+02
-4.716240801252264419e+02
7.049436588621580313e+02
8.520340840456825617e+02
4.026847194189566608e+02
1.852994609822785890e+02
5.493807968513134483e+02
6.598122404698882519e+02
-7.049435118131549416e+01
6.155632963654981040e+02
1.231998339067665142e+02
7.178288364781517430e+02
9.361878732237871645e+02
-7.393036743274254832e+02
3.002927284617925352e+02
1.885421832345646749e+02
7.825207849271102134e+01
-9.014983707743911054e+02
-6.990267753124630872e+02
-6.062623085438854105e+02
-1.823976099436764002e+02
-8.564395986776358995e+02
-6.896938707394002677e+02
1.719652013840519373e+02
4.029725500781587755e+01
2.754616899084408033e+02
5.488286089445510925e+02
3.154298738754511078e+02
-9.559286056783603271e+02
5.372681388423993667e+02
-9.039109022493422572e+02
-7.011200369421034111e+02
3.223910987193619917e+02
-8.545019292149692092e+02
8.761500861241822804e+02
9.336951262103782483e+02
6.046502927440516260e+02
8.085057010356492810e+02
-3.324980311853199169e+02
5.405699347705567561e+02
4.103014294321926059e+01
7.397573811030659954e+02
2.915978101644774370e+02
-5.574133707541969898e+02
1.647048132214779912e+02
7.839364219176936786e+02
9.492126046451643333e+02
-3.459114889960345067e+02
-2.178178638689614104e+02
3.469532670554687570e+01
8.790060431558445089e+02
-2.916272488094940627e+02
-5.802107685018211214e+02
5.078836023330969738e+02
-2.977859002677088256e+02
-4.725068848672550530e+02
5.265505269347769399e+02
9.181927619432939025e+01
-5.469609977536798624e+02
1.997582800937080947e+02
1.921623745316874761e+02
-5.646218366304206029e+02
9.767924985177148756e+02
-5.418398462365711339e+02
2.463282571382704305e+02
1.167344616536537245e+02
-6.995497115233188197e+02
-6.289292034173611228e+02
8.986047792066060538e+02
-4.220075096113525603e+01
-4.977524158081063206e+02
1.629030904285745294e+02
5.834577911697026593e+02
7.760496756729253320e+02
1.892571371411116274e+02
8.857490368048675009e+02
9.774583927655314710e+02
-6.069371202085762889e+02
-4.327242147794611355e+02
3.898043686053564016e+01
-1.179586691454196199e+02
-1.583838078922455281e+02
7.735908298764438769e+02
-2.888369034760196996e+02
7.653157158241723437e+02
7.276790769995768642e+02
4.962919519918773972e+02
1.058523108088546820e+02
7.552235788183963905e+01
2.938122204874861723e+02
-8.012240259243529295e+01
-1.230624524817568357e+02
1.558415017043962081e+01
-4.419936864816145317e+02
6.220913932549209449e+02
2.046232828144551092e+02
-6.593913920666230979e+02
5.178754836466001734e+02
6.087873632921350691e+02
-2.680796329468137742e+02
-3.888628886635188451e+02
-8.052130282299852979e+02
1.810741351064980051e+02
-9.157291597144615025e+02
-6.410399191886589279e+02
-4.063708603963946189e+02
6.521208721924995189e+02
-6.458058607808577563e+02
4.765874316663853278e+02
1.767724271807022944e+02
-6.671836159960488999e+01
3.326437465260324302e+02
-4.264165504843166588e+01
-8.835801234805798003e+02
-1.337654057409861252e+02
-3.163123454006280255e+01
1.128223997643571153e+02
-1.215290179364728687e+02
2.029934102223995467e+02
4.180130542483504996e+02
2.702254220295837399e+02
-9.701736010715694647e+02
3.284710609535903245e+02
-9.239802667729202312e+02
-6.015713216106641994e+02
5.107532392815928688e+02
2.358347424568891597e+02
-2.254586241614074424e+02
9.123659722823090306e+02
-9.944323794211948098e+02
-3.751470615366270067e+01
8.089765608062610909e+02
1.629596490118381098e+02
9.448713703110062170e+02
-2.722191873307255605e+01
-6.209473607823265411e+02
-3.162976573697912954e+02
5.962103256336428103e+02
-6.463626978606843068e+02
-5.774023526414771368e+02
2.853405412758195894e+02
2.853276983775809867e+02
5.410045731835549532e+02
-7.046295063676799373e+02
4.673022787364710666e+02
-4.140233717873456953e+02
2.946084350948716519e+02
3.880394070488376315e+02
-1.544548693442791034e+02
-5.023784478554267707e+02
7.702047226976685579e+02
2.733485324437694999e+02
6.748922520784249173e+02
1.214714452915552130e+02
-8.494244418056547374e+01
6.502669182222429072e+02
3.143864323531511218e+02
-2.013550944791486472e+02
4.922837887598137740e+02
6.405434221523350402e+01
-7.440965283986118948e+02
5.696003600710174908e+01
-1.322374380170090546e+02
-6.215454857591861355e+02
-1.007315441992365663e+02
-2.372480451457330446e+02
5.328654502876537435e+02
4.367016976130401531e+02
8.291700532977346256e+02
1.861488935690318556e+02
-4.925787064460190550e+02
8.020510936174943026e+02
-3.400361200728224844e+02
8.977092880275795324e+02
-8.175302941006628998e+02
2.110376072717064133e+01
9.982148794098879989e+02
-3.967320159994105211e+02
-8.228126083725242097e+02
-7.284981366853673990e+02
-5.006610105565569029e+02
-8.375449740158783243e+02
2.560895358953059713e+02
-8.448092471930611964e+02
1.433919357978824962e+02
4.567200449533170854e+02
8.864020264707314709e+02
8.953440943123403031e+02
-6.595752915411045478e+02
-3.800308363404058696e+02
8.782919672096370505e+02
7.145869202625060552e+02
-2.360548640900714759e+02
4.013967745092831763e+01
9.188615264429188301e+02
-5.684109755577570695e+02
9.072530258611707268e+02
-7.300465356068604024e+02
-4.754467368533635749e+02
2.147701021329946158e+01
2.871774940596564534e+02
3.201951795355720947e+02
-6.395439573671757216e+02
4.572976803408708406e+02
-9.114831874467500938e+02
4.610925418643054741e+02
5.470851361139928031e+02
-5.025060326214754127e+02
8.876490786869570684e+02
-1.593633767517254398e+02
2.721786040019229063e+02
-9.774547849602644192e+02
8.742324363631390725e+02
2.982356603318208954e+02
5.541348644135095647e+00
9.580066337063148012e+02
5.094310324360235995e+02
-2.807037741171035350e+02
-1.062741942907316712e+02
-5.847194500693000236e+02
9.557419182632536376e+02
-8.566901279425050006e+02
-2.579599218648539818e+02
-1.256112171400861683e+02
-3.593263625798697944e+02
-9.672656465852961674e+02
5.400042455776880246e+01
9.918890524018717088e+02
8.394088964080490314e+02
-9.752176556812731860e+02
-1.082409220142437931e+02
-7.617177385289048175e+01
-8.473348178239355093e+02
-5.552043786902122520e+02
7.348577220029958426e+02
-2.211618430796355312e+02
8.864566493677529024e+02
5.479575045319201081e+02
-9.105967678828550333e+02
1.398402392461570400e+02
-8.745891264074589344e+02
-1.966256206208888955e+02
-9.677095006250739289e+02
9.404728001889072857e+02
3.313288445881386792e+02
7.048339655430834227e+02
7.873206421192179505e+02
