4.516972232390360205e+02
-5.574969614024257680e+02
2.423516118480229693e+02
7.212296313795349079e+02
-5.999058659849672495e+02
-1.834757028154857323e+02
-9.063288121641560338e+02
-8.541974715060650851e+02
9.755010320675182811e+02
8.647159780939667826e+02
-2.723873202058526886e+02
-5.552211399209135152e+02
6.689090492818362463e+02
6.060949210039476611e+02
-5.151397922450578335e+02
-3.303122566591986331e+00
-6.769949554925088933e+02
-9.527475520844088805e+02
-8.745606627261529411e+02
-4.716240802473998315e+02
7.031900796425386488e+02
8.519749145908033370e+02
4.295766321803220080e+02
1.775057760806977001e+02
5.510387252669989948e+02
6.546809897091239918e+02
-7.490300167308734558e+01
6.006275073997621803e+02
1.298613138252167118e+02
7.188058547488460590e+02
9.345257278596287733e+02
-7.438155497099323838e+02
3.002513526104445987e+02
1.619305608594508783e+02
6.979642143447406966e+01
-9.041927584342005275e+02
-7.015388402334496050e+02
-6.041277944349204745e+02
-1.893577844041205083e+02
-8.472394397577472773e+02
-7.319995015839381267e+02
1.680796981933903282e+02
3.075477270091054649e+01
2.216523993522299065e+02
5.068834200278067215e+02
3.158022723367898834e+02
-9.584773833254420197e+02
5.334668435869278937e+02
-9.056152661256832062e+02
-7.011451607469406326e+02
2.936798908141603874e+02
-8.610848679232361746e+02
8.770953370444934762e+02
9.336956136055601974e+02
6.048353284521522255e+02
7.851034924957609746e+02
-4.126364403116381254e+02
5.475870762401070806e+02
-3.048401895443716825e+01
7.201052068804309556e+02
2.917690319746180876e+02
-5.713556049082710615e+02
1.569445799734270395e+02
7.804061734222676705e+02
9.465437683480274700e+02
-3.462563011549897283e+02
-2.186813848357319898e+02
1.077366588569480754e+01
7.798611045728534918e+02
-2.890173288227019839e+02
-5.843754403964453559e+02
4.562143954620276531e+02
-1.554122529180262404e+02
-5.269320479047651133e+02
5.224895000756157515e+02
9.554008096224366398e+01
-5.467052041202545070e+02
1.730933041009452893e+02
1.627263581918147395e+02
-5.634393049511759273e+02
9.772873800474557129e+02
-5.415338917034632686e+02
1.260397382691259622e+02
1.158384017203207321e+02
-7.259216774862327384e+02
-6.351520136900584248e+02
9.318429560650741905e+02
2.351627233315685572e+00
-4.977531999450563376e+02
1.629106877011448944e+02
5.854197642900328447e+02
7.018310150181688414e+02
2.131745594983396757e+02
8.917040785863132442e+02
9.694311316607312392e+02
-6.069040854607994788e+02
-4.356914417753070552e+02
4.371240669029342030e+01
-1.202998612634624891e+02
-1.583974988766079548e+02
7.797983107354624508e+02
-2.940946190247178720e+02
5.366274903807529881e+02
7.275159473734729545e+02
4.931531363409526989e+02
1.085084188048858778e+02
7.116228311010449659e+01
2.938387324893902246e+02
8.486223104576993137e+00
-1.227507592199907833e+02
-1.278318252661324976e+02
-4.516767172587971118e+02
6.217755911370126114e+02
2.038203938195365197e+02
-6.724076889517214113e+02
4.212491542926901502e+02
6.193653990910652283e+02
-2.675707920980155450e+02
-3.888117884189492770e+02
-8.052342134718443276e+02
1.865768423071519919e+02
-9.435364691666607087e+02
-6.209928973283928144e+02
-4.088571218953416064e+02
6.525194644074658754e+02
-6.452330368725134804e+02
4.699744317887202669e+02
1.737439517553481210e+02
-6.749868577929913727e+01
3.324745368282007689e+02
-5.016329036796496865e+01
-8.821888645269887093e+02
-1.285109244956619818e+02
-3.132733391719727933e+01
1.131944346997282480e+02
-1.071049774579720690e+02
2.041350931028023865e+02
4.270287525915744027e+02
2.657401253954536458e+01
-9.693293839282924864e+02
3.150466248566492027e+02
-9.265535981435820077e+02
-7.797928123712033539e+02
5.117841395289553361e+02
2.386441500161359102e+02
-2.311709697941561217e+02
9.120385360294907287e+02
-9.585687498652508793e+02
-4.344078566433569222e+01
8.074422322834777788e+02
1.603337016091510066e+02
9.439707537675560616e+02
-2.409248414612016731e+01
-6.212886207902240585e+02
-3.139792579416456419e+02
5.862158887017084226e+02
-6.469951884183012680e+02
-5.779583758598741952e+02
2.645357556266929464e+02
2.853241267976221707e+02
5.410405062609578408e+02
-7.023819028948805681e+02
4.666286044346418862e+02
-4.144645635398902641e+02
2.954675023957315148e+02
2.000990945156734711e+02
-1.552923900219074085e+02
-5.032525204725102981e+02
6.262215266957808808e+02
2.739485327523271962e+02
6.749919665453053312e+02
1.444195405196289244e+02
-1.178104210004623553e+02
6.476622139535799079e+02
3.211102500259581234e+02
-2.015242440909271124e+02
5.224486565456664948e+02
7.125443769434937735e+00
-7.418007127777740379e+02
5.694502334831907575e+01
-1.324137082429832333e+02
-6.243596768897285756e+02
-1.001936308803696960e+02
-3.038592458641332428e+00
3.991722344706583954e+02
3.559899135368873999e+02
7.876705394154828355e+02
1.856502627484797756e+02
-5.277678290062217457e+02
8.010592926950060928e+02
-3.413595086251078214e+02
8.829596271128604030e+02
-8.157643803125994282e+02
2.291936376946275544e+01
9.734070034564056186e+02
-4.140850133151356545e+02
-9.266943075351088055e+02
-7.350858496054983107e+02
-5.019890815780906337e+02
-8.510025401215907550e+02
2.616736518357773775e+02
-7.226184778698398077e+02
6.236984478053381054e+01
4.569361871248380567e+02
7.626460087808262642e+02
8.953954740324024897e+02
-6.716876086624928348e+02
3.545971965817088289e+01
8.747732878728005517e+02
7.189280440261104559e+02
-4.206518053237535071e+01
3.662034898772699876e+01
9.176636595721935237e+02
-5.684961742170914931e+02
8.984910914416374226e+02
-7.311633242622938269e+02
-4.751953585025909206e+02
2.137474367261515340e+01
2.852591163976946405e+02
2.671970200780383493e+02
-6.257865384721909550e+02
4.572749452071781207e+02
-9.137475040012114960e+02
3.563600110855730918e+02
7.387634196326350775e+02
-5.029812303905025033e+02
8.902102616416317460e+02
-1.593812702639686734e+02
2.722500518283897009e+02
-9.773156623035615667e+02
8.742328996488361099e+02
2.992836662259312561e+02
5.541730232346863794e+00
9.573508709769595271e+02
5.059703754639494377e+02
-2.687800068075584363e+02
-1.097590401413231689e+02
-5.870477165225537419e+02
9.572482639242253981e+02
-8.553601296256424575e+02
-2.581397202940029274e+02
-1.253510547922126648e+02
-3.591826878187269472e+02
-9.643518415622152133e+02
5.341929565426394078e+01
9.518145828926710692e+02
8.427114719225713770e+02
-9.758856017886536165e+02
-1.115160696878347295e+02
-9.187687344973355152e+01
-7.703976022924524614e+02
-5.557428438876808059e+02
7.331173095369207431e+02
-2.670650844652296314e+02
8.837204647397711597e+02
5.476614995254097948e+02
-9.085918361753666659e+02
1.425786003585747608e+02
-8.760322136173094805e+02
-1.965736198041728642e+02
-9.758238010803941052e+02
9.224057548208039634e+02
3.297409058030740994e+02
7.051722836953812248e+02
7.879168462735930234e+02
