4.689175774586482248e+02
-5.575067345336730114e+02
2.540750636090805017e+02
8.911251834238646552e+02
-6.041976433139187748e+02
-1.269463711441997020e+02
-9.061255520295570705e+02
-8.531183570302721364e+02
9.758301314370605724e+02
8.647337066281106672e+02
-2.723873202058526886e+02
-5.552059994579369686e+02
5.354982044509719117e+02
6.018537870850453828e+02
-5.089065189406690024e+02
2.650721533099333893e+00
-6.662464171807610001e+02
-7.843287083660578674e+02
-8.875622718645577152e+02
-4.716240803036618559e+02
4.003195844746739454e+02
8.520173882606086408e+02
4.231185408469582967e+02
1.728154008864500213e+02
5.398661982117866955e+02
6.598233676787966715e+02
-1.286811091206112110e+02
6.131797081405253493e+02
1.310587198345212130e+02
7.178202534429750585e+02
9.352401069304746670e+02
-7.367130710564269975e+02
3.002480319743847872e+02
1.865798088406596094e+02
7.822298813270548123e+01
-9.040049959712290502e+02
-6.992357224270723464e+02
-6.084158442557439912e+02
-1.882866462268919747e+02
-8.528480956982239150e+02
-6.877914978912208426e+02
1.784945760006230273e+02
3.243493905765521390e+01
2.727479883339844946e+02
5.002041091128083394e+02
3.100087719573551226e+02
-9.611260930585436881e+02
5.338454962201326452e+02
-9.036498415894983509e+02
-7.010731326777585082e+02
3.225834504722212728e+02
-8.551483635597232933e+02
8.748461816996319840e+02
9.336968735784489581e+02
6.046074262892158231e+02
7.854157412254954806e+02
-3.734617434189274832e+02
5.473763884890659028e+02
-3.779667668503000044e+01
7.401970148621993530e+02
2.947845477615071559e+02
-5.606428935183940894e+02
1.633986317316432633e+02
7.836825151521477437e+02
9.478934829715292381e+02
-3.461569303410098541e+02
-2.184495449687611028e+02
2.582770883881061508e+01
8.779829932636305330e+02
-2.907132538816688339e+02
-5.799757963115326902e+02
4.464599786161468273e+02
-3.122760866008947573e+02
-4.834273641772686574e+02
5.226900644048738513e+02
9.763884796861779591e+01
-5.429914672967909155e+02
2.118408371042441445e+02
1.871658859658395784e+02
-5.633955896227323592e+02
9.771190201042542185e+02
-5.415203304092548251e+02
1.490206247731902636e+02
1.145317552224206850e+02
-7.239733229919456790e+02
-6.354619407855068403e+02
7.121498632407937066e+02
-3.418154180282954258e+01
-4.977500696024067679e+02
1.629350141703846191e+02
5.637239451585246570e+02
7.751356939894985771e+02
2.037641337229411533e+02
8.904189005748605723e+02
9.861705434666031351e+02
-6.100929153467424157e+02
-4.350741878903756401e+02
3.076069819726259169e+01
-1.080247106826699905e+02
-1.583974439821622013e+02
7.739087242546592051e+02
-3.023379710082928113e+02
7.413282955315590925e+02
7.276907423574416498e+02
4.950859367207677906e+02
1.126783676419894533e+02
3.403464870818170596e+01
2.936605304450122276e+02
2.677154133659105817e+00
-1.170686082049644909e+02
-1.290245794601730154e+02
-4.533678878584243535e+02
6.224190950086602925e+02
2.017648118177233130e+02
-7.286087242187761603e+02
5.154890640149608316e+02
6.472078721879644263e+02
-2.667948414890249751e+02
-3.859983604518071161e+02
-8.052086014652703625e+02
1.865454077611928199e+02
-8.437603492731159349e+02
-5.566680634113943142e+02
-4.372437109216941735e+02
6.523629938412572074e+02
-6.451234765890312701e+02
4.723316041024307879e+02
1.830195044974494749e+02
-6.809708814651035880e+01
3.334006285130744232e+02
-4.299190455079356354e+01
-8.735742617817796827e+02
-6.024852028078426258e+01
-2.920384069008649064e+01
1.136371888727413904e+02
-1.086781101298163463e+02
2.021940860647158615e+02
4.190532066582832158e+02
2.085874713223872732e+02
-9.686315934634392306e+02
3.192947093933319707e+02
-9.252228069685498895e+02
-7.884121383747392429e+02
5.091837252097425335e+02
1.956585162505347171e+02
-2.137186370162843048e+02
9.120402372179390795e+02
-9.564007160775777265e+02
-4.221449609574960959e+01
8.082573303600350982e+02
2.330160713931631165e+02
9.404328543120734594e+02
-2.751471567142068864e+01
-6.209376690418162070e+02
-3.192390784099571306e+02
5.962870356859602907e+02
-6.463636871674548274e+02
-5.769571726248310597e+02
2.580017770473747873e+02
2.851755693781533978e+02
5.410279485976828937e+02
-7.056698362171491681e+02
4.666225685796908351e+02
-3.980965013450574475e+02
2.955380070215862247e+02
1.990006128180189080e+02
-1.551167642100827493e+02
-5.037046498156347525e+02
6.255854236765396763e+02
2.732583754951967876e+02
6.745288761706293599e+02
1.300956896520352473e+02
-8.416405189949655608e+01
6.435699294896631955e+02
2.635403285352626881e+02
-2.025078074468588625e+02
4.889463217592080468e+02
1.174272153554923932e+02
-7.432188931134435279e+02
5.694460924765328969e+01
-1.315535122206371739e+02
-6.221801544295602753e+02
-6.204372758825068246e+01
1.010647715465649981e+02
5.409161252571061596e+02
4.269702942530404925e+02
7.876604338473106282e+02
1.860378851669222229e+02
-4.792837066595560600e+02
7.999134725834072697e+02
-3.710234628896978961e+02
8.767562048198564071e+02
-8.178946810988589959e+02
2.294681940986804847e+01
9.968631201136198570e+02
-4.011394362029016065e+02
-8.962255677168077455e+02
-5.640691404578660695e+02
-4.597406665377549189e+02
-8.465426935385372644e+02
2.544569660758617999e+02
-7.222636100938327672e+02
1.427803626906324723e+02
4.570313133577156464e+02
7.509279747651040680e+02
8.950940454810806841e+02
-6.717481588125384633e+02
3.417752558476735203e+01
8.979566015275545396e+02
7.366542788278858325e+02
-2.596138255757794582e+02
3.843642375696107649e+01
9.170645776474336799e+02
-5.668504395109871439e+02
9.050012460899292819e+02
-7.303316307753177625e+02
-4.527447939036856610e+02
2.184700225732032308e+01
2.866510089651396243e+02
3.113629150551271891e+02
-5.985148554602385502e+02
4.572807125298769506e+02
-9.105361139674009792e+02
3.781421886777447980e+02
5.623745542690019192e+02
-5.014794169459480031e+02
8.930551452445342875e+02
-1.592965573553834417e+02
2.719744564892240533e+02
-9.773184945031135840e+02
8.742322586760943750e+02
2.983401356438092193e+02
5.699249996153668008e+00
9.584573365761114019e+02
5.073378422487146509e+02
-2.687095727427258112e+02
-1.093245450899796651e+02
-5.794757167833066660e+02
9.569935221501352771e+02
-8.552645125878678982e+02
-2.579289341144029208e+02
-1.515735622526628958e+02
-3.577941460828795925e+02
-9.712468757699876960e+02
5.372746588779759946e+01
9.928871319391849966e+02
8.416930045628432708e+02
-9.715366503711640007e+02
-9.770586499627313515e+01
-6.179686680701492918e+01
-7.769614982132611658e+02
-5.551834948141575978e+02
7.354416810153220467e+02
-2.709358828389862879e+02
8.839451940982345377e+02
5.484908715167800892e+02
-9.060548963360039352e+02
1.407915705260055006e+02
-8.733277450601915461e+02
-1.965414683233370852e+02
-9.677188671873279873e+02
9.410146505267003931e+02
3.316567441291285263e+02
7.048488533651673151e+02
7.880489613612497806e+02
