4.585915007515097841e+02
-5.575083833593353120e+02
3.013620966175933518e+02
7.119283946776716903e+02
-5.968469060696851329e+02
-1.273265535001102506e+02
-9.069745190128296599e+02
-8.544857996541726379e+02
9.713690529330006029e+02
8.647337066240911554e+02
-2.695002295622863357e+02
-5.552056195044477818e+02
5.202783320939500982e+02
6.046431504559915311e+02
-5.122423223545307565e+02
-5.527145464503471217e+00
-6.766592143125022858e+02
-7.843103778742971599e+02
-8.728276100787854830e+02
-4.716240802461938415e+02
7.067796652645558879e+02
8.520218341543986753e+02
7.197395690142302556e+02
1.845556617638072225e+02
5.442299943985567552e+02
6.558883672150673192e+02
-1.317034943617327372e+02
5.999775731580546108e+02
7.922944127915593526e+01
7.170403171389659747e+02
9.363380792949704983e+02
-7.381926381380581006e+02
3.018961215911617728e+02
1.873991672593225815e+02
7.067901820472856400e+01
-9.038441415188616475e+02
-7.018967413051801714e+02
-8.090645776551260724e+02
-1.824589542708082774e+02
-8.569378325866196064e+02
-7.322615375078346460e+02
1.775451333514845942e+02
3.235846963424030776e+01
2.746814875853216336e+02
5.181491847003778730e+02
3.165538007749551639e+02
-9.585071596815010935e+02
5.325550194480599657e+02
-9.060046252629971377e+02
-7.011096856516924163e+02
2.861913941207493508e+02
-8.552581935977888179e+02
8.761093352439422688e+02
9.336957850931727307e+02
6.048394265678791726e+02
8.271274708312250823e+02
-4.235668449084359395e+02
5.420955154054410059e+02
-3.048152765204604009e+01
7.211029672659622065e+02
2.855973277683223728e+02
-5.778681969025362832e+02
1.538405524351524036e+02
7.836546669041242694e+02
9.467592819977887757e+02
-3.464772759589951079e+02
-2.185286293112117733e+02
2.313682326770799591e+01
8.806500217877462546e+02
-2.891049540725699103e+02
-5.714342674195859217e+02
4.562733192625900642e+02
-3.055698629006608940e+02
-3.193557313711712027e+02
6.363167590854001219e+02
9.389417692482106759e+01
-5.286356657887258734e+02
1.782844199775084633e+02
1.859164372751766052e+02
-5.648709574148117554e+02
9.771246010164907148e+02
-5.418292208177235807e+02
1.378451801745117393e+02
1.168389200051713317e+02
-7.619169647301289388e+02
-6.374979469905432552e+02
9.362741111112460430e+02
-4.829248395193974375e+01
-4.978065168035825536e+02
1.629183034130770693e+02
5.803718095239461263e+02
7.863525358389180155e+02
2.056031185852722558e+02
9.109973965960103897e+02
9.800923316788893089e+02
-4.998221560726262283e+02
-4.402804691222816018e+02
5.136871188372095531e+01
-5.095208321844190635e+01
-1.584032171749942393e+02
7.802254515742883996e+02
-3.769797515057934447e+02
5.328540309421930488e+02
7.254203401518010423e+02
4.778621365912597980e+02
1.113257809174547361e+02
6.998809188282812954e+01
2.938238264378991289e+02
1.320833475773710575e+01
-1.168916736445566755e+02
-1.339128138853364760e+02
-4.552436065744945495e+02
6.136265843852415856e+02
2.052533339685211047e+02
-6.593090518862162526e+02
5.134133529159157661e+02
6.225356145484631725e+02
-2.731160765211743069e+02
-3.898990023158802387e+02
-8.052355245756216391e+02
1.816024752627773466e+02
-9.567232737297405265e+02
-6.391506565209401742e+02
-4.046166631844409949e+02
5.808401575189393498e+02
-6.457376964490092632e+02
4.642795840464364119e+02
1.683529300982890220e+02
-6.708951953779434518e+01
3.333269105979555889e+02
-5.122331811196008999e+01
-8.723247526141374237e+02
-1.179252646853182256e+02
-3.158115165377887834e+01
2.859670925587163737e+00
-1.079839436115343005e+02
2.015614108895880179e+02
4.249756108932437542e+02
1.661401257522387880e+02
-9.680471978537558471e+02
3.202398211809766053e+02
-9.263190290549014207e+02
-7.901917259316197715e+02
5.107547047626772496e+02
2.264159893826035557e+02
-2.307759027296633292e+02
9.123659461744588270e+02
-9.576708422963544081e+02
-3.741988956484133411e+01
8.067484063990773393e+02
1.681238776661084842e+02
9.436272996620061804e+02
-2.497463181182582304e+01
-6.242585699305514026e+02
-3.401795305710872412e+02
6.025143337411828952e+02
-6.463059446689813967e+02
-5.764157113497462888e+02
2.474562596023340291e+02
2.851320435591067053e+02
5.411791553721299124e+02
-7.031607476277117712e+02
4.678673302013669968e+02
-4.005619735817809328e+02
2.962004538074033348e+02
2.001450833085597196e+02
-1.552034252862605115e+02
-5.038926162931845738e+02
5.947938303151483979e+02
2.739954270524739286e+02
6.744096421345624321e+02
1.204053481388397699e+02
-7.339677944066464477e+01
6.438950537252729873e+02
3.040461247553332100e+02
-2.026690043798464558e+02
1.648173026495209967e+02
8.232712390244648759e+01
-7.433776726170115126e+02
5.695899984168465124e+01
-1.935799780779576054e+02
-6.242785673769453751e+02
-1.043058238638182331e+02
1.237932070872077190e+02
5.328830130534320233e+02
4.510290130326587814e+02
7.876794087944862213e+02
1.808332756801174241e+02
-5.777824130493501116e+02
8.025438986885225177e+02
-3.414139109744814959e+02
7.587936786188712404e+02
-8.180746348119596405e+02
2.115928193099261634e+01
9.977113371924471039e+02
-3.968086990567647376e+02
-9.245139073127151050e+02
-7.469433436307343754e+02
-5.024397107558376092e+02
-8.495400297584171767e+02
2.423675163654955611e+02
-8.399327900464304548e+02
-4.395805301346626237e+01
4.567058985243385791e+02
7.457032253933064112e+02
8.922901762104729642e+02
-6.695405788408756962e+02
1.617993099804521506e+01
8.747478827308646032e+02
7.173045859817532346e+02
-2.349385374896637586e+02
4.158765282668517216e+01
8.925042919712369667e+02
-5.097789521009903524e+02
8.981101503717561627e+02
-7.298686322765771592e+02
-4.740313413797722433e+02
2.122417851917292353e+01
2.837975985001510253e+02
3.127048033565393439e+02
-6.300404751736565458e+02
4.573874487731716272e+02
-9.666819218695128484e+02
3.790310635906773769e+02
5.267219043182491305e+02
-5.026703153620543389e+02
9.670945984154636790e+02
-1.593392834494789554e+02
2.723970505505828328e+02
-9.772987493305485032e+02
8.742321314289354177e+02
4.126928539220409675e+02
9.852620988078712116e+00
9.407932612512830701e+02
5.060712505331796365e+02
-2.803601335040426648e+02
-1.097322720472026987e+02
-5.888562203577687342e+02
9.572645700380119251e+02
-8.556908818108295236e+02
-2.581402794498604862e+02
-1.278998836777119408e+02
-3.609719889747757406e+02
-9.672516109900735728e+02
5.374734102596451635e+01
9.911298306633289030e+02
8.402025801501007436e+02
-9.715429353156421257e+02
-1.185937776271968573e+02
-7.707997688501978928e+01
-7.769445725706768826e+02
-5.557773739063399034e+02
7.345771302853517000e+02
-2.682300160398680191e+02
8.869928260153494648e+02
5.461186816608121717e+02
-9.105882157786082871e+02
1.394975941219329343e+02
-8.607887216704863249e+02
-1.972184392099597972e+02
-9.687205523023175147e+02
9.491630666676783221e+02
3.309227354797239400e+02
7.049401872197238390e+02
7.883086789487804253e+02
