3.578644630186733480e+02
-5.574994854643399549e+02
2.397160963706339203e+02
8.789837053919922027e+02
-5.815127682660369146e+02
-1.259450473642644397e+02
-9.062845714827873280e+02
-8.526575673037065144e+02
9.714903455762412250e+02
8.641365734774304883e+02
-2.725429520828121213e+02
-5.552087880788636767e+02
5.351349289089591821e+02
6.018275255325307853e+02
-6.776481254784575867e+02
-5.479087996334413901e+00
-6.795780950062016927e+02
-7.873416777078859923e+02
-8.747966703358657696e+02
-4.716240836802749072e+02
4.197681711960956363e+02
8.519867087033139796e+02
4.741992331336149959e+02
1.514722561622976400e+02
5.455770022889551001e+02
6.133647253255919622e+02
-1.317639875961215239e+02
6.005302270702053420e+02
1.279606311255051594e+02
7.177158422648270744e+02
9.359454589800189979e+02
-7.380306895954358879e+02
3.002494184352806315e+02
1.893999181391366164e+02
7.916948860325447868e+01
-9.040348094973430761e+02
-7.018955257446820042e+02
-8.214259335748262174e+02
-1.825756541888844708e+02
-8.562886523921482649e+02
-7.320076221518488637e+02
1.670427410955920777e+02
3.188616172981279817e+01
2.754278509283921039e+02
5.045837706955888393e+02
3.157239287666351402e+02
-9.594925424481134542e+02
5.581020393169187628e+02
-9.053887700035326134e+02
-7.015419881267289384e+02
2.926978461721627127e+02
-8.542125636253924768e+02
8.782378825492112355e+02
9.336990279333328999e+02
6.042016559384622951e+02
8.075902813918725087e+02
-4.125362460856825919e+02
5.471451791573927039e+02
-3.167242441338146364e+01
7.195027197938568406e+02
2.907286419822573862e+02
-5.703082646265943367e+02
1.636218262977091342e+02
7.805883930686161420e+02
9.463185585950450331e+02
-3.459011684455401792e+02
-2.188365766363547777e+02
1.208173407852907033e+01
8.791683887414317269e+02
-2.896751285134975546e+02
-5.850610467670202297e+02
4.532619891508450110e+02
-3.060767660063121411e+02
-4.861590721464274338e+02
5.261775694807563468e+02
8.850131516496868755e+01
-5.478830102387976240e+02
1.929384298060677736e+02
1.631692940773893383e+02
-5.633568076516990004e+02
9.774187878839721861e+02
-4.997459985724281069e+02
1.359399712476735544e+02
1.162675059511336428e+02
-7.258816515537153009e+02
-6.272273415496257485e+02
9.579756532532096571e+02
-3.059892415098426000e+01
-4.977534945494751355e+02
1.629028554533316537e+02
5.855637174929629509e+02
7.759259675565861016e+02
2.029820774421736189e+02
8.904988211560779519e+02
9.707516839668560351e+02
-6.137149149946249054e+02
-4.328817846011588131e+02
4.332858705255291198e+01
-1.210748611702690596e+02
-1.582788111797248689e+02
7.873374371288979319e+02
-2.986850020633423810e+02
4.867641545188855048e+02
7.262646205939656738e+02
3.874505954981286777e+02
1.094420048680496222e+02
7.591739446278897674e+01
2.936367919002844928e+02
1.423192317040127275e+00
-1.225937709182068005e+02
-1.278195712549614598e+02
-4.509879908750820618e+02
6.163246955312871478e+02
2.041368340580289669e+02
-6.618462369943041494e+02
5.254816062493608797e+02
6.085334935409872514e+02
-2.794688255009652380e+02
-3.890658879759090496e+02
-8.052054171660273596e+02
1.862267883860301652e+02
-9.607122034510451840e+02
-6.441927162090584034e+02
-4.995121525413790096e+02
6.526682273628322264e+02
-6.457302694874583722e+02
4.770191786780005714e+02
1.820064226493003048e+02
-7.317163089040683133e+01
3.333737846354919725e+02
-4.841200738518398339e+01
-8.817871629995923968e+02
-1.288851529872129049e+02
-3.159863619286912240e+01
1.126640384932589996e+02
-1.018383011165440024e+02
2.046586679981431018e+02
4.198505246794852042e+02
5.417278762555779537e+01
-9.717383414772582455e+02
3.312303809290563663e+02
-9.251203708497046136e+02
-7.886435206476270423e+02
5.118992492967302042e+02
7.650213163861320709e+01
-2.285677889482887792e+02
9.122133063000858328e+02
-9.587809744458812702e+02
-4.292167182938830905e+01
8.074550631008886512e+02
-3.181931598403633643e+01
9.438520013777315398e+02
-2.728232163406011423e+01
-6.314754392869983803e+02
-3.277271689418465712e+02
6.029821262301375100e+02
-6.463525379494717527e+02
-5.775537285052452035e+02
2.618356928970932813e+02
2.852704732782061114e+02
5.405484108483067303e+02
-7.019516622005586441e+02
4.666275592566972819e+02
-4.006957378652975876e+02
2.979880754011191470e+02
2.026799228552356453e+02
-1.548716020144832726e+02
-5.075293464067678428e+02
6.397484217110553573e+02
2.724536118524684980e+02
6.748078299518717813e+02
1.276655748901924028e+02
-7.169442131952337149e+01
6.473512682831502616e+02
3.150034442148242420e+02
-2.024517411611994930e+02
4.884704094165294919e+02
3.413878450593647074e+01
-7.478603973999363461e+02
5.696660129304445519e+01
-1.320156230426141519e+02
-6.217338637381499211e+02
-6.866523713039757126e+01
4.491973137361156887e+00
5.332761058108038696e+02
3.750565977730904592e+02
7.873086484281059256e+02
1.883754849495639974e+02
-4.819858711995819363e+02
8.019782436273694657e+02
-3.412086422812021169e+02
8.827833478761156130e+02
-8.191867995559853171e+02
2.140960611766707800e+01
9.914377582810516287e+02
-4.069394218469183215e+02
-9.242801284915917677e+02
-7.172281174844176803e+02
-4.897635022474593711e+02
-8.784051919966541391e+02
2.351292717105326062e+02
-8.450145299062528466e+02
1.451253312620846430e+02
4.575794020562309470e+02
8.754058130345653126e+02
8.950037606081348258e+02
-6.748452367452454155e+02
3.908618258034019277e+01
8.811907043739914798e+02
7.185810995212242460e+02
-2.434068688646558201e+02
3.982531726827615159e+01
9.184607513319862164e+02
-5.684642272459007017e+02
8.935436849444256495e+02
-7.313541942668472302e+02
-4.825780316378745738e+02
2.235302369208611495e+01
2.864806858310365101e+02
3.296288653202130376e+02
-6.431719649096685316e+02
4.573923176826937151e+02
-9.702116416145624953e+02
3.562601013301418220e+02
7.364002898458218169e+02
-5.025984282086145072e+02
8.928568901284271533e+02
-1.593664092394535317e+02
2.719692938496514216e+02
-9.775485795406317493e+02
8.742349125624473345e+02
2.976271177353019084e+02
2.001189517072865698e+01
9.586710149456249610e+02
5.059565065827272861e+02
-2.691220219339199957e+02
-1.091171529360924666e+02
-5.518164806285537907e+02
9.572333900308857437e+02
-8.553649581352075302e+02
-2.567574796057921276e+02
-1.177188590071499448e+02
-3.592463912399416586e+02
-9.676741798333973748e+02
5.402928997090685215e+01
9.928205999064266507e+02
8.417798978197251927e+02
-9.753750964739068650e+02
-1.112083324416855561e+02
-7.951909511385110818e+01
-7.707449483881501919e+02
-5.554333609963983918e+02
7.360753326793427505e+02
-2.091741759462728965e+02
8.859228632389412041e+02
5.485538316686511280e+02
-9.034301310819727178e+02
1.355298960552225367e+02
-8.680224588924955924e+02
-1.965431621337370132e+02
-9.682519904036576008e+02
9.325073036811719476e+02
3.298251297266913298e+02
7.091082262280070836e+02
7.861197021635863393e+02
