4.710815191765420877e+02
-5.574994913566049490e+02
3.062260876518174086e+02
8.787010595456683859e+02
-6.097940869060408886e+02
-1.256793008553741657e+02
-9.064614796118446520e+02
-8.272305460762244138e+02
9.759109564812799817e+02
8.647656847844223194e+02
-2.715311808013357222e+02
-5.552056215347566877e+02
6.406243663045332823e+02
6.960307594715928872e+02
-3.493623608186729257e+01
-1.107784911518177040e+00
-6.760842341254073062e+02
-7.845432298860395122e+02
-8.803527891758678834e+02
-4.716240803053283344e+02
7.032114291408681765e+02
8.519779058620508749e+02
4.290592119785117120e+02
1.806732880255523241e+02
5.500727007523543080e+02
6.587564259671573836e+02
-7.980901719472595346e+01
6.015208389271156193e+02
1.294711645295675453e+02
7.174673584583157435e+02
9.363062843393969388e+02
-7.368564977772088014e+02
3.003259302469102749e+02
1.683413260481626139e+02
7.818235825833627928e+01
-9.014275174617862376e+02
-7.018963721626579400e+02
-6.086860648941619729e+02
-1.843341412373822834e+02
-8.472121097215733698e+02
-7.310427935927898488e+02
1.774909653620383096e+02
3.234307116930037296e+01
2.754835086778866753e+02
5.157550581933804779e+02
3.157763231222171498e+02
-9.563301676815063956e+02
5.355379832557554209e+02
-8.563300687679944758e+02
-7.011226603769043777e+02
3.280572455552886595e+02
-8.459637715112689875e+02
8.772554434830913124e+02
9.337469996522152087e+02
6.049535724297929846e+02
7.510263932971836311e+02
-3.644881664170605973e+02
5.485474605802598944e+02
-3.128478448496786868e+01
7.395774986910963662e+02
3.289224421125433651e+02
-5.447261598263438600e+02
1.645528519133486611e+02
7.802941129187123579e+02
9.474722525186798521e+02
-3.462277636824435376e+02
-2.185991629302422723e+02
3.314598908146308531e+01
8.792967620307166499e+02
-2.892852659405909890e+02
-5.797120768546386671e+02
4.567038008686935200e+02
-2.498582387518892460e+02
-4.706294833237682838e+02
5.286364930184869309e+02
9.802473996106169807e+01
-5.419457586168852004e+02
2.132608976819500697e+02
1.560868289952036605e+02
-5.633348335747396050e+02
9.768384061881827165e+02
-5.387458835805986155e+02
1.363094168899527290e+02
1.162037880775447860e+02
-7.226045424659380387e+02
-6.347784981457105005e+02
7.185486277382492517e+02
-3.779632748099633233e+01
-4.977114047042086895e+02
1.628997834617642582e+02
5.838203439874743026e+02
7.731965473643219866e+02
2.041417650577301117e+02
8.883251567659252714e+02
9.883787177015070711e+02
-5.012746038703151044e+02
-4.461619237127028441e+02
5.097082867532425610e+01
-2.682204348839509578e+01
-1.583770303564582491e+02
9.192099583841517187e+02
-3.772582862924331266e+02
8.905686632003901195e+02
7.266866836215762078e+02
4.794068646180299424e+02
1.131585908289853108e+02
3.659817157258298437e+01
2.938666061847285960e+02
2.053781090677728738e+00
-1.228347957810670863e+02
-1.398182426063865762e+02
-4.553613550717081466e+02
6.168270877438587831e+02
2.051299063984581039e+02
-6.590814878196927111e+02
5.138182337419843861e+02
6.221027523146034355e+02
-2.943502774149184233e+02
-3.021524624299215134e+02
-8.052014461402651477e+02
1.872334537720174978e+02
-9.627457924945578043e+02
-6.380994739995439886e+02
-3.991430562568644405e+02
6.531216683772730676e+02
-6.458332239805686186e+02
4.764668482316607765e+02
1.778911820269419479e+02
-4.487672674862363920e+01
3.333597836607014528e+02
-4.662733647471391407e+01
-8.818419175969205526e+02
-1.214804589125546386e+02
-3.150784842833882138e+01
1.135223846627915805e+02
-1.046900794664991423e+02
2.029057636820974722e+02
4.371057121004800479e+02
2.930313054085623889e+02
-9.675126223574723099e+02
3.196779155276453821e+02
-8.635106617898501327e+02
-7.891013286182292177e+02
5.117298064275920524e+02
2.372155700624680037e+02
-2.311547418209557918e+02
9.124306221263077532e+02
-9.580123422589475695e+02
-3.313361266733512878e+01
8.084377461722253884e+02
2.429276561582881868e+02
9.440829264697114240e+02
-2.693247174592181636e+01
-6.236319574071673060e+02
-3.366891663922239673e+02
5.971460841986685182e+02
-6.462205762493939574e+02
-5.752261342649903781e+02
2.575486962998173794e+02
2.850850532127070096e+02
5.410510012159728603e+02
-7.033966527053230493e+02
4.675634068042332387e+02
-3.998924928629308511e+02
2.956965872837238862e+02
2.001580660697985365e+02
-1.551098725651733616e+02
-4.812593021140439760e+02
6.752478041396159369e+02
2.742444650950069445e+02
6.745349829865511992e+02
1.917003242952748963e+02
-7.442874096190993782e+01
6.499538156721495170e+02
3.165799729262656683e+02
-2.025011999901106208e+02
5.253932233385801283e+02
6.271403252812807239e+01
-7.451577450944912471e+02
5.697055982703751909e+01
-1.143372719755965079e+02
-6.218013702817676176e+02
-3.435522806343166735e+01
-2.285166998433795698e+02
5.608502231229323343e+02
7.058978061824634551e+02
7.892828434795630983e+02
1.892060762571078669e+02
-5.105099981833562879e+02
8.009692788770762490e+02
-3.406044308091872495e+02
8.289522862392503839e+02
-8.177544742298808842e+02
2.173091312791468965e+01
9.976982071097520475e+02
-3.963764261901539498e+02
-9.266031692455030679e+02
-7.428983038594836898e+02
-5.034301753492004536e+02
-8.471033107327874632e+02
2.697032119480400638e+02
-8.451764515389373855e+02
1.425464836139342140e+02
4.569306473046805195e+02
7.599123505303346064e+02
8.952851332376624214e+02
-6.731210604639951498e+02
3.315868269849889316e+01
8.785952691107911505e+02
7.374262994373356150e+02
-2.443746456078825133e+02
4.230980338909298410e+01
9.172235924155971816e+02
-5.142679152343575879e+02
9.054339945496813016e+02
-7.312247648231463018e+02
-4.677536278602370885e+02
2.152444384513787057e+01
2.881139039269730233e+02
3.302794429343675802e+02
-6.283651428204057083e+02
4.573785887839583211e+02
-9.148922517889095616e+02
3.564525779272750015e+02
5.663041115747049616e+02
-5.027889941256332236e+02
8.991064365399131475e+02
-1.593475924684388190e+02
2.721672918562595100e+02
-9.773124761349448590e+02
8.742329836978009325e+02
3.070017975542988893e+02
5.539389411923909989e+00
9.602015292318460524e+02
5.279586420881963704e+02
-2.671357316445655670e+02
-1.091687305222843776e+02
-4.890877883275030626e+02
9.559094859494939556e+02
-8.553463976003860125e+02
-2.590864031385539192e+02
-1.230228601539028830e+02
-3.592564135382975792e+02
-9.671284240643207113e+02
5.335682484689517224e+01
9.905490292245355022e+02
8.431426880384254900e+02
-9.499770732262387583e+02
-9.462014293122192043e+01
-5.776209522027635046e+01
-7.753293279190319254e+02
-5.545040256348875118e+02
7.361768433024830074e+02
-2.206544763627265411e+02
8.893160652924088936e+02
5.443353841639363964e+02
-9.052936680841349926e+02
1.451063333315238140e+02
-8.752215608795005437e+02
-1.972750970220796489e+02
-9.678355386637640549e+02
9.696934708668542271e+02
3.320179773050617200e+02
7.085993040281770163e+02
7.876820152308998786e+02
