4.764832760368822164e+02
-5.574980941716307825e+02
2.409113716088835702e+02
8.743093769558644226e+02
-7.938750732811073476e+02
-1.290814730346871499e+02
-9.171839527770086988e+02
-8.678201934238171589e+02
9.717939422765787185e+02
8.647263746055423326e+02
-2.724562467315914773e+02
-5.550645128391470280e+02
4.255335731643862118e+02
6.024507813192918775e+02
-5.072555594078006607e+02
4.428979510556049215e-01
-6.771612001567054904e+02
-7.843616772021969155e+02
-8.831776890710200405e+02
-4.716240803065802538e+02
7.051516643963811930e+02
8.520406131878031601e+02
4.790135025323178297e+02
1.526768352248494125e+02
5.477434212941009264e+02
5.697603069134850102e+02
-1.300235181723145956e+02
5.992116215261182788e+02
1.286544507706425406e+02
7.436477036660428439e+02
9.345676445875855052e+02
-7.434609368132790905e+02
2.999239456677898943e+02
1.639017640554564537e+02
7.846932698439299259e+01
-9.038895919842356079e+02
-7.020169570686978204e+02
-5.980527930979591247e+02
-1.847599752836916025e+02
-8.565307018876561642e+02
-7.293217590688520886e+02
1.777103788993356375e+02
2.961478336791589427e+01
2.754431988718975504e+02
5.078310456732799594e+02
3.110552384436265356e+02
-9.549716078210045680e+02
5.392499767742675658e+02
-9.084154489808670405e+02
-7.011348054178307621e+02
3.240171473441699845e+02
-8.520884759210962329e+02
8.783676136675086354e+02
9.336950883264315735e+02
6.035232290042217755e+02
7.636902804049568658e+02
-4.023475032690550393e+02
5.275587065004887108e+02
-3.166039098949397612e+01
7.400826894024396552e+02
2.910547128183227414e+02
-5.695753986753670688e+02
1.631266076089889339e+02
7.809425377598985278e+02
9.462859756565188718e+02
-3.461468377334299475e+02
-2.210200284898352834e+02
2.656515165597332384e+01
8.763741560990054040e+02
-2.917856217175127540e+02
-5.859732819914339643e+02
4.611889832682943506e+02
-2.991817381506610900e+02
-5.625734055165866039e+02
5.234739538372172092e+02
9.018827892940065283e+01
-5.468498949755590957e+02
1.686408966691410285e+02
3.672194959790002713e+02
-5.635393664592997993e+02
9.773073694419601907e+02
-5.445496140568845931e+02
1.282819650275368701e+02
1.156875954382979472e+02
-7.271206357704729726e+02
-6.371389639502469890e+02
7.252847099560298147e+02
-3.426044081684513287e+01
-4.977563571230020329e+02
2.027539770708224864e+02
6.454072441005300789e+02
7.757067967100656460e+02
2.059083730928853697e+02
8.867204248006187299e+02
9.766166613738971591e+02
-6.075424581288473291e+02
-4.534883693763749761e+02
4.785438680944416490e+01
-1.467413659872345022e+02
-1.583993871826114344e+02
7.747728446809634306e+02
-2.994949893956996902e+02
5.024336897240823419e+02
7.277145852157806303e+02
4.636376183709625707e+02
1.059893454153344123e+02
3.732520529020768407e+01
2.938641375083003595e+02
6.977062727467608028e+00
-1.240814923925362336e+02
-1.319591586509285719e+02
-4.487985796924041892e+02
8.475044558864715327e+02
2.035103724333988566e+02
-6.570880950067655704e+02
5.153126380361801466e+02
6.324872224442237894e+02
-2.758165646521658800e+02
-3.872523711787393381e+02
-8.052708381878769615e+02
1.871334174742734149e+02
-9.872306332583880248e+02
-6.675970162016029690e+02
-4.033387025630420339e+02
6.521111697371052287e+02
-6.453343936704849284e+02
4.767010983471344616e+02
1.691331477007601336e+02
-6.951865121339820064e+01
3.324949698723852975e+02
-1.985198980233324733e+02
-8.836180462495090069e+02
-1.189199734326562350e+02
-3.163007527113914819e+01
1.345149010340118139e+02
-1.097019163364044374e+02
2.034988746916882860e+02
4.331797216256939578e+02
1.657127994078686584e+01
-9.700733069011437237e+02
3.328752741942057014e+02
-9.251937840108095088e+02
-7.867163776119856493e+02
5.107384417373867791e+02
1.068218872012469234e+02
-2.308906641624035672e+02
9.117163569384309767e+02
-9.905449723015499330e+02
-3.476860281329145863e+01
8.067302275349145475e+02
2.416169281339343513e+02
9.435329605675583480e+02
-2.713810798024334048e+01
-8.361406240738426732e+02
-3.269904576739668300e+02
5.868685016418768328e+02
-6.463106151710233007e+02
-5.749002276267040088e+02
2.603072807245792433e+02
2.852120868330095504e+02
5.410072846666600981e+02
-7.469979974744690026e+02
4.671318650627264901e+02
-7.620515025917713956e+02
2.940771620506172326e+02
1.999067457334073765e+02
-1.553536842457543230e+02
-5.050644873099323036e+02
6.354912407790394582e+02
2.732838612549915638e+02
6.745656700474670515e+02
1.210417625835981852e+02
-8.400531954417917291e+01
6.526621195185686020e+02
3.142717203913836101e+02
-2.025081994463475610e+02
4.889446092996120683e+02
6.499665789497953483e+01
-7.439891607947854482e+02
5.760977044539873759e+01
-2.203861310394031818e+02
-6.217341404467475741e+02
-1.088841125856491487e+02
9.209623280843466375e+01
5.245635251386624986e+02
4.291558582251652751e+02
7.875847938238138113e+02
1.802208315774891503e+02
-5.963226117814097051e+02
8.022727570513311548e+02
-3.422100586319362492e+02
8.701398357840988638e+02
-8.221912501287214354e+02
1.809586382434466501e+01
9.713434254848218643e+02
-4.795303185795615377e+02
-9.304885603793823066e+02
-7.347471863196169579e+02
-4.892574830914004451e+02
-8.502812167368915652e+02
2.578044238829015171e+02
-8.420760427028220647e+02
1.463249249135126320e+02
4.566404774456623272e+02
8.863993860165321621e+02
8.952271182396538052e+02
-6.711845507728974098e+02
5.044393647128080005e+01
8.783080962046993818e+02
7.176136249982957906e+02
-2.385641332556486702e+02
3.760513165041371053e+01
9.155456064456421927e+02
-5.684120702102719633e+02
8.984856349460764022e+02
-7.303724190402513159e+02
-4.987220424720842971e+02
2.128037188960089310e+01
2.379627408358177263e+02
3.122970944550947934e+02
-9.452449206594311590e+02
4.572967786820750007e+02
-9.704900407680434000e+02
3.683812250856668697e+02
5.354618089099112694e+02
-5.008829909140354175e+02
8.871543197369134077e+02
-1.593485850046111523e+02
2.709375234383743987e+02
-9.772150685145892339e+02
8.742303790805910921e+02
2.970266083098842955e+02
5.541455234645725980e+00
9.399420586022368980e+02
5.062135537959182443e+02
-2.805645601382749419e+02
-1.093145114524728854e+02
-6.067880852837630528e+02
9.572036545913003920e+02
-8.568549606237161242e+02
-2.577774704153071070e+02
-6.591376969078643810e+01
-3.593641305231693650e+02
-9.671810584594558122e+02
5.315993198171539547e+01
9.542203837682407084e+02
8.465822683067971184e+02
-9.645536712757956366e+02
-9.632293732578982315e+01
-8.914094641024693999e+01
-6.965441012168328143e+02
-5.551587166225725696e+02
7.327456581754818217e+02
-2.710874229779316806e+02
8.838643762676007327e+02
5.442121446096599584e+02
-9.227057170922342948e+02
1.133783180130678971e+02
-8.721294298231692892e+02
-1.961716454351556536e+02
-9.676355710010390112e+02
9.149744958067997231e+02
3.313314867418707763e+02
7.051278209809963755e+02
7.878097665456594996e+02
