4.745813946022905156e+02
-5.575058731497171038e+02
2.368427131208696323e+02
7.147769620991011834e+02
-5.953380085960147881e+02
-1.267662207512456121e+02
-9.078705206955007725e+02
-8.290906941599735092e+02
9.717511289728601014e+02
8.647337066241285584e+02
-2.719931984946557577e+02
-5.552027511502043353e+02
5.105051995053519818e+02
6.980276700500464813e+02
-2.103979243036154685e+02
-5.881104667623918481e+00
-6.711483418316911411e+02
-7.845047307965111258e+02
-8.744611002720821489e+02
-4.716240802470993572e+02
7.067147985872509253e+02
8.520374661520795598e+02
9.531823350111767468e+02
1.480003650142669471e+02
5.467516708152654701e+02
6.558975331828175968e+02
-7.116266784063469686e+01
6.002426066981383883e+02
3.162588411907406112e+02
7.170437348151117476e+02
9.361426066576976837e+02
-7.382490294993185671e+02
3.001555973029954885e+02
1.903482596339369763e+02
7.825035402542506802e+01
-9.038846220862828886e+02
-7.022325427504047184e+02
-8.035656401275648477e+02
-1.814495540489658367e+02
-8.566544436657206916e+02
-6.890331314876410715e+02
1.769818514304184305e+02
3.916342092530909724e+01
2.746301381932572099e+02
5.209268959167966386e+02
3.153616610843174612e+02
-9.566047228603264330e+02
5.373674741087838811e+02
-9.038327804246407595e+02
-7.011100556416234895e+02
3.275273207630417573e+02
-8.551789475614322100e+02
8.761094988518409536e+02
9.336956175854196545e+02
6.047280517694140372e+02
8.003627837595641950e+02
-3.322407327223589277e+02
5.421327881972491696e+02
4.101094428958060689e+01
7.398139757960090037e+02
2.957857631625120689e+02
-5.775413897710639048e+02
1.647337057661609947e+02
7.847918045094263562e+02
9.465474185835103071e+02
-3.464101057316473202e+02
-2.182014796812721329e+02
2.356058284315590257e+01
8.806495280044729270e+02
-2.890821221033393726e+02
-5.681264514453581569e+02
4.562733192625900642e+02
-1.874011807425185339e+02
-4.721261631288710419e+02
5.265047491798118244e+02
9.435156123095839575e+01
-5.467725535717221419e+02
1.996059417189682677e+02
1.619200549755104532e+02
-5.646509483735327422e+02
9.771533637721713603e+02
-5.418269021889619808e+02
2.446510656673276003e+02
1.167565131759867683e+02
-3.402249014464550783e+02
-6.354683247099659411e+02
8.984620272503250362e+02
-3.650419715306295387e+01
-4.977558648595941122e+02
1.629032858906492152e+02
5.834554602799120175e+02
7.768494393349345728e+02
4.593251898250649106e+02
8.886434801407718851e+02
9.873073371702240593e+02
-5.014565319969722168e+02
-4.400781249658267598e+02
5.055440287853664927e+01
-1.064465040204223243e+02
-1.584033190274519995e+02
7.796223670119230746e+02
-2.888870681017444326e+02
5.415042530837120012e+02
7.275591634486689827e+02
4.965342039048578044e+02
1.091334748378034760e+02
7.538881397567497800e+01
2.934914256109152575e+02
-7.873439362578078260e+01
-1.230437641857166398e+02
1.322721230321594987e+01
-4.514339942559000178e+02
6.223695189093231193e+02
2.052014253711845697e+02
-6.723727124463290465e+02
5.100019520884180224e+02
5.327325590258174088e+02
-2.672302384022819979e+02
-3.887845642638253594e+02
-8.052346246772332279e+02
1.816573611893849431e+02
-9.428005918759718043e+02
-6.382197107289701989e+02
-4.084422789824511142e+02
6.528070359386038035e+02
-6.457101485145950619e+02
4.696531001743339289e+02
1.764753116903909529e+02
-6.686769726669838576e+01
3.326209146637672234e+02
-4.267290786858251295e+01
-8.813448765372883145e+02
-3.234857307179969865e+01
-3.132879559329420971e+01
1.124937752288143713e+02
-1.207038441502105854e+02
2.047003933494778778e+02
4.268728857239983085e+02
3.099359533925587584e+02
-9.714236864713059276e+02
2.892241154035316413e+02
-9.239888601394684429e+02
-7.799324416682115952e+02
5.106355589969217590e+02
2.108998124543502399e+02
-2.142573101063213414e+02
9.123572134885851028e+02
-9.569334206760466941e+02
-3.253979292454176431e+01
8.090146176391899644e+02
2.368445932509422960e+02
9.449589628216048141e+02
-2.703473849154603670e+01
-6.207890227077641612e+02
-3.125132137046837784e+02
6.023631234808606223e+02
-6.463038430558177652e+02
-5.765620616408532442e+02
2.605541354896745929e+02
2.861145210130490568e+02
5.412587884224357140e+02
-7.518843583923653568e+02
4.697196945037778164e+02
-4.005585684831521007e+02
2.962359192670466541e+02
3.846358128272784143e+02
-1.552425239596979054e+02
-5.038926162931845738e+02
7.927240198417105148e+02
2.733305811435255919e+02
6.748850314514837692e+02
1.299589909547799493e+02
-8.484809442060264928e+01
6.476138731346491113e+02
3.051187636239284302e+02
-2.013600913082642876e+02
4.921826222231142651e+02
6.461217286955459826e+01
-7.441182857824842358e+02
5.695995943596008715e+01
-1.321366809556980115e+02
-6.216562332006649285e+02
-5.077632496455811406e+01
9.583671262453428596e+01
5.212544248117399093e+02
4.367524596233948273e+02
7.876670959609223246e+02
1.880280575244319721e+02
-5.769890286113597995e+02
8.025046225567317606e+02
-3.413344416757171871e+02
7.588653486900966527e+02
-8.162351227767746877e+02
2.117346220968081738e+01
9.915000575424871840e+02
-3.945309248731981597e+02
-9.262704533928413184e+02
-7.230181003118564149e+02
-4.987545925290181117e+02
-8.368954233019441062e+02
2.592046755696283071e+02
-8.418835619619576391e+02
1.350993883326169964e+02
4.562533826933644150e+02
7.813075725793630681e+02
8.958686699146713863e+02
-6.592257846360263329e+02
-3.765157634315183941e+02
8.818187042750212186e+02
7.183289330284841299e+02
-2.359762020374685392e+02
4.159324353177657940e+01
9.210737332320755968e+02
-5.685079273775656930e+02
9.072513510046835563e+02
-7.312580910929302718e+02
-4.784369632600065643e+02
2.173515876509319611e+01
2.843536650743623113e+02
3.124497683214653989e+02
-6.401096653943205865e+02
4.573070539154747394e+02
-9.114762398117711655e+02
4.593952526069085707e+02
5.267219043182491305e+02
-5.023526480292009637e+02
8.910970671831809113e+02
-1.593352993879879023e+02
2.723632218761051718e+02
-9.773156653190020506e+02
8.742326079353679233e+02
2.990971528580861332e+02
-1.300797337498688933e+02
9.576807777679014180e+02
5.056114376613870718e+02
-2.802987505265688810e+02
-1.093997880114816184e+02
-5.814831479647123160e+02
9.559671321448554409e+02
-8.551669390614110853e+02
-2.577524662963277819e+02
-1.253858621581029666e+02
-3.593172550230223123e+02
-9.647247856512603903e+02
5.142334763724532110e+01
9.918750467205398991e+02
8.428115107851091352e+02
-9.752645093342915743e+02
-1.108910017567873325e+02
-7.614232835897126961e+01
-4.397349355196251963e+02
-5.557610423470246133e+02
7.334927414506773857e+02
-2.048264210647916741e+02
8.863761741417815756e+02
5.484952483169607831e+02
-9.104266289420910425e+02
1.384756486912683329e+02
-8.752712057246766335e+02
-1.972333551261968410e+02
-9.675272037172837827e+02
9.475258155409081837e+02
3.317159399582288870e+02
7.073487619165853175e+02
7.884790364773916735e+02
