4.743824888568723281e+02
-5.575066974714554817e+02
2.538450064358945042e+02
8.749510745605384727e+02
-8.128991173049054169e+02
-1.274347137655461779e+02
-9.048310808528416374e+02
-8.679388808385172069e+02
8.906628559405794476e+02
8.647337066241012735e+02
-2.715036843410720167e+02
-5.552097864231559470e+02
5.355782279938719057e+02
6.018752421487172342e+02
-5.140601330255789208e+02
-2.125689718921745186e+00
-6.794131129519828391e+02
-7.842412060719473175e+02
-8.743432148456736286e+02
-4.716240803065862792e+02
7.049434011224554979e+02
8.520328223291674021e+02
8.700086838906347566e+02
1.832188519053162281e+02
5.500230103066444372e+02
6.555187807903513431e+02
-1.284785052443347979e+02
5.995595621995761348e+02
1.306467222000311494e+02
7.298544729058615985e+02
9.361889814213694763e+02
-7.389673040434455515e+02
3.001315353373396988e+02
1.688296675850180861e+02
7.849782499749666442e+01
-9.004493639995381500e+02
-7.022654409835174647e+02
-5.920454028740535932e+02
-1.872232968663714985e+02
-8.545021363948166027e+02
-7.447147416226192718e+02
1.770200162324154292e+02
2.999731499458545869e+01
2.756276778935863376e+02
5.168704824697234699e+02
3.166229083137297380e+02
-9.629265770539999494e+02
5.359214533130028713e+02
-9.087267963495307868e+02
-7.008131653545808604e+02
3.182056229852065030e+02
-8.701069944894718446e+02
8.781184915011940575e+02
9.336966238278789660e+02
5.958506853561900698e+02
7.855184748069260650e+02
-4.179948220735818722e+02
5.422777692593962229e+02
-3.097925335426228699e+01
7.386812650525837398e+02
3.199799430733504551e+02
-5.859080431613298288e+02
1.554725847482557128e+02
7.824318009372059350e+02
9.478691021450076732e+02
-3.459084118269185524e+02
-2.184687600486771828e+02
3.251322595655716441e+01
8.758044200633423770e+02
-2.899593761881656633e+02
-5.815460119159250780e+02
4.459522050584191106e+02
-2.910602937951045988e+02
-4.973389646619710902e+02
5.259637131536395600e+02
9.130020481656136155e+01
-5.363869410781896931e+02
1.626845756421799933e+02
1.880726925690908899e+02
-5.646138974253748302e+02
9.771074569878195462e+02
-5.414217254355698969e+02
1.497358510886891168e+02
1.160974460228938199e+02
-7.239558524093239384e+02
-6.277715246755284397e+02
8.958133061482114954e+02
1.827887491688824184e+01
-4.977487678772909589e+02
1.628967274465434798e+02
5.437473798063753065e+02
7.858135818195230513e+02
1.952439866829988659e+02
8.905462402227316261e+02
9.577487613411040002e+02
-6.211532018636497696e+02
-4.379911340817455994e+02
5.169307058122027598e+01
-1.730349540464119968e+02
-1.583667713955423153e+02
7.755005728543319492e+02
-3.009958432883777846e+02
4.939577433175244323e+02
7.223795329540442935e+02
4.629435021743577749e+02
9.576944648609679689e+01
3.861596777176891493e+01
2.938748351010618194e+02
-6.501997428344856189e+01
-1.229232410158503086e+02
-1.468874756053797910e+02
-4.514566757058764779e+02
6.120075736258189636e+02
2.040571350448093426e+02
-6.618447522536290535e+02
4.274785866507530727e+02
6.204474371043354495e+02
-2.686399836029357289e+02
-3.876998962506547741e+02
-8.052179436373145336e+02
1.782337315869131942e+02
-9.608525636790684530e+02
-6.400462333869940039e+02
-4.079352724307566973e+02
6.517756831180521431e+02
-6.456618345931387921e+02
4.768229080328205782e+02
1.735339152222692860e+02
-6.832638559799632105e+01
3.333666708072398706e+02
-4.281809015815705521e+01
-8.816936659177324600e+02
-1.276662209238193810e+02
-3.158256950996146273e+01
1.120031096459970286e+02
-1.084007870695424742e+02
1.994547318932869189e+02
4.386311260186997174e+02
5.186369146521494855e+01
-9.708243375477286463e+02
3.318605172804294625e+02
-9.255935825926625284e+02
-7.781036842953351425e+02
5.118732799172017280e+02
2.011585747487563935e+02
-2.307411656829014532e+02
9.076965636641233459e+02
-9.566212614175348108e+02
-3.520632222040534742e+01
8.074946833109122508e+02
1.739365940849132812e+02
9.435747609178122275e+02
-2.734252577699359321e+01
-6.218422548678368003e+02
-3.242781562008703418e+02
5.866822671537912584e+02
-6.463653410743876293e+02
-5.751522458223752210e+02
2.543091866688385494e+02
2.851190347757294035e+02
5.403586368997581530e+02
-7.038374371318656131e+02
4.583554954441767109e+02
-3.998674163494388836e+02
2.977779514317793428e+02
1.998830705304843605e+02
-1.550673507283762547e+02
-5.038296728738994261e+02
6.359218133376281230e+02
2.718107842586371135e+02
6.744133451880405801e+02
1.356157335880924109e+02
-7.562529872229366390e+01
6.522376993955655280e+02
3.005483091539099973e+02
-2.027248682729063205e+02
4.891831321803678634e+02
8.367717522871244284e+01
-6.200361089486217452e+02
5.756973663128294305e+01
-1.325745524102423190e+02
-6.217170719039551159e+02
-5.055926595047657202e+01
5.628330890241549866e+00
5.355245612180746093e+02
4.363036052284480206e+02
7.878617018855062497e+02
1.857961474736650871e+02
-3.762012835505029784e+02
7.997534559086720947e+02
-3.427227393731388929e+02
7.712506720751400735e+02
-8.178130146058130094e+02
2.169769907836766976e+01
9.959828566156559191e+02
-3.972091574783543138e+02
-9.280409392712546151e+02
-7.351281910579401710e+02
-4.898530182925372287e+02
-8.488506857359255946e+02
2.570495808357367196e+02
-8.420162459060417177e+02
1.100204757745770507e+02
4.567237409489088691e+02
7.621656259930072110e+02
8.933826690762637099e+02
-6.718123829098110491e+02
-2.323537425499218330e+02
8.784382619034590789e+02
7.143863002086543474e+02
-2.375564364575077434e+02
4.730653852998952402e+01
8.969582250118509137e+02
-5.683884163496367137e+02
8.936301246099969831e+02
-7.311995522424286946e+02
-7.303653323479908295e+02
2.008199727043291460e+01
2.873214665789803348e+02
3.271725803119011289e+02
-5.993455643777838304e+02
4.573217129938991548e+02
-9.149754080086891008e+02
3.551952199210911090e+02
5.373673027750345454e+02
-5.028953507815359103e+02
8.879053029951119242e+02
-1.593180504489586156e+02
2.727309385626329004e+02
-9.767773870488720149e+02
8.742321777113643293e+02
2.986409958806668783e+02
5.261819400181225959e+00
9.573371169563489502e+02
5.055495404262906618e+02
-2.851949139242089473e+02
-1.095776683604913160e+02
-5.777902965533862698e+02
9.907220354887575695e+02
-8.552260144768943064e+02
-2.579937244829285419e+02
-1.371160781125653614e+02
-3.593165025632991387e+02
-9.671102785890640234e+02
5.381000945604740338e+01
9.948954206671554630e+02
8.403731822531162834e+02
-9.737240670904502622e+02
-9.346532495816867936e+01
-2.026902548523476355e+02
-6.805896310230350537e+02
-5.557555263080516852e+02
7.354424116535277562e+02
-2.082473998702512574e+02
8.842534193006815713e+02
5.481929545222341176e+02
-9.080658291412318022e+02
1.069452425634749915e+02
-8.742533477617838571e+02
-1.963134480178007948e+02
-9.797553665777064680e+02
9.392193894691132527e+02
3.303249048293758960e+02
7.055260594990958225e+02
7.877063008783047735e+02
