4.688410041294909547e+02
-5.574960105941131587e+02
2.416729630401820543e+02
8.791513173717914924e+02
-6.041976433139187748e+02
-1.269475908738870800e+02
-9.066151965643051653e+02
-8.532090324258439296e+02
9.758301314370605724e+02
8.647337066281106672e+02
-2.723873202058526886e+02
-5.552221807903948729e+02
5.354991545451088086e+02
6.017457093546021270e+02
-5.082833159538907921e+02
2.650721533099333893e+00
-6.743730362326593877e+02
-7.842199287593109602e+02
-8.875622718645577152e+02
-4.716240803036618559e+02
7.413948283171574758e+02
8.520173882606086408e+02
4.231185408469582967e+02
1.727221451479602479e+02
5.468421091597326722e+02
6.600208081744439141e+02
-1.286324327266115688e+02
6.141283719785462836e+02
1.293457895098469521e+02
7.178266870730426490e+02
9.354015048292233132e+02
-7.367106301429664654e+02
3.002480319743847872e+02
1.855725577149404728e+02
7.824360411098331269e+01
-9.039097474595184849e+02
-7.019907936163896238e+02
-6.158699680028107650e+02
-1.824065665293942402e+02
-8.532211611760992582e+02
-7.288546064596376937e+02
1.763288444732318396e+02
3.230927064531204707e+01
2.754783398487035129e+02
5.022117909895729326e+02
3.108210141877849537e+02
-9.611260930585436881e+02
5.334081432203167878e+02
-9.058322847351903420e+02
-7.011513051955264473e+02
3.103477546604257782e+02
-8.551483635597232933e+02
8.748461816996319840e+02
9.336944045892646500e+02
6.046167566283270389e+02
8.024377409447944274e+02
-3.453338413629654724e+02
5.473763884890659028e+02
-3.341889019637738301e+01
7.403632767169511908e+02
2.947845477615071559e+02
-5.707045689835330222e+02
1.633986317316432633e+02
7.831471976675856013e+02
9.478653229642035285e+02
-3.461659221843027581e+02
-2.180026680810114499e+02
2.928700356967838303e+01
8.763092841188080229e+02
-2.920802144755357403e+02
-5.815462023955761879e+02
4.464618785144904223e+02
-3.122760866008947573e+02
-4.834273641772686574e+02
5.226900644048738513e+02
9.821342788989011297e+01
-5.428152110840015894e+02
1.776441752259321447e+02
1.887066678861923776e+02
-5.646125571895707935e+02
9.771063853977636882e+02
-5.415107725817846358e+02
1.341934083497467896e+02
1.144660630471906728e+02
-7.239733229919456790e+02
-6.354575303609105958e+02
7.121498632407937066e+02
-3.728688057364225017e+01
-4.977506676296055161e+02
1.629350141703846191e+02
5.637239451585246570e+02
7.751356939894985771e+02
1.837896631321007135e+02
8.904189005748605723e+02
9.679942079482766530e+02
-6.101330504889542681e+02
-4.464024937657543433e+02
3.036643689802734514e+01
-1.752334238674529843e+02
-1.583974439821622013e+02
7.752640581606299293e+02
-2.949656780446643438e+02
7.600591208764810744e+02
8.128350376062254554e+02
4.950859367207677906e+02
1.118750602047147567e+02
3.403464870818170596e+01
2.936605304450122276e+02
2.677154133659105817e+00
-1.170686082049644909e+02
-1.290245794601730154e+02
-4.446667772692086942e+02
6.201508530289053169e+02
2.035868015030413005e+02
-7.286087242187761603e+02
5.271031948154543443e+02
6.479541740762776953e+02
-2.847644719301288774e+02
-3.859687385821256953e+02
-8.052017181541664286e+02
1.867562366244897589e+02
-9.146664474601507209e+02
-5.708809831788868223e+02
-4.372437109216941735e+02
6.523629938412572074e+02
-6.451201671572091527e+02
4.764847395924745115e+02
1.828668774904642191e+02
-6.870190474043184281e+01
3.334820417937285697e+02
-4.619111571400144811e+01
-8.735742617817796827e+02
-5.553641139665877091e+01
-3.162497906439890727e+01
1.136371888727413904e+02
-1.086781101298163463e+02
1.881850653501676049e+02
4.092226665072411151e+02
2.085874713223872732e+02
-9.686099210288319910e+02
3.150694068330994924e+02
-9.252228069685498895e+02
-7.801596595647432650e+02
5.091874101731086171e+02
1.950676263329825701e+02
-2.277611676242831038e+02
9.120021206694851799e+02
-9.564477435716196396e+02
-2.559439842079066096e+01
8.077254253789287759e+02
2.333892335311526267e+02
9.441619708147991332e+02
-1.755644577450629029e+01
-5.476510894100392761e+02
-3.155402062370488352e+02
5.962870356859602907e+02
-6.469842306006210038e+02
-5.769571726248310597e+02
2.579860562957487105e+02
2.851136920597379003e+02
5.409998689699129955e+02
-7.056698362171491681e+02
4.666225685796908351e+02
-7.628668974267950489e+02
2.960365326663986707e+02
1.991065656310751706e+02
-1.551254853583688487e+02
-5.037046498156347525e+02
6.304184120639396269e+02
2.745512691933200813e+02
6.745288761706293599e+02
1.280958375427090061e+02
-8.400336080505080361e+01
6.499186304168676998e+02
2.634351138606456288e+02
-2.025195500056395588e+02
4.889447678566787658e+02
9.428472469313766169e+01
-7.432188931134435279e+02
5.694997818856445804e+01
-1.327825786872860476e+02
-6.221801544295602753e+02
-6.204372758825068246e+01
1.010647715465649981e+02
5.315834500671797969e+02
6.371612685354082259e+02
7.865851106415847198e+02
1.860378851669222229e+02
-4.792837066595560600e+02
7.999134725834072697e+02
-3.710234628896978961e+02
8.876794276019079462e+02
-8.178989586434869352e+02
2.893323220938034623e+01
9.968631201136198570e+02
-4.011394362029016065e+02
-8.952041628136250893e+02
-7.109929152608269760e+02
-4.997468423639107300e+02
-8.466083116898291792e+02
2.544569660758617999e+02
-7.230754685699591846e+02
1.426508503782985144e+02
4.570316709961239781e+02
7.509279747651040680e+02
8.950940454810806841e+02
-6.717481588125384633e+02
3.469184570902054787e+01
8.785637865965228457e+02
7.366542788278858325e+02
-2.596138255757794582e+02
3.843642375696107649e+01
9.170621829028818865e+02
-5.667988695161066062e+02
9.049900822738726447e+02
-7.301904585136194328e+02
-4.526601292834390051e+02
2.136895356158166948e+01
2.801666918447525632e+02
2.628703471895453845e+02
-8.717295533850901847e+02
4.572807187238888673e+02
-9.105361139674009792e+02
3.691805552835983804e+02
5.623745542690019192e+02
-5.014794169459480031e+02
8.871196307276692323e+02
-1.592965573553834417e+02
2.721510585470367118e+02
-9.769471364027523350e+02
8.742321367766678577e+02
2.983279566037583663e+02
5.715643187286075566e+00
9.584592476900039628e+02
5.074088128871489971e+02
-2.732726305594146083e+02
-1.092474663580201764e+02
-5.798001756823665573e+02
9.570146427593330145e+02
-8.552645125878678982e+02
-2.579301967748517086e+02
-1.316894216695115460e+02
-3.576272173706918238e+02
-9.712468757699876960e+02
5.468858825362369203e+01
9.928871319391849966e+02
8.422777934214802826e+02
-9.753532138304442469e+02
-9.724427417578252175e+01
-6.893713854942552643e+01
-7.769614982132611658e+02
-5.551834948141575978e+02
7.377982682928522991e+02
-2.709358828389862879e+02
8.868878849279412862e+02
5.712636025817538439e+02
-9.066699414252877887e+02
1.406729864545159785e+02
-8.733616017593634524e+02
-1.955994439634018534e+02
-9.677179830375951042e+02
9.239905551040756109e+02
3.314755029967513451e+02
7.048488533651673151e+02
7.881296805832495238e+02
