4.698320077094356293e+02
-5.574965978812608682e+02
2.355658535294874696e+02
8.839145172669734620e+02
-5.884058578351688311e+02
-1.254251436959275452e+02
-9.069590468998293318e+02
-8.268054894541838848e+02
9.748283011600158261e+02
8.647337115174344717e+02
-2.676458940042567178e+02
-5.552068118366972840e+02
4.327001652495939652e+02
6.152752757755237099e+02
-4.736581385983560608e+02
-1.173232455011880671e+00
-6.747296463309672845e+02
-7.845435828393432303e+02
-8.745009543126183189e+02
-4.716240803030078723e+02
7.004692847412940182e+02
8.520867524583871955e+02
9.201818115307005428e+02
1.842977402012575965e+02
5.350199028866505842e+02
6.592447918048728752e+02
-7.887515834436720752e+01
5.992548691607818228e+02
1.323056400504952990e+02
7.176865627415853623e+02
9.361941691689139589e+02
-7.366960431499668402e+02
3.002270742590486634e+02
1.714993227541270358e+02
7.897745941992457119e+01
-9.013549717062887794e+02
-7.014650511366019145e+02
-6.070052105064112311e+02
-1.846853053958662088e+02
-8.502949431986226045e+02
-7.315547913334144141e+02
1.781851167174430657e+02
3.223464513890604621e+01
2.755240556539420140e+02
5.105159553407602857e+02
3.164771465931936518e+02
-9.567226032816740826e+02
5.356735693486408536e+02
-9.044069726005189978e+02
-7.011471032998173314e+02
2.287338297255700184e+02
-8.515826840344278708e+02
8.772510350894676776e+02
9.336957166118365876e+02
6.044821541554719033e+02
7.765359062316437075e+02
-3.354063599027757050e+02
5.443418312249438031e+02
-3.257118613942260765e+01
7.406011594519807204e+02
3.045323819893101813e+02
-5.554368838727294815e+02
1.645159932034452197e+02
7.803406202356738959e+02
9.476735795171825885e+02
-3.396197100060245475e+02
-2.185781374454130912e+02
3.312812429294295669e+01
8.791961565335195701e+02
-2.886383582146828530e+02
-5.853965145294888544e+02
5.244071685839627435e+02
-2.979196765113966308e+02
-3.568553194451809532e+02
5.232972513487753758e+02
9.804526075650221628e+01
-5.305572307762554374e+02
2.010312338477302205e+02
2.481701100944769109e+02
-5.633982519750990150e+02
9.771208811302188906e+02
-5.416421229637994657e+02
2.524086992518799093e+02
1.162411659065597007e+02
-7.223963139216433547e+02
-6.349751327241762056e+02
9.399700507388607775e+02
-3.589152328614667908e+01
-4.977619832023422646e+02
1.628997442179858126e+02
5.867653975031632854e+02
7.845534686061629372e+02
2.041300358324191109e+02
8.930137989809446708e+02
9.850961619984069557e+02
-5.822992182783142425e+02
-4.380387417214635661e+02
5.092544435772014566e+01
-1.735536224144073572e+02
-1.584051063049361971e+02
7.742725260542379147e+02
-2.687375316249921866e+02
5.064046504269308571e+02
7.334699233036274109e+02
4.822779286370339378e+02
1.131271082515099096e+02
-1.523328449828887301e+02
2.936504395025443728e+02
6.672169071887557479e+00
-1.224872072358605948e+02
-1.383817966480559676e+02
-4.508584273170630468e+02
6.207309891456170590e+02
2.051448983931965415e+02
-6.597463450358047794e+02
5.103230637335304323e+02
6.221306725929483719e+02
-2.656702963181759287e+02
-3.873981513904709004e+02
-8.051983452486132364e+02
1.961775201711823797e+02
-9.514126019545802819e+02
-6.380993597490625007e+02
-3.984418728415247415e+02
6.510957740028059106e+02
-6.457411737665164537e+02
4.760348698278536972e+02
1.780263051459654093e+02
-6.870713791157223227e+01
3.334518010451512282e+02
-3.160513319873591342e+01
-8.818183070569923530e+02
-3.094672272776386990e+01
-3.149249440441715819e+01
1.016145610481338792e+02
-1.046902218171911301e+02
2.029108578060651951e+02
4.371673417124202388e+02
2.364151710041790722e+01
-9.716693841807918943e+02
3.315755929988748676e+02
-8.667435249922123148e+02
-7.793341421672904517e+02
5.116484721504514255e+02
2.105546123008336394e+02
-2.255276397942328401e+02
9.123408971887095049e+02
-9.549071293917113508e+02
-4.492362061055374767e+01
8.084581485161561432e+02
1.657814186490590203e+02
9.465446402543678914e+02
-2.729665608321159098e+01
-7.546719624903087151e+02
-6.626045265588889777e+01
5.976325719160054177e+02
-6.463159732611371737e+02
-5.752250512822267865e+02
2.609245672745837510e+02
2.854195835024114558e+02
5.410509523169553177e+02
-7.069057641522293807e+02
4.653021688878590112e+02
-4.006268859938789433e+02
2.965353241561254549e+02
2.001096395071897689e+02
-1.552586101288018767e+02
-5.023469170409130129e+02
7.726132596155106285e+02
2.728896623492290701e+02
6.745664423144446573e+02
1.335311554445683555e+02
-8.287743680325083062e+01
6.501634425758829821e+02
3.148565843318387465e+02
-2.017665700504728932e+02
4.897048151076870681e+02
6.492928042794486032e+01
-7.451677433936182524e+02
5.695990460236046715e+01
-1.313095163459585137e+02
-6.214708097073663566e+02
-3.564658106029657603e+01
8.314273018736770382e+01
5.575310894469955656e+02
4.012976355596198346e+02
7.866891635751643435e+02
1.885891750259405910e+02
-5.099191551962851463e+02
8.021149430867624233e+02
-3.401834927059013580e+02
8.706681222809116889e+02
-8.177530856812547881e+02
2.532498318368847379e+01
9.999333022468725858e+02
-4.804735823500278684e+02
-9.465977686930540358e+02
-7.342521012652791796e+02
-4.967788663034253318e+02
-8.453878645336686759e+02
4.145233335562286356e+02
-6.329451476884937620e+02
1.433433583733595356e+02
4.568693622129114829e+02
8.675945784881561167e+02
8.968076834554592551e+02
-6.688059202446381732e+02
-4.273724122167318455e+02
8.785930999072812710e+02
7.187337110105755755e+02
-2.375076224989149125e+02
4.118227507723301528e+01
9.184675171116599586e+02
-5.684422213443779128e+02
9.061887237371882975e+02
-7.312332260413774065e+02
-4.677473955696169128e+02
2.116770178805131764e+01
2.856010275489223886e+02
3.123236401408422580e+02
-6.160643782310438610e+02
4.573828046477521525e+02
-9.704939555221129694e+02
3.790362896159813317e+02
5.704108373860266283e+02
-5.007765049974417479e+02
8.830107794553077838e+02
-1.593778111856530302e+02
2.721758302434525945e+02
-9.773016739366032652e+02
8.742329686991927247e+02
3.059531175385606048e+02
6.300376703538943524e+00
9.582422288013075331e+02
5.053266158461463533e+02
-2.712835205610981006e+02
-1.091808167983596860e+02
-4.884377208066520666e+02
9.561346145553659426e+02
-8.560487362817851817e+02
-2.590243822684975044e+02
-1.232931448224418602e+02
-3.592589013462533671e+02
-9.658348060005241678e+02
5.393050804771588957e+01
9.929336458428678043e+02
8.431536467806230348e+02
-9.751138644607750621e+02
-1.058840656218521019e+02
-5.763452695034946771e+01
-7.753124384399295650e+02
-5.551696500428628269e+02
7.334985692909496038e+02
-2.205667163941361650e+02
8.896377589836421294e+02
5.482068597562325749e+02
-9.088594671307117778e+02
1.457627994469029034e+02
-8.736934593458328209e+02
-1.966036900635941720e+02
-9.679346553708080592e+02
9.576728081886774362e+02
3.312893451561292295e+02
7.050726972914147836e+02
7.887713165603769312e+02
