4.606774865686354588e+02
-5.575060999594836630e+02
2.397186750007497267e+02
8.805228717954173590e+02
-5.972043479751760060e+02
-1.271143366645341928e+02
-9.061148353569946039e+02
-8.527253764632483808e+02
9.758158042364088942e+02
8.647337066240985450e+02
-2.723248698071025728e+02
-5.552389346430049955e+02
6.297214442680899538e+02
6.044378191362299049e+02
-4.933346057758160441e+02
-5.442821144350081575e+00
-6.732413025522292855e+02
-7.845880959966671071e+02
-8.792565310664082290e+02
-4.716240803029549511e+02
7.003069231567396855e+02
8.520013960048207764e+02
9.268797062793838677e+02
1.868419302191493330e+02
5.471107286860695922e+02
6.509310532666119116e+02
-6.589078373246719877e+01
6.144927876404913150e+02
1.336053711074614512e+02
7.172085052847780844e+02
9.371360632619082480e+02
-7.449188785650676436e+02
3.003046932176335417e+02
1.622293040978715908e+02
7.837608308890526132e+01
-9.004486763128899156e+02
-7.018708190201546131e+02
-6.064338065636469537e+02
-1.845984053085455230e+02
-8.559702446963920011e+02
-7.310693722906667062e+02
1.767671333067665671e+02
3.215885334570253207e+01
3.027409781832635076e+02
5.215151241636257282e+02
3.157375804089254530e+02
-9.296581257071154596e+02
5.354228624507638870e+02
-9.053290023036935281e+02
-7.010439350993628977e+02
2.900020344011674638e+02
-9.792509634025616378e+02
8.764706762231672883e+02
9.336935363221660964e+02
6.047027589592352115e+02
7.745671091685509282e+02
-3.264932514797807812e+02
5.505577304809984298e+02
-3.096638721263557059e+01
7.403478324146803971e+02
2.902844908290908279e+02
-5.775974653958664931e+02
1.760397138507665318e+02
8.518265611566166626e+02
9.462922685996622931e+02
-3.827033476769219646e+02
-2.185211728660716233e+02
2.489615708540770456e+01
9.106208463264462125e+02
-2.920040254051354509e+02
-4.901406001819487983e+02
4.547809909320332054e+02
-2.992020826296578093e+02
-3.521895784144278991e+02
5.260494263671515682e+02
9.171184011882857590e+01
-5.694050549716331489e+02
2.037298140409784253e+02
1.840972073893131835e+02
-5.993418273951658648e+02
9.771028428183033157e+02
-5.417039753045933139e+02
1.248675542922703983e+02
1.160884461747945409e+02
-7.220754636666669057e+02
-6.402275446108313872e+02
9.035738008350252812e+02
-3.234337046261389048e+01
-4.977535941031884477e+02
1.628983622416631079e+02
5.430252134649368827e+02
7.761324342261495985e+02
2.012730460857725632e+02
8.933895026216040378e+02
9.651409644926455940e+02
-6.057914573809150625e+02
-4.400168314749508340e+02
4.330351396451574431e+01
-1.386027362426956699e+01
-1.583726884546837823e+02
7.890783438540178167e+02
-2.955195502321557228e+02
5.571324740415302585e+02
7.263865938151966475e+02
4.712691505998648722e+02
1.091896108781734540e+02
7.550942123399444483e+01
2.940039569930941070e+02
-2.620751111040115156e+00
-1.227371307696785152e+02
-1.300917119148041365e+02
-4.429600653991390118e+02
6.745863131007853326e+02
2.037802135965566777e+02
-6.558478161781764584e+02
5.255119284399061144e+02
6.196550378220002813e+02
-2.687758843375752349e+02
-3.897485156889496238e+02
-8.052079412807239578e+02
2.484912104691349555e+02
-9.578676543501474043e+02
-6.442991078497943818e+02
-4.055987763083689401e+02
6.641566093206715777e+02
-6.453056771205784798e+02
4.682512722487169299e+02
1.868546642097099664e+02
-6.673712998220634063e+01
3.332541040834372552e+02
-5.036383734474190987e+01
-8.723787574879977456e+02
-3.388424416175937637e+01
-3.165640971831880535e+01
1.005239404422242586e+02
-1.045212206005525388e+02
2.017569000947153768e+02
4.266461406432629815e+02
1.702599465987715348e+02
-9.752006308236872201e+02
3.303989839686378787e+02
-9.252564828997009272e+02
-7.803063594003007211e+02
5.112902155694027329e+02
2.085074154100777264e+02
-2.311017457425134580e+02
9.123191269508565711e+02
-9.659416514346042959e+02
-3.251300255679522166e+01
8.084573525802279619e+02
1.733038792184254646e+02
9.438761549574441005e+02
-2.709722693283289274e+01
-7.546114630071699594e+02
-3.172101832422326879e+02
5.857619169375278716e+02
-6.549239957136946941e+02
-5.775410322114834116e+02
2.578907467375908027e+02
2.851317750824309769e+02
5.411790804912772046e+02
-7.572051252626076803e+02
4.650702340978394318e+02
-4.005410808279166304e+02
2.943828798768033153e+02
2.000758599868825058e+02
-1.529039161254519854e+02
-5.049968049539971275e+02
6.340728113964894419e+02
2.724303224733741899e+02
6.744437937527821987e+02
1.027273030707550845e+02
-8.281053850288706997e+01
6.476586403483887580e+02
3.177643248648049052e+02
-2.015748415001177420e+02
6.140949665414906349e+02
6.518136105884704534e+01
-7.440399802534725495e+02
5.679970349751467751e+01
-1.151844689440590059e+02
-6.243382945395776460e+02
-9.876583316505332277e+01
-2.195244860957385811e+02
5.326995665571026848e+02
4.349480948899390000e+02
7.874848553962063988e+02
1.809088639594948233e+02
-6.167075713208246270e+02
8.009717573475568315e+02
-3.421024267587454233e+02
6.851216828350549122e+02
-8.180941427237534072e+02
2.115924037537085312e+01
9.974355096441569231e+02
-4.839536693646617209e+02
-8.381590078606230918e+02
-7.523755303342944671e+02
-4.893250956295463538e+02
-8.484547224672944594e+02
2.575235350263533292e+02
-8.453499221224816438e+02
1.418548776116045076e+02
4.568402091391948829e+02
7.534141453569201303e+02
8.953548165328944606e+02
-6.688517711178517402e+02
-4.595283420546606976e+02
8.812255616056443159e+02
7.365085730660402987e+02
-2.355145069823476263e+02
3.980469628178934727e+01
9.191148320742678379e+02
-5.684435553990994094e+02
8.988269740811634847e+02
-7.314392811083595234e+02
-4.629786868488413347e+02
2.167029685760794067e+01
2.820168849012536043e+02
3.336946856638057852e+02
-6.307275727676004635e+02
4.573797255518590532e+02
-9.774341278230208445e+02
3.769931879566673274e+02
7.511851692779899849e+02
-5.009984912392945944e+02
8.861874656481177226e+02
-1.593338822820517464e+02
2.723978970524647139e+02
-9.773170056993920980e+02
8.742322274314416291e+02
3.019970226781361475e+02
4.317718454535995676e+00
9.570963614236981130e+02
5.056303299132245002e+02
-2.697836581333973527e+02
-1.097716158148512307e+02
-5.512738413177861503e+02
9.555578523964670694e+02
-8.552486979160632927e+02
-2.580609578598738949e+02
-6.678101884574952862e+01
-4.019485432683524095e+02
-9.300116523351541673e+02
5.153406408394252480e+01
9.930310854517348389e+02
8.401212214960611391e+02
-9.748945609430940067e+02
-1.068266839238259394e+02
-9.174748621972594265e+01
-7.666181503142911424e+02
-5.551659401859022864e+02
7.333733710989133670e+02
-2.159406565655967540e+02
7.996600776397116306e+02
5.477193772031835124e+02
-9.099688785270053586e+02
1.450304271338551985e+02
-8.733345877126363348e+02
-1.967741562001487807e+02
-9.670312938108918388e+02
8.706878566183006569e+02
3.297103097153799354e+02
7.049389112505447201e+02
7.870196446692754080e+02
