4.751339731696764943e+02
-5.574992148887081385e+02
2.410321043039904794e+02
8.790024562734291749e+02
-5.916386010676424121e+02
-1.825662773604576614e+02
-9.052411480318452277e+02
-8.278237769923618998e+02
9.758551087941165179e+02
8.647337066248600195e+02
-2.687308010282481519e+02
-5.552054566855669009e+02
6.390183177054868793e+02
6.047367108421174180e+02
1.498638745951751616e+01
-3.339885338153531169e+00
-6.727183639044128540e+02
-7.830321562112700349e+02
-8.389912151628485617e+02
-4.716240803112091271e+02
6.926620939793757543e+02
8.521053831338213058e+02
4.740201188640075429e+02
1.812013020258202687e+02
5.490696369193776718e+02
6.553506352306906138e+02
-7.447561658532677598e+01
6.011394666126383299e+02
1.296390770142730844e+02
7.178202534429750585e+02
9.362571589295699823e+02
-7.367281914348576493e+02
3.002759214521391868e+02
1.852377533992147107e+02
7.881010303621008006e+01
-9.037884044025510093e+02
-7.015262796228727211e+02
-5.983867815182786671e+02
-1.838109131650845711e+02
-8.529031877641004940e+02
-7.311046319361392989e+02
1.744791817267875729e+02
-5.063526413714924956e+01
2.755603801368395693e+02
5.232586390121246041e+02
3.162988576940988423e+02
-9.288070107874306132e+02
5.358190543763180358e+02
-9.053976059355558164e+02
-7.011215198931108716e+02
2.941579567421802039e+02
-8.533796305846835821e+02
9.003688304731496146e+02
9.337544112007617514e+02
6.049850378211718862e+02
7.868925179508787551e+02
-3.379821169412310837e+02
5.422830668505908989e+02
-2.891901035621748761e+01
7.201052068804309556e+02
2.913840634332410104e+02
-5.555628659332001007e+02
1.637572726925669429e+02
7.809558608822682118e+02
9.480067123704131973e+02
-3.459996959291379426e+02
-2.185314133237146450e+02
3.200356526009661451e+01
8.766585551573921293e+02
-2.890743997590616345e+02
-5.851202409567754330e+02
4.467615802875911299e+02
-3.036094965530307945e+02
-4.725480018340196580e+02
5.262526136530306076e+02
9.514310710327033860e+01
-5.461340332721729283e+02
2.019450599025644237e+02
1.609537440717859340e+02
-5.646193323139222002e+02
9.771557985168020650e+02
-5.420034521730079859e+02
1.417219981002240843e+02
1.147684526369227171e+02
-7.262098521728682954e+02
-6.394108734430137702e+02
7.045373789532729916e+02
2.036573943048171742e+00
-4.977484903598250412e+02
1.629357924340421562e+02
6.432186533755711935e+02
7.787929541267845934e+02
2.024502240083764661e+02
8.917300695334956799e+02
9.843726947560626286e+02
-6.100929153467424157e+02
-4.361603496206172395e+02
4.410757833948512285e+01
3.266088057342095397e+00
-1.582924950636772792e+02
9.184320598183425091e+02
-3.047104825974629989e+02
7.331992574474439834e+02
7.299274255017481892e+02
4.584209562566226168e+02
1.105107322696735679e+02
7.313245066805575334e+01
2.938335335290956323e+02
-1.930085273329229523e+00
-1.227283527690551637e+02
-1.287093386819816487e+02
-4.394050011524612387e+02
6.224891562732243528e+02
2.966478666696213509e+02
-6.600070515314182558e+02
5.241154932832249642e+02
6.213754523058667019e+02
-2.471088539629195395e+02
-5.631472533162045693e+02
-8.052188874086949681e+02
1.857472257311380304e+02
-9.512568847337346369e+02
-6.206006711175512010e+02
-4.205782453678953630e+02
6.530037404755901207e+02
-6.451968448863609638e+02
4.770807011463852518e+02
1.849550543388194512e+02
-5.956495801766389064e+01
3.332689028743986910e+02
-4.213496764905595171e+01
-8.746146177186451496e+02
-1.283554549811221648e+02
-3.160003891693872546e+01
1.135200770748251671e+02
-1.052078909227815444e+02
2.032497469776879200e+02
4.371661323452991610e+02
1.775714641985023547e+02
-9.693900588707009547e+02
3.147363043583529816e+02
-9.253107209537480458e+02
-7.800838803933718282e+02
5.109085869000588787e+02
2.026018886507588093e+02
-2.257135553082270008e+02
8.564096061865227512e+02
-9.543606214635847209e+02
-3.352614373146429472e+01
8.090607840294335347e+02
2.335002260248383266e+02
9.439205878706962949e+02
-2.750659826512664097e+01
-6.351281375808714529e+02
-3.147128797785288725e+02
6.037798201984644493e+02
-6.469696280398625277e+02
-5.752739790181819899e+02
2.570937390190184146e+02
2.853317030953684252e+02
5.434140283747600506e+02
-7.036590737062300605e+02
4.666264891953939582e+02
-3.628225746999425496e+02
2.965697206815717095e+02
1.998644639128200140e+02
-1.551218848939139718e+02
-5.030999268835458906e+02
7.798850233985131126e+02
2.724288298128745964e+02
6.746079343716778567e+02
1.347026173170396817e+02
-8.114170832420582258e+01
6.487422089282657680e+02
3.152703269648100104e+02
-2.014964435733108985e+02
4.889162638820915845e+02
3.472703325820661746e+01
-7.435794023692114934e+02
5.694452247562083613e+01
-1.277027472604819849e+02
-6.209082631232566882e+02
-5.548925868997260835e+01
9.886317503206896617e+01
5.692555116130839679e+02
4.306925851006529911e+02
8.084429925530504306e+02
1.858035453353969899e+02
-4.837274144978410959e+02
8.011403968990985049e+02
-3.316689762652577542e+02
8.354990395503950822e+02
-8.162557110630015131e+02
2.218082244175760209e+01
9.974456890357419070e+02
-3.917700397952527283e+02
-9.268719654172870150e+02
-6.890488266869598419e+02
-5.019916361914570757e+02
-8.450642170866611877e+02
2.669017209183667205e+02
-8.424285068366143605e+02
1.444876716409656865e+02
4.556829208794192141e+02
7.523834977726880879e+02
8.953611031231336028e+02
-6.683507058324413492e+02
3.469184570902054787e+01
8.790705358646119976e+02
7.182133345544565373e+02
-2.432296919362686083e+02
3.980172253514157887e+01
9.194884792943116736e+02
-5.684433300243456415e+02
9.067650634784328076e+02
-7.315985865950581228e+02
-4.429335776894675973e+02
2.098554784987609168e+01
2.827617449464783590e+02
3.141140537174038627e+02
-8.006754301775604290e+02
4.573797777123555193e+02
-9.100384287185355561e+02
3.861968297910437968e+02
6.775800168893258615e+02
-5.026407953909697994e+02
8.923824384757539292e+02
-1.593560191716176178e+02
2.722424181564988430e+02
-9.773895849210161941e+02
8.742326620826644330e+02
3.067741203635115994e+02
6.733637437544092386e+00
9.607440840578116195e+02
5.057108369867826241e+02
-2.751811799121356330e+02
-1.065027873341259550e+02
-5.816470325084618480e+02
9.572597213577259936e+02
-8.561462044329535956e+02
-2.580627202674438081e+02
-7.192498154657602072e+01
-3.591962150097812696e+02
-9.655953945173857846e+02
5.338333419265668311e+01
9.928009443803675822e+02
8.301241374056041877e+02
-9.752739516660755044e+02
-9.884656638803679130e+01
-5.764153696998812393e+01
-7.834074542764500393e+02
-5.555798523647887350e+02
7.330598131472810337e+02
-2.157105582522859208e+02
8.848099037107355116e+02
5.449178746425919826e+02
-9.075684342562819893e+02
7.743313308609450019e+01
-8.740370980294790115e+02
-1.965475440323127145e+02
-9.677373218413190443e+02
9.670541923930467192e+02
3.314420130750881412e+02
7.088377837753891981e+02
7.877919272857145643e+02
