4.600761978077434833e+02
-5.575058816909838697e+02
2.398221066174072575e+02
7.142362825783637845e+02
-5.988667923869159040e+02
-1.267702082968703650e+02
-9.068909155079645643e+02
-8.546405905523479305e+02
9.720271416671454290e+02
8.647337066240980903e+02
-2.686232488782090968e+02
-5.552054090384574465e+02
5.367285954520382347e+02
6.044453677372601987e+02
-5.157393280112054299e+02
-3.179747384973179436e+00
-6.815433617506311066e+02
-7.845206033833196670e+02
-8.745043851181981154e+02
-4.716240803039451635e+02
7.024661692366211128e+02
8.520373416927835706e+02
4.614261933515024907e+02
1.793975351214658360e+02
5.438318742736108788e+02
6.550672897702726232e+02
-7.489859850335209046e+01
6.119451141761966255e+02
1.476258230449599580e+02
7.179279021791631976e+02
9.358187728344689731e+02
-7.364472603842190210e+02
3.002630525350775770e+02
1.907908614486840122e+02
7.848664625450608412e+01
-9.042628742456274722e+02
-7.022830188930921622e+02
-6.080683690159767139e+02
-1.849868612634255101e+02
-8.558141246399758302e+02
-7.310841997128273988e+02
1.743702478738163677e+02
3.230690303018367615e+01
2.754515228013471528e+02
5.215386581912239308e+02
3.159973950191226209e+02
-9.300880478800947913e+02
5.312619633084555062e+02
-9.054783150567639041e+02
-7.008563790163193516e+02
2.926125499115165098e+02
-8.552738034825972591e+02
8.764479124884134080e+02
9.336973099556842044e+02
6.048077206934104879e+02
7.870682094455514743e+02
-4.234087137311228730e+02
5.411152398813750324e+02
-3.073006941130900316e+01
7.398137583290797465e+02
2.857208536915608192e+02
-5.777049736777192948e+02
1.570783523790393303e+02
7.810372445942040258e+02
9.484777341414732064e+02
-3.464760506184991868e+02
-2.186600533888401117e+02
2.353367657132830004e+01
8.768277404585744534e+02
-2.895158178089508851e+02
-5.678571140031417599e+02
4.570783868020811838e+02
-3.056023822524113029e+02
-4.739652583645186610e+02
5.265271346589762516e+02
8.788420446368877492e+01
-5.455894714752678283e+02
2.128145238243735093e+02
1.625308411634857748e+02
-5.646266245261318772e+02
9.771473662164570442e+02
-5.418214199851405510e+02
1.253910135113934530e+02
1.160513651453737509e+02
-7.528295287482570757e+02
-6.372625101415300151e+02
7.333912234797437577e+02
-3.303444082927961745e+01
-4.977544743232220412e+02
1.629033831172822886e+02
5.421032630934888630e+02
7.768576058419234869e+02
2.059871452519845150e+02
8.886389177503374412e+02
9.696424014775748219e+02
-4.875002436954797531e+02
-4.402539527209928565e+02
4.534599992999169160e+01
5.941979084045405202e+00
-1.584023318240855644e+02
7.851690174015351431e+02
-2.989772561894214959e+02
5.326445839792392007e+02
7.276914807476133547e+02
4.689895747520548639e+02
1.113559392046599612e+02
7.532691670735826506e+01
2.934773363608945829e+02
4.683595406327981436e+00
-1.225544081168739297e+02
-1.520106908411680990e+02
-4.513286665833631446e+02
5.562957471235268940e+02
2.039432684889955567e+02
-6.594431678471150917e+02
5.101141498863224228e+02
5.356067812753365160e+02
-2.654574573158515136e+02
-3.887859490211296816e+02
-8.051980282231817228e+02
1.816647388593135872e+02
-9.438343566480162963e+02
-6.211752632793103430e+02
-4.327869295405882895e+02
6.524457868585193410e+02
-6.457331369613135621e+02
4.770764228496124701e+02
1.766649664717578503e+02
-6.788448476663263875e+01
3.326150049859570004e+02
-4.273603449457727521e+01
-8.818898810532090238e+02
-1.428246260396479670e+02
-3.163007857792643662e+01
1.329377324655315817e+02
-1.209898283200780327e+02
2.047406312050949566e+02
4.268736143433994243e+02
2.138070766808109227e+02
-9.714244452715712441e+02
3.123689297466938228e+02
-9.262640678472200761e+02
-7.798801625905529136e+02
5.117815829539739525e+02
2.041218865171431105e+02
-2.281565878757931500e+02
9.121839990240334828e+02
-9.575702857339643970e+02
-3.488925266016389060e+01
8.089673623073143744e+02
1.624233456114888270e+02
9.441609599005541895e+02
-3.230678068686646753e+01
-6.234504434393986685e+02
-3.140860264153581625e+02
5.952894161297765550e+02
-6.462648284046664457e+02
-5.764749831353748277e+02
2.605614582623883280e+02
2.689540904695980998e+02
5.410963716446193530e+02
-7.032060764298799995e+02
4.650157878365994293e+02
-4.146059514452170447e+02
2.961853783498655162e+02
3.856141170712047028e+02
-1.529927377025257726e+02
-5.049599045526151713e+02
6.279555646988669650e+02
2.738148971261420570e+02
6.758528528922229270e+02
1.277821847165204048e+02
-8.519187804324434410e+01
6.526331709197968394e+02
3.158440326475751476e+02
-2.015076653729028635e+02
4.889335846467488977e+02
6.965045846432676058e+01
-7.441990377788964679e+02
5.695997864444031222e+01
-1.276768698086554252e+02
-6.243510985406882128e+02
-5.096495307063754154e+01
9.047515698917392513e+01
5.291173490567585986e+02
4.437506087159678714e+02
7.877764762934542659e+02
1.857826591504050953e+02
-5.769951729194067411e+02
8.321130284911660056e+02
-3.413341384471024185e+02
7.641018072698579999e+02
-8.160710782447915790e+02
2.141163656337820242e+01
9.977875712165900950e+02
-3.968149801916349020e+02
-9.244665709568322427e+02
-7.243383458511885920e+02
-4.987668402891374058e+02
-8.450453110153589478e+02
2.326186302836160280e+02
-8.415636483412213238e+02
-3.927169586426123260e+01
4.567088232616025039e+02
7.777670569663026754e+02
8.924886857987020221e+02
-6.737642195810262820e+02
-3.748435940634918211e+02
8.776017526583448216e+02
7.183155230094662329e+02
-2.449248093334179828e+02
4.158659881494298105e+01
9.170053545413949223e+02
-5.684541781673543710e+02
8.985518872968783626e+02
-7.312757516892891090e+02
-4.434200080615779598e+02
2.173452150840697428e+01
2.437193141429112018e+02
3.126272910438241297e+02
-7.954026847602432326e+02
4.573895916689313594e+02
-9.120084013664527447e+02
3.571616728812551287e+02
5.580842681491416215e+02
-5.024827752783395454e+02
8.913831700869241104e+02
-1.592630908740732139e+02
2.789037702862552237e+02
-9.773009675562489065e+02
8.742326079299443791e+02
2.988879565594567680e+02
-3.004851621079687263e+01
8.515447485943334414e+02
5.056104569160306141e+02
-2.803577913216439015e+02
-1.094084912232641642e+02
-5.823109193197215063e+02
9.559671321448554409e+02
-8.551825678656800847e+02
-2.565308408506778051e+02
-7.134687731317099235e+01
-3.593172126605694530e+02
-9.429950200083857226e+02
5.138565396174309541e+01
9.875058167756441208e+02
8.428354971103732396e+02
-9.736215752429218355e+02
-1.188682334675499703e+02
-7.560855751260962165e+01
-7.722223560482517541e+02
-5.551675771076005503e+02
7.334668190581994622e+02
-2.048182004420916940e+02
8.863695995065186253e+02
5.446220483101177479e+02
-9.102596691626130223e+02
1.413647263259117608e+02
-8.753696521486567690e+02
-1.972332711321112981e+02
-9.675285597410118044e+02
9.477144317450563449e+02
3.317159125939858768e+02
7.047930454065766526e+02
7.877983485249600335e+02
