4.587175909457167791e+02
-5.574992574558492606e+02
2.406010203387012325e+02
8.783405405089339411e+02
-5.953307323385723748e+02
-1.271290179793524402e+02
-9.062143890322915922e+02
-8.552491429295077978e+02
9.758464461617355710e+02
8.647337478831101407e+02
-2.676971495947609583e+02
-5.552060314184794834e+02
5.341855045386648726e+02
7.033799913095132297e+02
-4.753069122371353501e+02
-3.309543665250894939e+00
-6.752460824344332195e+02
-7.842457906989747016e+02
-8.743508069215694150e+02
-4.716240803064396800e+02
7.097814552506735026e+02
8.520984145200276316e+02
4.193126248085937959e+02
1.874185107534239307e+02
5.471882880027461624e+02
6.661666790894389578e+02
-7.467390669352404586e+01
6.132184510099592671e+02
1.328097235675335526e+02
7.448210252901394597e+02
9.377183521839841660e+02
-7.366555545440858168e+02
3.002447374865639631e+02
1.872854936558910879e+02
8.256322085421606971e+01
-9.015889230128876761e+02
-7.014131000573597703e+02
-5.980626719486424463e+02
-1.812030841836436252e+02
-8.482926231321408750e+02
-8.333320451977386938e+02
1.778222164560420708e+02
3.247671865938261249e+01
3.008027955398071640e+02
5.283934785370471445e+02
3.179091554888584028e+02
-9.584497521547514225e+02
5.387140725841024960e+02
-8.450820741345048646e+02
-7.008488793708577305e+02
3.235637639870737985e+02
-8.538106884714344460e+02
8.841628686599227649e+02
9.337531452382255566e+02
6.046207204377293465e+02
7.636910909112680201e+02
-3.686522199295617952e+02
5.414095507047330784e+02
-2.903704874231599931e+01
7.405774660050116154e+02
2.878925334765694970e+02
-5.725986684410437420e+02
1.637435503679534179e+02
7.867322257296691532e+02
9.493826543107711586e+02
-3.461054410812416222e+02
-2.177347008185278412e+02
3.346727757557835758e+01
8.787122800971054630e+02
-2.888922921721790544e+02
-5.854928577079365368e+02
4.565475069941383595e+02
-2.999107800235386208e+02
-3.616229082420086911e+02
5.275654222118608914e+02
9.559534969086234923e+01
-5.464382500635533688e+02
1.874162457121967407e+02
3.754970552537652679e+02
-5.633100625384740852e+02
9.768106515065449003e+02
-5.422205032516463916e+02
1.437802571559500393e+02
1.170833309618766407e+02
-7.219654296245490741e+02
-6.300078216934587090e+02
9.559821295415069926e+02
-3.246488345513596840e+01
-4.977501940223741030e+02
1.628983307966275049e+02
5.815297061171866062e+02
7.939492776290511529e+02
2.195646892922816846e+02
8.889439127402297345e+02
9.880112016282171226e+02
-6.072175699109516245e+02
-4.328780774030766452e+02
5.199132834953468318e+01
7.833747454765500606e+00
-1.583733796301590360e+02
7.787355966512425312e+02
-2.808484415393083395e+02
8.976241542337875217e+02
7.276882308218810067e+02
4.822497979577224214e+02
1.121953144212890408e+02
7.736585850721284885e+01
2.937918997177395113e+02
5.648329167843772147e+00
-1.233743016297324289e+02
-1.274343548115268305e+02
-4.514178360724413324e+02
6.217253380132165148e+02
2.075344535461067608e+02
-6.719632101130511046e+02
5.169049592763230976e+02
6.248671530771666767e+02
-1.995537517030030017e+02
-3.896387048791106054e+02
-8.052015714148772076e+02
1.916671666120082591e+02
-9.194386306338811892e+02
-6.404409777266183710e+02
-3.505564953552419070e+02
6.521273852549580852e+02
-6.457080658498296089e+02
4.768917551444150149e+02
1.767592462397604436e+02
-6.758126683625323494e+01
3.334284500229752553e+02
-5.652821635226624153e+01
-8.825273632552248273e+02
-1.190730531460587827e+02
-3.162201266122333720e+01
1.165685184366628846e+02
-1.057568783600760440e+02
2.029549927726485521e+02
4.378801404552678491e+02
3.096623117130056926e+02
-9.750659251781046351e+02
3.189403433176376552e+02
-8.638201225922556432e+02
-7.796748723662234397e+02
5.113461933578171852e+02
2.368984379771170552e+02
-2.253477091502565486e+02
9.133654804332802541e+02
-9.580346820594131714e+02
-3.479307267414385052e+01
8.075534076591222856e+02
2.304845286991643434e+02
9.445714821636731813e+02
-2.713457395774897662e+01
-5.845189284122384379e+02
-3.322286941677146501e+02
5.929456663485416357e+02
-6.463489537794754369e+02
-5.752692678063785934e+02
2.578678031313980910e+02
2.851581097168103156e+02
5.411343068407547889e+02
-5.469249622993366984e+02
4.590417351029779525e+02
-4.002317767685748322e+02
2.976893455354644971e+02
2.000533764961749625e+02
-1.547356685119331701e+02
-5.046546770631306345e+02
6.317377428722587638e+02
2.742806160078438324e+02
6.746764664812849333e+02
1.278363783048295659e+02
-7.344725233158544597e+01
6.527297508762828784e+02
3.230678595744078621e+02
-1.847620274077184490e+02
4.892344971108002483e+02
6.981200885902191544e+01
-7.435878162348801652e+02
5.699095735703974697e+01
-1.323456977927673108e+02
-6.211920618200995250e+02
-1.057319204932845196e+02
9.752752448609871294e+01
7.110078407456319383e+02
6.558853875677015139e+02
7.876066983750801000e+02
1.859740215092349160e+02
-5.227266514197470997e+02
8.128577733923170854e+02
-3.421697897768551115e+02
8.649340897441157949e+02
-8.192210536490766799e+02
2.174761776031929728e+01
9.992707070882421476e+02
-3.974978596493693885e+02
-8.344305136081293313e+02
-6.603728948401191019e+02
-4.945861299578198782e+02
-8.377871295491382853e+02
2.568501867452023930e+02
-8.282777616996805818e+02
1.463078299219140490e+02
4.619200351029396074e+02
7.613929260666809569e+02
8.971936854766063334e+02
-6.717188741795499709e+02
3.782867496743000402e+01
8.814563973934438081e+02
7.179812588281777153e+02
-2.432301780619183660e+02
3.987210048837731335e+01
9.127654937673214590e+02
-5.684757404177769331e+02
8.983948104164018105e+02
-7.313264395767766928e+02
-4.766045026727096001e+02
2.150638499046040764e+01
2.882981141575461947e+02
3.279905319173561793e+02
-6.204600577222088305e+02
4.573756653014916651e+02
-9.533528226251803517e+02
3.791313814459740570e+02
3.504533136579236725e+02
-5.013778629214788793e+02
9.018018925004397488e+02
-1.593607205393936113e+02
2.722160599205045060e+02
-9.773161228564815701e+02
8.742328736481071019e+02
3.001705836152728466e+02
5.541550597008591872e+00
9.590451956217048064e+02
5.054245894433415174e+02
-2.658070756153887828e+02
-1.094491933793422476e+02
-5.822094216897601200e+02
9.566450444122904173e+02
-8.551781154481814156e+02
-2.577919301275137514e+02
-1.501218937830333573e+02
-3.591205906692298413e+02
-9.670603815575233284e+02
5.404565567335323095e+01
9.906027195023299328e+02
8.438434916702473174e+02
-9.752320796814307187e+02
-9.584438976083666262e+01
-6.514899027054194391e+01
-7.740409902847179637e+02
-5.542159513188371420e+02
7.352692274226966447e+02
-2.087284555104963886e+02
8.851822545791125094e+02
5.444524629975759353e+02
-9.076561729151712825e+02
1.391440951926132641e+02
-8.738718915304822303e+02
-1.963158123745201351e+02
-9.677112416599359221e+02
9.797383881072879603e+02
3.308585271175124376e+02
7.071754079161092932e+02
7.882539038641201614e+02
