4.676408724133257238e+02
-5.575064162392951630e+02
2.443034521351701187e+02
8.786788776007701927e+02
-5.932310071260512814e+02
-1.267750951614905546e+02
-9.065871137758560963e+02
-8.543596892909318967e+02
9.754726455372365308e+02
8.647337066240985450e+02
-2.633916808692832205e+02
-5.550189520235530836e+02
5.391017540641190635e+02
6.050919893475474964e+02
-5.320087454203248853e+02
-8.157336108371936234e+00
-6.728624527957656483e+02
-7.841723605514649762e+02
-8.746287176596837298e+02
-4.716240801848890669e+02
7.004377441484639348e+02
8.520636491243911905e+02
4.525711734054608542e+02
1.864142274756769382e+02
5.498092175844329859e+02
6.601947357669884013e+02
-1.290289649432768044e+02
6.139616677686215098e+02
1.479074220258162882e+02
7.454837855699062175e+02
9.357358574625518486e+02
-7.388406128137686437e+02
3.001135321548677553e+02
1.627931469707839938e+02
7.850380770738983927e+01
-9.011030680080813227e+02
-7.020727739233902867e+02
-6.068501921829672483e+02
-1.821935843333598086e+02
-8.557870836457269661e+02
-7.025206333292154568e+02
1.758798531708279711e+02
3.677976144768445010e+01
2.755664681923771582e+02
5.167209848971373276e+02
3.162044598861315308e+02
-9.620515524490499502e+02
5.362450464731529109e+02
-9.054789737322590781e+02
-7.008129027460655607e+02
3.193118927225856964e+02
-8.552473231224696519e+02
9.921250280640197161e+02
9.337011590832153161e+02
6.047424784363125809e+02
8.142049196647818690e+02
-3.280623988117295085e+02
5.422053424341149821e+02
-3.331716212321327930e+01
7.403905649910545890e+02
2.917758072677035557e+02
-5.889031695101434707e+02
1.627791541081090827e+02
7.808753070197163879e+02
9.484141853791375070e+02
-3.461895464895549708e+02
-2.186607574321729430e+02
2.986374975724411129e+01
8.828305609953642943e+02
-2.930455535656101915e+02
-5.678442143669099096e+02
5.016421371765757726e+02
-3.088890261314621739e+02
-5.171832283170999744e+02
5.272238357266822959e+02
9.508909882647111544e+01
-5.410250513233299898e+02
2.131187765744233218e+02
1.875061032089289199e+02
-5.646266453013743103e+02
9.772788585082569170e+02
-5.385605588150800713e+02
1.260757111383006333e+02
1.163531044640371022e+02
-7.251356312790099992e+02
-6.348071347998611600e+02
7.359983856085798379e+02
-3.264293141285777722e+01
-4.977485650799696373e+02
1.628867858592720381e+02
5.425248988222788284e+02
7.761072320205843198e+02
2.064675296062017935e+02
8.917858327196023538e+02
9.698982276747336755e+02
-4.935136397090761307e+02
-4.403472736206190916e+02
4.548545015983181372e+01
-1.868732907550712525e+02
-1.584033251068217396e+02
7.851694761221910994e+02
-3.701510472908639713e+02
5.481434460329298872e+02
7.274583093479631088e+02
4.751011189698035651e+02
1.103900506719898402e+02
7.754548306838748317e+01
2.942611967781774069e+02
-1.299026801242542550e+00
-1.225523644256507652e+02
-1.283754094477637295e+02
-4.512934751662978670e+02
6.236238033531540168e+02
2.039366094992530236e+02
-6.573379306763778231e+02
5.088039839446825567e+02
5.362599160699111280e+02
-2.681973573635792150e+02
-3.895683571192249701e+02
-8.052011532092097923e+02
1.861585898326313497e+02
-9.429360875717717363e+02
-6.352038659698475840e+02
-4.158859956048047479e+02
6.520098693131958498e+02
-6.452070325911963664e+02
4.770744864346978034e+02
1.764541820610091349e+02
-6.796297005412003500e+01
3.324544271499074171e+02
-4.166603792950704843e+01
-8.820648377259058179e+02
-1.275124729186257326e+02
-3.163005826674973164e+01
1.493168652040463371e+02
-1.073023804549355873e+02
1.897855565924005816e+02
4.404981806635099701e+02
1.856438638459568722e+02
-9.717180887721661975e+02
3.217352296470227770e+02
-9.251890310550816139e+02
-7.892469389249572487e+02
5.118627211524856762e+02
2.068243118389994208e+02
-2.281944071341314668e+02
9.122676248670306904e+02
-9.575203467166037399e+02
-3.487057982559987579e+01
8.077806178899220413e+02
1.622258174834332465e+02
9.708088008680288112e+02
-2.749484780433689579e+01
-6.212559243752260727e+02
-3.270132655240032591e+02
5.963030186746919981e+02
-6.549200951871592906e+02
-5.777553790567056922e+02
2.542567417565821870e+02
2.886352417136684494e+02
5.410129716258376220e+02
-7.023271635979242546e+02
4.594595461114865884e+02
-4.000463125740048440e+02
3.155212378424536723e+02
1.999941097182060048e+02
-1.549036654264915569e+02
-4.949127089527494263e+02
6.233020249446608432e+02
2.724646529770524239e+02
6.744429258389428696e+02
1.287216951865019041e+02
-8.041552525273614549e+01
6.529670608076651206e+02
3.248733022521745966e+02
-2.017734642259582074e+02
4.891355832578645391e+02
6.437263376401858750e+01
-7.418256274585349956e+02
5.697777357127184672e+01
-1.277401261723418173e+02
-6.215891523486214965e+02
-5.094808810773868402e+01
1.068084419093367359e+02
5.331132120828298184e+02
5.942511516986613742e+02
8.232372632514556017e+02
1.857996744811337919e+02
-5.879848991614486522e+02
8.147448019089417812e+02
-3.421328398511008118e+02
8.690795242861598808e+02
-8.170593556460906939e+02
2.105389617137106129e+01
9.933413407984197647e+02
-4.750156821788758634e+02
-8.480255972024673383e+02
-7.250900076624780013e+02
-4.942967512464470587e+02
-8.493531971258261137e+02
2.591605884827989712e+02
-8.415719484444554155e+02
1.439196340184430483e+02
4.567068925889395246e+02
7.557702196521887572e+02
8.967832428677531880e+02
-6.716611094480628026e+02
5.063357547007525739e+01
8.181601416049438740e+02
7.347831563524104013e+02
-2.448914500521793798e+02
3.690326297407300871e+01
9.179464388997816968e+02
-5.684493390780944537e+02
8.949594403764214121e+02
-7.301894426607700552e+02
-4.459285789253197549e+02
2.146336378180979310e+01
2.869961826291701072e+02
3.126485905050018914e+02
-7.949553482788990095e+02
4.573836634133829193e+02
-9.865121899654359368e+02
3.734992668922378698e+02
5.366374741459802635e+02
-5.012004468859354347e+02
8.914004965475174913e+02
-1.594233951557167472e+02
2.715427967158661318e+02
-9.773154446421191324e+02
8.742320303008865494e+02
2.993372175578138012e+02
-3.217989871149740111e+01
9.409710551036388324e+02
5.057533627703269872e+02
-2.793926730476659941e+02
-1.094099972920440536e+02
-5.689358951061062726e+02
9.573109845855087769e+02
-8.571331660578631499e+02
-2.573343613104077576e+02
-7.134685585724400880e+01
-3.606655991294866226e+02
-9.656157577289222900e+02
5.007327712255253260e+01
9.557549910224261112e+02
8.411860236615583517e+02
-9.988243175401838698e+02
-1.189279442003948759e+02
-7.347408092730312035e+01
-7.990785893993335094e+02
-5.551652885039178500e+02
7.330652613715666348e+02
-2.962577485871204885e+02
8.851685232799519554e+02
5.448457679288386544e+02
-9.106965307375232896e+02
1.412188611364838096e+02
-8.686034825542216140e+02
-1.969540339732374719e+02
-9.676944803556034458e+02
9.467627950475350644e+02
3.315341427439187783e+02
7.049278745080723638e+02
7.877323330921580009e+02
