4.593568125658695749e+02
-5.575070036306880183e+02
2.350883361418406992e+02
8.788967694415485994e+02
-5.988418718441757846e+02
-1.270861107833120940e+02
-9.158997001796062705e+02
-8.545053250230361073e+02
9.754566282667557289e+02
8.647336986449618053e+02
-2.687933590251575424e+02
-5.551861466206329396e+02
5.413259124766802870e+02
6.050133651230053147e+02
-5.133332924389310392e+02
4.606359191658946362e-01
-6.775424389799634355e+02
-7.813389467496621137e+02
-8.766191202603450847e+02
-4.716240803132728843e+02
7.055879291598206464e+02
8.520964435459812876e+02
4.408302999681483243e+02
1.786135760025264290e+02
5.486534119219355716e+02
6.578945556501832925e+02
-7.736376686778079659e+01
6.123179188470539884e+02
1.312354580349202706e+02
7.276887444921007955e+02
9.353949794093846322e+02
-7.368551140831921202e+02
3.002753725451685796e+02
1.871384286295981951e+02
7.102744302876317306e+01
-9.028954150815022786e+02
-7.020953165378413132e+02
-6.097852371788058008e+02
-1.845171880309982271e+02
-8.556191972706150182e+02
-7.476863793484238840e+02
1.761564577580202808e+02
3.628556671933100830e+01
2.749451586961182556e+02
5.202173244818304738e+02
3.151392240910049054e+02
-9.643221971366602929e+02
5.378139719006260293e+02
-9.068153989182713985e+02
-7.011160560409189202e+02
3.113071175548484462e+02
-8.524546166281407977e+02
8.709537037458603663e+02
9.336947562093746456e+02
6.047972044646786571e+02
8.308210038700354971e+02
-4.062479324703253383e+02
5.426468034205337290e+02
-3.458351767363166118e+01
7.398268393869535657e+02
3.196469138685138205e+02
-5.452321616596369722e+02
1.645259795823530169e+02
7.809826177955371804e+02
9.462955889633326478e+02
-3.500669642932417673e+02
-2.185912992655291021e+02
2.507083526843728549e+01
8.762493604968790351e+02
-2.901557327213322424e+02
-5.841755890299086786e+02
4.567012226052773372e+02
-3.053534177115831767e+02
-5.032477748421506476e+02
5.362133123059348918e+02
9.076881784818235133e+01
-5.392229035893202536e+02
1.631300767129909843e+02
1.827987965633061265e+02
-5.633622752922376549e+02
9.771243710203910950e+02
-5.419290153986793257e+02
1.407070875005249775e+02
1.149943939178046151e+02
-7.241573828072570223e+02
-6.406086728579136889e+02
9.092000391804944002e+02
-4.068276162735143942e+01
-4.977481244641437002e+02
1.628866979239908233e+02
5.420124757313577675e+02
7.754639021451638428e+02
2.012180744303804545e+02
8.890485083280184426e+02
9.693999272904884492e+02
-4.906665361224482353e+02
-4.359167269622176377e+02
4.547450187029153312e+01
-1.745847161768142826e+02
-1.583773765210597446e+02
7.726887757854578922e+02
-3.003086735040476469e+02
4.990515780344058498e+02
7.274276792455834766e+02
4.517424264753844341e+02
1.061716598161350618e+02
3.956157992290780356e+01
2.939031546243259641e+02
3.441915208983703067e+00
-1.169358487496756425e+02
-1.386619738952019532e+02
-4.517036423665697953e+02
6.159804196560113496e+02
2.039274520181634216e+02
-6.598115498015710045e+02
5.167506214081121243e+02
5.210879852609061800e+02
-2.874419664354775250e+02
-3.780090265781266226e+02
-8.052028257278973342e+02
1.905882222030314779e+02
-9.231560446473523598e+02
-6.402492060237153737e+02
-4.975406520337318170e+02
6.514343518947639495e+02
-6.453006390106894514e+02
4.767338916631318853e+02
1.736407106171276666e+02
-6.841813827360351752e+01
3.325727118684694119e+02
-4.441138593818984504e+01
-8.822625821166934657e+02
-1.210595846467258241e+02
-3.165290705644401825e+01
1.001976898963684164e+02
-1.019887108689651853e+02
7.733906542278843688e+01
3.610017746519370689e+02
2.422806999922441662e+01
-9.979998756770741011e+02
3.378283360719007078e+02
-9.251231456827922557e+02
-7.699808053658932749e+02
5.079943013073993825e+02
2.363457222210822124e+02
-2.263064105979138958e+02
9.123093708971377964e+02
-9.707943604197238301e+02
-3.477574393728647095e+01
8.083832924298912985e+02
1.600933807980031531e+02
9.415876229816219620e+02
-2.846417567349945799e+01
-8.360203241047440770e+02
-3.221778467756151940e+02
5.861730748754687284e+02
-6.562367747913999665e+02
-5.764383345163358854e+02
2.618361617452534347e+02
2.852638693554572455e+02
5.408759021440146171e+02
-7.113116457392261509e+02
4.647066466979433699e+02
-4.000309678674470888e+02
2.703712385205631676e+02
2.001460652342975379e+02
-1.554157340304920183e+02
-4.938365900968055939e+02
6.303817600410351361e+02
2.723413733081169426e+02
6.745361172316204375e+02
1.289399214180925526e+02
-8.360176243062124968e+01
6.483966482718527686e+02
3.081767446191302611e+02
-2.017667687266279586e+02
4.861115486122521929e+02
6.423847950671435569e+01
-7.439126453636936276e+02
5.698499361934401719e+01
-1.324893140626053025e+02
-6.242996601378994228e+02
-7.967707909056692017e+01
9.020914725789013744e+01
5.700342856570312051e+02
4.665105322580211578e+02
7.864627456537074295e+02
1.884258657640123999e+02
-5.848188270356693010e+02
8.010062502231608050e+02
-3.421609573716388581e+02
8.681273193804885295e+02
-8.192812869877968751e+02
4.369156199698048937e+01
9.248314641557057030e+02
-3.972690616859472925e+02
-9.319511079672155347e+02
-7.181706321254232535e+02
-5.051903775313616052e+02
-8.485911246139963851e+02
2.563899024765830745e+02
-6.794449884238126742e+02
1.429635493903526253e+02
4.569815773360422213e+02
7.453999311747148795e+02
8.953550420200449480e+02
-6.687009065122116453e+02
4.943857108735062411e+01
8.769595737467632262e+02
7.182379719928179611e+02
-2.432396397428167063e+02
3.975732176719809274e+01
9.171608467657721349e+02
-5.684733644868334750e+02
9.053934045365467682e+02
-7.301152018793784464e+02
-4.372540291404871482e+02
2.144864341007855302e+01
2.807463757729102554e+02
3.111687828415375634e+02
-7.961985207348295717e+02
4.573186397779009553e+02
-9.768636828343816205e+02
3.782507044166505352e+02
5.630186053703453126e+02
-5.011121235303918411e+02
8.874541167883793378e+02
-1.593989108131153785e+02
2.716416261515239512e+02
-9.773163427705053437e+02
8.742322350356590732e+02
2.985254335328121442e+02
2.069642590196632881e+00
9.574320670444485586e+02
3.857267206422257004e+02
-2.735178601182128091e+02
-1.120265940500605382e+02
-5.853374654223023299e+02
9.572958998131755379e+02
-8.570685346150879695e+02
-2.578967076926863911e+02
-1.230121247933615933e+02
-3.591930204403556104e+02
-9.656047223686126699e+02
5.374403362123983641e+01
9.928540619412833621e+02
8.301226549820495393e+02
-9.755982727879866161e+02
-1.152103343502543424e+02
-1.939444066116205931e+02
-7.712054669688490094e+02
-5.552112976998663498e+02
7.323212376518952169e+02
-2.142753698393448474e+02
8.853706779029315612e+02
5.485325993310674448e+02
-9.086622483365505332e+02
1.413112010613949678e+02
-8.744126346290145193e+02
-1.968264796323103099e+02
-9.677112113276912169e+02
8.719413012667122302e+02
3.310191066930717056e+02
7.049084343856229680e+02
7.880200497152159187e+02
