5.199372266642258182e+02
-5.574990616329159820e+02
2.706255535268626886e+02
8.856749555760106887e+02
-5.999880902914707121e+02
-1.257176594666292146e+02
-9.053008501174929279e+02
-8.578043196427722705e+02
9.718057452291411664e+02
8.647337066241163939e+02
-2.685644902118878576e+02
-5.552009725494791610e+02
5.351264782890900733e+02
6.063536466781398531e+02
-5.615435221532363812e+02
-3.306440409456547158e+00
-6.726559166695141130e+02
-7.851447059272658180e+02
-8.727507590584161790e+02
-4.716240833951831064e+02
7.064535479166363530e+02
8.520989735067174706e+02
4.426118735113146840e+02
1.488978422492921254e+02
5.445485397332745379e+02
6.117472928278962172e+02
-1.276733818391807773e+02
6.122772925458009468e+02
3.137249810132766470e+02
7.187336073990240948e+02
9.351224841747394976e+02
-7.351327569029056122e+02
3.002971181621019809e+02
1.630555881281084396e+02
-2.665036403749085281e+01
-9.046250313047170266e+02
-7.018853560417845756e+02
-8.114689136986281710e+02
-1.822209709305272725e+02
-8.475246465028578768e+02
-7.311325763508758655e+02
1.743355622418346229e+02
3.657716672103602917e+01
2.741510640063635833e+02
2.840887861210385950e+02
3.157990975595689065e+02
-9.579437334153909660e+02
5.384641992066518696e+02
-9.053923331351273873e+02
-7.008291142855144926e+02
2.861627580958311228e+02
-8.549340641889029939e+02
8.992299324154311080e+02
9.337538386988411503e+02
6.047375333424785140e+02
8.033024236937910700e+02
-3.260166855896957259e+02
5.422296055471070986e+02
-2.920423553035857722e+01
7.231813303019359864e+02
2.855870233388446877e+02
-5.693038637446650228e+02
1.639493678562716639e+02
7.811820817773067347e+02
9.465831376484927659e+02
-3.462256733755285723e+02
-2.180587068666184791e+02
1.032743433148545442e+01
8.765062853534221858e+02
-2.931500220260224410e+02
-5.733297917087051019e+02
4.573379121821429862e+02
-3.053096657128898528e+02
-3.655304555914383400e+02
5.267372170407309113e+02
9.539159136207020140e+01
-5.460996364515411869e+02
2.007938768717884841e+02
1.526591949060596676e+02
-5.645905559277715611e+02
9.771246682827662653e+02
-5.414074507168386390e+02
1.357530781866448137e+02
1.172399816946454649e+02
-7.639377717630874258e+02
-6.334850596790171267e+02
9.375008465216712921e+02
-3.619732157543944595e+01
-4.977531962534617946e+02
1.629331358384825705e+02
5.835512373275325899e+02
7.802030999296123355e+02
4.544395056402902924e+02
8.917801847568720177e+02
9.616656985889144380e+02
-4.902926281419440215e+02
-4.356837316231994919e+02
4.529286782877821338e+01
5.475601626402735178e+00
-1.582998899297603259e+02
7.851694761221910994e+02
-1.933198009711266252e+02
5.339185796061946121e+02
7.276898512261770975e+02
4.548712357120243723e+02
1.091652344340527634e+02
3.820603315673724865e+01
2.937174415331111845e+02
-6.315488038422003569e-01
-1.225539299858566267e+02
-1.282941436723815514e+02
-4.513439579140270439e+02
6.217895996765629434e+02
2.053129344304531116e+02
-6.722646262316038701e+02
5.103679644437448815e+02
6.091967777918189313e+02
-2.589175785408397132e+02
-3.871409972502939354e+02
-8.052026515559908830e+02
1.805994360107456487e+02
-9.582561254847049668e+02
-6.207724839972941027e+02
-4.920223956201685951e+02
6.495687440743730576e+02
-6.451962120817552204e+02
4.723773304506037221e+02
1.765526783898535541e+02
-6.803791456238505475e+01
3.325722282033402166e+02
-5.146649962423182245e+01
-8.836665432117798673e+02
-1.434685589718188510e+02
-3.161394763740043601e+01
1.176097528399590431e+01
-1.074811145269571284e+02
2.045173670901315290e+02
4.261200177808460694e+02
1.684567906415404366e+02
-9.715140052265165878e+02
3.195318360373208293e+02
-9.252007855323353169e+02
-7.804768836745353155e+02
5.117941928491803765e+02
2.051640108371658471e+02
-2.308716926388759418e+02
9.123260771586965348e+02
-9.569432644256387448e+02
-3.487057982559987579e+01
8.084132345589005126e+02
2.346130294753501175e+02
9.440406697889121688e+02
-2.469229374167763424e+01
-6.209004894171296201e+02
-3.109896129962230589e+02
6.024374423280725068e+02
-6.547630660526494921e+02
-5.765323128174692329e+02
2.645002371351299644e+02
2.852077865461452006e+02
5.409813449172117998e+02
-7.528773129787607559e+02
4.664857835451431924e+02
-4.000624775900292320e+02
2.962091512862959348e+02
1.990921336796498906e+02
3.981198007373410519e+02
-4.872140257470864526e+02
5.993556791351951460e+02
2.724125457786349784e+02
6.748598130707298424e+02
1.444940045494045933e+02
-8.108329195788053312e+01
6.602665729713249902e+02
3.050087679485460512e+02
-2.014941850604928391e+02
4.925690969257351526e+02
3.692544242285988076e+01
-7.418256274585349956e+02
5.695013682064484328e+01
-1.280048518328253806e+02
-6.194728538800225124e+02
-9.848070054197383172e+01
1.003367397501053233e+02
5.592438948628170010e+02
4.324965025542051080e+02
7.877135072368500914e+02
1.807692583254889200e+02
-5.275582187655008966e+02
8.010501239803121507e+02
-3.421582139254658159e+02
7.587693433577462656e+02
-8.188560213028300723e+02
2.105413682094907202e+01
9.983300987734706951e+02
-4.121386787584147555e+02
-9.266438342670855945e+02
-5.083385886969319927e+02
-4.937176850257393994e+02
-8.452301066796482019e+02
2.591605884827989712e+02
-8.452171864166864452e+02
-2.562676032454722730e+01
4.567068969797167028e+02
7.785648218659081294e+02
8.967036720401631555e+02
-6.683858048480541356e+02
6.095715824243352898e-02
8.786485743992683410e+02
7.184988644400895055e+02
-2.449133561881067749e+02
4.125412545818250010e+01
8.904928828864269690e+02
-5.682528960679322836e+02
8.987201141547267298e+02
-7.300742248130857206e+02
-4.443733071021428600e+02
2.116723829050817685e+01
2.854667832376350702e+02
3.300871941101380003e+02
-7.944713756576612695e+02
4.573196456051849736e+02
-9.782208515861512979e+02
3.863106508108200501e+02
5.297294237858739052e+02
-5.026481179533134878e+02
8.909699030264675912e+02
-1.593562159185953249e+02
2.716224902679016964e+02
-9.772742737963134232e+02
8.742322562811614262e+02
2.993652409736944833e+02
5.541728473112029540e+00
9.584414780963182920e+02
5.055896395590755219e+02
-2.754842476727768599e+02
-1.093926258135373644e+02
-5.842880547293725613e+02
9.559773429914087046e+02
-8.551961440784465367e+02
-2.581182837840587467e+02
-1.241204247991054785e+02
-3.587817107852010849e+02
-9.655344983918429307e+02
5.019733644527826755e+01
9.960991295717492449e+02
8.428428044747660124e+02
-9.762590333079635911e+02
-1.114264714798271854e+02
-6.956950996473945281e+01
-7.783454015777791710e+02
-5.556119112271302356e+02
7.346365893258404185e+02
-2.210628943163760027e+02
8.850416117795855371e+02
5.446104528541590071e+02
-7.749715930753566226e+02
1.413044379006301483e+02
-8.744408412093752077e+02
-1.969883786231627312e+02
-9.677039398060580879e+02
9.238735642830669121e+02
3.313392894901565455e+02
7.048740164135617761e+02
7.878625995713991870e+02
