4.636275692446737366e+02
-5.575058731497171038e+02
2.412224089551939983e+02
8.757461442307541120e+02
-5.953380085960147881e+02
-1.267662207512456121e+02
-9.078705206955007725e+02
-8.299219567256939172e+02
9.762995573241965985e+02
8.647337066241285584e+02
-2.719931984946557577e+02
-5.552027511502043353e+02
5.329621526513431036e+02
6.040697495684173646e+02
-5.158963899001969367e+02
-5.881104667623918481e+00
-6.769674411465401818e+02
-7.845203381497748296e+02
-8.739759407923073695e+02
-4.716240802478857859e+02
7.067147985872509253e+02
8.521067079456041711e+02
9.662060177220304240e+02
1.480003650142669471e+02
5.467214353300465746e+02
6.558975331828175968e+02
-1.306518122418428618e+02
6.002426066981383883e+02
3.215490070317553091e+02
7.170437348151117476e+02
9.361433667659923685e+02
-7.382490294993185671e+02
3.001555973029954885e+02
1.904117798297500599e+02
7.808734459064105238e+01
-9.038846220862828886e+02
-7.022325427504047184e+02
-8.035656401275648477e+02
-1.814495540489658367e+02
-8.526629220004587069e+02
-7.410937520079477281e+02
1.769818514304184305e+02
2.901358874328784054e+01
2.746301381932572099e+02
5.209268959167966386e+02
3.153616610843174612e+02
-9.566047228603264330e+02
5.382184993502396537e+02
-9.067789679398255203e+02
-7.011100556416234895e+02
3.275273207630417573e+02
-8.551789475614322100e+02
8.761094988518409536e+02
9.336956186489746869e+02
6.047304764335420941e+02
8.003627837595641950e+02
-3.674403345206275731e+02
5.421327881972491696e+02
3.658777847512287451e+01
7.398180433279975432e+02
2.957857631625120689e+02
-5.780982988924423580e+02
1.647315401533695649e+02
7.847918045094263562e+02
9.465318667648899691e+02
-3.394520123022008988e+02
-2.181855966850123423e+02
2.379796973890513812e+01
8.804830379757668197e+02
-2.890821221033393726e+02
-5.681264514453581569e+02
4.562733192625900642e+02
-1.874011807425185339e+02
-5.291085969898273333e+02
5.232656151672539409e+02
9.428401098859917795e+01
-5.467725535717221419e+02
1.856591130525985136e+02
1.619200549755104532e+02
-5.646509483735327422e+02
9.771533637721713603e+02
-5.418269021889619808e+02
1.264410727673483734e+02
1.165237695124632893e+02
-3.584995150857394037e+02
-6.354683247099659411e+02
9.626429517991193734e+02
-3.650419715306295387e+01
-4.977558648595941122e+02
1.628979769272812916e+02
5.833888713332260068e+02
7.768528766756792265e+02
4.744349503317778272e+02
8.886434801407718851e+02
9.873073371702240593e+02
-5.030515337482932523e+02
-4.400402244168817560e+02
5.055440287853664927e+01
-1.059874852909986629e+02
-1.584033190274519995e+02
7.796989521655311819e+02
-2.781457191532314823e+02
5.415042530837120012e+02
7.275592310550603088e+02
4.646166598703750310e+02
1.093684726181879654e+02
7.752225503187042932e+01
2.934914256109152575e+02
4.318940322497034856e+00
-1.233146424776775376e+02
-1.411862602553583770e+02
-4.515320058404851125e+02
6.223695189093231193e+02
2.052352478462214833e+02
-6.724105933447605139e+02
5.098821294271907618e+02
5.327325590258174088e+02
-3.386107139714453638e+02
-3.871744418296843264e+02
-8.052339328262202116e+02
1.871442574094245686e+02
-9.428540682931117090e+02
-6.382197107289701989e+02
-4.084422789824511142e+02
6.528070359386038035e+02
-6.457101485145950619e+02
4.698051137824385250e+02
1.764753116903909529e+02
-6.686769726669838576e+01
3.332799697325260126e+02
-5.869222915151083697e+01
-8.813448765372883145e+02
-2.898272368094701079e+01
-3.132879559329420971e+01
1.334056978036215071e+02
-1.010167306176819153e+02
2.047003933494778778e+02
4.268728857239983085e+02
3.099359533925587584e+02
-9.713625658201303850e+02
2.937493011089420065e+02
-9.249756476392044533e+02
-7.799324416682115952e+02
5.106355589969217590e+02
2.119878692498087958e+02
-2.142573101063213414e+02
9.132009075043338271e+02
-9.569334206760466941e+02
2.162526948505349722e+01
8.083754420920539587e+02
2.368445932509422960e+02
9.439114821856531989e+02
-2.703473849154603670e+01
-5.942918304279071435e+02
-3.125132137046837784e+02
6.023631234808606223e+02
-6.463052334339305389e+02
-5.765620616408532442e+02
2.605541354896745929e+02
2.861145210130490568e+02
5.412595738172559550e+02
-7.518843583923653568e+02
4.699823908087456630e+02
-4.005585684831521007e+02
2.962971457321165190e+02
1.975215302067484799e+02
-1.552425239596979054e+02
-5.038926162931845738e+02
7.927240198417105148e+02
2.722068022566766103e+02
6.743966996145638859e+02
1.299311219023341550e+02
-8.374414527482110771e+01
6.476138731346491113e+02
3.051363174030063874e+02
-2.014682722012364593e+02
4.891631289255899446e+02
1.123471411009840608e+02
-7.435828973847322914e+02
5.697401855448522667e+01
-1.314336098759476101e+02
-6.216559680778196935e+02
-5.077632496455811406e+01
9.583671262453428596e+01
5.212544248117399093e+02
4.545612882127706484e+02
7.876670959609223246e+02
1.880219221279960777e+02
-5.751439509042794498e+02
8.025046225567317606e+02
-3.413344416757171871e+02
7.588653486900966527e+02
-8.163230275456181744e+02
1.748816333804232315e+01
9.915000575424871840e+02
-3.946725010869210450e+02
-9.293446492853424843e+02
-7.230181003118564149e+02
-4.988179530619299840e+02
-8.368954233019441062e+02
2.591944923888893300e+02
-8.418835619619576391e+02
1.350993883326169964e+02
4.562721300891557235e+02
7.813075725793630681e+02
8.958686699146713863e+02
-6.707549178146072109e+02
6.341452113345576436e+01
8.818187042750212186e+02
7.183289330284841299e+02
-2.384984460306959022e+02
4.159324353177657940e+01
9.210737332320755968e+02
-5.685076202817180047e+02
9.069279212105877832e+02
-7.312580910929302718e+02
-4.784369632600065643e+02
2.172770148216142516e+01
2.843536650743623113e+02
3.124497683214653989e+02
-6.223924363134018449e+02
4.573071436031489725e+02
-9.112469104404457312e+02
3.741501736671048661e+02
5.267219043182491305e+02
-5.023526480292009637e+02
8.910970671831809113e+02
-1.593351239597463120e+02
2.723640635030321278e+02
-9.773150672652255935e+02
8.742326079353679233e+02
2.990971528580861332e+02
-1.300797337498688933e+02
9.576813414651827543e+02
5.056085937517540856e+02
-2.710244390955768949e+02
-1.093997880114816184e+02
-5.814831479647123160e+02
9.559671321448554409e+02
-8.551669390614110853e+02
-2.577524662963277819e+02
-1.213244592086704046e+02
-3.591700297055014630e+02
-9.647115305962573757e+02
5.142334763724532110e+01
9.904504968770378355e+02
8.428115107851091352e+02
-9.718287874062567653e+02
-1.107214867554446727e+02
-6.368514924866693860e+01
-4.439357422410274694e+02
-5.557610423470246133e+02
7.334921021628558719e+02
-2.048264210647916741e+02
8.852792968002078169e+02
5.484952483169607831e+02
-9.069998676990300055e+02
1.384731732426029964e+02
-8.752712057246766335e+02
-1.972333551261968410e+02
-9.675272037172837827e+02
9.474686214443870540e+02
3.317159399582288870e+02
7.073487619165853175e+02
7.884790364773916735e+02
