9.225688488770078402e+04
8.976867038636023062e+04
-5.615024833202739683e+04
-1.340290580979579715e+02
2.752918756117498924e+04
1.859301111169987053e+04
6.111800584034673375e+04
-1.641202366991184317e+04
-8.992664857295776892e+04
-2.529968786466438178e+04
-9.673098487031775585e+04
-3.323441090362843534e+04
8.055832405639112403e+04
8.798890828076742764e+04
-9.100211137643926486e+04
6.166723570457239839e+04
7.547580742538690174e+03
-3.549603906573688437e+04
-5.386115506867846125e+04
-1.842749004195771340e+04
4.153351390881543921e+04
3.839606929444107664e+04
1.099017091136062118e+04
4.498254793502465327e+04
3.530752666648278682e+04
5.840613532416670205e+04
9.790826445268726093e+04
-9.324118281814755755e+04
-3.436538050562077842e+04
6.691290326166004525e+04
-9.273707547769057783e+03
-3.258862901673325541e+04
7.183331824383958883e+04
7.545684297730551043e+04
-8.521330142781873292e+04
2.225396582894793767e+02
-3.575749644286221155e+04
9.336561641656898428e+04
-4.071124632592003763e+04
-8.472004065182321938e+03
3.065510567602810625e+04
-2.992611389990452517e+04
6.769605002141800469e+03
1.347601989336851602e+03
1.316391262125782077e+03
-5.763135302353912266e+04
-4.506199803330303439e+03
-3.250596239255441833e+04
-2.738287442118530817e+04
-9.173939670206273149e+03
7.334246771764244477e+04
5.331285721453369479e+04
-1.025281457845303703e+04
6.960700794356928964e+04
-7.216838484396024432e+04
8.707806858635810204e+04
5.424590093917896593e+04
-1.238724837696227405e+04
6.596511025943160348e+04
-4.369487967068569560e+04
5.739825451433034323e+04
6.544759175843186677e+04
-2.862010239793545043e+04
-5.619740883085180394e+04
-8.406109409187747224e+04
1.661862338390822697e+04
-1.395804590415044731e+04
3.253051327710472469e+04
-4.879738258240783580e+03
3.087277359328700550e+04
-9.575124748665100196e+04
-8.856350576275172352e+04
5.704938264011211140e+04
4.670817411297478247e+04
1.667239902652891033e+04
3.910154407396358874e+04
8.180486597414295829e+04
-3.776568102197740518e+04
6.022019393534315168e+04
1.433708002090525770e+04
-9.916133571613325330e+03
-1.006317902258542017e+04
-2.668240298567420905e+04
-2.259603185958677386e+03
2.926321132104604840e+04
-6.921344264260449563e+04
4.578228271398103971e+04
-5.980900397553350922e+04
-8.957183584407271701e+04
-4.457743470210646046e+04
8.308171111580020806e+04
-3.253727897783316803e+04
4.549143096981737472e+04
2.521897561884460083e+04
-8.655478569023721502e+04
8.195772076167787600e+04
2.668276964452442553e+04
1.618380066249489391e+04
5.197461184469644650e+04
1.371129181627312937e+04
5.983078879244603013e+04
9.986881588684693270e+04
-3.766099571605450910e+04
9.512067698773255688e+04
5.839840390245613526e+04
-7.431076307255201391e+04
4.710730631083017215e+04
4.237490723645421531e+04
-7.434809464639339421e+04
7.398346567274100380e+04
-5.885343199431295943e+04
-7.381928244804085989e+04
9.504160753112789826e+04
9.997075491235406662e+04
-1.692098718698531593e+04
-8.494286839177628281e+04
-7.269151289051532513e+04
4.537551993936226063e+04
-7.728009823772870004e+04
8.384786428508828976e+04
-7.004363726692856289e+04
9.371558894379575213e+04
4.618462285602751945e+04
5.384330670002222178e+04
7.082353750438004681e+03
-8.210150518204197579e+04
-8.120596702098858077e+04
-8.778594998708953790e+04
3.417937561463537713e+04
-9.773938595536362845e+04
-6.099935321891447529e+04
6.060460900646125810e+04
-8.507933783976464474e+04
-8.577053687839933264e+04
-2.920617320535772524e+04
1.611955080442234066e+04
-8.813081510151170369e+04
-3.169620995659806067e+04
9.296417788766200829e+04
2.822920295744914711e+03
4.871018478875029541e+04
2.178389315578739115e+04
2.703198950172495097e+04
9.454449040071155468e+04
3.640500868170944159e+04
-9.041628773749113316e+04
-8.509045720667832938e+04
2.698623951613184909e+04
-9.324128543524039560e+04
-8.119220833763666451e+04
2.958209817324153119e+04
8.894982905935138115e+04
-9.610823796460164886e+04
3.870716760421714298e+03
-2.257644427290447129e+04
9.019675225112277258e+04
-7.903099040591993253e+04
-1.395784489905086502e+03
-5.722816814325646556e+04
-7.411903270995218190e+04
6.742979946454340825e+04
-5.062800627048422757e+04
7.104596100586521789e+04
-2.479654726215872142e+04
8.788812567528247018e+04
-2.208184122672686499e+04
-3.232299479616834651e+04
1.606377204923015370e+03
-6.339007294121041923e+03
2.272908049562594897e+04
4.358162587015869212e+04
8.335480649247705878e+04
-1.632108015245672323e+04
9.335442570158268791e+04
5.742519534268786083e+04
-7.684682710541901179e+04
-6.239943212270209187e+04
-5.054412480748356029e+04
4.205642789698691195e+04
7.962163795040403784e+04
-6.364317491535545560e+04
9.622167203781072749e+04
9.531042572228256904e+04
8.820866482971560617e+04
-1.192857822683453378e+04
-7.264243205896802829e+04
7.601375843164439721e+04
-8.016825288639921928e+04
-7.932253900002371665e+03
-1.663682536632025949e+04
-4.532051912865165650e+04
-3.916695437081684940e+04
-4.236099453391139832e+04
-5.440426716658789701e+03
-7.149802699205947283e+04
-6.038366606559713546e+04
-4.197409403592128365e+04
7.241582773228920996e+04
4.805732353583648364e+04
7.090958715353801381e+04
-4.811800326311917888e+04
-2.610205574677524419e+04
1.093839875888541974e+04
-1.493513568625816333e+04
3.720048778629359003e+04
2.188483449340752122e+04
5.848237284147309401e+04
-7.004022113756455656e+04
-8.260956889384273381e+04
6.900698592691757949e+04
3.716587922585399065e+04
-8.549271736854100891e+04
-3.031882742757486267e+04
7.237534606807227829e+04
-4.588059615497601771e+04
-8.031897820645228785e+04
9.835720478257253126e+04
9.159730052826134488e+04
-5.032351698772337113e+04
4.553157525085325324e+04
-4.225697702749048403e+03
9.835853997194692056e+03
4.165102536467421305e+04
6.630052728771443071e+04
8.253889204977011832e+04
-8.877445867443011957e+04
-2.644380287321031210e+04
-1.470518525280370159e+04
7.103923210220613691e+04
-1.861537401101649448e+04
-9.438303485674459807e+03
1.199115666092780157e+04
5.666593588611436644e+03
-4.634470855403165478e+04
-9.053750271245626209e+04
-7.744648460372419504e+04
-1.302922344036256436e+04
-4.724638007882773672e+04
-4.790430582274714652e+03
1.645441389550005988e+04
6.209852527542001189e+04
9.656069628462840046e+04
-9.468889490674875560e+04
-3.074722681510112307e+04
-4.048584040907194139e+04
9.688062069267241168e+04
-4.019087981847190531e+04
-3.684435165252297156e+04
-6.654939908003159508e+04
-6.139568049898993195e+04
1.791754315512339963e+04
5.389438393030106818e+04
-6.094010674865347391e+04
-1.214907076944746223e+04
6.163736248675933894e+04
5.617681647439566586e+04
-1.218693148791228850e+04
-4.311560220516427216e+04
5.249883631622120447e+04
5.541285583547490205e+03
-2.952434216467132501e+04
-4.597833148331282246e+03
2.702150372382272508e+03
3.072184615976281566e+04
9.891554691535719030e+04
