-3.760697422348803229e+04
8.349912729730832507e+04
1.645154952919689822e+04
-7.059758385849160550e+04
-5.335223193914686271e+04
2.678305968162370118e+04
2.005970044351717661e+03
7.172472406441000930e+04
-3.251146401335371047e+04
-3.080376050665253570e+04
7.058090463279503456e+04
4.037152425124629372e+04
9.660361495114507852e+04
1.093186602554424826e+04
1.114170931130668941e+04
8.250624592519117869e+04
8.323585987380820734e+04
-6.247822001427163923e+04
-1.968293237954085635e+04
-3.809831856312562013e+04
-3.620588634581814404e+04
5.380690642123574071e+04
2.464391293697652145e+04
-2.156493249127703166e+04
4.422803991727634275e+04
7.131661934573366125e+03
-4.492272210098951473e+04
5.232769150068016461e+04
-2.951138281943228867e+04
-5.892490029756000877e+04
-8.277461447170453903e+04
4.310797939350508386e+04
-7.867961190708653885e+04
7.966189590508138645e+04
8.474473621464005555e+04
5.232238629522030533e+04
7.036580520004256687e+04
-5.921023215237307795e+02
4.266923002685263782e+04
2.838380250480238465e+04
4.809912081116747868e+04
7.314115945295726124e+04
-2.643039765284396708e+04
-3.589171428510030091e+04
-6.852162376464629779e+04
-6.402239849498138210e+04
1.492101642437869123e+04
4.575476314169265970e+04
2.666666562677077309e+03
-5.681433220016302948e+04
4.963952018103464070e+04
5.160169872454827419e+04
-4.292541796868113306e+04
-5.944391090630803228e+04
-2.923500330019507965e+04
-1.336771064762922833e+04
-2.940927288629692339e+04
2.147484210849229930e+04
-3.443304077691904968e+04
1.245338277581295188e+03
-6.023373507611588138e+04
-5.143963764146342146e+04
-4.320169741459265060e+04
2.639799937953771223e+04
1.960951171630216049e+04
-9.875142189555153891e+04
7.545380429495821591e+04
7.598666624494796270e+04
-1.169846090787334788e+03
7.942112170851111296e+04
2.469596514607972495e+04
4.889942723071976070e+04
5.109043896461522672e+04
-1.652233700816499913e+04
2.420774467732189078e+04
1.335531287032320142e+04
4.498740128284253296e+04
7.589417840329096362e+04
8.810169642532497528e+04
-4.425429583015727258e+04
-1.021576541675536305e+03
1.283267105244521554e+04
-8.200761428169079591e+04
2.481756555897389990e+04
5.756238784580751235e+04
-4.786806104689457243e+03
5.181505947680600002e+03
-1.736648181697781547e+04
8.063118914897930517e+04
3.149046574580096785e+04
9.760335298545168189e+04
-5.530295511284354143e+04
-9.555505981394687842e+04
-3.149247617209224700e+03
-8.206347744620707817e+04
4.219245441408886109e+04
-4.459903832150741800e+04
4.172834831870848575e+04
5.401288340353296371e+04
2.505502629496229201e+04
1.264576005195659718e+03
-6.759148801197983266e+04
-6.868511383883151575e+04
-8.378793459456543496e+04
6.214687768993746886e+02
2.701949826840331298e+04
9.303885743043193361e+04
9.785279373423423385e+04
-2.219664088276012626e+04
-7.693589439180366753e+04
-3.892478260495751601e+04
-5.656906650019460358e+04
9.766572948686541349e+04
-3.549118945367522247e+04
-2.342794212442572461e+04
4.955514754476687813e+04
5.424852240473387792e+04
5.989935811677308266e+03
-3.762530317808513792e+04
5.052043022702042799e+04
6.083760130655823741e+04
-6.839784448103133764e+04
-8.257367744298084290e+04
7.113684980907391582e+04
4.872813177873672976e+04
-7.632046261916913500e+04
1.974824548059335712e+03
1.774851996553997378e+04
-8.745372883373752120e+04
-3.158217435451401252e+04
-4.679577476454128191e+04
-7.206039288928195674e+03
6.162259067484494153e+04
-1.439808905613653405e+04
6.539565841046132118e+04
-5.999193420232152857e+04
7.578202387335461390e+04
6.323768200387436809e+04
7.587516903983215161e+04
-6.542797083196626045e+04
-5.155993032688867243e+04
-7.946805136584326101e+04
-9.710497400692454539e+04
6.206493314092430228e+04
2.470542962411504050e+04
9.036867863713967381e+04
-5.177414567006222205e+04
-2.640714307899693449e+04
8.420774268520333862e+03
3.944906177673644561e+04
-6.980288132801935717e+04
-9.537981011349042092e+03
-6.314715960445957899e+04
4.364014096755659557e+04
-8.991117113751166471e+03
6.571443752678918827e+04
3.246638637171204027e+04
-5.447337782253244222e+04
-2.898123381648811846e+04
7.270119122423755471e+04
9.320078598851847346e+03
-5.196894083076836978e+04
-9.842226944475169876e+04
-6.853836279092520999e+04
2.998728256946470719e+04
-2.439611146706081490e+04
-2.551369610257752356e+04
-3.317555185784951755e+04
8.840103948771173600e+04
3.225524033720996522e+04
2.309379927712170320e+04
-1.988137259581410035e+04
-8.745571866932755802e+04
7.647522428520635003e+04
9.933700930534217332e+04
3.101163674150449151e+04
-2.973873069515504903e+04
-5.415525370748701971e+04
3.195830593059437160e+04
3.928756356177043926e+04
7.814256554570359003e+04
-4.934581078926100599e+04
-7.041837806714170438e+04
-7.456612519131156660e+03
7.746122135547669313e+04
-1.797494462318341903e+04
-6.156503440549094375e+04
8.946113299580907551e+03
4.263384914998750173e+04
-4.345880235224743228e+04
-3.994273985800528317e+04
6.279619537631870480e+04
5.980082377192135755e+04
-8.429125643852919166e+04
3.238665459127519716e+04
-1.549411346367529768e+04
1.546482154804315360e+04
7.413449877211728563e+02
1.128125946282419318e+04
7.975091670402132422e+02
8.644496741720083810e+04
-2.716094321018713890e+04
4.203285280012810836e+04
-2.104683061094741424e+04
1.048026026224933776e+04
-5.981273942800817167e+04
7.690964850280988321e+04
-6.541090585186208045e+04
-3.210931130468962510e+04
-4.597114425577461225e+04
-7.022427465748862596e+04
-5.557897531768120098e+04
-7.617293173006548022e+04
1.894267453888896489e+04
8.262834705215744907e+04
-2.914775791034083522e+04
-4.114284273829515587e+04
-2.832906960686824459e+04
-7.949502596549855662e+04
8.729332890578133811e+04
-5.429058415784050885e+04
2.050895574025420137e+04
-3.888011236785684741e+04
-3.229421206670712127e+04
9.680090358262771042e+04
9.508343061109835617e+03
-4.764223700443939015e+04
-9.156156150616487139e+04
-7.831600279217465140e+04
-9.924837670180000714e+04
-6.075396066230942233e+04
-2.787993999946421536e+04
9.645849857872063876e+04
7.423034298542641045e+04
-1.541232719288549924e+04
8.083418631937124883e+04
-1.514376210093317241e+04
5.998662785525294021e+04
-1.397741888594004558e+04
6.860278493246231847e+03
-2.343165338064650496e+04
-8.694624933920866170e+04
-7.021575571560373646e+04
-2.087068850817378916e+04
-9.651949447238180437e+04
4.738730512878065929e+04
5.354361272366320918e+04
4.354317789455343882e+04
9.276647184394510987e+04
-6.153099816192965955e+04
-8.406660244094701193e+04
7.671217774396622553e+04
-6.464520337143281358e+04
5.917011146953246498e+04
4.399761761558752187e+04
-4.585993585819361033e+04
3.879232907761619572e+04
-2.869591756618636646e+04
8.563891196593389031e+04
8.675793026406386343e+04
8.596243808868448832e+04
-3.859899564779429784e+04
-7.132672048097194056e+04
8.769806379969656700e+04
9.307537748135068978e+04
