-2.861357268182032931e+04
-2.669466287398737404e+04
2.904069474353426631e+04
4.738544101964768925e+04
-6.565537487724208040e+04
7.777707317514730676e+04
3.263476754617641927e+04
4.813879619946992170e+04
-7.031418724946952352e+02
-3.542129862707617576e+04
9.927147536340821534e+04
-7.427299533259554300e+04
-3.872953863317315700e+04
3.331130346892384841e+04
-8.256391901145963857e+03
4.459783145018755749e+04
-8.368170009092465625e+04
-6.995709821155844838e+04
-8.294641370982266380e+04
-5.954410511441919516e+04
-6.559895687084649398e+04
2.804459457687311442e+04
-2.222080055623244334e+04
4.120483508561844246e+03
5.171113163628208713e+04
8.666486137218469230e+04
4.234730499675326428e+04
-2.384192868460497994e+04
-8.188539288368473353e+04
5.489962709785461630e+04
-2.278432040687775589e+04
-7.648530011961108539e+04
9.690536977311949886e+04
-1.405960651558678182e+04
9.223982501913608576e+04
8.586148962712881621e+04
-8.141115135274309432e+04
-6.570532632437374559e+04
9.016384770634371671e+04
9.100053694625775097e+04
-8.658840022147688433e+04
-6.847733735489232640e+04
5.894174048867401871e+04
8.097086750080878846e+04
-2.596492715098157714e+04
-7.559572155053303868e+04
4.900635703076379286e+04
1.073124932176875154e+04
-1.263727549511405596e+04
-9.943243249060252856e+04
2.651929670355086728e+03
-1.146136677182219319e+04
-2.814387675228918852e+03
1.646732636054019531e+04
8.113865081846644171e+04
4.944910975789413351e+04
6.106400765141346346e+04
-3.007781331623831647e+04
5.973253017401925899e+04
-4.849101960061206773e+04
-4.457364709040353046e+04
4.977965023294795537e+04
5.518182574959327030e+04
7.281686190271370288e+04
-6.901431077746201481e+04
7.948758914209910472e+03
-2.390910418057909919e+04
-4.152122326621433501e+01
5.564186029308992147e+04
-4.156097124866489139e+03
3.755489147016542120e+04
-3.695231236515177443e+04
1.711758853818572243e+04
4.777383834028236015e+04
2.786820674942789992e+04
7.089160548973202822e+04
5.967536315919308254e+04
-7.868861631004005903e+04
-7.686909158151935844e+04
-5.007883931113521248e+04
-9.356710400849932921e+04
5.332205424344300263e+04
4.114411560344653844e+04
6.076436101108221192e+04
8.718807724668066658e+04
-4.395963974614140170e+03
9.683591762936963642e+04
6.078740972299157147e+04
-3.299628325809102535e+04
-8.217420666976113353e+03
-9.276504983567294403e+03
-5.951868173104555171e+04
6.421566014688649011e+04
1.539166205316351807e+04
6.315814632383227581e+04
8.821076798803465499e+04
3.053009462955622075e+04
1.474946760978015118e+04
1.107857182953881602e+04
8.272526490188382741e+04
2.179601129464642509e+04
-1.343358498871667962e+03
6.913880726990284165e+04
-1.077372892191550091e+04
9.560839075582925580e+04
3.148852539864310893e+04
4.631040881466500286e+04
2.760262299504878683e+04
1.969045057337273829e+04
8.588835215381386661e+03
9.972357869929089793e+04
-5.789977439210675948e+04
1.745917502743500904e+01
7.471653372427089198e+04
-4.270712111534777796e+04
5.686978656394161953e+04
5.112643676693372254e+04
-5.517465952417373774e+04
9.352742625855767983e+04
3.495680870561330812e+04
1.392713832047069991e+04
2.176893208565160239e+04
-7.519606597070247517e+04
-6.270189286585793525e+03
7.939137955112211057e+04
-5.995153315326983284e+04
-6.504841792250925209e+04
-1.249197198437425686e+04
-7.170224975841374544e+04
9.766088361650050501e+04
-3.519562515631129145e+02
7.214076935578382108e+04
-1.472564328588455646e+04
6.284858237034440390e+04
5.680209646359155158e+04
-5.021649056599623873e+04
5.888642492033795133e+04
1.135199653720424249e+04
-6.649277759103817516e+03
7.587437159545447685e+03
-7.883833273872389691e+04
-4.387605769870484073e+04
-3.456362835478956549e+04
4.737027565185267304e+04
-1.172820258616221327e+04
4.067180447771852778e+04
4.464908318956608855e+04
-7.573438726966490503e+04
-5.254534048793782131e+04
-3.679671924365221639e+04
2.575229831873111834e+04
1.439479392603578708e+04
5.651144293842725892e+04
7.692979177480365615e+04
1.192165951353369928e+04
5.664900294826988102e+04
1.447055983353163720e+04
9.786227313660694927e+04
-6.410582780547606671e+04
-2.209935749544876671e+04
9.817778217446344206e+04
6.200906866700937826e+04
7.594829817851161351e+04
7.272905682666460052e+04
8.523947762105682341e+04
1.693364193314973818e+04
-8.051307368880907597e+04
2.116148508369898991e+04
-4.002972412885689118e+04
9.742067133843299234e+04
-8.168774949214176740e+04
-9.483754521543216470e+03
-6.985680731418213691e+04
9.274445180473511573e+04
5.026245402505796665e+04
-3.559377895810626069e+04
9.445120308525000291e+04
3.216522926021529202e+04
8.068792296468218410e+03
4.192888439009538706e+04
-3.078584575378600130e+04
8.822365128012483183e+04
-2.019984689933446498e+04
-2.877794837468496189e+04
1.610457388745522076e+04
7.934614184156911506e+03
3.797409022004191502e+04
-2.486595879725717896e+04
7.087395529365843458e+02
-9.410910178257305233e+04
-5.123312349623022601e+04
-1.887031813165954645e+03
-4.427709703722761333e+04
7.606226888847023656e+04
5.010521667132252333e+04
-4.616849382045830907e+02
-4.496774893726597656e+04
-3.925246135366922681e+04
-4.356680007641822885e+04
9.807783656326595519e+04
-9.684399285739636980e+02
2.280342927288254941e+04
9.499675494783831527e+04
-4.816476342019531148e+04
3.433108475075789465e+04
-3.784138936247869424e+04
-1.088199553786684373e+04
6.991834936484985519e+04
2.063140862103580730e+04
-2.997292131637760031e+04
7.462435013919207267e+04
-6.821237909874842444e+04
6.031632527569993545e+04
4.176960718244485906e+04
-5.100952496883697313e+04
-5.115541919021384092e+04
8.036575655111661763e+04
6.926118499366816832e+04
7.506009093774743087e+04
-8.771126008238269424e+04
-7.045228805791994091e+04
7.843511534358334029e+04
5.052668656376336003e+04
5.656986880466302682e+04
3.647897982776053686e+04
-8.034848488775490841e+04
4.653120167175780807e+03
2.537663770339067923e+03
2.044133208512754572e+04
-2.819793110564899325e+04
6.694998192424951412e+04
-5.206184822506335331e+04
-3.727003351457590907e+04
9.701532775694737438e+02
5.446282579558032739e+04
4.543765471005707514e+04
1.447956373428046209e+04
6.242700426779783447e+04
-5.852656583382037206e+04
5.668555604044372012e+04
-5.735279239441932441e+04
-1.621707664691516948e+04
7.380410492109076586e+04
9.138132520815095631e+04
9.363303143237961922e+04
-9.857531088680085668e+04
-2.378482978223410828e+04
1.068111095354869576e+04
-5.648017498439778137e+04
-4.509046134870347487e+03
-2.946158329092696295e+04
-1.205309936425481283e+03
2.626304858288243850e+04
8.920332047904634237e+03
9.747189522413408849e+04
-7.207539011554719764e+04
-9.417226504107398796e+04
8.075018084259767784e+04
8.653518888405470352e+04
9.509060529819027579e+03
-4.215626432390955415e+03
8.234547590159474930e+04
5.600597801072248694e+04
9.741920950505725341e+04
8.573378728178072197e+04
