-1.570715857254419701e-01
-2.481612712502017093e-01
-1.927150664973608651e-01
2.687948241011058892e-01
-4.098466447661540391e-02
6.254354262357930683e-02
-9.406089023010635874e-02
-1.182631535969726061e-01
-1.605636666925586153e-01
1.625581911100171251e-01
1.752877563242102588e-01
1.596649266708632595e-02
3.297206507970582012e-01
-2.317669275900596237e-01
1.461188266662668545e-01
3.712861073543701762e-01
-1.996301600464569503e-01
-2.360582221446462514e-02
6.278831051656878770e-02
-3.114657671135489525e-01
6.967447305621526921e-02
2.041872732586280936e-01
3.456181966864766419e-01
2.224263982118047378e-01
5.996008919421690411e-03
1.257313552552828673e-02
2.029236581062358602e-01
4.066244981064666697e-01
-2.850011035600368281e-01
7.637895719913133374e-02
-1.144007750525413702e-01
-2.359286956923509759e-01
-2.267973774527290431e-01
-3.572852922033884493e-01
1.648098443000144964e-01
3.691905576098233888e-01
1.306009967207401590e-01
8.146272293021716848e-02
-2.047564866643330761e-01
2.353414807305490575e-01
-1.098859616222011906e-02
-2.912124001220053882e-01
-7.931502650575501800e-02
5.419575678036332445e-01
-8.342907046855199682e-02
1.999147781043981165e-01
-5.874942123475217215e-02
-1.850571693261139627e-02
7.422352225092604394e-03
-2.811151726409002460e-01
2.896004992651431964e-01
-2.784611640763086648e-01
-7.845353924937858991e-02
1.085760114862664855e-01
-9.732221051522471633e-02
-3.322335215950485976e-01
-1.385626123272772348e-01
9.056255247569328093e-02
-1.551218217263899968e-02
-1.778051765365538106e-01
6.411555584041650491e-02
-9.661461782355418304e-02
8.974150082995874245e-03
-5.346096411518887204e-02
4.061196338120245386e-01
6.569801594892341057e-02
-1.192864558983085244e-01
8.969504457661799102e-02
-4.178613936624497871e-03
-2.000227598511024052e-01
-3.033408590168273911e-01
-7.352329043678590415e-02
-1.430717324677863445e-01
-5.450372341065159998e-02
6.884068669368670346e-02
-7.021595208623883366e-02
2.229967454369679303e-01
-1.770972788332403070e-01
-1.397598360020203476e-02
1.279492757432663941e-02
-1.421833660626243556e-01
-8.677239534819741751e-02
-1.746753911621257704e-01
2.549406383429293071e-02
9.688426046718755236e-02
-3.107490337107177703e-01
-3.234969812035373149e-01
9.734461609155529993e-02
-1.342954280588128935e-01
-8.140354281114764445e-02
-7.761615615084964392e-02
-1.730564045243909721e-01
-1.342846352699041956e-01
2.413436336957539008e-01
-1.469589501416243560e-01
6.105097722440285812e-01
-9.531706812439211252e-02
2.978082867493708763e-01
2.902880153196660262e-01
6.943137940431497179e-02
-2.549289330769056727e-01
-2.046284274638305589e-01
9.139799774822952860e-03
7.552468030106047892e-02
2.147834607068264123e-01
-2.045657001933948449e-01
-2.185555220170903312e-01
4.057364228839080988e-01
-1.341596109839505169e-01
-2.745227953058808623e-01
9.183032435693720685e-02
1.962139761236028068e-01
-2.625235132527271864e-02
-1.363758183775429234e-01
1.123877242997620152e-02
8.521606462697600692e-02
-3.423003765913021912e-01
-4.872514756472381969e-02
1.183690850720625770e-01
-2.606889618263403818e-01
1.364496851128203514e-01
3.823682877761955257e-02
-1.666786483722886847e-01
-3.969974390076211335e-02
1.164186751101170397e-01
-3.129726331030713848e-01
-1.238698079890571957e-01
9.334065642204410207e-02
2.098593727158970523e-01
-1.167836413741747126e-01
-1.029269793530805943e-01
4.691514214343524281e-02
-5.600661122242063250e-01
-5.219740986505411184e-02
-3.353238676922873363e-02
2.491358588574507649e-03
-3.170374483120925735e-01
-3.582045582565655528e-01
1.822379031758124268e-02
1.390068650804184847e-01
3.503898494197586755e-02
5.979653020207312819e-01
7.939095216740016392e-02
-2.958420363554932209e-01
3.659301136688134504e-01
-1.265730093978768844e-01
-4.023747796647293984e-01
2.561147765225401662e-01
9.620132161970723628e-02
-1.533920966294635702e-05
4.698784759168782021e-01
-1.066193245313913213e-01
-6.109287620539519681e-01
-3.417561544590598799e-01
1.019744022843571407e-01
-3.651953221069179772e-02
-1.747027469957597168e-01
2.621301279025777253e-01
-2.053467997526084998e-01
-3.338900026640911206e-02
1.184988482741716059e-01
-2.512741357908640505e-01
-1.948003876336324158e-01
-1.782929933909001841e-01
1.959898701653709219e-01
-1.696817558724912911e-01
3.433238941790583976e-01
-3.688306573029149216e-01
-3.093041249531725545e-01
-3.093441473467026248e-01
-2.117377132424125286e-01
-3.445417241135769748e-01
1.688093019488793034e-01
-1.362735502035403723e-01
3.966948396073953498e-02
3.886808724607702104e-01
8.191186621234083920e-02
2.594715745263136975e-01
5.671129580086580607e-02
7.670656549547266723e-02
-1.569373567221763466e-01
3.087221863213128192e-01
-1.359166418461562609e-01
-2.704242613270527174e-01
-1.298590751865381365e-01
1.593757192099376774e-01
2.081979125549418552e-01
1.997604368673465414e-02
5.818585841487249055e-02
8.524277869691285203e-02
3.374574469860965875e-01
-1.382905612110256199e-01
-2.028843204962688662e-01
3.446817752965606885e-01
2.438691644694478688e-01
-3.899883924625922593e-01
2.315452231227234647e-01
-2.448871116780871604e-01
6.117804690868035300e-02
-5.173825829160573209e-01
-2.201280031951933502e-01
-1.129447746091324090e-01
-1.302387824679701600e-02
-2.599559140591780615e-01
-1.902262532561805886e-01
-2.435667356782623971e-01
4.967969638919214614e-02
-1.615579614707561562e-01
2.920711479397851695e-01
3.731933922254928038e-01
-2.637279228552156241e-01
-1.131825210847170471e-02
3.785822603672465148e-01
-1.327459308301807694e-01
7.578902995154387923e-02
-2.143864242705886547e-01
-3.032948478873955245e-01
2.860084838329790546e-01
3.063600453516419075e-01
-4.136017305768485697e-03
-2.308298606922551399e-01
2.939697962318705421e-02
2.236945820352995440e-01
-2.288994900948443378e-01
-1.789999424569770764e-02
3.568197559030195087e-01
-2.824563689755137941e-01
-5.010178642134119342e-02
-3.392114134506454826e-02
-4.139442551051293606e-02
-2.410389744080749241e-01
-5.580447467021946301e-02
2.548642253514850076e-01
1.253758355063576135e-01
-3.147089790796495090e-01
-2.218785980150100312e-01
-9.430976953896082204e-02
4.754113596333996439e-01
6.722333448203821060e-01
-1.491173229366464237e-01
-2.571193338538349527e-01
3.028657405178376005e-01
3.638395385709359275e-01
-1.814137623752494766e-01
5.097560587012581745e-01
2.653179953256214474e-01
-3.600492079025164882e-01
5.679713173775629426e-02
2.405160112857337718e-01
1.660368897447906666e-01
2.050724145648097074e-01
-3.137919417396046740e-01
-3.938126930608470966e-02
-4.458982150064151606e-02
-1.749744862392641487e-01
1.098466371022388394e-01
-1.733347865721036052e-01
-2.616312412960474787e-01
1.814135429348812389e-01
-1.526203218614114454e-01
-3.343400782737400156e-01
2.058384807409347761e-01
7.134039234005207231e-02
2.073279535596671552e-01
2.353774332898306010e-01
