9.217689384951062675e+04
7.630939980852713052e+04
3.854774476750307076e+04
-1.046660009530265961e+04
4.185212209711575997e+04
6.510573269958906167e+03
7.668621961473329975e+03
6.411212825093522406e+04
4.130481756228040467e+03
8.310283667841791612e+03
3.257700470367840353e+03
-6.187182392997632269e+04
-4.421791017009653297e+04
-3.447308504073332006e+04
-8.102240423844903125e+04
-5.893408280937460222e+04
-2.321203565542773867e+04
-8.696678268670725811e+04
1.749727893830398170e+04
6.068919285600201874e+03
6.411330139741759922e+04
8.799101881017503911e+04
-4.662452809346662980e+04
-7.157823713081426104e+04
5.472047262243242585e+04
4.932372965975813713e+04
-5.783437984667709679e+04
-5.577849063672878401e+04
4.363759382522923988e+04
-6.540635563604875642e+03
1.327791129292429468e+04
7.803099911474051623e+03
-6.072714458932703565e+04
8.552717950504634064e+04
-1.459831575758006011e+03
-6.547125375389424153e+04
-2.252338701582804424e+04
4.383098009909385291e+04
-8.790835300878554699e+04
5.262907061013894418e+04
2.657833245819905278e+04
-4.275999015799344488e+04
-5.318105900198315794e+04
-2.379396331950040621e+04
7.405784874950522499e+04
-6.522998978138063831e+04
-5.864804299137595081e+04
-1.244300621415282694e+04
-3.528175002379803482e+04
6.808437976642929425e+04
-3.620326711560002150e+04
4.493531266560595395e+04
-5.164639555425717845e+04
-5.619440235956993092e+03
3.694237009252015559e+04
6.164020309243886732e+04
-2.140717776459987363e+04
-3.202338201982792452e+04
9.151387360441327473e+03
-4.994989628581906436e+04
7.170572168987600890e+04
4.454885058476318954e+04
4.244399185861864680e+04
-4.332364179185656212e+03
-4.749442106127952138e+04
-4.639159622051277256e+04
5.866820590639008151e+04
-6.522247954279366240e+04
-2.107115027978925718e+04
-5.671539202075708454e+04
5.902777221345324506e+04
-5.817074486698091641e+04
4.968484060603218495e+03
3.171945128354650296e+04
7.561162302834429283e+03
1.828926781972221943e+04
4.958593593938646518e+04
-3.339186849946442089e+04
3.836411596955738059e+04
3.833128676513415121e+04
8.075962010297689631e+03
6.276614375044430199e+04
3.419712895395006399e+03
-5.720771184559413814e+04
4.855465762727995025e+04
4.021088409842595138e+04
4.594025258515239693e+04
-1.225813275985841210e+04
5.993038080728288332e+04
-1.590073361373703483e+04
-8.769737851671098906e+04
-7.320454217302781763e+04
-8.699695203428225068e+04
3.739235475674162444e+04
8.308313849279748683e+04
-8.972109619330277201e+04
5.707258587619775790e+04
1.883499395673585605e+04
2.341001195168577760e+04
6.680902567158287275e+04
8.126556609561185178e+04
-8.152674440327301272e+04
4.422674466176076749e+03
-1.240790878745345981e+04
-3.995937397401830822e+04
5.964960146331397118e+04
2.747793724529289102e+04
4.690309888866004621e+04
-5.930448222853013249e+03
-1.270289146701090795e+04
6.105342615260326420e+04
7.982296426412030996e+04
-9.233277235859500070e+04
-7.437606726860672643e+04
-6.911789382329153887e+04
-5.036355155350483255e+04
9.342043979283965018e+04
-4.001377874316168891e+04
-5.267959529969551659e+04
-6.639940580051948018e+03
-7.148230848397663067e+03
1.111278982491514944e+04
2.087692248013359495e+04
8.001592641388320772e+03
4.378679516763367428e+04
-6.889207992304359504e+04
1.405382509870012882e+03
-6.401738475570857554e+04
2.794790299225062699e+04
6.382160820430121385e+04
3.109946650975844750e+04
-2.308834533460249440e+04
-3.124132994392072578e+04
-1.814306160293194989e+04
-1.536596399587825545e+04
-1.001214808875492963e+04
5.866941628971823229e+04
-7.415486567008795100e+04
-7.684077989667330985e+04
6.148024436374285870e+04
1.539200525929911419e+04
-9.259331751596872346e+04
1.870317080733340481e+04
-2.324631160194982294e+04
3.930869644436005910e+04
-2.606861546206413914e+04
-2.416790985209131395e+04
-7.591655849907934316e+04
-3.802904872008440725e+04
-4.859917676050407317e+04
-7.008743024261604296e+04
-5.459319270443304413e+04
-6.602963545869620248e+03
-2.569596315774436152e+04
4.815798711891786661e+04
-5.850219811758393917e+04
6.040269687134505511e+04
6.188766859691736499e+03
-5.950054834986482456e+04
2.316578952243074673e+04
9.422697150005813455e+04
1.135040854613089505e+04
-2.554112547853377328e+04
-4.529643416632059234e+04
-4.058661619496391359e+04
-1.395294202861096346e+04
-2.614451782868327427e+04
-4.607117281666783697e+02
-3.303070972307768534e+04
-9.504484137108669529e+03
-2.722130261071211862e+04
-7.043626836442906642e+04
-3.559235843296966050e+04
-7.005187094201147556e+04
-2.442113473562089348e+04
1.477854742443801479e+04
-2.033205194641461640e+04
3.203273826709538116e+04
3.830758094536479803e+03
3.955316284599954815e+04
-1.379791303781095166e+03
-2.871572400183416107e+02
4.729821728826977051e+04
5.264274491204017977e+04
3.067505768267423991e+04
7.968457868076117302e+04
-4.695626320985744678e+04
5.201602403881576174e+04
-3.104059587608849688e+04
-6.764037687387880578e+04
6.687372588656765583e+04
3.868281741095918551e+04
8.431064205252380634e+04
-1.496629965301924130e+04
-2.022599978859840485e+04
5.357388364012512284e+03
6.347534066538359184e+04
-1.448220844365319135e+04
-5.706893099923570844e+04
7.608520035812385322e+04
2.084962997653475031e+04
-8.333428949376220407e+04
-7.755655135782806610e+04
-4.906142882147093769e+04
7.253613466434634756e+04
-1.321574930949444752e+04
-1.315672917733753275e+04
2.815947950458034029e+04
-7.617208851434590179e+04
4.780841670077171148e+04
-5.582643723157024215e+04
-4.180931335645567015e+04
-4.568063039096082503e+04
5.898812487543823227e+04
-4.391239025084370223e+04
-2.479148067204050676e+03
4.742429409120980563e+04
-6.868615485588513548e+04
-5.580639647107154451e+04
6.088127601366226008e+04
-5.005191017546777584e+04
-8.377208940512019035e+04
6.374701675491540664e+04
4.296668248726261663e+04
7.237461193378464668e+04
-2.163482440106294234e+03
-6.788879319019043760e+04
-3.805382175677653868e+04
6.816970100598748832e+04
2.868542623850165910e+03
-7.364774375046910427e+04
-1.082203172287227608e+04
5.680700731571065262e+04
-4.592315877835420542e+04
-6.443258175087976997e+04
4.765826135968869494e+04
-1.614348889145682188e+04
-4.849235985035791964e+04
5.401418368636145897e+04
-3.798360043793486693e+04
7.197718274539796403e+04
7.096179655777910375e+04
2.203366172253215336e+04
-3.773590607716733211e+04
-4.796154416601193225e+04
2.844757699925620545e+04
4.079352836767108965e+04
-2.485897423538704606e+04
7.442561423071169702e+04
-1.032200804381278613e+04
-6.156441801945863699e+04
-5.238426620688974799e+04
2.686743726870557111e+03
5.085915409374220326e+04
-1.208800343594017795e+04
4.680183566017627163e+04
-1.556181031264691228e+04
-7.584652936292368395e+04
3.754249158976057515e+04
-1.855522466395896845e+04
-5.873663161248467077e+04
-2.389849412300131735e+04
-7.669061588982127432e+04
-3.748415278425018187e+04
-8.657310832752476563e+04
