-7.445406807461089920e+04
7.444047788517811568e+04
-6.945324106571327138e+04
-7.229978007857115881e+04
-6.757533542688934540e+04
4.292231341227834491e+03
-7.457444306499711820e+04
-4.952159223906210536e+04
9.097429646550619509e+04
8.100072493952469085e+04
-4.889269199233141262e+04
2.451450103605258391e+03
-4.471592838119115186e+03
-4.057500791628297884e+04
5.051589623838320404e+04
-2.737495908764319665e+03
8.395481921716131910e+04
-9.279110700964483840e+03
-3.756116531120917352e+04
-7.328374661337744328e+03
2.391617716079034653e+04
6.323086415874520026e+04
-2.476312106398394462e+04
-4.173512366834578279e+04
-8.440777459899359383e+04
2.882224509988861973e+04
1.061847103363168753e+04
2.806781794471004469e+04
6.971793407893528638e+04
-6.133446007940045092e+04
8.037481929707722156e+04
-8.301695724335849809e+04
4.768166364987727866e+04
-5.200753422498803411e+04
-5.596567690302198025e+04
6.836946523243802949e+04
-9.000328807071917981e+04
2.024559924903793217e+04
4.801271592260634498e+04
1.978514379579418164e+04
-3.430107880847532215e+04
5.645997445353993680e+04
-6.800732236121447932e+04
4.470266947131140478e+04
5.579389883799997915e+04
-5.488696799614332122e+04
7.493311050052818246e+03
-3.924381893512880924e+04
-7.608170033199437603e+04
5.829112527199942269e+04
-8.496766802145260954e+03
7.628562255115355947e+04
-2.293638554053962798e+04
-7.231312685700782458e+04
-9.720948806938843336e+04
3.941886523768706684e+04
-1.986347736553597861e+04
4.665064704263068415e+04
-2.933377038259553956e+04
-4.469164552516070398e+04
-4.864869361609758926e+04
-8.383022100853442680e+03
-8.390268379369092872e+04
-7.529746826944430359e+04
1.162587060032664522e+04
5.296094373999690288e+04
-5.993080174309292488e+04
-2.372654608371924405e+04
8.195565876428855699e+04
-5.389753206367211533e+04
-4.388739070968428859e+04
2.947944833867726265e+04
-4.471027115459999914e+04
1.894518910956172840e+04
-9.423534576558094705e+04
-6.990809540907607698e+03
7.169549571322787415e+03
-2.165343828744084749e+04
7.805266054591182910e+04
4.550944684548518126e+03
6.036640920949353131e+03
1.533896158715428464e+04
8.847768851224282116e+04
-1.079684460723662414e+04
-8.278182548656368454e+04
4.682262663233225612e+04
-3.119828900859236455e+04
-7.964407242943957681e+04
7.544209258938442508e+04
-2.530597830553536551e+04
-7.740081716604347457e+04
9.061667150401719846e+04
-6.274926992828689981e+04
6.972296591179177631e+04
7.702168195703208039e+04
7.448481400890727855e+03
2.706754588474236516e+04
5.017995698865797749e+03
7.718814532038544712e+04
4.446345720669581351e+04
8.906993443853632198e+04
1.059633009350490511e+03
-7.912374693434516666e+04
5.618691338088642624e+03
-1.676772940249832391e+04
-8.407754385800095042e+04
-4.856958713085878117e+04
-7.582810318860964617e+04
-6.148462870665938681e+04
-9.478050341779131850e+04
9.319923096561899001e+04
-5.823389320327733731e+04
7.789989480804806226e+04
-7.849515773745722254e+04
-3.970400360461141827e+04
-5.432972890671608184e+04
-8.415562762768031098e+04
-6.776419340629981889e+04
-8.481419920583008206e+04
-2.670191546876380380e+04
-4.047825979470610037e+04
-8.901438110490368854e+04
4.330010215567609703e+04
3.053887965278582487e+04
-7.658975780869679875e+04
7.969167696680156951e+03
-8.308702687056233117e+04
6.500648024800333951e+04
-3.479049286521722388e+04
-5.397749771580625384e+04
-6.528984056417252577e+04
9.069082779286687582e+03
-2.646573519994542221e+04
5.355762775763635000e+04
-9.205891953138192184e+04
3.047641132937142538e+04
9.449773832355451304e+04
-1.569238498987599633e+04
-7.769134883724586689e+04
-4.383130224688636372e+04
5.659227608599515952e+04
-5.055503796525807411e+04
-1.966210462413140704e+04
1.685790119845282970e+04
-7.544202384238729428e+04
6.999962141538500146e+04
-6.780402949735676521e+04
-9.034879766736834426e+04
-6.861191284508923127e+04
-5.174209470959522150e+04
3.028015277594041982e+04
-1.073144751098037159e+04
1.239224389258096562e+04
7.638153916032772395e+04
3.415099874014320085e+04
-4.089997905726420868e+04
1.768607213188363676e+04
-3.151469841920832187e+04
-4.816886166845497064e+04
-4.951261715685669333e+04
-9.415350431879602183e+03
5.014599046194336552e+03
-6.209208210119202704e+04
-4.174377366351200908e+04
8.069160184531676350e+03
7.362482136648030428e+04
8.429524967307804036e+04
8.693059090791326889e+04
4.460574869225565635e+04
3.806601817955564911e+04
-8.759017227564363566e+04
4.410589511851962015e+04
-3.023565509520009800e+04
-6.884863510472723647e+03
6.023313731727483173e+03
-4.200891558815423195e+04
-4.578376563614671613e+04
-6.562571212272318371e+04
4.595564827471385797e+04
-6.989314632636200986e+04
4.298314372537386953e+04
-8.367691441734472755e+04
-4.927986159599373059e+04
-4.490510910882241296e+04
-5.404055733855542348e+04
4.834711413864463975e+04
7.900120426127249084e+04
-8.092537031584956276e+04
-6.444189312001607323e+04
2.185922075028122345e+04
-3.914431887648590782e+04
2.919865605933519419e+03
-2.066932268173866032e+04
-2.589827985865437222e+04
5.149725346854169038e+04
-7.637155598560873477e+04
1.449263412115866595e+04
-9.598261083130235420e+03
7.302855307381603052e+04
-6.708200324769217696e+04
7.744746360088860092e+04
6.436576628675006214e+04
-7.852424057196566719e+04
-4.039002157701973920e+04
-7.354156769692903617e+04
-8.661208467047630984e+04
7.802142676897233468e+04
-6.253516797806828254e+04
-4.296805740937849623e+04
5.913312109860148485e+04
-6.883189931763618370e+04
-3.861869630652858177e+04
1.820115241349266944e+04
-5.351383834153070347e+04
1.972314122968217634e+04
-9.430458055513606814e+04
-3.107901274749372897e+04
6.836228717201130348e+04
-8.020852243283644202e+04
-3.635196296318213172e+03
-2.350976086185790700e+04
-7.709500333135976689e+03
6.474898980463782209e+04
7.552467675482707273e+04
-2.824906738356013375e+04
2.416024501400758891e+04
4.647624194029835780e+04
4.018039839369363472e+04
3.530616507608283428e+04
6.896192644085832399e+03
-4.205339359829303248e+03
-7.679519094428559583e+03
-4.826846362473289446e+03
3.242243000947133260e+04
2.542853673931655521e+03
-8.065789034550084034e+04
9.576231302994760335e+04
-7.094769473596641910e+04
-4.172531662738546584e+04
7.422298475069832057e+04
9.206569785219979167e+03
-6.088315609498412960e+04
-7.626160322059657483e+04
-8.387006956159733818e+04
2.897261544366878661e+04
1.987021249459752653e+04
-7.839950531783234328e+04
-7.841464492148863792e+04
6.937782061124262691e+04
8.464575570010162483e+04
1.604891296290252649e+04
-8.216800748018258309e+04
9.055232180828976561e+04
-3.084433178597381993e+04
2.754300542380038314e+04
8.023315837579160871e+04
5.862834033213881776e+04
2.413696895477834914e+04
1.330632126288638392e+04
7.529201335866404406e+03
-8.064759048735184479e+04
-7.323714950463641799e+03
3.831914790316716244e+04
-9.599216524590288464e+04
-1.940290807169764230e+04
