-2.201871181829882335e+04
8.602867623423060286e+04
4.886037419546089950e+04
6.212600270126612304e+04
-8.637536183318930853e+04
2.389424549588322770e+04
-7.101647945447581878e+04
6.617727927941973030e+04
-8.854834304160547617e+04
-7.563391119731189974e+04
1.846679206283375606e+04
4.341250073889512714e+04
-6.280607092701868532e+04
-7.307631451510859188e+04
9.239209293560851074e+04
5.725768581435415399e+03
6.776045206878031604e+04
3.800921747863595374e+04
2.252845826483311612e+04
4.439601079459585162e+04
-4.289567394720127049e+04
-5.056180906249467080e+04
-3.376702367212033278e+04
8.135260010520122887e+04
2.507777219739979409e+04
8.103260035243100720e+04
-7.941030421767936787e+04
-6.941201833600399550e+04
-6.192113737006615702e+04
1.208260712393973336e+04
2.688631466481733514e+04
2.563172029639653556e+04
4.857592993903549359e+04
9.693463586580795891e+03
-3.413229377333815501e+04
1.971975955632839032e+04
-7.741656802376919950e+04
8.289553561560518574e+04
-5.385729064543062850e+04
-1.124807542923956316e+04
-2.230599632567971639e+04
-4.591028804479789687e+04
2.359615982623280433e+04
-2.203236330055411236e+04
-3.039375928505846241e+04
-2.052246046540341558e+04
-2.816014807751300032e+04
-1.669658003109020865e+04
-8.001012219228356844e+04
-3.089518033112595276e+03
3.257242335915719741e+04
-5.040657499805220141e+04
2.067900669678293707e+04
7.422640307621237298e+04
1.039711303243127622e+04
6.508017737122811377e+04
-4.520078363818229263e+04
7.106079225958909956e+04
2.916016914639069000e+04
-2.148596622500373996e+04
-4.497371402599169232e+04
3.952076784729568317e+04
5.921244330416445155e+04
8.458574928389940760e+04
-7.217703798185575579e+04
4.390095394870257587e+04
-5.490120111140358495e+04
4.060206318315775570e+04
5.857304595076730766e+04
-3.055834605909190577e+04
-1.608345150503352488e+04
-2.692090072713026166e+04
-6.143035290453220114e+03
-8.120026818959730736e+04
-1.476788810839849975e+04
-6.010938140819257387e+04
-5.657270329465845134e+04
-6.857278299493875238e+04
3.887329635510916887e+03
2.665841312464087605e+04
9.605993954755381856e+04
-6.047985159146651858e+04
7.138107942791118694e+04
-7.497122833775508298e+03
-1.456204468641433959e+04
3.297434128707765922e+04
8.346708651288032706e+04
7.118399405439027987e+02
8.063162677921941213e+04
5.319245066004808177e+04
9.256506141228215711e+03
-3.767133299906519096e+04
-7.938876905350515153e+04
4.510722010757328462e+03
2.447743982009444517e+04
4.864655327727457188e+04
5.474623139023382100e+04
-4.981911100505998184e+04
3.711239152800352895e+04
-1.519021119556375015e+04
5.169925349837623071e+04
-3.071557128881317112e+04
-3.191355742373218527e+04
2.295519631945178480e+04
-6.997995470590158948e+04
-1.997823041154042585e+04
-1.632614227212385049e+04
-6.970925199001429428e+04
-1.934855718467489714e+04
3.667711125426171930e+04
-7.423631241619891080e+04
4.699504568172612198e+04
-3.315633974436539575e+04
-4.322185721798014129e+04
7.097097812142188195e+04
-8.545106367998199130e+04
-3.621691105779359350e+04
-8.850060419481112331e+04
-7.894240845825380529e+04
-7.044675295604989515e+04
-3.741528558243485168e+04
1.575163948717100766e+03
-6.726253598702803629e+02
-8.620699283729432500e+04
5.463969070017939521e+04
6.735136191267076356e+04
-6.500718013951332978e+03
2.673116221670028244e+04
2.814943118009598038e+04
1.700274931307895486e+03
-8.743767740501521621e+04
-4.974832375021174812e+04
1.417997382614399839e+03
4.401669742073710222e+04
1.811099423454095086e+04
6.804831728072882106e+04
-7.096375582823975128e+04
5.085072954348603525e+04
-7.836654364560269460e+04
-1.785855502988920853e+04
8.169632851631665835e+04
1.491415841595714119e+04
1.005348733332909615e+04
3.305625031413367105e+04
9.199943764706092770e+04
-2.086468062881153310e+04
-7.821498590680556663e+04
1.865512256420899212e+04
-7.568865941985820245e+04
8.742784121668827720e+04
-5.951756872212896269e+04
-5.363090473907738487e+04
4.793211788593954225e+03
-7.549620921871786413e+04
-2.741666155047895882e+04
-7.732384902069518284e+04
-2.113394008798872892e+04
-4.588610083964993464e+03
1.492638216807649223e+04
-3.216905941388200517e+04
-9.059773259197143489e+04
4.586611271566081268e+04
-7.797533667815738227e+03
8.799576862719039491e+04
9.278700507459958317e+03
7.559892271103315579e+04
4.073989012056042702e+04
7.170662582314394240e+04
1.697082129077493619e+03
-2.298645766103891947e+04
8.504642577816492121e+04
1.574291744042398750e+04
1.805119441636637566e+04
4.398380935636350478e+04
2.398579331726193777e+04
5.919567801024009532e+04
6.457576314037361954e+03
3.497942882209757954e+04
-1.265900167195926770e+04
8.984799379658397811e+04
-6.422051127450568310e+04
-1.250243815147317036e+04
7.424492721044925565e+04
6.559579066248788149e+04
8.005645325017915457e+04
-2.790972920729684847e+04
6.123713420983174728e+04
7.113537765769759426e+04
-6.454650037433044781e+04
1.197685906613635234e+04
5.292585511217556632e+04
-1.530806154120604560e+03
-7.023107962327027053e+04
7.625556870011919818e+04
-3.724678120556138310e+04
-6.740579508065768459e+04
-5.722374244138105860e+04
6.058074635091301025e+04
-1.627373248149405481e+04
-2.415732137842722659e+04
-5.001572700854887808e+04
1.360783768108178629e+04
-7.485444544868804223e+04
6.185466739035351202e+04
2.710492545403686745e+04
-6.297487966550809506e+04
8.582120426198885252e+04
-6.351361279146254674e+04
-4.535034462001610518e+04
7.918559012504169368e+04
-5.375126321824609477e+04
7.334120036324641842e+04
8.039937472224819066e+04
-1.453588874446770023e+04
-7.726128144004009664e+04
-2.569382496831120807e+04
2.120932602352857066e+04
1.932868209637477412e+04
7.596199563887585828e+04
-7.716403338051530591e+04
1.975958166184183210e+04
2.177840330378478757e+04
-7.012877527979867591e+04
4.780023018800593491e+03
1.917003535547241336e+04
-3.197932044683399363e+04
-2.691306967433509271e+03
1.844905846532512078e+04
3.616375476324515148e+03
-4.555551974932668963e+04
8.322325996959750773e+04
-1.463099419249077619e+04
1.417607894130497152e+04
4.632393179798399797e+04
9.038021853458174519e+03
4.759790729572624514e+03
5.677614851049686877e+03
-6.643559949621654232e+04
5.098008735811759107e+04
5.747334264056813845e+04
2.220341410563584577e+04
8.038682653210373246e+04
6.362508024364443554e+04
-3.163407484431346893e+04
-5.671756480088010721e+04
-1.676708527619151209e+04
5.671705949821860850e+04
3.517597843343934073e+04
7.371835475408026468e+03
-5.534896207384052832e+04
-1.640955161423074605e+04
8.773668511737664812e+04
6.147984722301497095e+04
4.832371430522485753e+04
7.925153333028680936e+04
-8.370498135448562971e+04
7.916826165687423781e+04
-4.940682142176655907e+04
4.141850421727354114e+04
-6.111263862034991325e+04
-8.455698293501936132e+04
1.860901228522030578e+04
8.673392494748230092e+04
2.745082323298027040e+04
6.081239156988949981e+04
