-1.603523196918702706e+04
-5.287334051889095463e+03
4.393394985501738847e+04
6.456635468037512510e+03
5.504547906727767986e+04
6.309692172165628290e+04
-1.170729945095102084e+04
1.504785568924238760e+04
-6.827706742494912760e+04
-7.459447733123278886e+04
-2.733683440561106545e+04
2.931703752233803243e+04
2.918850897919934505e+04
-7.327399588887008576e+03
2.853610986667191537e+04
5.815983131844183663e+04
-4.923156479553539975e+04
-3.331197542872334452e+04
6.034089772948511381e+04
-7.226676512069661112e+04
-5.603834114726110420e+04
5.727466937133297324e+04
4.765400550978556566e+04
-2.671985393853111873e+03
-6.621046091543410148e+04
4.335228597604086099e+04
1.950095854010669427e+04
7.855842197852784011e+04
6.303367004648851434e+04
5.182071605666502728e+04
-7.160902196871003252e+04
9.984299053709351938e+03
1.198236777958429911e+03
-7.194069483500185015e+03
3.087482723288251145e+04
4.014334492259104445e+04
1.741403484705250230e+04
-2.773745882068444553e+04
6.537584764019677823e+04
-5.814014350895807729e+04
-2.162945278436865192e+04
-1.947426355936656546e+04
-2.317609693058788980e+04
-5.676769838631732273e+04
-6.930108446468724287e+04
1.978575467405079689e+04
3.826640660890968138e+04
7.532387291373830521e+03
4.604844183558539225e+04
7.516141686268603371e+04
-2.426963065422183718e+03
5.079375921199109143e+04
-1.419766601438660655e+04
5.542567405594313459e+04
5.218992314335996343e+04
3.678555961739455961e+04
-4.558722087862617627e+04
6.498603778585732653e+04
-2.392737455893461811e+04
5.083281436426047003e+04
-2.578504587410712702e+04
-1.424163792086598733e+04
3.139266180334818637e+04
-3.342013647954267071e+04
3.583426345629085699e+04
-5.451698599826155987e+04
6.092488650116031204e+04
4.080119980848093110e+04
-3.410649905903531180e+04
-1.345121587157185331e+03
1.419267426048594280e+04
7.429199171609155019e+04
-6.795911372223432409e+03
1.059054729083443817e+04
1.064878883057247549e+04
-3.415681288904970279e+04
3.142236438619924593e+04
-1.172155682200357842e+04
-1.287285243762858954e+04
6.200543850299820042e+04
-3.566354342439455650e+04
-5.456559998605757573e+04
-5.998309180935350741e+04
-7.903073989054673802e+02
5.343605051741431816e+04
2.927081480294332869e+04
-6.053515343449016655e+03
-5.399049361678432615e+04
4.842920136532428296e+04
-1.326212823488978938e+04
-6.048081439300791681e+04
3.880440084271051455e+04
1.493135695890796114e+03
-1.392381326665682172e+04
-1.888055028411835883e+04
-6.406004323145688249e+04
6.887703923766044318e+04
5.345853575047633058e+04
-2.252752282741232921e+04
5.937199724295092165e+04
-6.608315069882334501e+04
2.239311246809793374e+04
-2.213478788607370734e+04
-5.506184043765574461e+04
-3.642449149892295100e+04
-2.833400725271943520e+04
1.284883341988015673e+03
6.828556505031358392e+04
5.173564905241440283e+04
2.409443557983718165e+03
-6.465035983215855231e+04
1.921554186303416645e+04
-2.150083548546335442e+04
2.380791077246973873e+04
-4.193476687567599583e+04
-5.074726475244521862e+04
-6.091387329619148659e+04
-2.000313591226335848e+04
-6.252184653549961513e+04
4.583750045504191803e+04
-3.688254897080839874e+04
3.753690205154201976e+04
-5.479782286420294258e+04
6.390463303165705292e+04
-5.211685180344460969e+04
3.612609583164950891e+04
-2.022429572613992787e+04
-4.160224350250879070e+04
1.928636034591617863e+04
-4.707250780496306834e+04
3.675355500444463541e+04
2.201722494353577349e+04
-5.266407886689670704e+04
-8.177112149477115599e+04
4.889701819125690963e+04
-3.661301999549629545e+04
-1.189739822359830396e+04
1.252092949205236437e+04
-4.616334557513817708e+04
-8.157082525913451718e+03
-2.981195061970867755e+04
5.499232670506359864e+04
4.228457849330343743e+04
-5.197697854253944388e+04
-5.488922885122602747e+04
-1.269642337575334068e+03
7.762406559621097404e+04
-5.462984729138277180e+04
-4.698629688638920197e+04
3.579053408250267239e+04
6.372813962237623491e+04
-6.845976778515102342e+04
-2.109234547620997910e+04
4.568678359544453269e+04
8.348493159804804600e+04
1.525175493598953835e+04
-5.804748303625367407e+04
7.670685656240484604e+02
3.941615083305219014e+04
-4.701136991885281168e+04
-2.143695908551493631e+04
-2.953491745501044352e+04
-8.379848807875177590e+04
2.454582702946749123e+04
4.850582883319618122e+04
-7.181889836754603311e+04
-1.776820299836537743e+04
-3.251498838228654131e+04
-5.524703189700857911e+04
3.691328261140018731e+04
8.451327291260581114e+04
6.131838882193186146e+04
3.484638877580520057e+04
1.529058427356807260e+04
-4.583919110662221647e+04
8.097456530037608900e+03
8.299770744471432408e+03
6.676362574000896711e+04
3.663240228229229251e+04
-8.546066123575823440e+04
2.960139930430682944e+04
-1.204544157955778064e+04
-1.798640333921449837e+03
2.526261285808487446e+04
-6.038922374394484359e+04
3.998555861932934204e+04
1.090998263960382974e+04
2.395414419872143480e+04
-5.282218972929182928e+04
-1.066879290672968091e+04
-2.437302179319546485e+04
7.473127230208214314e+04
6.608968998311771429e+04
-6.896598890863101406e+04
-3.189431968903179495e+03
-3.271268060606853396e+03
-6.758685106671421090e+04
-7.844151630615490831e+03
6.880756576863240298e+03
-5.835799157767157158e+04
-4.530103937223496905e+04
-8.170976753034496141e+03
9.900958122139762054e+03
3.069574430250622390e+04
-7.809438785960433597e+04
-6.750579876287009392e+04
3.533993897683062096e+04
-2.386148056283122423e+04
1.747968884810943564e+04
6.091235607989351411e+04
2.406926621949202672e+04
6.917324736600213510e+04
8.156594376807604931e+03
-1.011175732422948204e+04
-3.633718045491566954e+03
-5.691206678907707828e+04
-3.907199144757501199e+04
1.483998871586149289e+04
-1.726281431496981531e+04
-4.377495436609924946e+04
-7.087219515402564139e+04
-5.198815395544244529e+04
-1.115838291442019363e+04
1.157750065181318314e+04
-5.437495718630502233e+04
1.229037274971614897e+04
-8.164595656694023637e+04
-5.688543163301198365e+04
9.749839557310941018e+03
8.619702507472860816e+03
2.436636596498918880e+04
1.425808968056101548e+04
2.509975336487973982e+04
-5.979046968412030401e+04
-3.259016627455147955e+03
2.514730709485859188e+04
5.961776392998478696e+04
4.119883823247299733e+04
-6.120433403783108952e+04
2.999537784605300840e+04
1.510106567462800376e+04
-2.682547789550419839e+04
-5.219418915133606060e+04
-6.036452865559983184e+04
-6.000142196145679191e+04
-2.923712211078362816e+04
-1.995979544431795148e+04
-5.008133029863857519e+04
-5.853802788080381288e+04
7.207937987778285787e+03
-1.337066533844084915e+04
5.309702966724144790e+04
-4.960391994705414618e+03
7.329377498202648712e+04
-3.255136160800151629e+04
6.572901504127425142e+04
2.801686922733574829e+04
-6.049128669788621482e+04
1.782862559819672606e+04
1.231041607849202410e+04
-4.248083287060552539e+04
-3.336399844516096346e+04
1.899657988362360993e+04
-1.441684234597547220e+04
1.767429530164021344e+04
