-1.004234714983580488e+03
4.425621120600599534e+04
-2.754074274389525090e+04
-5.356076201081089494e+03
6.040417683184660564e+04
2.036137207383181885e+04
1.142840116697058875e+04
-4.145090341511683800e+04
-6.145918837779270689e+04
3.963361744959807402e+04
3.079504954453365644e+04
2.325686924925749554e+04
3.129652708426260142e+04
-7.930550380754134676e+04
-5.272199544214589696e+04
7.773505647280091944e+04
3.550168543064685218e+04
1.328286845068201001e+04
3.509099168163752620e+04
1.912182890842817505e+04
-5.721907299608457834e+04
-5.734705011071798799e+04
7.216332158609436010e+04
6.580427783662348520e+04
-8.114192683149706863e+04
4.428767038379126461e+04
3.087096074406409389e+04
6.121626975665562350e+04
3.822779457628880482e+04
-6.813917915735278802e+04
5.399276700699867797e+04
-1.654186433967455378e+04
-8.700220895928722166e+04
-5.735103617828791175e+04
2.609860496361111291e+04
-1.109332926406824845e+04
7.326219494487061456e+04
-1.744309859681354646e+04
6.629328947681745922e+04
-1.772049974332167767e+04
7.459663553110812791e+04
5.240880543608938751e+04
7.723373222156507836e+04
8.039898913212261687e+04
3.637489073022733646e+04
-4.249488770041997486e+04
1.388875165018193729e+04
2.986465020436697523e+04
-9.035348925222717298e+03
7.331313364338901010e+04
6.324660760503283382e+04
-2.517524296485207378e+04
3.467115614506875863e+04
4.057742996046318876e+04
3.014685645304903574e+03
2.069508983783392068e+03
6.584290657209843630e+04
-4.876029420003930863e+04
-8.085729611564216611e+04
-3.017358955897296255e+04
-4.373853217549146211e+04
-5.762303535295859547e+03
-6.074976857288492465e+04
-2.688612162526117027e+04
5.014675594284818362e+04
4.709119484671147075e+04
-7.914297964845092793e+03
5.680348252132904599e+04
1.315061573659099486e+04
-3.504964332403770823e+04
-6.453346308867532207e+04
-5.598928293506376212e+04
-4.654673480876245594e+04
7.853495215727214236e+04
5.342770139079273213e+04
-6.147765077174195903e+04
-6.683639679734423407e+04
4.438864518555329414e+04
-6.036857281326148950e+04
5.293479792290741898e+04
-3.743606396126742038e+04
-2.669142447276235544e+04
-7.109036071043128322e+04
-6.444867052111981320e+04
-3.730358688928643096e+04
1.181642907805238065e+04
6.215246548844267090e+04
4.603150276593079980e+03
2.539497270592653877e+04
-6.853722026066023682e+04
-1.389246612190037558e+04
-8.153796201183863741e+04
4.386464525890342338e+04
1.773766869925800347e+04
4.401556435281731683e+04
-6.693839760726122768e+04
7.488275781835989619e+04
3.343135680062409665e+04
3.770026050165296328e+04
1.075777277586315904e+03
2.557061024986908524e+04
-1.879021856214950822e+04
2.961554343153346417e+04
-1.440775717384400878e+03
1.760450751335877067e+04
-8.489797801854490535e+04
2.261186633150221678e+04
3.655246910178384132e+04
-6.609781097705278080e+04
-3.963467766701959044e+04
3.143203162925830111e+04
-6.447662726954567188e+04
2.421474974529620522e+04
-3.941501792208025290e+04
-7.283917063302032147e+03
-5.074228874625587196e+04
6.673120968946241192e+04
2.155347930700724100e+04
-7.187616488313695299e+04
-7.627296780240540102e+04
9.650857889541257464e+03
8.435324395774194272e+03
-6.005880846515533631e+04
2.062115195328177379e+03
-8.629706561108995811e+04
-2.843044367603738647e+04
3.862287546728274174e+04
1.984887238626573890e+04
1.722821253349994731e+04
-3.206576650593129307e+04
2.807344358592900608e+04
-5.097831743956576247e+04
-5.212566416628447041e+04
5.112283201328579162e+04
-1.752595320402558355e+04
6.739342900346621173e+04
3.467333401051558030e+04
3.519821334237788687e+04
5.885993574647488276e+04
3.880028616912310827e+04
3.075590803719043834e+04
6.193489656877357629e+04
9.059012204172476777e+04
2.104534051780575101e+04
-2.538422371647849286e+04
6.126656687990116916e+04
3.272400238481679116e+04
-3.982424288286270894e+04
4.549029654619177018e+04
7.471615645564369333e+04
-4.997619961308719940e+04
8.930077330502605764e+04
-9.098446188300254289e+04
-7.234007465369121928e+04
4.630948480898074195e+04
5.643403031120022933e+04
-1.817422709557643248e+04
-6.633282572620373685e+04
-4.676423956017535238e+04
-3.333217535833537113e+04
-5.963923947095407493e+04
1.150107398147072786e+02
4.171125520118326676e+04
-8.437381332688956172e+04
-1.031789602742993884e+04
-8.786873214465009369e+03
8.732400019282235007e+04
-8.385936174023647618e+04
4.874178880194004887e+04
-6.455365209580113151e+04
3.694588707681464439e+04
7.394329144307378738e+04
-2.963156040043187750e+04
-4.969990716331167278e+03
-5.042491920634776761e+04
-6.027487854173206142e+04
6.201981735134655173e+04
-2.490394207841098614e+04
-5.045743866837945097e+04
-2.977254211990802651e+04
-6.790668718297049054e+04
1.936678407528008029e+04
7.300982851881890383e+04
-4.695522557199721632e+04
-6.904860367267935362e+04
8.375060857675643638e+04
-5.639481242361915793e+04
-4.668760657723978511e+03
-5.126852575781752967e+04
-1.316142770918329006e+04
-2.805148959653817292e+04
1.072402430604311849e+04
2.264301669246202073e+04
-7.703303303211458842e+04
-1.505057255091530897e+04
-3.661459137616210501e+04
7.000257629726477899e+04
8.911885530902622850e+04
1.144960759748694909e+04
3.018587713395218941e+01
-5.187728503862516664e+04
-3.559385700895578339e+03
-8.923491809847455443e+03
6.428279634822320077e+04
6.071676846432322782e+04
7.220919380937924143e+04
7.975381661136758339e+04
-3.066239911144360303e+04
4.552108926072537724e+04
-9.064285274138197565e+03
7.311673667306728021e+04
-6.199646670670249296e+04
-3.443280459468518529e+04
-5.805115299439478258e+04
6.080207793539978593e+04
4.933032820826409443e+04
-3.786664347498522693e+04
-1.475623072873113233e+04
1.525087975869282673e+04
7.438055985852410959e+04
2.479550233527127784e+04
-6.848117517547724128e+04
-1.476651301918758145e+04
8.254069333600065147e+04
3.559506505474468577e+04
-7.890832351381346234e+04
7.796697444828505104e+04
2.715628447760168638e+04
-4.786193600686304853e+04
8.434098027912828547e+04
-7.639313061077489692e+04
5.257597344187438284e+04
5.877679919163975865e+04
-4.996793248515025334e+04
1.422339320173221677e+04
-1.895981165493784647e+04
-6.584547002046816488e+03
-2.818497994599611775e+04
3.363599387091515382e+04
-4.279853809393628762e+04
-9.045036318231884798e+04
-4.916952167688396912e+03
2.457268046512969886e+04
-1.570486648047577728e+04
9.457494689140105038e+04
-4.437221275277937093e+04
1.123917094990922487e+04
-5.768078879574981693e+04
6.956894998972762551e+04
-5.320953337535123137e+04
-2.906780692946733689e+04
6.398930877979844809e+04
-2.774015107452014036e+03
-7.123620707936270628e+04
1.388884261900438105e+03
-1.478568568918044730e+04
2.165142430209257145e+04
-1.949778852590141469e+04
3.292630621187982615e+04
-7.897423220195609611e+04
1.573355777200219927e+04
-4.191047640221796610e+04
-5.333162311289249192e+04
-6.047295836885320023e+04
-3.682219667795109854e+04
