-2.596837485682742772e+04
-7.193420514455990633e+04
4.838594403518192121e+04
-4.131658877731390021e+03
6.443337648589340097e+04
2.772303936522126151e+03
-6.860917715294346272e+04
-2.384545419454841067e+03
8.578428057403352796e+03
8.330196400030511722e+04
-9.673801806008554195e+03
2.806782111000885561e+04
2.556126073802787869e+04
-1.197197696178006663e+04
8.007218020300787430e+03
-3.774938225432663603e+04
5.304585962270015443e+04
-2.824561171829291197e+04
1.351344814303987187e+04
-6.001298625857323714e+03
2.868236348153318249e+04
8.679822793236187863e+03
-1.839409672849743583e+04
8.704327009490858472e+03
8.906687085392492008e+03
5.158497423561359028e+04
-2.939891525795658163e+04
8.187402470316427753e+03
-2.143958936790726966e+03
-4.372528800253687950e+04
4.259865134930469503e+04
-4.439949976467929082e+04
-1.322564786662359074e+04
-4.907791588656936074e+04
7.790303583135314693e+04
-2.245297246174420434e+04
-5.031913006802126620e+04
-5.380941054427798372e+04
3.856681167653147713e+04
-6.274253315143180225e+04
5.105279931649793434e+04
8.371153703908015814e+03
-3.777882203136265889e+04
6.928476721671897394e+04
3.123551089723309633e+04
1.792806234320414296e+04
-6.516374671656699502e+04
-2.922594599364669921e+04
-2.835983157269232834e+04
3.471747271840646135e+04
3.331936852701653697e+04
-2.399754037779948339e+04
-1.864084546755257179e+04
-2.191598496458450973e+04
-2.438312765841278815e+04
4.412221254343477631e+04
5.264626449364932341e+04
-7.366288758289038378e+04
2.911882399645594342e+04
7.785822552056910354e+04
2.131309186763317848e+04
-5.492044417296404572e+04
-1.169076420559687358e+04
-2.143276984793337476e+02
-3.560098974099766201e+04
1.722591397657459311e+04
-2.021950132621793455e+04
-6.279292809060619766e+04
1.553347769815892934e+04
3.301528653459764610e+04
5.399960946272699221e+04
-6.021776824469058192e+04
-3.697196691948579428e+03
6.751930459619247995e+04
6.410310407559068699e+04
3.615846493773793918e+04
-7.756461642053324613e+04
3.096396718711663198e+04
-4.976253846043627163e+03
6.520266199164534555e+03
2.435979352913399998e+04
-2.763351058359312083e+04
-8.686524366630821896e+04
-3.189253604602723135e+04
6.184357630260819133e+04
-5.238817717699995410e+04
-5.081749156313786079e+04
-4.236868797110757441e+04
-3.314784275348814117e+04
-4.502167406392341218e+04
-2.022961317206397871e+04
6.045113503635262168e+04
-3.108593909728103426e+03
2.672805945281090681e+04
6.638176017178800248e+04
-5.968267527993192925e+04
2.560937158170872499e+04
-3.812866418522515596e+04
-4.120000001718443673e+04
-1.825676356541973655e+04
-3.543320896989740140e+04
4.690880142618369428e+04
4.203766732581281394e+04
-4.023791686807527731e+04
5.233844243136355362e+04
-2.037214404542310149e+04
-7.766217716792192368e+04
-4.520313782108965825e+04
3.857985774346216203e+03
-5.050511628123134142e+04
-7.900758751750283409e+04
5.057674831375619397e+04
1.407516994194789004e+04
3.587231877424747654e+04
4.303464899023863109e+04
-4.728113650709216017e+04
-4.356090508730497095e+04
3.072384695516513239e+04
-5.481660027919919958e+04
-4.785491909187087003e+04
4.284631960573833203e+04
-2.690618703081315107e+04
3.101293808839556004e+04
7.237144588064304844e+04
5.376120680551061378e+04
-4.215109962435044508e+03
9.379533350474577674e+03
5.697265325899722666e+04
6.521922369495013845e+04
3.478410431167546631e+04
2.167914635173948045e+04
7.354192696184922534e+04
4.828574384577672026e+04
4.796181340526314307e+04
-6.200741382790655507e+02
-4.952959584696750244e+04
-5.348992537539720070e+04
7.962720720992243150e+04
-4.189181084306508274e+04
3.532558076721707766e+04
1.226247511550168019e+04
2.339208973425105432e+04
-4.108390052729254239e+04
-1.098528304095070598e+04
-2.533647942473461080e+04
2.945246580763096426e+04
7.855198258712140159e+03
-5.210897513400914613e+04
-1.616971901037930729e+04
2.594131561223547760e+04
1.906403453741903286e+04
2.800685902257923954e+04
3.734521220335155522e+04
3.915521377075488999e+04
1.080841516964506627e+04
1.823398807741300698e+04
3.512512184537891153e+04
-6.468633230733733399e+03
4.415046299493249535e+04
-7.680306030633249065e+03
5.673928162575811439e+04
-4.635616097194977192e+04
-4.402373558019723714e+04
3.283924300813017908e+04
6.599355747969004733e+04
6.901666469050344313e+04
5.571022935115497603e+03
-4.101821842939670751e+04
-8.134958917571936036e+04
8.576203954085707664e+04
-5.772663034523829992e+04
8.015245608207145415e+04
6.354249410373688443e+04
-3.910976079339395801e+04
-2.089309626123174530e+04
-2.330381379911646218e+04
2.413881034186597026e+04
2.170639440085379465e+04
-2.984311260220585245e+04
-6.351994989040206565e+04
1.425139678591254415e+04
2.241288049896657321e+04
-3.721081757008389104e+04
-7.519858480806292209e+04
4.536325399511942669e+04
-7.958637948323549062e+04
-5.618308052786928602e+04
1.475587280372847454e+04
-6.541938329401170631e+04
-3.292228658901045128e+04
-3.034437880455108825e+04
2.238816433954671083e+04
3.579064193875506317e+04
-5.438087430145687904e+03
6.120501894630255993e+04
-6.101585456268743292e+04
4.009517382433166495e+04
-6.526171461654198356e+04
-5.659828189673580709e+03
4.521379111597986048e+04
-5.966282815715800098e+04
1.219111615479729699e+04
-2.390370608143503705e+04
-1.815829485111107715e+04
-2.980378443240961860e+04
-7.562425873636845790e+04
-6.313206147322298784e+04
-3.254049836461225823e+03
-7.295824263155457447e+04
-1.001951282591729614e+04
-7.023882027763704536e+04
-7.904722315430461094e+03
2.163781734439916545e+04
2.446804498330435308e+03
4.673193419120586623e+04
-8.979562520041694370e+03
7.236677632906528015e+04
7.073981315615122730e+04
3.644725630116595858e+04
1.675887482235665857e+03
-1.738036311081912936e+04
5.732363477908517234e+04
7.340566261690264218e+04
-2.342506017397043252e+04
-8.335447708994001005e+03
-5.155865727889799746e+04
-6.360515661218285459e+03
1.008083914359776281e+04
-3.507262447189709928e+04
-2.406974201356565754e+04
-2.357826252999293865e+04
-8.190303000197188521e+04
-3.407681210212283622e+04
-2.675352973597499658e+04
2.782822147397178924e+04
-7.691464144303898138e+03
-1.107392604979903990e+04
9.577291556047986887e+03
5.341852738141555892e+04
7.147294164677818480e+04
-5.293855287983560265e+04
2.042414907711417254e+04
-7.230600547005148837e+04
-6.151446195053764677e+04
-5.947697817442523228e+04
3.903951286287019320e+04
1.889815335433099244e+04
3.378834234697893407e+04
7.543909791928384220e+04
-4.550394425009287806e+04
2.598897123221305083e+04
-2.998893747576364694e+04
-2.769144365501333596e+04
-2.801883695225419797e+04
1.301284369989965126e+04
-5.978845568259192805e+04
1.453551856116528324e+04
-4.117935707011054910e+04
-7.016795607382841990e+04
3.063467822270947727e+04
2.762535149533114236e+04
-4.549003267530096491e+04
-7.092763780670090637e+04
4.676823948615466361e+04
3.391740641796357977e+03
