1.322222118806026265e+04
-5.304642935422430310e+04
7.653090200450630800e+04
1.597910371869991468e+04
8.324348979163626791e+04
5.024401253137426102e+04
-3.929064237148897519e+03
-4.370711398231491330e+04
-5.917218810092558670e+03
-5.429756122160094492e+03
-2.441386718911878415e+04
-1.494293509794952115e+04
-7.482484144059979008e+04
-8.636579275684821187e+04
5.679388254361014697e+04
-6.460726861504432600e+04
-1.528014375837936495e+04
-4.608689751298633200e+04
3.875810612406529253e+04
-6.945353448391830170e+03
4.940063200794980366e+04
-2.189208879744944716e+04
-4.272016238861540478e+04
-3.621195618649467360e+04
-7.254859143792487157e+04
3.001169770711807723e+04
-7.660967426668076951e+04
6.048939410371777922e+04
5.351461744051278220e+04
-1.999510883388797447e+04
-7.315406824118371878e+04
2.343092847904684459e+04
-3.256426106959876415e+04
1.438278446225671723e+04
-7.425588904741943406e+04
7.334944593316328246e+04
8.332926753528825066e+04
-2.140954573469890420e+03
-2.166726261248684023e+04
4.729561485964844178e+04
4.583988922090878623e+04
-6.523766944920516835e+04
4.628997541602310230e+04
1.789955533402181754e+04
2.026902009407161313e+04
8.059449017292982899e+04
5.848909503278797638e+04
-2.372325377606738766e+04
-2.531677546932080440e+04
6.749970621685532387e+04
3.211230543003647472e+04
-6.191320568539712258e+04
5.600433598721778253e+04
1.255979701175408445e+04
-4.724381341506489844e+04
-7.411207473958958872e+04
1.702590463485721193e+04
-5.048903597055711725e+04
5.030244384010415524e+04
6.142442714358062221e+04
6.190391933999969478e+04
-3.755941736152679368e+04
-4.806733224627227173e+04
5.310705201752857101e+04
-2.210782900576030897e+03
5.364519148489421059e+04
-4.113050084988947492e+04
-1.486519709747374873e+04
2.127368460904663880e+04
8.620592582058547123e+04
8.409349951164984304e+03
6.237874256896885345e+04
2.892762000823151175e+04
-7.509815987341785512e+04
5.299469504463420890e+04
4.349415374272255576e+04
6.911693885373292142e+04
5.454407826188667241e+04
5.391871117517963285e+04
8.353682124744562316e+04
-1.572592846880678735e+04
7.847401782757257752e+04
4.352417593803050295e+03
2.717336848351264780e+04
6.798908115342739620e+04
-4.117040245522128680e+04
-5.815345984624943412e+03
-1.946550375912468371e+04
5.448350588347077064e+03
-3.493304181199394225e+04
-5.261407086494673422e+04
-3.255444624990515149e+04
-4.295524388731672661e+04
-1.597011127085647240e+04
-8.268961236129007011e+04
-5.675462710325326771e+04
-6.456137719795668818e+04
-4.848762727687481674e+04
-1.185542067041129849e+04
4.613358688932372024e+04
-3.148682069392962148e+04
1.209687575899278045e+03
-7.482423700367228594e+04
-3.355469218704329251e+04
2.554804225675169073e+04
-7.533523872540763114e+04
-3.191091883756555035e+04
2.388652165649729795e+04
-5.497704221670661354e+04
6.529794127582230431e+04
5.040085022678762471e+04
-3.936554314764110313e+04
-1.677571329128750222e+04
7.199051141489825386e+04
-3.406753745731612526e+03
2.860700665620707150e+04
-7.652340015148816747e+04
3.268229471253928932e+04
-3.590760417415557458e+04
6.175044499287364306e+04
-3.825021803643930616e+04
-6.540759258336724452e+04
-2.035437187970125888e+04
6.750599766754865414e+04
-4.996065593858849752e+03
6.487437712967358675e+04
-3.237597423414690638e+04
-4.701891419861601753e+04
8.467780790073650132e+04
6.287849058258653531e+04
-1.651883514601780189e+04
3.714565690647971496e+04
-7.095613556627270009e+04
-7.420113409490350750e+04
-8.555561874783098756e+04
-7.650016677268104104e+04
-4.945566034888793365e+04
5.463757471791191347e+04
3.639382058068366314e+04
-3.881792945795805281e+04
2.416271120736086232e+04
7.233718992507905932e+04
6.477107698320354393e+04
-6.108462077136552398e+04
-2.318740987926677553e+04
8.045114823930637795e+04
3.236415024212941717e+04
-6.247779267900055129e+04
4.824052597419096128e+04
5.104105760707097943e+03
-3.818594171320709575e+04
3.147474799364750652e+04
-3.417718726823750330e+03
-1.521018554686917560e+04
-6.495694047478492575e+04
-7.755052278592524817e+04
1.989499340096510423e+04
-6.222144204856051510e+04
-8.296360906953405356e+04
-1.156625701475223832e+04
5.151448168301743135e+04
-8.295059354127327970e+04
-2.892304483145441191e+04
2.754148892674025046e+04
-1.897747548092695433e+04
1.414102110122738168e+03
-4.374627315639804874e+04
6.503214318851357530e+04
7.331142592233110918e+04
-2.182050225982873962e+04
6.874905456119254814e+04
9.339524426330017377e+03
-4.772773730701312161e+04
-4.028417045993127977e+04
7.804934418726888907e+03
2.831859262546101672e+04
-3.616482862867559015e+04
-1.933296213401026034e+04
1.942234657508656483e+03
5.136184646481168602e+04
-8.724473733768707461e+03
-4.735823876140371431e+04
-2.884753200938947339e+04
-6.023372814143844153e+04
7.470966601599282876e+04
3.436390450326413702e+04
-5.142414225614164025e+04
4.763456519658731122e+04
7.661391619379424083e+04
2.121548014045245873e+04
5.697830777128632326e+04
-9.744922839953876974e+03
-5.801968458504735463e+04
-4.217237538862123620e+04
-1.527395251334298518e+04
-6.091098883528506121e+03
6.232607532555186481e+04
-8.048556629923624860e+04
-3.955646415535613778e+04
-2.488280688148473928e+04
-2.916999700967770332e+04
-6.939097182303952286e+04
-6.195983234816807226e+02
-3.081606588918308626e+04
-3.470387791984406795e+04
8.178262901187461466e+03
4.514533827583314269e+04
3.831042870223554928e+04
-4.078179995197583048e+04
4.347540181747321185e+04
2.992141672953732268e+04
-6.583880242600731435e+04
2.117421646871737903e+04
-5.534102787402099057e+04
-4.042145296303389478e+04
1.404815953259276966e+03
2.109403391118533182e+04
3.686774981759652292e+04
5.549390736047924293e+04
4.343821111390574515e+04
6.617989413714423426e+04
-6.880879398684196349e+04
-6.347872059181790974e+04
-3.498717533653030841e+04
-1.956514024706326745e+04
7.329119466755467874e+04
4.146433412397326720e+03
-1.553989798045618591e+04
5.421284364254578395e+04
3.154736468734860318e+04
6.071901683994437917e+04
-7.985450544096994236e+03
-2.091490073894042871e+04
4.450582163661354571e+04
2.731143717916874812e+04
2.887713106895191231e+04
7.008938008428472676e+04
-3.916787401371835585e+04
2.941630521554264124e+04
1.565818365579583769e+04
-1.834356493982070242e+04
1.215170286143054363e+04
8.341831147058306669e+04
3.644423450654106273e+04
1.672460462100426594e+04
3.483937860195792018e+04
-3.487545647153518803e+04
-7.075626519140106393e+04
1.916769748052895375e+04
-1.471531447359733829e+04
-1.856868477134853674e+04
-3.919034280480863526e+04
6.076565382732332182e+03
3.074314837358137083e+04
-6.886032098278874764e+04
-1.783533699719420474e+04
2.837997191967955587e+04
1.825481930628345071e+04
7.663290132248791633e+04
4.384810678109346918e+04
-8.369542843014940445e+04
4.209710958002787083e+04
3.969072879745370756e+03
4.457220743786045932e+04
-1.180612188241163130e+04
