-6.877615915228323138e+04
1.631940867060175151e+04
3.785830694889251026e+04
1.755049493064528360e+04
-9.775395961244326827e+03
-3.128929068202855706e+04
-5.442916929779496422e+04
5.229716368447639979e+04
4.632313043680203555e+04
-3.898437866295141430e+04
-9.190320220147928922e+04
-8.594836561851294618e+02
6.257863205658154766e+04
3.162110319711249394e+04
-2.117784593469226309e+02
-5.676100406761885824e+04
2.473833431493206808e+04
-4.567424676111424924e+04
-4.072444628013892361e+04
-6.009466644493192143e+04
3.884522071588585095e+04
-5.786976043760815810e+04
4.553460571132617770e+04
4.861878743441586994e+04
-8.091405491352503304e+04
-6.394029859169640258e+04
-7.082742933798534796e+04
4.835792869668147614e+04
-5.409468384335737210e+04
-6.449994051752691303e+04
-1.180492998033940785e+04
-6.598994987365152338e+04
-4.695887649731558668e+03
1.409777991210788787e+04
-2.342544078001492380e+04
8.076617417460899560e+03
-8.299927250304986956e+04
-7.519414753212920914e+04
1.518089264154815282e+04
5.723341745844252728e+04
3.692588160242694721e+04
-7.527518077134121268e+04
3.215620186137007477e+04
5.258480040385333268e+04
-7.194546031815698370e+04
5.375574850688501101e+03
-3.967505349574796855e+04
-1.716255441096443246e+04
-2.148472134808644478e+04
-7.302906280321477971e+04
5.065386041489593481e+04
-4.186448317221951584e+04
-6.907115852618364443e+04
-6.063027721905907674e+04
2.425094373235002786e+04
3.268940091456376194e+03
7.157268204974204127e+04
-6.068384306892437598e+04
8.399322353509149980e+04
7.691449407742523181e+04
-4.547414722710367641e+04
-6.172148678419998760e+04
5.491675161120901612e+04
7.025053919556560868e+04
-5.306223565748164219e+03
2.754348342997219879e+04
-8.120395732793067873e+04
-3.453361979648816487e+04
-3.599694265831206576e+04
-5.676150413856863452e+04
2.461119401622468649e+04
-5.193925670570640796e+04
8.370651568885956658e+04
-1.214938579255212062e+04
5.858572645749654475e+04
3.915920637173186151e+03
-2.572462181027175757e+04
8.681185221289332549e+04
7.371102082043887640e+04
-8.057504393082082970e+04
1.853954496977549934e+04
7.996775542417235556e+04
-6.466783594749046460e+04
-2.634055185482335219e+04
-3.832002365430646751e+04
2.668620720020751378e+03
4.169890979340179183e+04
-1.620924150138271398e+04
1.726565248301565225e+04
1.038213241650495002e+04
2.987175375881549553e+04
-2.353107416857629505e+04
-8.925220211292941531e+04
-4.251640828137542849e+04
-4.505676104992289766e+04
5.610933587609351525e+04
-8.864525966487148253e+04
-9.240124362731304427e+04
-7.158837778909025656e+04
7.036348180276442145e+04
-1.138143311899458786e+04
-8.422419081755715888e+04
7.967417117538390448e+04
-8.811927355518657714e+04
-8.042471659390589048e+04
-6.196367647703319381e+04
-1.524259290460989178e+04
5.797565239693310559e+02
-2.875844869753113016e+04
5.180885411663375999e+04
3.401109918322363228e+04
6.768489567573195382e+04
4.609076583109649800e+04
7.415557949462159013e+04
2.075000323001316428e+04
-6.779050212365287007e+04
-7.714113466110284207e+04
3.187772896570154626e+04
5.995310092477543367e+04
-4.128701001935430395e+04
6.630232798144406115e+04
-6.927747326334859827e+04
-4.789754728588313446e+04
-7.606144844911448308e+04
9.127262619111409003e+04
4.140196477172670711e+04
8.140583102784055518e+04
-3.022090714375496827e+04
-3.567092474911738827e+04
-6.116486908060524729e+04
7.621267977865182911e+04
2.528078309809070925e+04
-6.652198808106008801e+04
-6.927984093100883183e+04
2.135255827916378257e+04
9.108044739353691739e+02
8.429394663103041239e+04
7.210877681274869246e+04
1.668591761626357402e+04
6.718537774364908728e+03
3.799777631770371954e+04
4.849497010076605511e+04
-5.175644264513038797e+04
-7.764222171753780276e+04
-6.190836503497373633e+04
3.129611744234450452e+04
-8.146030101816385286e+04
-1.691840703705067426e+04
1.963277747300592455e+04
-3.667634054692184145e+04
-8.939410185251110306e+03
-4.211064064996638626e+04
-3.203894770232483324e+02
1.961198269390258793e+04
1.865711550731603893e+03
6.187862941499967565e+04
-5.849771238086914673e+04
3.648805034893929405e+04
2.821836243564049801e+04
3.499664822434820962e+03
-5.828883597505115904e+04
-9.215408087236106439e+03
4.313758212160458061e+04
-5.890784740456227883e+04
2.418084209527194616e+04
-3.264016055154590140e+04
5.477347770228091395e+04
8.133541612455840550e+03
-7.186925314627979242e+04
1.029135630821696759e+04
9.693231991955253761e+03
1.826199923980807580e+04
-7.600914740670390893e+04
-7.635109650587459328e+04
6.723349504444927152e+04
9.091201617500280554e+04
-8.425123316950110893e+04
-9.091530244954110822e+04
2.900201901519179228e+04
1.051239170382510747e+04
-3.291608722546647186e+04
-1.149144509230103358e+04
7.501839789971010759e+04
-2.378100477323323503e+04
6.386539630766614573e+04
-1.728748041591553192e+04
4.568970901656972273e+04
-2.068554177572549179e+03
-4.771948268435449427e+04
7.873713732726551825e+04
-6.679351221312407870e+04
-3.870102432631990814e+04
8.330529787822374783e+04
2.626938723940451018e+04
9.191290131665302397e+03
-5.986413298188642511e+04
5.585143722726473061e+04
7.684909116938635998e+04
-5.727156652931239660e+04
3.858651002295407125e+03
-4.554074590685110161e+04
-5.182574538915283483e+04
-4.508567690231368033e+04
3.413020189810331067e+04
1.324391516076634616e+04
8.302979042868991382e+04
5.231859061205658509e+04
-7.727504133234393521e+03
-2.891906540595932893e+04
-4.344934527767192048e+04
-5.354395378303762845e+04
1.223509576794144596e+04
-5.458427851522599667e+04
2.875696238621667817e+03
7.218416769263564493e+04
2.773582700204995854e+04
1.237396178913714357e+04
7.827735834219802928e+04
3.418308347878370841e+04
4.869845495396091428e+04
4.910019977182296861e+04
-5.720445268728845258e+04
-2.531558413790343184e+04
-1.137811136032332797e+03
6.590397038145703846e+04
6.158863478976255283e+04
-6.955839518735621823e+04
7.971342069140060630e+04
2.052103387277164438e+04
-3.696233163844076626e+04
5.266626500409499567e+04
6.557920898552482868e+03
-2.629684764017019006e+03
3.471437082992931391e+04
2.424625510214287351e+04
2.619566413628022565e+04
-6.941576065240416210e+04
6.669532162201446772e+04
8.194227949288194941e+04
-3.762751641032600310e+04
-7.608310126725278678e+04
6.940259106206438446e+04
8.108064652197914256e+04
-6.855906347363359237e+04
7.531583074175570800e+04
-5.997721944598621485e+04
-7.168004474969308649e+04
-7.281249024345753423e+04
-3.619919872731408395e+04
-4.929627289544397354e+04
-8.729911362687638029e+04
6.681342074326290458e+04
7.568875209267910395e+04
6.740524156300281902e+03
3.795952125675466959e+04
3.014236257959148861e+04
7.828794262437318685e+04
3.316858972297317086e+04
1.074709627101287151e+04
-5.306346489517747978e+04
3.844476024311388755e+03
-4.246028676593472483e+04
-1.549702760621321795e+04
1.902033589615457822e+04
4.620304417727870168e+04
