-5.493662648311519661e+02
-6.848118756689781731e+04
2.775819808416048909e+04
-5.258902605505084648e+04
-5.827381922772260623e+03
4.779415324708708795e+04
8.630749964550779623e+03
6.439183406893153915e+03
-4.723394378376632085e+04
-1.974852247802126294e+04
-7.414691484572086483e+04
-3.586586453249358783e+03
3.758381776483836438e+04
8.819323428212293948e+04
3.161754467434265462e+04
-5.719327549183781230e+04
7.067495524230488809e+04
3.041603985008412928e+04
1.476723795234975114e+04
-4.262201130995886342e+04
-3.434899474980505329e+04
-8.601604205758269018e+03
1.941243268633678235e+04
-5.190109158328979538e+04
6.025242095667983813e+04
2.433064048697633189e+04
8.529270898144756211e+04
2.165195476984378183e+04
3.009018246756323788e+04
-6.775574750516308995e+04
-4.031273683290011104e+04
-3.671967102297793463e+04
-1.461493569418350671e+04
1.425868329186978917e+04
4.763135313020613103e+04
-7.288138948283062200e+04
-5.579662653588263493e+04
7.194183792976255063e+04
-4.627802935966198129e+04
6.105176817727172602e+04
-2.325676648991882394e+04
-5.157260896366179077e+04
1.755285258647684532e+04
2.986393827960664930e+04
-4.297342816193409089e+04
-7.459871013765269890e+04
6.450576567113470810e+04
-1.500082894067410598e+04
4.084773450835450058e+04
-5.039260173459668295e+04
-2.994832876187024340e+03
-7.299708384913632472e+04
3.212310325319433832e+04
-2.203177817903292453e+04
6.126490617292511160e+04
-8.153037778266398527e+04
-1.846696588262469959e+04
-4.894532593276850093e+04
1.405505910438528008e+04
-3.606812664194213721e+04
7.064909726032461913e+04
4.822073571353490843e+04
3.487089575439123291e+04
6.482426851928023825e+04
3.582044181959340494e+04
-3.078682156548005514e+04
-4.753101364739258133e+04
4.053876562625951192e+04
7.326784492256167869e+04
3.243880288301412293e+03
3.979872590240982390e+04
-6.270597412109516154e+04
-5.658247883109724353e+04
-7.524412953917270897e+03
9.076825084989623065e+03
-1.331358510395243502e+04
-1.741930875389448556e+04
2.506838846330296656e+04
-3.282821893407226162e+04
-7.573562492951599779e+03
-1.689469086526915271e+04
1.474097320528478667e+04
-1.351476761558355065e+04
2.722745628386186581e+04
-1.827673246502643678e+03
-7.950550856231647776e+04
-9.303943674097665280e+03
1.705915220211224369e+04
-3.655209241653262143e+04
8.845691465568070998e+04
6.137738194958091481e+04
-6.148078827849659137e+04
-5.652783536465048383e+04
-5.190831806460482767e+04
6.827095414619296207e+04
2.225398592200422718e+04
4.467260550204516039e+04
4.712443388973928813e+04
-2.658210207788991102e+04
8.697016345067455404e+03
7.311709123188954254e+04
-3.046340283338353038e+04
3.435875706350776454e+04
-8.092337144871994678e+04
-2.134107985891135468e+04
-6.579600489822003874e+04
-6.888546798089712684e+04
5.257369885537095251e+04
-7.458668943961840705e+04
-1.252920414329069717e+04
4.477340403666907150e+03
1.616439191541336186e+04
6.494286673887021607e+04
3.183570416386323996e+04
-3.392822616669890704e+04
-7.489097265989032167e+04
5.660696351598046022e+04
4.799888718102021812e+04
-1.090377520335204645e+04
5.940025428928467591e+04
8.737433845494725392e+04
7.965975658691661374e+04
-6.333114437107473350e+04
-2.418319632539389931e+04
-4.465053280208366050e+04
-1.413200694926958749e+04
5.620177945471269777e+04
6.870803230297524715e+04
7.040742165719198238e+04
3.067297151432327883e+04
5.767037817832214205e+04
-6.185512793384383986e+04
-5.405563868404238019e+04
-2.393401931377422443e+04
-4.480786455661793298e+04
-5.521090470655762329e+04
-4.099934756760418395e+02
4.072941948071410297e+04
-5.912714905889660440e+04
8.508839325063941942e+04
1.103742745641058264e+03
-8.231177168726833770e+04
2.713284319366657655e+04
7.231864830226589402e+04
3.826595232904974546e+04
6.526747448833668750e+04
-1.194752223725994736e+04
-4.903893965826470958e+04
5.111906061248905462e+04
-2.254918840604294019e+04
3.541806585697691480e+04
-2.655189574321617692e+04
1.340956348462935603e+04
8.721070111589162843e+04
-2.661872717702212299e+02
-1.919117636761363974e+04
-8.201282007327867905e+04
-7.388511677290276566e+04
-3.922423655126044468e+04
-2.026449139006885844e+03
-4.506089546978390717e+04
-5.498763965296513925e+04
7.820488242500026536e+04
-8.262965436640325061e+04
5.365673116375278914e+04
3.902978438541881769e+04
-4.418645551056398108e+04
2.233499300258015501e+04
7.105146020591903653e+04
-3.920124770982195332e+04
6.840162543841838487e+04
-1.378183653829974173e+04
4.421163912236809119e+04
-3.132725353753233503e+04
1.122180634835706769e+04
4.536402806070001679e+04
-4.109234312826043606e+03
-9.362005286935889671e+03
-1.550625521324472174e+03
-5.410748453475889255e+04
2.560541866287784433e+04
1.634840521153476584e+04
-6.227790954347333172e+04
4.632736590347706738e+02
3.179445235894275470e+02
-6.408934368992850068e+04
6.302483721092318774e+03
-5.859098576079189661e+04
-4.396134502600065753e+04
3.717127865991743602e+04
-8.589874255601498589e+04
-2.078227048089775781e+04
8.080668740526228794e+04
1.264494724702489293e+03
-5.873107913521297451e+04
5.662677294801652897e+04
5.112515886402858087e+03
-9.528630643178776154e+03
4.499585205716058408e+04
2.447233681472211902e+04
2.011954881432587626e+03
1.706318645315035974e+04
-1.370236244314134819e+04
3.723699098288849927e+04
-1.141220019471420164e+04
3.580825924058634700e+04
6.673382759384295787e+04
3.565885345414938638e+04
4.392852989279240137e+04
4.747877620557354385e+04
-1.354709118143401611e+04
-5.465578758460855897e+04
9.207063509669864288e+03
1.706266861249996873e+04
2.049655490050530716e+04
-3.631118890705468948e+04
5.090056067760989390e+04
4.928037618954574282e+04
1.670579854842748318e+04
7.173200563849489845e+04
3.954967734205538000e+04
1.395419451909940653e+04
-5.709729540224767698e+04
-4.272217664082743431e+04
-7.603244942795390671e+04
-1.118500623648661531e+04
2.292531232679973618e+04
-2.260297475272330121e+04
6.652239521647071524e+04
-1.336260588011170148e+04
-4.147949128065216792e+04
6.209820728166159097e+04
-3.532247051055687916e+04
5.844069979494271684e+04
7.974202115508184943e+04
-4.068658128103550553e+04
5.761283154873758758e+04
-7.443401286523701856e+04
-2.650145432481911485e+04
3.728659551090918103e+04
-8.316926157063826395e+04
5.793458183720582610e+02
-1.915027582179009914e+04
-1.229232533278244773e+04
-1.161474023582147311e+04
7.561639904251700500e+04
-7.187725517167350336e+04
-8.199826986951136496e+04
3.038799467768589966e+04
6.149414498296716920e+04
1.526195949053411096e+04
-1.722647188194923365e+04
-3.785775929083004303e+04
4.309642292772774817e+04
5.606579793608243199e+04
-2.524545795522556364e+04
-4.112685962190045393e+04
-5.225770706369206891e+04
6.528370355971395475e+04
-3.662918025697363191e+04
3.998169149370356081e+03
4.813276097187498090e+04
-3.403804619335754978e+04
-4.006504347038285050e+04
-2.409535998358907091e+04
