-7.133526010716498422e+04
9.109734401603446167e+04
7.487028201590395474e+04
8.984608900709419686e+04
6.984749252740583324e+04
3.460673914690513629e+04
4.529402108649240836e+04
-9.833507964797936438e+04
1.103420004757083916e+04
-4.144323159751380445e+04
-2.430459087783212817e+04
7.576277533497012337e+04
-8.976112871837188140e+04
-5.393582019788969046e+04
5.044050335239878041e+04
-1.138174015446574413e+04
-6.119631053530357167e+04
-4.608415408550032589e+04
-8.377301531617098954e+04
3.133027440080281394e+03
-4.178038825994750368e+04
7.547580914692170336e+04
5.974839818556971295e+04
-2.675351236727711512e+04
3.770250732040203729e+04
5.104129075064066274e+04
5.318108108244375035e+04
6.073861584599455091e+04
-9.486267651267664405e+03
-8.685218523707801069e+04
6.222361782505716292e+03
-1.397681912582355653e+04
5.000059716499660863e+04
-7.380456709837217932e+04
-6.335388148072950571e+04
9.603338337030127150e+02
2.397033160965446950e+04
-2.354154465081578746e+04
-6.070359733085550943e+03
1.122508662862088386e+04
5.864173508119345206e+04
1.978556341340480139e+04
-4.773790447465367470e+04
-5.753396200597791176e+04
6.816136677183628490e+04
-6.980538553419319214e+04
-5.991144234020721342e+04
-7.941516616519248055e+04
2.131885844121870105e+04
3.594630372356872977e+04
-5.006919492215509672e+04
-8.681287864071535296e+03
-5.600056091687270236e+04
4.161286554694477672e+04
6.042606082913093815e+02
9.980034308244528074e+04
8.768644331105095625e+04
5.839964257942111726e+04
-1.502866602225712631e+04
-7.665697378988945275e+04
-3.042744118701770276e+04
-5.729556681118278357e+04
-2.575260386510617082e+03
-9.399743189207547402e+04
-5.011725821173642180e+04
-1.311609879640141116e+04
5.461477622375435021e+04
-4.564046875425806502e+04
4.239925319173349999e+04
-5.854454242536242964e+04
-3.480833867018297315e+04
-1.463903086202758641e+04
2.600111471828685171e+04
-7.339158222705006483e+04
5.589838385219435440e+04
-3.154151921160228449e+04
5.805767611860203760e+04
-3.617689434946640540e+04
4.812961283494368399e+04
-5.600870879727487045e+04
-8.567645670391843305e+04
5.136359624478202750e+04
2.751266258465602004e+04
-8.283757425774692092e+04
-1.592717516295901441e+04
2.815441394643357853e+04
7.893075821713340702e+04
8.416345296307995159e+04
-3.296312544602664275e+04
8.091323295917960058e+04
1.313459353568325969e+04
1.033408978737155849e+04
7.527926757961641124e+04
-6.075301734208822381e+03
-4.829851776769314165e+04
7.572407356612863077e+04
7.802325098583496583e+04
-8.225446487284058821e+04
-6.437085676128999330e+04
9.348606130138339358e+04
8.871324447574514488e+04
-3.737252559927984748e+03
5.814419966767946607e+04
-2.773757505404626136e+04
3.015223056832590373e+04
7.211464866478978365e+04
9.575261270594026428e+04
-4.790855266657482571e+04
1.512710522611667693e+04
3.484248790556815220e+04
-7.542435746136028320e+04
5.127214763558677805e+04
9.890139591616065445e+03
-4.989212554106143943e+04
-3.135935918835238408e+04
3.013093984747714421e+04
-5.002760159790053876e+04
7.776654795215131890e+04
2.600499631901708199e+04
1.505635418045608503e+03
-4.191620406847533559e+03
3.792273663519111142e+04
-4.512040363625820464e+04
2.086264282606347479e+04
-4.957566346144800627e+04
-2.213806368975425721e+04
-4.467462691297353012e+04
-2.482758867503871807e+04
-2.068004203712397793e+04
-8.116081767641847546e+04
1.469326672147934732e+04
9.869323851166022359e+04
7.290186883875499188e+04
-9.297585068646201398e+04
9.804270196779274556e+04
7.613509249794830976e+04
-2.377480042003819472e+04
-7.432031556283784448e+04
9.968881854746927274e+04
1.244606562896412834e+04
3.189805868593432933e+03
-7.835615666420703928e+04
-2.282202288303810201e+04
-6.360521327916159498e+04
6.230813372017847723e+04
5.428870723842600273e+04
9.273783199363222229e+04
-2.770664729611386065e+04
7.606008985595892591e+04
7.592463257746196177e+04
8.955204764351232370e+03
-3.447432906939931854e+04
5.452889487659843144e+04
9.127277734684949974e+04
-2.896767194735221346e+04
-8.829239877174923095e+03
-8.684376765859160514e+03
-1.041313390371999503e+03
1.751413185635536502e+04
9.733090289028517145e+04
-8.685992983897209342e+04
-2.677078815093669255e+04
-4.177054181037778471e+04
-3.420053856805296527e+04
5.102538781407562055e+04
-1.197885826601191548e+04
-9.090157030356167525e+04
-7.977322902791394154e+04
-7.352297186149982736e+04
6.191002152195431700e+04
-8.329441156638950633e+04
-1.915518623885673514e+04
9.532833561110377195e+04
5.808540687239115505e+04
7.553735436986325658e+04
6.580384692500132951e+04
-7.469704235623485874e+04
-2.817990856595435253e+04
3.883672263851587923e+04
-2.656569095759703850e+04
5.576930271794156579e+04
-3.186247079384406607e+04
3.315079354268844327e+04
3.271419571981397894e+04
6.520533543160244153e+04
-2.389582008462437079e+04
-3.076360707626497242e+04
-5.258503783123980247e+04
-3.803175053357804427e+04
4.491747408699215885e+04
-7.077990196369937621e+04
-4.053691330925849616e+04
-7.430866931959103385e+04
-7.800478167218450108e+04
6.529190393801208120e+04
-4.849122637465103617e+04
-6.763756073306754115e+04
-8.057296876968663128e+04
-2.516294604631359834e+04
9.794142722634343954e+04
8.903440717984293588e+04
-2.782347318115711823e+04
-8.051689262003317708e+04
-5.176406685209523130e+04
4.564283052399614098e+04
5.424061250923100306e+04
9.627578532202345377e+04
-3.608253985330562136e+04
7.059756788991522626e+04
-7.642240131770106382e+04
-6.702257053022744367e+04
-4.887411661631330935e+04
7.164644822696105985e+04
2.812691611717241176e+04
6.533698335030968883e+04
-1.905205979201600712e+04
-8.031982745564462675e+04
-2.803974273370602168e+04
-5.423613811387487658e+04
4.421345656209917797e+04
1.780265736324294267e+04
-9.102543493395514088e+04
8.807293338857466006e+04
9.424541212351281138e+04
2.283510561515555673e+04
-4.412382135315298365e+04
-2.494065160774237665e+04
4.461348975804174552e+04
7.900904918751856894e+04
9.061736931991401070e+04
5.083369276974294735e+03
9.330126570789109974e+04
-3.274981227237443454e+04
6.868303161276850733e+04
-6.687789151179608598e+04
1.448121459569615581e+04
-3.733825937458026601e+03
8.069348471896794217e+04
-4.414513727228760399e+04
5.763130606137945870e+04
1.228451094291106165e+04
7.511520114404115884e+04
4.778960959888663638e+04
1.397525023958538986e+04
-5.191547746895250020e+04
2.593046553547668736e+04
1.348410878798248450e+04
-7.166336338317127957e+04
7.062082686297538203e+03
9.277613615848733753e+04
-5.390725512860529852e+04
5.500620032262457971e+04
7.011723047270205279e+04
-2.522945575858893426e+04
2.520915598029655303e+04
-6.923951463850952860e+04
-2.680264024483182584e+04
-3.059454006053535704e+04
1.234018756822495197e+04
-4.504712594825220731e+04
5.685755095029904624e+04
3.517543833059725148e+04
6.373526395745713671e+04
-1.990523012562529038e+04
1.414393266990257871e+04
