3.568948709054637584e+04
-5.472108284239003842e+04
1.180934845854775085e+04
8.098413608114265662e+04
8.957394339415081777e+04
6.260239735358327380e+03
-7.317197891608599457e+04
-7.497018025950463198e+04
-5.678822901687519334e+04
5.432225070200597111e+04
8.551106996711864485e+04
5.342290233969289693e+04
-6.801696131585807598e+04
6.896536239830241539e+04
7.928399620651340229e+04
-3.240769880447847390e+04
3.788518942981499276e+04
-2.670857511858988437e+04
3.663757617071799177e+04
8.094879578767294879e+04
8.001947496517923719e+04
-2.737756715601925862e+03
8.393534911979793105e+04
3.218466928233395083e+04
-5.953838042436871910e+04
-5.332869080099058920e+03
3.846744811292869417e+04
7.027299331364288810e+04
-1.117478331713953776e+04
-5.117334568184844829e+04
-2.238543348428657919e+04
3.179008002434196897e+04
7.950236223654318019e+04
-8.962122569822084915e+04
-7.228288439018568897e+04
-4.701421966767703998e+04
6.371174688177412463e+03
1.462579258594931707e+04
-4.804039343729350367e+04
9.604814101101545384e+04
1.032649205213505411e+04
-8.665853981858463158e+03
4.534019796092913020e+04
-9.241064052108542819e+04
-2.183227217554616072e+04
-9.784393357623931661e+04
-5.211342556524286192e+04
-5.837224629679703867e+03
-7.618429794101564039e+04
-6.140280066306022491e+04
-8.142383138765697367e+04
-9.968099823411132093e+03
6.170276566488459503e+04
3.933515169730639900e+04
8.494583151610870846e+04
-4.817660885498561402e+04
1.291306812062687277e+04
6.376172941354358773e+04
-5.333164466406153952e+04
-4.511296779956047249e+04
-4.173656074407696724e+04
-2.543323090585765749e+04
1.593640171475524767e+04
7.804373168959461327e+04
-8.992104174963461992e+04
-6.213254018973586062e+04
-6.273266278173812680e+03
-8.435421673804643797e+04
5.669750811759867793e+04
-7.120128881937866390e+04
-5.786829013820440014e+04
-8.628380977427831385e+04
-4.017766306355470442e+04
5.305414739866296441e+04
8.633638281694077887e+04
9.258422226213393151e+04
5.386729352250321244e+04
5.227571902118890648e+03
1.025579585358334225e+04
1.660868131072946562e+04
7.228504844184640388e+04
-5.690699383775990282e+04
-6.321997729430472100e+04
-1.197875516461474217e+04
-6.773514837895658275e+04
6.838041599018645684e+03
7.632300067072598904e+04
-2.007231219480610525e+04
-4.291237645284752216e+04
-7.977566290167876286e+04
7.622696523692370101e+04
-6.918578544416731165e+04
5.834282009370523883e+04
-8.651650090138417727e+04
-6.875469160793373885e+04
3.520261953466486011e+04
9.026891999289220257e+04
5.174580329053983587e+04
8.191821954687219113e+04
3.454003749585100013e+04
-9.036350928788902820e+04
-6.895814218247620738e+04
4.630776089038544160e+04
-9.062524792331052595e+04
1.470308650761868557e+04
8.317113583609128546e+04
6.993044561586885538e+04
3.730309257654786779e+04
2.369032692240380129e+04
2.640611306474677622e+04
8.192035967821087979e+04
-2.596604411841412002e+04
1.527386874729466399e+04
9.264343535327111022e+04
-6.140990622573086148e+04
7.880187697235197993e+04
5.824064188800056581e+04
-5.846530846250713512e+04
-3.450140338593385968e+04
8.069763937406284094e+04
9.100920234665948374e+04
5.515186176860670821e+04
7.239479521985478641e+04
3.373417750582611916e+04
-8.958969435130665079e+04
-3.655195268507159199e+04
-2.746113825815503151e+04
4.196829600905803090e+04
8.708527816200481902e+04
9.961827712441227050e+04
8.293402534261468099e+04
7.529508622246320010e+04
6.838198105353029678e+04
6.874202406006131787e+04
-7.903788011650560657e+04
1.519684312328424312e+04
-7.209068270235440286e+04
-3.719807319709394505e+04
4.119031726117488142e+04
-9.149122769365540080e+03
9.917603410482764593e+04
-1.200634430596837046e+04
-6.417713515077353077e+04
-6.745455646872556827e+04
8.168794505444535753e+04
7.837177670473240141e+04
-5.246412256850834819e+04
3.617511911117962154e+04
1.602556714223717972e+04
-1.416851389876580834e+04
3.511494462703276076e+04
6.742263644821659545e+04
-6.432199874428554176e+04
-3.050712689796134327e+03
-7.039767125157627743e+04
-7.427829953628563089e+04
1.724365194976608109e+04
1.749368387596578759e+04
-9.394393372765555978e+04
-9.120799808347159706e+04
1.994154690035727981e+04
-8.053932341464386263e+04
-6.338926130001115962e+04
2.756896526665992860e+04
6.402009309842497714e+03
-6.745882647135671868e+04
-7.658448382200869673e+04
-5.032585248113919806e+04
-8.766132925698851977e+03
5.910292530135314883e+04
7.396359222253166081e+03
-9.680031756426487118e+04
9.873879697241750546e+04
4.246711696192493400e+04
3.161221829158342734e+04
7.135380118584973388e+04
-5.590109143461607891e+04
1.871806972561095608e+04
7.549689796044614923e+04
8.227241936166053347e+04
-8.586842644976933661e+04
-1.885321168715053864e+04
-9.702388856575411410e+03
-8.666533879772144428e+04
-1.920297120552048727e+04
2.078630742621488389e+04
1.961389770227062036e+04
-6.029793302467624017e+03
-7.216672740866975801e+04
-4.867816788444232225e+04
-9.827811006256418477e+04
5.617479300509938912e+04
2.018303777839591203e+04
-2.481481446285335915e+04
2.440486567942933834e+04
4.443366834314710286e+04
-1.843545327040340635e+04
2.192190225798424945e+04
1.228092831792388642e+04
7.957072731735334673e+04
-3.602680170569626625e+03
6.248529544636525679e+04
8.908959200847818283e+04
-8.372749087347091699e+04
-8.776114484361578070e+04
1.873320151181645997e+04
-5.964520625816383108e+04
7.238643872318786453e+04
8.678983537846971012e+04
-3.787946917696879973e+04
-5.350771797211098601e+04
-2.052932539348308273e+04
4.468974649301482714e+04
5.818858713835046365e+04
-4.198488716650092101e+03
-1.790116853628895842e+04
-7.625893988720649213e+04
7.903271250596680329e+04
-5.514792868079560139e+04
8.519022863287142536e+04
7.130678815621323884e+04
-7.550419654075059043e+03
-2.708858123177717061e+04
1.882820095130914706e+04
-8.365663737379505619e+03
1.998069710855014273e+04
7.943880672720425355e+04
-9.785034865918636206e+04
2.559725232517305994e+04
5.981964961588457663e+04
6.357149345077423641e+04
-6.568100566413423803e+04
-4.627334688901490881e+04
8.708780011120214476e+04
-5.582813983077256853e+04
4.141251864208137704e+04
-8.298695431342168013e+04
2.224672605229237888e+04
9.734119794843019918e+04
7.872337362288119039e+04
-8.672896462585910922e+04
4.689710406457186036e+04
7.263062073106304524e+03
8.374609761807856557e+04
-1.068862733885346279e+04
-6.106343962260131229e+04
-2.093297954307730470e+04
-1.040012401737586515e+04
-2.536411605262426383e+04
-3.679483221988858713e+04
-2.641757999369470781e+04
5.954310942642364535e+04
7.094189259457704611e+04
-4.025734779715309560e+04
8.682115753106247575e+04
-9.007889364623538859e+04
5.209239606222832663e+04
7.072078541445184965e+04
7.599915175678624655e+04
8.979447796665841452e+03
-2.007669725883610226e+04
-5.677123358351721254e+04
3.286844393738992221e+04
-3.480206312756650732e+04
4.299202873375674244e+04
