-3.837267992793054873e+04
-5.706800575578923599e+04
3.174830808862073172e+04
5.916985853650161152e+04
-2.738683004798896945e+04
9.035636731978900571e+03
-2.636554620404585876e+04
-1.355039850224051042e+04
-5.746728531258294970e+04
9.742430945868538402e+04
-9.332257844990247395e+04
-9.810790265193959931e+04
-9.961137111885687045e+04
1.947700232225360253e+02
4.555732764991198928e+04
-2.642321185515218895e+04
3.695170668693073821e+04
4.896628040218829119e+04
2.498370445798295987e+04
5.396322273738354124e+04
3.915676575844553736e+04
2.847130597984065389e+04
-3.495738068289542571e+04
-3.527078788840691686e+03
1.984761175336219094e+04
9.982357830302753428e+04
-7.545128287712293968e+04
-4.638767840130183322e+04
2.766183473006639542e+04
-6.683037969606366823e+04
-5.037280136754121486e+04
-7.171286485150936642e+04
5.250115458480070811e+04
2.551197770766088797e+04
-5.931534818375838950e+04
3.124568592309723317e+04
-1.533600938895374566e+04
-3.912599092410937737e+04
3.278092113876534859e+04
9.534844658610927581e+04
8.540248756078493898e+04
-2.585671774899356387e+04
1.616273445101226571e+04
-3.208698318530150209e+04
-2.567197593610617332e+04
4.044274170730094193e+04
-9.207309723997362016e+04
-9.641882451248884900e+04
-7.716345125722422381e+04
-6.181993892111555760e+04
-7.887657969360443531e+04
-8.685884298733921241e+03
-2.258296789719165099e+04
-1.626023468896363556e+04
-4.435143217323426506e+04
-5.335118634619123623e+04
9.866378077375411522e+04
-7.224687892973399721e+04
4.089557308365794597e+04
-5.006008938889545448e+02
7.334460495297484158e+04
-6.837470833967824001e+04
8.056986183060005715e+04
5.298005377265957213e+04
-3.059424619196345157e+04
4.974722949854056787e+04
-3.055896654310002123e+04
8.827543674736899266e+04
-8.161031971416497254e+04
-6.881848509497017949e+04
6.472140449034138874e+04
4.936276697279459768e+04
-1.407218717743199159e+04
8.392280392846779432e+04
-4.059731530617694079e+04
3.545207253393199790e+04
1.585007290627150951e+03
-5.829226676626528933e+04
6.380763741099987237e+04
1.490024042634150101e+04
-1.314627786192824169e+04
-8.399075618371472956e+03
9.323863824210682651e+04
1.578488270356935936e+04
-4.459117203897388322e+02
1.211588861927991456e+04
8.851755062778352294e+04
-1.481566745836586051e+04
-3.851736470590933459e+04
-8.227978281709052681e+03
-6.507353661631274736e+04
-6.935636303338101425e+04
-4.116645106839755317e+04
-4.025431463572471694e+04
5.524508365377947484e+04
2.643340708285328583e+04
6.041409934561905538e+04
-6.827641952087930986e+04
-9.476960124044719851e+04
-4.333105562460974033e+04
5.108247878188219329e+04
7.662853159140673233e+04
3.788167305160607793e+04
-9.212175522925129917e+04
-4.368538496516635496e+04
9.079219839461796801e+04
8.150201260327313503e+04
5.316091361652256455e+04
-6.393143564446530218e+04
2.389000527691713069e+04
8.473374436969615999e+03
-3.460757812920325523e+04
-9.270759454082805314e+04
8.741812638924995554e+04
-2.757100371568496030e+03
-1.827434203727805652e+04
-7.483506126070985920e+04
-9.981502114032829923e+03
8.393676367653478519e+04
-2.720362353753607385e+04
-9.248303533921862254e+04
-6.279370422305096872e+04
-6.174805454365426704e+04
-6.549045773314487451e+04
-7.551486518921978131e+04
7.876724283684145485e+04
-8.844179487829399295e+04
-4.045139931654374959e+04
-3.791657343453374779e+04
5.965000688767553947e+04
3.296879907651960821e+04
2.113605066767078097e+04
6.043605123664708663e+04
-6.528412300352708553e+04
-9.308899752579712367e+04
8.374103210112964734e+04
-1.626776638605149128e+04
7.886920792277263899e+03
2.221946210907076966e+04
3.718838310584611463e+04
-2.269160684409474925e+04
-2.700600260886855176e+04
-9.051861324497110036e+04
-8.791617644621904765e+04
1.522893785554576061e+04
-3.798853409966636264e+03
-5.572185119672202563e+04
2.087755040869833465e+04
-5.686974165364840883e+04
6.925060653792847006e+04
-4.108099735056517238e+04
8.142218017250399862e+04
1.094319982722017630e+04
2.353880790105069900e+04
2.736111672952177469e+04
-4.662106044182305777e+04
-3.288473301713984256e+04
6.878366305152526184e+04
-9.886121090297088085e+04
-4.587711072550836980e+04
9.866607052084189490e+04
3.865860156955754064e+04
8.881227278130421473e+04
-8.176911820990005799e+04
-9.731546106909173250e+04
-2.065161214945866959e+04
-8.413873252947587753e+04
3.975905055428583000e+04
-2.547525156366773444e+03
-9.501515483107075852e+04
8.392741761219444743e+04
-3.154642824463940997e+04
-4.170851336397325940e+04
2.272422720436209056e+04
-8.119316785455093486e+04
7.810672707478805387e+04
1.590372447746813668e+04
-2.449221019820691436e+04
7.334061439787721611e+04
-4.612414632889132190e+04
7.409460073710311553e+04
1.764123046453597271e+04
-5.364914937766351795e+04
-3.802909627753763198e+04
-8.481118281056133856e+04
-6.514972938029364741e+04
8.007081731271144236e+04
-6.698107772942210431e+04
-9.066132321836688789e+04
-1.491530733027746101e+04
1.082171639436160149e+04
3.138038049837742437e+04
-2.578924405164120981e+04
-9.731749212168410304e+04
-8.060704427755520555e+03
9.976577376806286338e+04
4.510469933896734437e+04
8.929511900137443445e+04
-4.115549549972857494e+04
9.256885006102702391e+03
-5.343230056546461856e+04
-7.515082061149280344e+04
-6.614855278447210731e+04
5.779585116135481803e+04
-2.975031816956230978e+04
7.447410728567696424e+03
-8.368489540275670879e+04
9.003343101840314921e+04
5.289134742602336337e+04
-2.971583807147848711e+04
-8.201664998674260278e+04
-2.523772900502025732e+04
-8.444799074958309939e+04
8.686074454043389778e+03
-7.042909231229107536e+04
-7.724734510453695839e+04
-4.597414029478516750e+04
-6.527047110669060203e+04
-9.506904971952139022e+03
6.474944218422623817e+04
5.394787449549057055e+04
5.717718543059290823e+04
-8.650313550321414368e+04
1.131039255250272254e+04
-1.040188680909672257e+04
5.954494419132207986e+04
9.478576020505039196e+04
9.093464604630865506e+04
-9.263459718979679747e+04
6.578701423322509800e+04
2.524329785861507844e+04
9.077433550818997901e+04
-7.753290163900030893e+04
-8.166869783866955549e+04
6.467566216944855842e+04
4.661329255911665678e+04
-8.381264301900604914e+04
5.314575239589647390e+04
7.424964903748079087e+04
-1.095028872855850295e+03
-7.490931969470687909e+04
1.200810042816509304e+04
-8.411988417812967964e+04
-4.766216274519020953e+04
-9.230386860609856740e+03
-6.649888638353875649e+03
-7.211747151536382444e+04
-6.632966596393614600e+04
8.338067272416481865e+04
2.103831484919736613e+04
5.268651180241504335e+04
5.798747336965083377e+04
4.074136661096115859e+04
1.055841080845099532e+04
-7.255892879077528778e+04
5.330940530362782738e+03
2.023350935415348431e+04
-8.757443176895147189e+04
-4.863368146886085742e+04
-7.974155711453034019e+04
-1.391750865504841931e+04
-3.156495566556876656e+04
-3.220404086355965046e+04
-2.407384215898517868e+04
6.825758121132438828e+04
