-1.172687879497746144e+04
-7.904865704662106873e+04
7.503033295367541723e+04
-5.457410615628026790e+03
-8.431196274579157034e+03
-1.052836898350312185e+04
-7.572692412808538938e+04
-5.691483512476271426e+04
4.733533947453853762e+04
-2.519021854677196461e+04
5.597236931808957888e+04
-7.523999291992693907e+04
2.109611334959950545e+04
-6.341163374681102141e+04
-3.246464990860301259e+04
6.611491173783582053e+04
8.769422805902427353e+04
-8.957272882596065756e+04
-3.874638002783289267e+04
1.137787370842599103e+03
7.948637974988925271e+04
-8.011129464560253837e+04
-8.820413652906748757e+04
4.076932662567000079e+04
4.524134354114350572e+04
8.155305503345972102e+04
5.248161538337849925e+04
-1.344499801813620979e+04
7.629736018624705321e+04
3.609987933764110494e+04
6.374678360202584736e+04
8.102124441567968461e+04
9.447059827429015422e+04
-3.607736269276896928e+04
-6.692918991859555535e+04
-2.513954189564264016e+04
-8.809822358492299099e+04
6.442836311427691544e+04
9.966705308173633239e+04
4.846599809262536291e+04
-3.028093513472264749e+04
1.930954223016495234e+04
7.896663557332498021e+04
6.600097960879850143e+04
3.676064078973211963e+03
-5.581848370294782944e+04
9.432464963041909505e+04
4.503838728950367658e+04
-8.419151373973296722e+04
-1.141618460076411066e+04
-9.474845115688271108e+03
-8.144528324904637702e+04
5.571589246998372982e+04
4.019471811978439655e+04
-7.529518988456330590e+03
-5.793155826675261051e+04
-1.947534589880564454e+04
-2.952180615825990753e+04
3.204285466924697539e+04
-5.527021438271940133e+04
-6.316100921712112176e+04
-2.769762500503306728e+04
-5.106276663724406535e+04
-6.002536087285953545e+04
-9.393790539642494696e+04
-7.276191127744139521e+04
1.525382856863830602e+04
-6.668814783528471889e+04
4.654917691603153798e+04
8.171186807057783881e+04
2.013584521549269084e+03
-3.474017890698078554e+04
-7.346943148161662975e+04
-2.997251539418039465e+04
-2.332797470733683895e+03
-2.228225867442330582e+03
6.146279492176078202e+04
4.621168034959525357e+03
6.426204559163551312e+04
3.816597052689985139e+04
-8.659723043325332401e+04
1.255978087043269443e+04
-2.384189934795082081e+04
1.884473763643547500e+03
4.876129035340842529e+04
1.316518225442570474e+04
-9.057671865210495889e+04
-7.414347679027305276e+04
-1.476993529680706524e+04
-6.717101159502122027e+04
4.319472002389790578e+04
8.453853518852776324e+04
6.945691333227000723e+04
-3.919583022700045694e+04
-3.527411256432263326e+04
4.539352297582085885e+04
-9.878858034813590348e+04
1.358798678919467420e+04
7.956081147068578048e+02
1.805717179365156335e+04
8.261988060848168971e+04
2.553084820094498355e+04
-5.298912743349027733e+04
-6.066895744616480079e+04
-1.227908489609603748e+04
-4.554980490238391940e+04
5.626701901162863942e+04
8.623566462929330010e+04
-4.861168170652721528e+03
-3.864133906183564250e+04
-6.588594493448613503e+04
-2.643889458418786307e+04
-5.940030219530237082e+04
5.311184385030156409e+04
4.246053276834592543e+04
-8.848732211747980909e+04
-8.906121264556892856e+04
3.540907134427799610e+04
-7.252752783802844351e+04
9.183168845849618083e+04
-6.633757881780040043e+04
1.525748215741365857e+04
-5.512089088167997397e+04
8.145484022427587479e+04
-1.869488999374811829e+04
6.056299468450907443e+04
1.777203461523308943e+04
1.544459591366959467e+04
3.907404411190080282e+04
-6.944642668121420138e+04
3.295653530153657630e+04
2.606966286054026932e+04
-5.844010646876825922e+04
1.164296286799015252e+04
9.364473908170280629e+04
-9.520175565847728285e+04
-4.593514035825811152e+04
6.448391131991142174e+04
6.792758104860242747e+04
-2.811592596333451002e+04
2.748887319460991785e+04
-5.670398255426048127e+04
-6.533575076769972657e+04
-3.213675562003080267e+04
5.368587981529254648e+03
6.361031833847870439e+04
9.405911789586978557e+04
-4.771061797235334780e+03
-9.559389237089757808e+04
5.747742300991917000e+04
-5.202550378280739096e+04
8.966357561378752871e+04
-3.711545324185023492e+04
5.892034368555047695e+04
-9.860159668764003436e+04
9.542994056671725411e+04
9.986147281855442270e+04
-9.352021170399451512e+04
-8.686492053007299546e+03
8.208054339480459748e+04
-4.923106745553969813e+04
-4.730301801136202266e+04
-6.005287019658269128e+04
6.592790417322248686e+04
6.892941350774314196e+04
-1.196651512970135263e+04
-8.200846283474807569e+04
-2.169602080987840600e+04
-6.275592234252858361e+03
2.594299865904355829e+04
-5.322828324208250706e+04
-2.469156722980198901e+04
-9.433833656770941161e+04
-7.510038093146815663e+04
7.863589073848769476e+04
-8.735583851433213567e+04
6.712894121951464331e+04
8.698504447725390492e+04
8.521874237345908477e+04
2.080100248399098564e+04
-7.151951953399076592e+04
-1.813956395715670169e+02
4.258349953876096697e+04
8.223555635675558005e+04
1.658930199297135914e+04
5.526594185071836546e+04
-8.557125846438040753e+03
4.706759411233388164e+03
-6.749287151940244075e+04
5.906890371633789982e+02
5.209633625382851460e+04
2.344915097734170922e+04
6.213685673200969904e+04
6.678002547196963860e+03
1.321316216663930936e+04
-7.744381050684522779e+04
7.317920430375125761e+03
-9.758305976792325964e+04
9.616667598427327175e+04
4.690752997118389430e+03
-2.183578362251834915e+04
-3.676434964013160061e+04
-6.176966636100047617e+04
6.032787573172929842e+04
-3.565750621802645037e+04
-4.851415930421875237e+04
-2.215331366353292833e+04
-1.695610392839911219e+04
6.200109470391036302e+04
-2.052400895204492917e+04
3.248816738649591207e+04
-4.848872475464687159e+04
8.331585283184939181e+04
8.332105069790239213e+04
4.159165893503496773e+04
-5.531281596806222296e+03
2.605869893401236550e+04
-7.677868627845680749e+04
3.239978925375293693e+04
7.715849613888062595e+04
-4.282638012593003077e+04
-4.924015722200133314e+04
3.952485570128932159e+04
-9.826565148571743339e+04
-6.734614679759756837e+04
7.172665014900187089e+04
2.922757046915639876e+04
6.410894668851463211e+04
-1.987661837775070671e+04
2.501300443378304408e+04
9.526560596776130842e+04
6.981061771257096552e+04
-3.055467879144962717e+04
1.251637141421171691e+04
-6.397186254444632505e+04
-2.299605336623722178e+04
3.111786101723192769e+04
9.666145331696262292e+04
1.626420874272439687e+04
-4.838611845952889416e+04
-7.703323771474945534e+04
-5.593281180583906826e+04
-8.593981632246905065e+04
3.194275060587915959e+03
-4.222946266104545793e+04
-5.560155434326296381e+04
-4.701425591896469996e+04
-5.522667811039926892e+04
-9.642944875358014542e+04
-7.201832916416693479e+04
-1.454853332577948822e+04
5.700175705362555891e+04
4.790320322739590665e+03
-5.917570684944406094e+04
-1.491296333782018110e+03
-6.317204807353296201e+04
3.283152757812038908e+04
2.208877395753872042e+04
2.834735754637842183e+04
7.043400717033023830e+04
-5.926893380914408772e+04
-7.318910058926159400e+04
7.931910489465219143e+04
8.127069634243185283e+04
2.921564364711764938e+04
