-5.122351170905288745e+04
8.867852526653055975e+03
-4.705865840179858787e+04
4.526030165579709865e+04
3.622895439217440980e+03
-1.270808353073937724e+04
-4.411575687808377552e+04
-1.683947132707033961e+04
-5.917135342003424739e+03
7.233522419288053061e+04
-3.298835922475205734e+04
-3.712884238048942643e+04
1.771095525639544212e+04
2.793020234780605460e+04
-3.184520222539756651e+04
-3.876597985072636948e+04
-7.127498348535221885e+04
-5.077860771400390513e+04
-5.466968352871538809e+04
7.070881200077950780e+04
4.366224371782333037e+04
1.558961043986921322e+04
6.660959743136502220e+04
9.280098379084371845e+04
-2.865322098118834401e+04
9.046606971505706315e+04
8.993703046648051532e+04
8.249838840084988624e+04
-5.134398661144079597e+03
-8.328633475729236670e+04
7.958094680180614523e+04
-1.473014585900863312e+04
-7.910327244074265764e+04
-9.188346194843616104e+04
7.549679703299829271e+04
3.267276779102220462e+04
4.319301403441610091e+03
-4.030107185740784917e+04
1.017224396686893488e+04
4.467340129865647032e+04
-6.541428597146683751e+04
-5.545376721976362023e+04
-6.828596183604060207e+04
-2.716573753901746386e+04
5.159414025701725041e+04
6.226402409249575430e+04
-6.609464844601460209e+04
9.052114771160166129e+04
-3.393248906203539264e+03
5.829840204578298290e+04
-5.914413632880031946e+04
-8.747466416448006930e+04
4.201213393813944276e+04
5.344104941503046575e+04
-6.134177533224767831e+04
8.100303392488649115e+04
-6.649202136853527918e+04
3.022750082374208796e+04
6.817943061649799347e+04
-3.645879688762167643e+04
4.764865631072209362e+04
8.316643548503985221e+04
-3.454415984099866910e+04
6.636501215526084707e+04
-5.181132832745636551e+04
-9.798907898265621043e+04
-4.201753909398678661e+04
1.157567964912837124e+04
6.152616673364079179e+04
-3.893430836028620251e+04
9.725730629144857812e+04
7.859935996212071041e+04
3.819311806995575898e+04
5.582861269521630311e+04
-9.178319083333853632e+04
-3.357312150094093795e+03
-6.542658351141889580e+04
-9.353267169815667148e+04
1.084400459508436325e+04
-7.879068174832897785e+04
8.378066496013330470e+04
-2.353740581699784161e+04
6.782897003428045718e+04
-6.870956069311898318e+04
2.484035594057948038e+04
3.367677432428930842e+03
-6.237447879285253293e+04
5.910728359758033548e+03
2.942507589277661464e+04
3.153653167485423546e+04
-9.068560790793680644e+04
-2.480505822052026633e+04
8.620758760441867344e+04
-6.326481385989784758e+04
3.915608347480831435e+04
-5.577298683831251765e+03
-6.218269973094850138e+04
-5.918161888110220389e+03
2.359679722286107426e+04
-4.831325616850370716e+04
-5.733400271414443705e+04
-4.835304272610869521e+04
9.270096768127653922e+04
1.249672867908878288e+03
9.412894864588262863e+04
-1.035515329871557879e+04
-8.581363660449512827e+04
7.845583383471285924e+04
-3.660544773236424226e+04
5.795385812354072550e+04
9.477809168590880290e+04
-8.945569041640833893e+04
2.074422611644969220e+04
1.071047965536520860e+04
6.595518951644039771e+04
7.152713004020531662e+04
1.275328037862007113e+04
-5.946582532096852810e+04
-3.082817250104420236e+04
-9.065928268091372956e+03
-1.776753358830604338e+04
-4.242530260483722668e+04
2.900248650670068309e+04
-1.330062696687175594e+04
-7.458496497894945787e+04
-2.914903149524941546e+04
-5.655830602076059586e+04
3.365128322462562210e+04
7.662775705283932439e+03
-8.523862939755975094e+04
-4.745879215171828400e+04
-2.742870000744217759e+04
-6.125960633593171951e+04
7.585513285571601591e+04
-4.786765346905370825e+04
-5.049188761093965149e+04
-9.346638768757137586e+04
8.730867888485812000e+04
2.658793374008417595e+04
-8.301474577216578837e+03
6.444599061182819423e+04
-2.337818822651670052e+04
6.208251673565420788e+04
3.328382549618851772e+04
-4.342184786870041717e+04
9.671000291183067020e+03
-1.814610599896826216e+03
-7.464117541427099786e+04
8.477863950329620275e+04
-5.218567012664928188e+04
8.040156192417362763e+04
9.838436502391046088e+04
-8.770225214116227289e+04
7.329004166613245616e+04
-7.098211899920512224e+04
7.597131526145823045e+03
1.816713627227829875e+03
-4.480674617307222798e+04
1.097753350183558905e+04
-3.739082387447473593e+04
3.034573998543053676e+04
5.074747344816583063e+04
-6.363167694219484110e+04
6.280943249429884600e+04
-6.326730327193393896e+04
-5.056861443075222633e+04
-1.349115178090090922e+04
4.449694362304008973e+04
4.879959421938627202e+04
4.088972700134372644e+03
1.338323513588002788e+04
-6.690354193002032116e+04
-6.395666721594090632e+04
6.706321871854740311e+04
-6.799945785085995158e+04
2.748405920273652373e+04
3.857042462284945941e+04
-2.977045414942602656e+04
-2.451517573027968683e+04
-7.349602593113371404e+04
-2.319646152516744041e+04
-1.471457618795779126e+04
3.955347643179100123e+04
7.719768458259911858e+04
3.202182299402435547e+03
-6.601088358453371620e+04
-4.943758608761680080e+04
-1.314338933931318024e+04
8.457546974610631878e+04
3.915805525807240429e+03
4.048917570182790951e+04
-9.936731879328186915e+04
-8.323117819086949748e+04
-2.163542141136006467e+04
-9.806332457186598913e+04
-7.600172128720744513e+04
-2.722154167864473129e+04
8.037723577798927727e+04
-1.027297159451981679e+04
-6.740927864108691574e+04
-4.961518001907361759e+04
-3.130319595249734266e+04
-1.628099181168336690e+04
8.717565096861530037e+04
-3.625421554673279752e+04
-7.931895727369295491e+04
7.896619056031090440e+04
-6.266993458282118809e+04
-5.478372790118976263e+04
-4.809459634665017074e+04
-9.727170363614210510e+04
3.966044673786876501e+03
-7.284613598094305780e+04
5.243532949101861595e+04
-9.245536528502643341e+04
-1.305288353118045052e+04
6.677920064999573515e+04
8.277353945878257218e+04
-9.134390385729806439e+03
-3.261520610216048954e+04
-2.871883518556538547e+04
-6.581702772167875082e+04
-5.436194920789380376e+03
-4.150784793366437225e+04
-2.708797561346449584e+04
3.336467556192568736e+04
-4.370542066277308913e+04
-3.164255956106974190e+04
2.254181177336169640e+04
3.175150092271997710e+04
-2.882753803815826541e+04
1.437116590790211376e+04
-3.186839723404160395e+04
6.467742864202037890e+04
6.134060312542782776e+04
-3.891816613852611044e+04
9.134837390549876727e+04
8.072237653633147420e+04
6.918577001469525567e+04
4.415125052498206060e+03
-5.976365994321558537e+04
7.861262533191113107e+03
-6.048130377977612079e+04
7.915605351909232559e+04
-5.728579547825936606e+04
-7.890414011860884784e+04
-2.773716636459502843e+04
-8.895033973433617211e+04
2.365472443625848609e+04
8.619035895880988392e+04
-3.849283158141085005e+04
2.027816907391119094e+04
2.796892005076312853e+04
5.902442853437095619e+04
1.303557722232896413e+04
-1.606087541356546171e+04
-9.858701640477927867e+04
1.603227814455772432e+03
4.685890618999271101e+04
8.494321771209310100e+04
5.843574698755378631e+04
3.580645510215855757e+04
7.591113306724229187e+04
2.292566045785959795e+04
-3.120755147374021908e+04
