2.731869157151913168e+04
-9.688109034320889623e+04
9.592752470741971047e+04
2.841943279652524143e+04
-4.420727941553218261e+04
-7.946942058973471285e+04
9.535484988390649960e+04
-8.039937103864528581e+03
-1.659024737790349536e+04
-8.824854435724022915e+04
-7.577287503411246871e+04
-3.397320014094734506e+04
6.107779552083566523e+04
2.579117016448800314e+03
3.988972937814337638e+04
7.937260452442089445e+04
6.624353392515261658e+04
4.514968848090549000e+04
4.493145021448774060e+04
1.395035429108051903e+04
-9.883749002583150286e+04
-6.375108289018510550e+04
-6.477227547398204479e+04
9.926841583265991358e+04
-8.665534321750164963e+04
8.554331338489160407e+04
6.509583718925828725e+04
-3.817635720576305175e+04
9.912589950055099325e+04
7.189689558026316809e+04
-7.294089348458900349e+04
5.663180972094237222e+04
4.686756260302532610e+04
-1.704626617672596331e+04
-5.476002433776034013e+04
7.918407804887546808e+04
-8.656544557352704942e+03
2.587317997827024374e+04
-8.072432793284006766e+04
1.463317228818260446e+04
2.692871687151820151e+04
9.734167107915271481e+04
-2.963115755393968357e+03
5.674945258376793936e+04
-5.405658691668814572e+04
-8.290770514345493575e+04
-3.326669963171738345e+04
-7.889592998605237517e+04
-1.800151733435532151e+04
-6.104797952035946219e+04
-6.563942283508622495e+04
-8.191427146565170005e+03
1.938729433373362917e+04
4.735504822544290801e+04
9.175378626886541315e+04
6.561034383607367636e+04
-1.223730578340274405e+04
1.722522045153632644e+04
6.829191200115773245e+04
8.807081403477002459e+04
6.299724001109197707e+04
9.111532955584193405e+04
-1.173215226501330653e+04
-5.082273937503195339e+04
-2.823900576686935165e+04
-4.078243786148551590e+04
-4.324311934454923903e+04
8.665099102675725590e+04
4.442478391656345775e+04
6.214940360188006889e+04
3.130848035915344008e+04
-7.821028341057668149e+04
6.476752739183526865e+04
9.089668002728713327e+04
-8.020222501120298693e+04
-8.468066536863247165e+04
3.440278143352745246e+04
-8.656281317649055563e+04
-1.578797937009889029e+04
-6.947361573378351750e+04
6.525651347385850386e+04
3.609433821323481970e+04
-5.445746168514516467e+04
-8.236354853949733661e+04
7.760357704468579323e+04
6.564012384273369389e+04
5.044819717753958685e+04
-8.974471980703270674e+03
-6.863303724759962643e+04
7.499929076080631057e+04
6.747979787408128323e+04
-3.397993808479874860e+04
-5.998581193067885033e+04
1.184074199211626001e+04
9.550907947291784512e+04
-3.369408605115425598e+04
6.571727751397012617e+04
-6.080692428094218485e+04
7.233351430197359878e+04
7.618405832697193546e+04
-7.274169659924834559e+04
-3.268297177708449090e+04
6.994192044215818169e+04
-2.998798851789081891e+04
4.286800061726368585e+04
-7.003399668135744287e+04
-6.097796277047706826e+04
-4.758572608919676713e+04
4.433313913570199657e+04
-9.299028526906312618e+04
2.870591615944618752e+04
9.802952053579280619e+04
7.075899534701797529e+04
6.467441965799313766e+04
-5.491699005491346179e+04
5.600833760523078126e+03
-9.116125776513623350e+03
4.251122752490296261e+04
-6.536654201607784489e+04
1.641513910746321926e+04
1.080203285823664555e+04
5.607032841708900378e+04
5.330828368311967643e+04
-4.578258318162595242e+04
2.120842403025047133e+03
-6.566317076246708166e+04
-2.333052324763884371e+03
-8.074243985998971038e+04
-5.072644519661914092e+04
8.205029989157641830e+04
-4.898950184406394692e+04
2.069213129778107395e+04
-7.262124394696156378e+04
4.725576778355152783e+04
5.996892375824647752e+04
-3.451934680027874856e+04
-2.017664858151060253e+04
9.242492230463458691e+04
-1.364586295429845268e+04
-1.176494341504150907e+04
-4.830070309275882755e+04
7.913234114950019284e+04
8.012973165621976659e+04
-5.367700632017444877e+04
8.840100983581211767e+04
-1.494390195721921555e+04
7.825503071582538541e+04
-4.612429581781526940e+04
-7.728201441309407528e+04
-8.171311935501699918e+04
-7.621087322744184348e+04
2.585429375916569188e+04
-8.433559552907053148e+04
6.220329266425372043e+04
-6.151219577602906793e+04
8.612049197959255252e+04
-9.995779405646896339e+04
8.588521923472857452e+04
-9.171283586804530933e+04
4.147539460969356151e+04
3.401613989782497083e+04
6.910204132281047350e+04
1.083485834454471296e+04
2.460416863870151792e+04
8.617536380657499831e+04
-5.260877383696258767e+04
-4.119684438800655334e+04
-7.557208082368729811e+04
-8.340954947437936789e+04
2.327582800055568077e+04
2.858638965566060142e+04
7.443185235905494483e+04
1.901713628547099870e+04
1.294420782044405314e+04
-6.110824023239406233e+04
-2.173824624488077097e+04
5.367368860072318057e+04
5.090732371147629601e+04
2.918928059269575533e+04
-3.334611746269143623e+04
-3.558832054267724016e+04
-5.873613033441003790e+04
1.688487117105447032e+04
2.200572748318446247e+04
-7.908038147720544657e+04
5.730392965554052353e+04
-8.227564301960855664e+04
-6.368034070978275849e+04
2.190681047673475769e+04
-1.549041363109759004e+04
-4.783037546910114906e+04
1.355652994176716493e+04
9.787362936265471217e+04
3.713593866292742314e+04
5.630756346049375861e+04
3.486529485439666314e+04
3.549443058507621754e+04
8.351955780579548446e+04
7.608633760054863524e+04
9.300876017826161114e+04
5.531836426916081837e+04
9.558949612327896466e+04
2.201868756847436453e+04
1.766510695683438462e+04
-3.458111628695217223e+04
-2.256235792643055902e+04
-4.441632803834269725e+04
-4.078565058760692773e+04
3.135056462384272163e+04
-7.965643344490489108e+04
-6.123850075251569797e+04
4.573232960615251068e+04
-2.276458717038202394e+03
7.581137650801952987e+04
1.046181482955674710e+03
7.876268556223744235e+04
4.029970882755740604e+04
-4.326607683385986456e+04
-4.169278384078182717e+04
2.204381351220897341e+04
2.278192266814602408e+04
-6.959207689025788568e+04
7.462412175080143788e+04
8.281724388480991183e+04
-7.297836930177079921e+04
-8.058571652100616484e+04
-6.226202985109786823e+03
-7.924447497564589139e+04
8.360277074627143156e+04
9.274492188294426887e+04
-1.353270415526717807e+04
6.799773183331466862e+04
5.102470958970333595e+04
-4.797811414765661175e+04
5.946158094742722460e+04
2.128522998721054682e+04
-9.047288378480901883e+04
3.599783847890201287e+04
2.467403983503319978e+04
-3.517671827363507327e+04
3.114820446515742151e+04
6.547439738140978989e+03
8.270190994782021153e+04
-5.431454829296166281e+04
7.616675950788924820e+04
-8.483742260373293539e+04
-9.587752148334590311e+04
-7.465785060871156020e+03
-7.396426009658553085e+03
6.937056770597105788e+04
7.616885818065326021e+04
-5.707316464274629107e+04
5.234457768289654632e+04
-5.034767737172646594e+04
5.531315132963870565e+04
-2.919851916200826963e+03
-9.776655328388095950e+04
-1.498591256068885195e+04
-8.387944686343998183e+04
3.105590804050097358e+04
1.364668826276986147e+04
5.981177561531831452e+04
4.640971854138213530e+04
7.041022685367260419e+04
-7.510650270246579021e+04
