-4.822905067598579065e-01
2.009005088406372042e-01
4.407185659334747485e-01
-8.604280260593862861e-01
-1.107264092960301927e+00
-4.540765089753995287e-01
-8.453198945090403260e-01
-4.503448086462590316e-01
-1.005330988304312889e+00
6.183148134815278363e-01
-1.389242160643696100e-01
-7.801335975459282590e-01
1.696949648847550174e+00
1.298094657012266451e+00
2.077879291036653364e-01
1.571829492729370226e-01
-1.323793183292791609e+00
9.446862961714805884e-01
-2.565294060188643144e-01
-9.555153267034672826e-01
1.169024816427190611e-01
-1.973526901499021768e+00
-9.633436842093708041e-02
-1.472399061759636363e-01
1.130509923808270978e+00
-1.284692593901655133e-01
-8.132254186345909686e-01
-5.331421469014885339e-02
3.320873382141585894e-01
-7.084994434995707246e-01
-6.627357458560304004e-02
-5.924746252509828226e-01
-1.216869122132259173e+00
-9.998228891070660707e-01
-1.075522007514497780e-01
-1.780033818961631598e+00
-5.032073627690110129e-01
-5.898657381232269570e-01
-1.552410760789377120e+00
-7.256151645186537102e-02
6.124607099422171297e-01
-9.043644335705949278e-01
-1.830934153378491303e+00
-9.930046599310382582e-01
-1.075667745186613677e-01
-2.622728979237698432e-01
-8.166231644024879444e-01
4.301774752584515693e-01
-2.739101687278119868e-02
1.294454852987687865e-01
4.768276752212344816e-01
3.441180625984946451e-01
-1.670281678110761003e+00
9.444078474420702918e-01
-1.073917428655487116e+00
9.623852111680559762e-01
-1.368289060395807333e+00
-6.223534240355698133e-01
1.917981672472542920e-01
-1.158542998259458612e-01
2.093634468444596775e-01
1.589255719604254047e+00
3.691367572731514834e-01
9.144031412472035658e-01
-1.185481892673833304e+00
7.779564951155180097e-01
-1.136971482476759832e+00
2.977196054517438628e-01
-2.744236685351848087e-02
3.421860622263370733e-01
3.480364683417356275e-01
2.199538249556573233e-01
9.211296907962924774e-01
-7.783755973807527928e-01
-9.085565627166662939e-01
7.103961542820483865e-01
6.705478638931852142e-01
-6.220741358685666356e-01
4.854298762676293455e-01
-1.183555236978436787e+00
8.488386907392235781e-01
-1.621752582702544743e-01
5.542014237291299494e-01
1.240579576584889265e-01
-8.085185892865078827e-01
3.495895287942784035e-01
5.781912032300523530e-01
-7.196157329705923367e-01
-6.598586611796826429e-02
1.097208721003641418e+00
-8.023165697535908358e-02
1.231540438491191436e+00
-7.385785419015994391e-01
7.490947281220208254e-01
1.669448566277941248e-01
7.615500870064287886e-01
-5.279474901575439416e-01
1.520578324642144263e+00
-5.987501661123365571e-01
5.438398582712528073e-01
1.214779427677633583e+00
-7.678846029667579787e-01
-6.985977468580839567e-02
-7.747650537662423842e-01
4.104615290618248702e-01
7.322207494573584885e-01
3.587619730483272429e-01
3.992310391509337753e-01
6.000782567949134449e-01
-4.166529601887483669e-01
-4.868081326116558971e-01
-7.055094065205782528e-01
2.893082159356050731e-01
5.793802399668901426e-01
-9.515139396315759335e-01
-5.983055292577279527e-01
-3.681887418607387996e-02
7.768156728914626941e-02
-7.188366552926599429e-01
-1.010807421404673612e-01
1.963593181366493967e+00
5.920412583011508412e-01
1.227054605406284471e-01
-2.900342131600057716e-01
4.921077571211301960e-01
-6.648804837545896351e-02
5.830643035400603358e-01
9.264126899524717240e-01
2.226791831201309080e-01
1.445602406382758831e-01
4.381478703304051425e-01
6.518867562328661824e-02
-2.481502794374564891e-01
-2.603145965875528489e-01
6.029616615234815180e-01
1.019319741768351051e+00
6.132264561173567108e-01
-7.973048947640537509e-01
2.952874238714556787e-01
-2.066566645567283089e+00
-8.265536615857933533e-01
1.009942381402765821e-01
1.532948695326318556e-01
1.248662161734117038e-01
-6.193626349690832811e-01
1.357612914450008645e+00
1.115121623981692733e-01
-3.942691868933514421e-01
7.811047223175949794e-01
2.714380122689783459e-01
5.561672988692508701e-01
8.252024763607102020e-02
-2.020847867937257014e+00
1.354942206558827023e+00
-6.526784460700409962e-01
3.777462403706151051e-01
1.028007006211833607e+00
1.140928118988605799e+00
-4.067437871697758833e-01
-4.877670201917668757e-01
3.976041606688219265e-01
-1.600584699513394327e+00
4.316963688788357234e-01
6.763903542702563998e-01
4.470821861411494735e-02
4.463639536434255706e-01
1.539448759966366431e+00
4.527714782358271961e-01
7.162597861274644373e-01
-7.505748974707326937e-01
-3.190970347554618058e-01
-6.806544080304454125e-01
9.386686337295578886e-01
-6.011671636411364261e-01
1.121476729788663640e+00
-1.670381594316334428e-01
1.400194141545635096e-01
4.619975735294985508e-01
2.412046756244718704e-01
9.674662598982836093e-01
-5.363121846199438991e-01
5.963645930261205486e-01
1.389079916173374230e+00
6.501943808344972098e-01
1.110434058871457186e+00
-4.427473707773374456e-01
7.396475316122487209e-01
1.475887453644596503e-01
-6.869994170624069696e-01
-7.861293129962371173e-01
-5.309810161561315800e-01
6.267993518726650004e-01
-1.043321619820204882e+00
4.558494593286673835e-01
-7.523128054944614451e-01
-9.071922025914652687e-01
-6.980814952317689892e-01
-2.000938767087911407e-01
-4.529162568038577752e-02
9.197767775049180417e-01
-3.876689978423952798e-01
-1.623628297417063493e+00
9.668841035542112827e-01
-6.430022821912916298e-01
-6.809973610795948540e-01
-5.619164099981750482e-01
-5.096329355731404886e-01
-3.907736050573741293e-01
1.214366496277798468e+00
4.853976778384189172e-01
3.198196740031449270e-01
-6.175571846841103607e-01
7.230313423398274653e-01
-1.023930392828083402e+00
6.136954381622135024e-01
-1.553333927118811242e-01
-2.153832005244656622e-01
1.305171925731982263e+00
7.383746808722191357e-02
-1.042254509179593613e+00
-8.149286474863662866e-01
-3.258380139590590363e-01
-1.563885601985822493e+00
-1.839221967614811382e-01
5.301330625573049682e-01
-7.772603315153492343e-01
-7.519682547256274496e-01
-3.182283179981765242e-02
3.551348551101994877e-01
6.750963656001293112e-01
-9.142009112841287255e-01
-2.890007832762618856e-01
1.049634880645907486e+00
3.914001336359607119e-01
3.605912588324604595e-01
6.209266792770926635e-01
-4.336550459199743912e-01
8.097146211705357199e-01
-8.651481787098913578e-01
5.255377058213844821e-01
2.200383150086893114e-01
2.160096673157620439e-01
-4.709765297619919466e-02
1.235548269038222235e+00
-1.075023323541905107e+00
4.135489760379965074e-01
-3.914942743723309748e-01
-2.484520703401559560e-01
5.381681835595945040e-01
3.310042199831617626e-01
-5.824097025406113071e-01
-1.242275540558839930e+00
-1.924989940270988908e+00
1.722167809006966421e-01
1.438808480968612191e-01
-9.830669253124766360e-01
-2.063650945304364159e-01
4.300062144434133038e-01
1.391923396281771474e-01
7.666426478377386111e-02
1.301537549132163907e+00
2.151201942186956317e-01
8.043117253454561411e-01
6.090336047232240979e-01
1.366191635769637980e-01
