-6.656145582541368455e-01
9.151780629655732469e-01
2.944551967548630911e-01
-8.516438986541688960e-01
-1.517960249732003053e+00
-3.897794667984537109e-01
-7.495528286782752181e-01
2.587533994270618809e-02
-1.016868919658281190e+00
4.346094360896789466e-01
6.472303461342185371e-03
-4.137011312254489370e-01
1.526799672570813282e+00
9.080524817628217171e-01
2.283344967391297275e-01
7.046020096974999758e-01
-1.354097195208078031e+00
1.219026364908110338e+00
-4.610050413298617533e-01
-1.365643782390114191e+00
3.432070008916107140e-01
-1.643741891548362144e+00
-1.785088126003213094e-01
3.346362390718329305e-01
9.625063191197779089e-01
-5.854542353076519490e-01
-8.078699254839755151e-01
-3.188522613964858698e-01
-4.866120473696240456e-01
-4.530865904461791049e-01
-1.833233872205791704e-01
1.067455917124325027e-01
-1.451342040908176756e+00
-7.689593422089159303e-01
-5.652090038553234663e-01
-1.738714994213419684e+00
-2.375620364580900423e-01
-2.769922495112696614e-01
-1.487663446660340227e+00
-2.310449792411525816e-01
4.905060652833380663e-01
-6.256823684453228784e-01
-1.572588590737409087e+00
-7.205669493247467416e-01
4.880285702367639367e-01
-4.403706516154483053e-01
-6.522160497192937001e-01
5.721858351450987978e-01
1.976235120295410375e-01
-3.487946833238758648e-01
3.378572614128906859e-01
1.845299616476097360e-01
-1.762897927451922975e+00
8.678194000750976134e-01
-1.698433557658120652e+00
3.719480372470156948e-01
-1.255707607315225127e+00
-2.490170102785536355e-01
3.092932858429698895e-01
2.426773839807628286e-01
4.076759242286818741e-01
1.651506265124481843e+00
-1.399871135495115715e-01
7.303065245194186872e-01
-6.744155341134178139e-01
6.667755908680288446e-01
-1.307460622952153484e+00
1.362555765497741322e-01
5.633310172917531389e-02
4.744239043993848659e-01
-1.525794399051520478e-01
-2.865146447740894442e-01
1.294584952136673017e+00
-9.394313774841599463e-01
-1.292131003835567782e+00
8.251957104349090244e-01
6.486371068298331100e-01
-5.045961113421005839e-01
3.438190470197762805e-01
-1.095200499446362441e+00
6.955143478689129743e-01
-2.647934790362621027e-01
3.119456438785734309e-01
-3.459055319426784791e-02
-7.866624859420180416e-01
3.152727294761422105e-01
5.850554603093516270e-01
-1.008413595614003011e+00
2.884188161974755166e-02
8.996176673466756979e-01
3.925623459897388257e-01
7.564373483607765847e-01
-1.548443946005290672e-01
4.037659466758764526e-01
3.289044640098105488e-01
6.183476088143318172e-01
-9.398259733684254380e-01
1.199224259567828188e+00
-5.904604501880792444e-01
3.855466118291897004e-01
9.297003598520081624e-01
-9.135884934996527651e-01
3.988412635454568478e-01
-8.735111674024850226e-01
5.566233105709548212e-01
8.701384476040976423e-01
3.696548866936671396e-01
1.633564522337801750e-01
4.525910705546204449e-01
-5.615810156013931742e-01
-4.728497878407034172e-01
-7.880330990679240699e-01
1.044609741276740222e-01
6.437789401598681405e-01
-8.300695068412123900e-01
-2.972959765300583479e-01
3.536598502633765406e-01
5.405672511637473754e-01
-4.079201001160820406e-01
-6.364220678789884733e-01
1.645404648655121704e+00
1.002003970400019983e-01
2.954199885284988225e-01
-1.189434965918710341e-01
1.014730031890825446e+00
-4.974589106895082047e-01
3.224304925637560548e-01
8.755235486283194923e-01
-4.281947850189285476e-02
4.964291152614365155e-01
8.922118558879503780e-01
1.095214013698397326e-01
-4.975025254749306791e-01
-5.315874888789429153e-01
1.818806120768277357e-01
9.102072016933459020e-01
2.760927048885145063e-01
-8.102622882881325150e-01
1.209545487078997617e-01
-1.971246297197901898e+00
-1.186153169038461908e+00
1.903008792635652036e-01
-2.578500074320250190e-02
6.479831859653258919e-01
-5.742197199857286272e-01
1.445907970435337475e+00
1.307061257144506716e-01
-1.201130886511412588e-01
1.141574277376793844e+00
-6.062188374504505484e-02
1.573559622881164910e-01
-2.729345764331352897e-01
-1.255938816247321732e+00
1.122015568400570595e+00
-7.164691629095907288e-01
7.863481028784542470e-01
1.258137941609947186e+00
1.054492891282898359e+00
1.394203663933297477e-01
7.112754731211989867e-02
3.436958421678400488e-01
-1.004673638633020172e+00
6.685505988952192835e-01
1.198401448796704294e-02
3.067837094788894436e-01
-6.745729438461595118e-02
1.298982548352792810e+00
5.219949855635336311e-01
6.117563016874449922e-01
-6.406412875798364048e-01
-2.929277810853844199e-01
-9.222366133784745124e-01
6.842220736694313299e-01
-9.723042179008565267e-01
7.932622237693016665e-01
-4.570096088057608030e-01
-2.661527484605563099e-01
8.376307677371092053e-01
2.386484827325713598e-01
8.004307325730921630e-01
-6.140095930810163249e-02
3.305703662756868111e-01
1.407490840172104685e+00
6.108473805714911276e-01
1.002816325252234853e+00
-3.621755307216640296e-01
4.742138652696183954e-01
1.219782410334103312e-01
-8.865105397310493185e-01
-6.779326612303331334e-01
-6.063239393636582486e-02
3.915235464495795403e-01
-9.713264534048191567e-01
4.567234527494517526e-01
-1.964472962528975297e-01
-6.564033596853319219e-01
-1.099771165575282650e+00
-1.634821107622750069e-01
-3.852635966488761610e-01
5.605541173275502276e-01
-3.084476706031055726e-01
-1.661725461904520085e+00
8.641188525327161418e-01
-6.179930391019594627e-01
-8.947626965181345593e-01
-7.776728761794505784e-01
-6.166520288169918818e-01
-1.592418202774424085e-01
1.048162221071473388e+00
5.888238892769084298e-01
4.131399916298401642e-01
-5.340629613725768055e-01
8.364642288640754542e-01
-6.069573727307453481e-01
6.422827185045540954e-01
-5.253236422000708006e-02
-1.375914523178413396e-01
7.370026922587418206e-01
-9.253092764466508413e-02
-1.175648896554115419e+00
-1.006887698262860731e+00
-3.863305061500652560e-01
-1.738586743981494376e+00
1.210691794369850582e-01
6.404031595710785174e-01
-4.593821738127297216e-01
-7.931104505386690207e-01
-2.166831060426268052e-01
3.649909083235534646e-01
7.518505801175501269e-02
-7.636684580389718757e-01
-1.201539228624889155e+00
4.567072056242921785e-01
1.651415103581619082e-01
1.539511303507245243e-01
1.092759418551927819e+00
-3.011176572164190324e-01
4.613224658600305617e-01
-7.768502858499610753e-01
7.037715649343094793e-01
6.888016906483726554e-02
6.027314595705281219e-02
4.448735979080266079e-01
1.049417200831540109e+00
-6.822317946085465490e-01
3.207632981243786485e-01
-2.062531243318877772e-01
-3.859402158061289168e-01
4.433866330568868586e-01
3.953724369710516218e-01
-1.138221803016259193e+00
-4.200053908731540830e-01
-1.884481217474206050e+00
-2.100440397814415106e-01
4.566483776003962131e-03
-7.911263095923239952e-01
-1.445058840031879788e-01
3.000156579149390046e-01
-2.130286807244631819e-01
-6.775009433042964435e-01
1.401834868394480571e+00
-8.741181707167619552e-02
7.738977961534000416e-01
1.497789087267471286e+00
-4.867901858846927776e-02
