-1.748306843829571244e-01
-9.757946174654441585e-02
-3.152107816539131413e-01
1.984586057473176068e-01
2.062701267400235683e-01
-8.364140105160637884e-01
-5.603204919636051162e-01
-8.216052814625267597e-01
2.849452377036810757e-01
8.030031975778381126e-01
8.681998790197211768e-01
-4.502181723399748536e-01
-8.396561487506335464e-01
-7.019839434882463314e-01
-9.921054824204483813e-01
-3.598080627306651236e-01
-3.742191530766075802e-01
6.445358444054101188e-01
3.992505354149450403e-02
-7.948322210405822652e-01
-3.394148230038128711e-01
-7.670217125787865964e-01
1.314798699331811482e+00
-6.632089574788773145e-01
-1.222641074682136175e-01
-2.879124301568970479e-01
-4.587239391821112955e-01
-1.164578305676927661e+00
-5.216881943515720987e-01
6.167437037607067518e-01
-8.207895937974248879e-01
1.781237570316628882e-01
-4.310651115737342276e-01
1.504031103664651425e-01
2.959110140835902181e-01
9.739376237479007159e-01
-7.863158012080881942e-01
-3.965912726245549025e-01
1.621095278695228181e-02
7.348538017501148323e-01
3.470565688097462242e-01
6.704696159475915795e-01
-8.566022595445481613e-01
-9.816058414462882631e-01
1.620806519235212795e-03
-1.863878490336828009e-01
2.987592244799737728e-01
-2.361174859586577177e-02
1.006874751123526979e+00
6.335280372827196693e-01
3.093992981706551459e-01
6.149355430542852163e-01
3.807146120509031229e-01
9.232840890121218891e-01
1.101816149631229313e+00
-6.414788442433874138e-01
-5.913823563533855410e-01
-7.003169926953456415e-01
3.572443619767975420e-01
2.085207122066493612e-01
-9.350415804952654231e-01
2.058886012499637486e-01
-8.272615611394281698e-01
6.888987667631262246e-01
-7.099637512203750278e-01
2.710151566429968018e-01
1.911378485182019804e-01
8.944162272182202278e-01
6.555101102432534521e-01
-4.074651910436386526e-01
-7.079285044109201452e-01
6.647086644990147786e-01
1.132879074508255923e-01
-4.053687265626909619e-03
4.938601434981221838e-01
2.656193643136490756e-01
-6.865563262162592828e-01
7.124981980008489035e-01
7.786788972065891157e-01
9.725126213750956428e-01
9.075122990839633585e-01
8.351656644707137200e-01
3.269028216624579319e-01
3.191893277056213618e-01
-4.966104694994974977e-01
6.906608050827840461e-01
2.873327391058062563e-01
-6.751930320041249489e-01
9.373389789077637424e-01
-9.126883589217819059e-01
7.103034073717412467e-01
9.536272072287284018e-01
9.437668706344098934e-02
-8.394468476664137535e-01
-3.478930956706000055e-02
-3.058755599514567103e-01
-8.961961120319725804e-01
3.963076489945017711e-01
5.443166052733725002e-02
7.769872116136813389e-01
1.017762031226358888e+00
-1.194343339762051204e-01
1.024239583304734857e+00
1.425443613868901116e-01
9.730037798712044550e-01
6.949192439896934026e-01
-2.037789650150638732e-01
8.997085290504999167e-01
7.383258970181511005e-01
-8.038621901289947358e-01
-8.537644341892473010e-01
-7.439778730403822093e-01
-9.465073754773742909e-01
5.324933628918877559e-01
6.681990348034683169e-01
1.289289458838718816e-01
-9.751359411825368806e-01
7.799212077022804612e-01
5.124266243865032155e-01
-6.381706877423252156e-01
-9.424686841602656351e-01
8.308154494133512813e-01
-4.339228707560975340e-01
-5.581826624559453887e-01
-8.604346690031945410e-01
6.992908397825906563e-01
2.656534129085152962e-02
3.046526151195414478e-01
9.867182623472262604e-01
1.066666129552853892e+00
9.660585543010686838e-01
-6.511249714524303123e-02
-1.010894490210988150e-01
-1.071547485340014871e+00
3.974140315076789554e-01
2.406753344468021971e-01
7.776939126121477086e-01
4.065162412416308824e-01
-6.908773564634026476e-01
7.888697112003434375e-01
5.364112726900377437e-02
7.358209952430276868e-01
-1.310848410225817773e-02
5.755547737490562810e-01
-2.458927297246877308e-01
-5.057351913792519360e-01
6.458020600576899750e-02
5.845207108915244643e-01
-9.851704703380584349e-02
-1.254765870963883367e+00
2.337284017694752358e-01
-8.475276054551930116e-01
4.054790363862577629e-01
6.572633353237420373e-01
-7.137883998417450249e-01
-2.559626767507693357e-01
-6.099860760454971498e-01
-4.031878426424749251e-01
1.325928898870015749e+00
2.917100204292329413e-01
-7.869239413824729024e-01
4.138622210184034755e-01
4.846922701724101779e-02
-2.151642083278808015e-01
1.092444392896091188e+00
-8.067350038549951918e-01
-7.102224734882978119e-01
-9.595266151837836821e-01
-5.586537385616628937e-01
-9.424824111896725753e-01
3.977877106409964947e-01
3.274163401221491521e-01
-1.980855454876979393e-01
-4.496814033432134927e-01
-7.274830259083541195e-01
-1.062865098078498383e+00
-2.573520280697442209e-01
2.630815441617240236e-02
-1.716798680651641928e-01
-8.256943187687152408e-01
4.836074341083560491e-01
8.479595295373640873e-01
-1.161444778486985685e+00
1.207131786698704135e-01
-8.721150916189218671e-02
-7.764087575365495875e-01
-7.591910964078855129e-01
-1.051661260895594419e-01
4.823052884742971558e-01
-7.363381396740071860e-01
-8.399505785495848809e-01
-2.283289318825426073e-01
-5.611070424834074810e-02
-7.131392671967089480e-01
-1.992994109666326730e-01
-3.851936294405430283e-01
8.092857363743183319e-01
1.040363138638662061e-02
1.079112334388772354e-02
-3.187352409413839183e-02
6.495535462635473323e-01
-4.970322820100565031e-01
-6.187919378022470607e-01
-9.523193867260003609e-01
-4.210718551702607448e-01
6.528974404587962743e-01
4.608311120806595773e-01
-7.218375416044410520e-02
2.435157504763835745e-01
4.908905912446858144e-01
-4.079899945683321261e-01
-1.067520556781119900e+00
4.953139355163644897e-01
-9.056222674431553266e-01
-2.777707750054946301e-01
4.747479856036007639e-02
1.068370877278429498e-01
4.728428704493677359e-01
9.113546705171202689e-01
6.710511819917116538e-01
5.771070285138051315e-01
-5.618353864688613308e-02
1.170711447617434509e+00
6.080639825394121845e-01
-1.285581906932589669e-01
7.382758306497568812e-01
-3.223649984452278128e-01
-5.516931114541387959e-01
-2.882459361142117871e-01
-4.257158104351232986e-01
7.311240129553691069e-01
4.526325739882741117e-01
3.014900904573052376e-01
-8.082076583836064199e-01
-3.878529309326543828e-01
-1.289987271358162602e+00
1.088078774074358934e+00
4.868493121204738872e-01
3.743860871375225829e-01
-6.903294368442047801e-01
4.724307741830428009e-01
3.391077407165787871e-01
-7.918127359748978744e-01
5.425059007794068300e-02
3.171789887230970217e-01
6.589941822089325774e-01
3.671391654190481746e-01
-8.463539896978107269e-01
-1.130874720570917535e+00
-4.182216217690504223e-01
2.336641386668820153e-01
-4.493440361437317510e-01
3.721373738181676938e-01
1.359943503607540793e-01
-7.580934727062846878e-01
-5.409422248182025328e-01
-9.696200742087046631e-01
5.621823625814625913e-01
8.507661278975913177e-01
6.126000910537583444e-01
7.656113131905987190e-01
-8.560032150593863687e-01
-1.119806112453082259e+00
-4.906812422720995825e-01
3.286895986892965915e-01
