-1.145698180409796541e+00
-6.138323455102709936e-01
-2.372409239928274099e-02
4.437578415293335077e-01
-4.673981080490507978e-01
-8.275587271254711830e-01
8.261818106818873408e-01
-1.447275340477912342e-01
-3.561155117384086355e-02
2.699271037071838686e-01
-9.933056984175264725e-02
-8.054099483301885298e-01
6.705078936394333056e-01
9.106858932438684218e-02
1.213145495765457937e+00
-1.019469823042200352e+00
-3.503265113943098141e-01
-9.890564493368988463e-01
2.087660721252327378e-01
-2.242972493324570105e-01
-4.406790405035277969e-01
-1.447919413434473057e+00
5.456239449880988523e-01
-8.314206138156335912e-01
4.587703831231434437e-01
1.587954383632500799e-01
-6.953214314264746232e-01
-1.307386164015714947e+00
1.085631382239151899e+00
-9.477582264217416785e-01
-5.703563947536223200e-01
3.074712385198853370e-01
6.078237209843512234e-01
-5.812960742770412192e-01
5.410250080188506727e-01
-3.193865837181676937e-01
-1.298114351145349898e+00
1.366152527878642164e+00
-2.095279861050844405e-01
-2.541187990973524102e-01
-1.696719412550830586e-01
1.823123648430853005e-01
4.431560912547651832e-01
-2.314590570648930590e-01
1.587107532046264424e+00
8.701633838736857474e-01
3.322154092780010282e-01
5.732675666486594102e-01
4.444528503126158880e-01
-3.208469707978753305e-01
-6.056169070883070660e-01
-8.343819091061973614e-01
1.015641760754628642e+00
2.835954068299240127e-01
1.021029804190173529e+00
-7.569563997807501332e-01
1.338540093480689031e-02
1.105511034324470510e+00
-9.817468467932553011e-01
-5.866817509731749869e-01
-9.879687327824809850e-01
3.062513788173674700e-01
1.258188550081806190e+00
4.621153447129788816e-01
-1.288465790589235827e+00
-6.503172867002832147e-01
4.432547913653634986e-01
8.326686398841569581e-01
3.545873384452698507e-01
8.075310423304503660e-01
9.518658476646818523e-03
9.229545036697256455e-01
-5.719141856891708509e-01
4.960450739976434709e-01
-1.482287920006223780e+00
1.658532382819648765e+00
-2.478706938911841295e-02
-4.332064476102475137e-01
-1.190002740909304135e+00
9.638710751984924663e-01
2.188155246141341714e-01
-7.632148277005168513e-01
1.178138044907882875e+00
1.437959795334670665e-01
1.351542423236408830e+00
5.788355943518450619e-01
-1.709430054629470785e-01
2.412250438550813669e-01
-5.821932513064196346e-01
-3.092731400181233381e-01
2.260423640627600150e-01
-1.041942991382601269e+00
8.254053122758839844e-01
-1.165818535623982743e+00
-5.070279541368052367e-01
-1.908399876053250566e+00
-1.024879211629191600e+00
-1.575698945850889654e-01
-4.896123915488420630e-01
1.334404306416964447e-01
-3.819265463506271718e-02
-2.306454879385674839e-01
-1.049486797371156910e-01
5.792288607063306172e-01
-7.593296278283109269e-01
-5.164505435257676913e-03
4.994003585039258342e-02
-5.740567854128520997e-01
1.222310536284109128e+00
-6.872638823571743938e-01
-5.977426252561720554e-01
3.780511200385450188e-01
-7.579094653688314143e-01
-1.523146239286623793e-01
-8.098153745649713797e-02
-7.717605191205754167e-01
1.656137121402374013e-01
8.047326364048466019e-01
-8.870519180906233370e-01
5.671146896886266608e-01
-9.085855551926245166e-01
-2.849883295324634469e-01
1.195408117120262403e-01
9.885953840602182963e-01
7.124706196588987961e-01
1.776306471197390380e+00
-1.748119537323327810e+00
-4.850313866450893796e-01
-1.080417738100527686e-01
7.893061905368615738e-01
4.167871901045234750e-01
-1.097917708116223690e+00
1.081297999869982096e+00
-1.141483316285956340e+00
-4.552931848289937800e-01
9.500038807791062467e-01
7.619559649285252423e-01
4.031079013380259313e-01
-9.554649179967406036e-01
-2.895763375668908846e-01
-5.908689525861021696e-01
-1.487497826459189820e-01
7.815604994864097099e-01
-1.882369213337742320e-01
-8.102314192969890527e-01
1.230478704841836635e+00
-6.830598683815682914e-01
-1.085324201131590005e+00
4.572116651144109145e-02
3.048199592254303703e-01
1.012760967268689027e+00
-6.554449069404586492e-01
1.006183029984186517e+00
3.076728278509250902e-01
3.746058057644310879e-01
6.848485224761636792e-01
7.120377431996582906e-01
-1.150451096785845895e+00
5.243258467262887912e-01
-1.080742008389155906e+00
-1.211418787716084688e+00
5.875977818514316331e-01
7.695671327871277390e-01
2.889549933913254653e-01
-5.059375641612270380e-01
-2.171292994496026640e+00
-5.569984313023202960e-01
-8.738332979436606029e-01
-3.483026727381987042e-01
7.554243007229856088e-01
-1.021743016329878184e+00
-7.242732630172026287e-01
-1.868640420891241605e-01
-4.495412877275424268e-01
2.885667299934293606e-01
6.219510242123946764e-01
-5.563612315757966442e-01
5.134388777507522539e-01
-2.259038798225483924e-01
3.715885295369583119e-01
-9.692504483269808180e-01
-8.246575496298081953e-01
-1.203511550051508339e+00
-1.082218354316325737e+00
1.609742557886020553e-01
4.953326104931216056e-01
-6.059285220457396592e-01
2.053610388603539949e+00
-8.652007043235840911e-01
-5.883008224572569000e-01
-3.870167855044479577e-01
8.725265085202510429e-01
7.502243260245866630e-01
-1.379615656017136427e+00
4.758702793978032974e-01
-2.227434753027082437e-01
-7.218761145558189041e-02
1.068017216468065467e+00
-6.535914707210200847e-01
-4.248190933488908416e-01
8.121614700013031207e-01
-1.133310827750719119e+00
9.716102891323562529e-01
-4.352749004163490865e-01
-4.494921170548882849e-01
4.900903219041983228e-01
3.273996045984897130e-01
4.639690311236666642e-01
1.121680135720812821e+00
-9.527663549137236343e-01
-4.794916951540079131e-02
7.836396108177580422e-02
2.967801993640736269e-01
5.884721477812243640e-01
-1.353413233830735862e+00
4.838324741394752770e-01
3.809245544683099727e-01
5.819350902365691969e-01
2.415530095940821853e-01
5.797503089328790438e-01
1.087801508050020960e+00
-1.672493164000565247e-01
-2.601585526691851391e-01
-6.591369617206271903e-01
-5.676160085147516909e-01
-1.852865548123322492e-01
1.314087573829478384e+00
-9.715213103988686871e-01
1.540096117888737626e-01
1.235603376351535276e+00
-1.221861050784193825e+00
-5.492573541276486448e-01
2.944352928941812442e-01
7.759711180521111640e-01
5.741164490380872287e-01
4.010308073035685483e-01
-5.162023120247122288e-01
6.930300815310879159e-01
3.802835071809068102e-01
-1.294556584233593099e+00
-6.689905319298284914e-01
1.860826227517486942e-03
2.510997876608218604e-01
7.224609214939259338e-01
1.330239710545843834e-01
8.646268600010750260e-01
3.800182824818326699e-02
-1.138327060777257538e+00
8.026961585654128761e-01
1.158905112506858570e+00
-2.324092989978270574e-01
-1.133835516990715053e+00
-8.423490597891547527e-02
-3.194136840948916256e-01
8.262642440818001033e-01
3.389869945729054868e-01
-1.005269700356541118e-01
-3.125958782279821269e-01
4.710073756410417256e-01
-5.517191769100967536e-01
1.958890826476273328e-01
-7.892948599942524179e-01
-1.079739375647137845e+00
-4.570254517871051858e-01
7.378918869061673602e-01
