2.694325030905652119e-01
-4.379840250207431840e-01
-6.877301852042573271e-01
-1.008916740871967921e+00
-2.488930142153162883e-01
-2.166277135162710255e-01
6.728479018612962825e-01
6.761322706848369446e-01
-8.490000603406593349e-01
4.269491971698522459e-01
-4.461461461305474829e-01
3.786408603067981105e-02
7.673653036057191956e-01
5.741030113162202131e-01
-5.221980101344653180e-02
1.009073772409102565e+00
-5.005906475439255710e-01
5.158062389917110746e-01
-4.884558092343314617e-01
-4.945426030111806370e-01
-1.611983018202651496e-01
-1.298540243706353126e+00
-2.876455394457012177e-02
5.296324283254750381e-02
6.507015086003584692e-01
-2.808279195680625229e-01
-6.560379117041256203e-01
5.887616288703420020e-01
1.149590054780179615e-01
-9.164309436249851171e-01
-9.051577930741534495e-01
-1.152961710865724188e-02
-7.676693948173527460e-01
-8.374911052391446065e-01
-9.142665665512907935e-01
-9.173542944807546728e-01
-4.899756669420707311e-01
8.404948286432847304e-01
-4.849446677254896088e-01
-2.654627924575371223e-01
-1.735145175227302827e-01
4.900572804020632556e-01
-5.982293559454148202e-01
-1.142741438306576818e+00
-4.891623092093451697e-01
3.507319312455674520e-01
-3.666753022157107633e-01
1.442151160078030125e-01
1.107587359320226561e+00
-6.027777370961657777e-01
9.056588389645803261e-01
-9.367245343003662850e-01
-6.671335864467169419e-01
6.025167250453034029e-01
-1.084841166966074022e+00
5.962954884128379707e-01
-8.266603733119867181e-01
-8.349336465821232123e-01
-6.742439574285186143e-01
-2.703707014735290959e-01
6.183298095040647979e-01
6.054823220880982682e-01
-9.387709475976606655e-01
1.107157580890869353e+00
-4.825169001101146105e-01
-1.660887976514848208e-01
-3.781207703134411013e-01
1.153662318888605709e+00
-6.906187327682766774e-02
6.486507187369713323e-01
4.166398886815205205e-01
-7.677405585425045587e-02
6.731055042270621680e-01
-1.388591893623293549e-01
-2.740042297207508915e-01
7.344984050131204700e-01
7.441211786168465681e-01
-4.659702054709919383e-01
3.272665062897662236e-01
-5.439612928874707487e-01
3.578107325694424579e-01
-4.857432907848921455e-01
5.501183048525566388e-01
-2.141486921809783173e-01
-5.825278974500710527e-01
4.796087106728775806e-01
4.684493173883398365e-01
-3.553036121971043793e-01
4.129201975992572993e-01
-1.803176418056637309e-02
1.051100367474016029e+00
1.675588889877281940e+00
-3.246057126827444073e-01
1.215641387495804415e-01
1.231268021646745980e+00
6.132108268892006997e-01
-7.313518874641201650e-01
1.507511407344113152e-01
7.333152955294966469e-02
2.307658510884007530e-01
1.355208390418460196e+00
-1.509341219485131003e+00
1.104408247972660906e+00
-3.259485075182443903e-01
8.308582049415299542e-01
3.275801278445710230e-01
7.123819995945084305e-01
7.216004168693773702e-01
6.264817801238820039e-01
-9.957438800776714505e-01
5.134984240390605414e-03
-1.401290049282493566e+00
1.142823035850003277e-01
8.353608640911760475e-01
-2.986202023606298606e-01
-9.410301869468792879e-02
-1.274957989334261743e+00
5.471979708635310580e-01
-7.927754289742703353e-01
6.412358190976120698e-01
7.474337226849220306e-01
5.447691237593782487e-01
-2.698911162172356049e-01
-8.998427267206671187e-01
4.416505075710017714e-01
-5.054509954794533799e-01
-2.244083498028875412e-01
5.790350008282192373e-01
3.491940008174025944e-01
5.503275279140540377e-01
-1.430047852590234370e-01
2.894881518696926781e-01
3.240487752650216269e-01
-3.292799910276598685e-01
2.931274454593804091e-01
3.710629620993609601e-01
6.441838476253215484e-01
-1.486768134071492220e+00
2.493000149060838888e-01
-1.380204165211290634e+00
-1.021370393769553964e+00
2.162527921470610084e-02
9.623092244831397968e-02
-3.172194155760451606e-01
1.836355052770674567e-01
-9.616192861121869440e-02
1.574609213683230702e-01
-2.732581626554139165e-01
-4.986397075042005578e-01
9.587560047469940727e-01
-1.877488276036593240e-01
-5.420899908351539676e-02
-7.638507135475434140e-01
1.272125559289718266e+00
-3.229801799312510824e-02
-7.274484827351326843e-02
8.536323162585019997e-01
-5.224271849733588269e-01
1.334910027641698360e-01
5.648735500502494178e-01
-6.557349423878864325e-01
-8.419280071058948822e-01
2.970548702808463726e-01
8.986664023235884091e-01
5.578486992080042839e-01
1.021968129401820691e-02
1.322268232320467529e+00
5.520744493570425293e-01
3.087812530527443977e-01
1.056261481039020983e-01
-4.856647965452406956e-01
-1.254892093416693388e+00
7.167431529850846195e-01
-6.482445221734730589e-01
1.070653763929660496e+00
-3.305520122509486569e-01
3.197001305873030663e-01
4.867677431384218600e-01
4.689364128052916914e-01
-8.166523711816012221e-02
-3.571694699416076979e-01
4.562263922918786685e-01
5.478902916879170304e-01
1.204443238580277242e+00
2.418887500232601018e-01
-6.236542630188655068e-01
2.669050994763481066e-01
2.760543635032806642e-01
-8.228508390849322840e-01
-2.110528164399408380e-01
-9.500596305704627209e-01
6.933717853898457850e-01
-2.959920524001477538e-01
7.644776065412283161e-01
-8.102923136859917497e-01
-2.482385548906844985e-01
-1.903353408597719953e-01
-4.379093947166594614e-01
4.376879166549252353e-01
-2.237546715912373252e-01
8.770207149832081051e-01
-1.087189949247102660e+00
4.548040479497987842e-01
1.088830216440125065e-01
2.218729448206444299e-01
-4.955856259863547497e-01
-6.109569263751666313e-01
8.662749987702805798e-02
6.082720644187550318e-02
9.756802465370350008e-01
-5.677066546006988013e-01
-6.414180683054204746e-01
5.191734729733932241e-01
-6.970368683685042033e-01
7.535244018149427347e-01
-3.334898153180679836e-01
-2.962927667309706026e-01
4.915845820113814435e-01
-5.179783582304409162e-02
-1.133715669163090967e+00
-1.349093381876124154e+00
-1.403196798206807649e+00
-1.805773798977073463e+00
9.765230263427695512e-01
3.440756542912271065e-01
-2.031030100358645618e-01
-2.417243411406657660e-01
-9.707880083483225175e-02
-7.857852580452490132e-02
-6.927289047131632849e-01
4.498147132009489568e-01
-1.043315882611563383e+00
4.560435100858357682e-01
4.972470865254421946e-01
4.335213054160478863e-01
2.288904817337776010e-01
-1.875668732484561396e-01
-4.757946096155629689e-02
-3.195124894854622921e-01
4.971343225222017992e-01
-8.242938738779054253e-02
4.020916826546514500e-01
-4.782650055164006098e-02
6.371852894061568184e-01
-1.083835285164180817e+00
1.250451314305514483e+00
-1.514812818054872556e-01
-7.898747292436100187e-01
1.756344319189834913e+00
1.825685368446164691e+00
-1.032500373200224697e+00
-1.201371361081785993e+00
-5.939905559188489725e-01
6.705789231794586636e-01
3.038663937557506967e-01
-5.886762444462416699e-01
-5.332936413399955722e-01
2.437650334828001253e-01
4.263245227124878856e-01
-8.361752437454822440e-01
9.815189678357557623e-01
1.487792104561111439e-01
8.863005684915171711e-01
9.535196102131541229e-01
-6.358943975308432028e-01
