-7.931130444606970809e-01
-1.504104715164350514e-01
-1.394152975121337734e-01
2.665545835611322634e-01
2.302450676244380268e-02
-4.209917940008006676e-01
-4.297802019771248538e-01
-5.270080519371276306e-01
3.174569698727549572e-01
3.193040295710036780e-01
1.155497995259825217e+00
-6.194399619802557488e-01
-8.058102846220681625e-01
-9.858806359675844622e-01
-1.195974426457226958e+00
-4.322233412702591870e-01
3.068222306091748786e-02
3.290244982568585885e-01
-4.659886380237654446e-01
-7.588491126974764578e-01
-3.505364302312228841e-01
-1.179713294049302030e+00
4.976849319473086175e-01
-6.135496878564191681e-01
-1.555103662167302003e-01
4.777849911011621264e-01
-3.223698458852820026e-01
-9.002336930254353220e-01
-7.333491697382750196e-01
4.437115200344491361e-01
-9.488505125562862741e-01
-1.201506480565590340e-01
-5.163137708847839180e-01
1.427421976574345108e-01
6.227401794485853959e-01
6.484871689169765530e-01
-3.001447687834068456e-01
1.375138407846655531e-01
-8.978736125057205919e-02
4.388060841252272581e-01
4.469587682141137885e-01
-1.331687253456403930e-02
-7.991109284888626707e-01
-7.422624023903409141e-01
-3.383369550343846566e-01
-4.526160068335471909e-01
1.962975697518054286e-01
6.970763406973244924e-01
1.267991388760735472e+00
3.776013244658805723e-01
7.686019118597200439e-01
1.016730069547255866e+00
9.688626853522042115e-02
7.562911477008585903e-01
8.766106604934663649e-01
-8.712308275250733036e-01
-9.061894872838960335e-01
-5.061204594015468183e-01
9.467472898552594662e-01
6.960353998453407964e-01
-9.041869586811944748e-01
2.382307174809702444e-01
-1.049934411536541656e+00
1.335652086678717598e+00
-3.443598119044326000e-01
3.236674326314868400e-01
4.736084351588769614e-01
7.948586415773938318e-01
9.214755977685920030e-01
-4.604695499181113427e-01
-5.884790857731432290e-01
7.940389342047966537e-01
-3.347962949511924524e-01
-1.148122282257162952e-01
6.897035759062981608e-01
1.863266097326242710e-01
-5.556839412579369641e-01
1.058861850152474915e+00
8.971361691634979207e-01
6.949619661353667599e-01
8.998558271487742122e-01
7.756857094330519287e-01
2.395460038726973939e-01
-1.887013224834919733e-01
1.423677877547968040e-01
8.778669797794440566e-01
3.655338365819787994e-01
-3.830235053032840509e-01
9.992567241167245040e-01
-8.121236016654179712e-01
6.339308203579738787e-01
3.579688307500377698e-01
5.104613640738653313e-02
-6.018528029299526905e-01
-3.180761560902518881e-02
-9.072326522662346182e-01
-9.669647201888338373e-01
7.806025998273042887e-01
-7.449014579669738234e-02
1.065958424821859651e+00
4.038491741607506680e-01
-1.417400508894358646e-01
8.113110462547055146e-01
7.462388201687869538e-01
6.613207523638446883e-01
9.489190936273278476e-01
8.993673291285286808e-02
7.486532574783010263e-01
8.318822042553913887e-02
-1.190635467847514617e+00
-7.952172228468183945e-01
-8.891298541644657716e-01
-7.260237144086872929e-01
9.452953779213896235e-01
2.211828838748307047e-01
5.780378182140215593e-01
-1.652067970759969695e+00
3.936650729233959756e-01
9.766962576214569536e-01
-1.064740338289947852e+00
-9.798825475022028275e-01
6.896786674317865184e-01
5.703745695130524318e-02
-9.613894883092437560e-01
-1.452922127536438346e+00
2.253850813737651171e-02
3.112279037052591013e-01
3.520499249347052162e-01
1.052976840220700261e+00
7.149082780071657206e-01
9.361025043077417784e-01
1.225097159982037331e-02
4.820437944038219458e-03
-6.138349910975484658e-01
7.077284814426186843e-01
4.895827404410056927e-01
4.845690011645709117e-01
-6.844702273058694830e-03
-3.644287830711996912e-01
1.260543253729898172e+00
-2.480842633853887758e-01
4.808556913739466809e-01
3.221397263613120510e-01
1.013018662875649234e+00
-6.293061901901232380e-01
-4.287353180159535482e-01
-2.277394260813432880e-01
6.824023044709386365e-01
-8.685044333686396945e-01
-8.754998675836331845e-01
-5.955962906122058698e-01
-8.751116603668016580e-01
5.705279160638994096e-01
-4.984493828375031188e-01
-5.577437041246595673e-01
-6.672303480589270031e-01
-8.171480056056690255e-02
-5.717146626566381729e-01
8.920956333193336141e-01
1.496267614852924421e-01
-9.827031758916833226e-01
6.749295114048236011e-01
5.620098149948319355e-01
-1.680403815200545714e-01
6.994466924371900429e-01
-9.033857893270181849e-01
-3.130922522068795844e-01
-7.967499782746927384e-01
-4.879297755771110356e-01
-8.284643408832047529e-01
8.930471340299688254e-01
9.197667283559127771e-01
-1.263335262455684005e-01
-1.495578071801378361e-01
-8.272336907728400357e-02
-8.489785505110029051e-01
-1.501006466534206274e-01
1.727586267389729091e-01
-2.178973632226891000e-02
-4.472146498542561299e-01
2.632446707287302567e-01
8.773240145891385566e-01
-1.001421614264942139e+00
2.124111203635128675e-01
-5.615270710442226143e-01
-6.414248461886618013e-01
-9.665070326572091641e-01
3.785798491199008353e-01
8.141680239883635206e-01
-6.646653792991095155e-01
-6.431799447276160819e-01
5.200504571337639659e-01
-5.679233170774389272e-01
-3.172003018322580581e-01
-3.844270106181628677e-01
-1.799497072431444633e-01
6.182278648468843008e-01
2.694993604252657882e-01
1.956166513522254735e-02
3.327753009707396514e-01
8.632415139682104721e-01
-1.041326252986768397e-01
-1.207266124190174983e+00
-6.642780174211073696e-01
-5.827042724195261592e-01
1.574742930586455203e-01
1.446259313546002012e+00
-5.745860692578473872e-01
-6.868557763406769878e-02
1.552470138375141029e-01
-7.153937922548856410e-01
-9.232864319368393469e-01
-8.532564418544784368e-02
-8.049568409027499927e-01
4.044130912890323004e-02
5.312307098336361832e-01
-5.896742731380333336e-01
8.129810418075809064e-01
7.793427242804102928e-01
3.860960976128493538e-01
6.720550249541173971e-02
-2.649943162136982333e-01
1.511189781919397346e+00
6.651169336574602742e-01
-2.308838733668288623e-01
1.568176261097571911e-01
-1.972288297402869928e-01
-8.425900446850186354e-01
-6.872085897017704559e-02
-4.232505219349554371e-01
6.658292848214775184e-01
1.028950576615786705e+00
2.736128030548571899e-01
-6.211650168211535483e-01
-4.427936499885021804e-01
-1.539871358291110992e+00
8.270911694208754605e-01
3.558712204884026953e-01
3.445690642277741134e-01
-4.313168799135572717e-01
5.821763547251568305e-01
-8.716376420533533675e-02
-5.046554878491882334e-01
6.493977765592804374e-01
2.767559340534991863e-01
1.053818007478347418e+00
5.353003277202399435e-01
-6.648622116548822403e-01
-1.228838110341277989e+00
-9.392141600019078274e-01
4.077359638246235152e-01
-5.736780653074611269e-01
3.099770380293545013e-01
2.438664026876651014e-01
-1.235366702244699688e+00
-9.626875778592893784e-01
-5.578823800663521570e-01
5.660341340154851908e-01
4.624130941533627359e-01
9.291674329185444225e-01
3.494258234143988728e-01
-1.195984871564044205e+00
-8.829722572417265658e-01
-3.195757588612208044e-01
5.021753152734445003e-01
