2.462500270748003983e-01
8.754328058080693697e-01
5.502049753417600497e-01
-4.096376758771144155e-01
-9.408066871704359180e-01
-1.172370154577007551e+00
3.027508229475842638e-01
-7.429233894140079286e-01
-9.908234299046954074e-01
-1.859410873397655539e-01
-1.782731599612539242e-01
4.757553236268626806e-01
1.317165201573951228e+00
-3.812235480100598650e-01
8.624926413789000268e-01
-4.042068026111859669e-01
-1.138949814006564143e+00
-6.097751084805796973e-01
1.324005272436373781e+00
-5.642316432868945686e-01
6.820698829619942227e-01
-8.938812007206792254e-01
2.011913811973524702e+00
-6.672417372253641732e-01
-5.818892405531117529e-01
1.801737486745137229e+00
-8.903233011162524635e-01
-5.386032341014956870e-02
-5.252231390066469663e-02
-1.215187785747664506e+00
5.874099573859168366e-01
-8.401989721702962655e-01
-5.381921055797228570e-01
3.120062542959843865e-01
-1.503637188507629840e+00
-1.698586376175565543e-02
2.647495996295883836e-01
-1.180962998803614328e+00
-3.311687078102422133e-01
1.515209553616813531e+00
1.301787455893257839e+00
7.365310808516420948e-01
4.464747764711064493e-01
3.783159328562211154e-01
2.273158732190999065e-01
-8.128099631272696080e-01
-6.646730614714823071e-01
5.580266845180676949e-01
4.433319672725340999e-01
-3.009779611310424707e-01
-1.329938505987132036e+00
3.397606175307673060e-01
-1.318631971971379047e+00
1.163254993760353351e+00
1.039875327242310687e+00
-1.601164404603698244e-01
1.669505559031129405e+00
-1.569793037796076041e+00
-9.153813903959404086e-02
-4.280800530922992952e-02
1.408532667022901752e-01
1.980873586065075909e+00
5.954936241533795860e-01
1.288426954595931206e-01
8.927485238303348170e-02
-1.432266749215215795e-01
1.209118402160833661e+00
5.393687112658394067e-01
-4.015164255076767996e-01
-1.164906094904037959e+00
-1.698154976023579898e+00
8.626601260364371582e-01
4.308885687565245926e-01
-1.226398376567140458e-01
7.798925118539157264e-01
-9.652186807138640745e-01
1.298457002057270326e+00
-8.714993986410966009e-01
-4.886155967107234099e-01
6.127932600169369026e-01
-3.459807102791015998e-01
7.485685779563323594e-01
-2.202771242344015723e-01
8.018104034139637015e-01
1.076011770156941605e+00
6.558607187333040933e-01
1.608757291200782813e+00
-5.486861397247098093e-01
1.458341205726784162e-01
9.302730910353715910e-01
-1.000715603211118854e+00
7.347607417624961723e-01
4.768288797732195272e-02
-9.747713691344761511e-01
-5.890430857253534658e-01
-8.449575049003898997e-02
5.144336552992914147e-01
1.176638032776250453e+00
-7.483602663446861092e-01
-3.763962488787524485e-01
1.153810359080240211e+00
-6.862581906834841483e-01
-1.000556020964709303e+00
1.351560491912617179e+00
1.206111123824965325e+00
-2.373574034288158108e-01
-1.627424986134954121e+00
-1.171225824327815301e+00
-2.219664619851188792e-01
-3.186414645606764906e-01
-6.068143038217070906e-01
1.687108043691114001e-01
-1.357025140607862057e-02
1.078608654290539315e+00
-3.145914686257590687e-02
-6.862416156376562881e-01
5.805596189166539745e-01
-5.794964571429868094e-01
-1.164494515387695106e+00
-5.177753570132618277e-01
-1.261217628542641744e+00
7.883690541509438265e-01
1.912882988546229790e-01
-1.078373015326763440e+00
-1.381431063105514223e+00
-1.043479406985502733e-01
1.873543807345646739e-01
1.388810020741529927e+00
-1.058034187945466886e+00
-3.403421745664958475e-01
1.632197237068922835e+00
-1.258512526266906129e+00
5.911881267841219145e-01
-4.771552536948051593e-01
-5.591611822212106953e-01
-1.377471962798011429e+00
1.637389467661494624e+00
-1.826488805737112919e+00
1.523515399375474422e+00
1.508577540365077851e+00
-1.992067823657979186e-01
1.502820804996843673e+00
5.072167913586232701e-02
1.359798941122459359e+00
4.010986182509057585e-03
-5.071424053682507260e-01
-1.217770752733534856e+00
1.496158540975123519e-01
-3.418135042921536249e-01
-1.009142667519131287e+00
8.536187644364165994e-01
-1.828587017069376097e+00
-5.971483753987608667e-01
-6.392395091502658389e-01
7.882818351797238332e-01
5.344711514950845066e-01
-2.609603820918693362e-02
-1.291978707449483288e+00
8.100562885684160774e-02
1.381822037762258648e-01
7.513376095783758091e-02
1.503310184486718881e-01
6.114934512963414726e-01
-1.230383644184956049e+00
-2.775379452923217860e-01
1.138485072860749625e+00
9.099407880578038732e-01
-5.729514806554834028e-01
8.493194853809540312e-01
1.139694122720388725e+00
7.290429784727446849e-01
1.039463042839528173e+00
2.305168209327367046e-02
-2.187268620121647633e-02
2.869274408065767279e-01
-6.357402860802250366e-01
-9.520696627829621228e-01
-3.274073414696160311e-01
6.182743629214783043e-01
1.434561663807389920e+00
-1.043154742978786159e-01
1.004267078973443139e+00
3.879546939121558125e-01
2.570387092478106927e-01
1.024671053689752698e-01
5.857386292565375241e-02
-2.102205388249242246e-01
6.754901208474861640e-01
-4.932514757119599302e-01
1.730549358985694897e-01
5.469258689528547768e-01
-5.752937936860986756e-01
6.829447454154534691e-01
-1.342922570792817849e+00
-9.561242502893652073e-01
3.788013619567595081e-01
-3.475715131615367270e-02
4.438060111593952750e-01
2.264897685480016243e-02
8.450783153213564658e-02
-4.395333364209316196e-01
4.156077882755438435e-01
7.016898480562423490e-01
1.333144824401716888e-01
-1.300147662338179688e-01
2.022898730836876491e-01
-3.579149784004480583e-01
-3.122755428848734138e-01
-6.659035934443408022e-01
-1.442553885211153464e+00
-7.838038085795823173e-01
-3.720396018850558040e-02
-1.602058730083929294e+00
-8.308871866614220281e-01
2.550232711111184436e-01
4.546818014848878486e-01
2.534674611339483574e-01
5.749367328181131942e-01
1.130636799063291065e+00
1.773971727881973326e+00
-3.775379559834085574e-01
5.910781827351578865e-01
1.040321274136076113e+00
9.666451905652566623e-01
1.643105203145882320e-01
-6.428948133606620097e-01
-1.111209036527303351e-01
9.025190877590180127e-01
-5.044915390199499194e-01
-6.519391421484257432e-01
1.025096556392057545e+00
-9.832592554142470798e-01
-6.008835268112477923e-01
3.938933872507837108e-01
1.550658383946632024e-01
3.092725554927139298e-01
-7.505611466256685294e-01
-8.539253104233791580e-01
-2.896341815775784756e-01
-3.033688631040244443e-01
4.497993403537783319e-01
-2.411166747689114376e-01
1.036560807294559572e+00
-1.624187959988171226e+00
-1.306260817691790699e+00
-1.099488197848707438e+00
-6.674345271483976827e-01
8.677997993529791287e-01
-6.684186668796260333e-02
-7.553619258183782992e-02
5.767880026038448849e-01
1.004064117448117133e-01
7.889953844009661710e-01
2.649192538653658557e-01
-1.709755013688218361e-01
-9.245949655645865906e-02
-1.857518671921928599e-01
3.652737769437979232e-01
-5.660948740891824649e-01
-5.535845990285335194e-01
-1.048972991113600872e-01
8.850488874653866800e-01
-8.254049386167428004e-01
8.075562422464193091e-01
-4.980774396913452418e-02
