-5.622218823973335056e-01
-8.513126314901211522e-01
1.533303532544993408e-01
6.104319403362539198e-01
-8.885052767871352009e-01
3.393843991489955969e-01
7.403530747357855990e-02
-3.470388922661515885e-02
-4.542463260257326718e-01
4.058178253700884808e-01
1.643917742646428537e-01
-2.663311250471348535e-01
-8.643051535473316171e-01
-3.928346660138248292e-01
-5.958204858014806149e-01
-4.178766483630247386e-03
-8.946251486857135227e-01
1.222477249897914398e+00
6.745381077988975294e-02
-5.044552854300365929e-02
1.108303560268633525e+00
4.546975574515253471e-01
4.954592496602831520e-01
3.427362092852152542e-01
5.431418011753118558e-01
-9.747457543866234753e-01
-7.627124862811215378e-01
-8.213150988316881840e-01
-4.561603129344473651e-01
-1.819698503520704169e-01
2.123151725487134600e-01
7.964503457245769580e-01
-5.737384137495931125e-01
6.301387967385040367e-01
-7.732050139529649257e-01
-7.278656595878622015e-01
-6.208760088282359035e-01
-2.391224986952945608e-01
2.096068147653268321e-01
9.429357565539817632e-01
2.542854219475520483e-01
-4.837885918315403266e-01
1.028246237398976248e+00
9.593390015498942658e-02
-3.331908186765823454e-01
-7.001675295646185571e-02
-2.833842951749827588e-01
-1.792717594596950070e-02
5.494291499525210121e-01
-2.883414146464693961e-01
2.316387900429359992e-01
1.177054097215123551e+00
6.036187279871622069e-01
8.885565865669475816e-01
5.399966646773562973e-01
-9.705644868194174268e-01
1.848754853905549278e-01
-3.070311074481445468e-01
-2.427151398912551494e-01
3.029208629813160414e-01
1.728976471473507859e-01
-6.381177317891206791e-01
8.144113366105270035e-01
9.013794959641171500e-01
2.044031512403147732e-01
2.080527509451581825e-01
-4.918315111302652420e-01
2.337125690095531727e-02
-8.538984459612538602e-01
7.710898849324766546e-01
-8.813116972732071286e-01
9.076613120126150180e-01
-9.242623117355115436e-01
-6.831306640681977793e-02
-1.197700319349642717e-01
-9.038386108753430070e-01
6.664453377948864610e-01
-1.710169351501670265e-01
1.025580482770026114e+00
-4.196013119627822197e-01
-9.820773667704849608e-01
-9.498873951405170102e-01
-5.273075699232596669e-01
5.090343773354329970e-01
-1.310485614049296865e+00
5.713026256724877960e-01
6.055497624640278076e-01
4.358359009269349160e-01
9.988765319746036875e-01
8.258916778582197082e-01
1.209105575637226648e+00
6.740520551576286712e-01
4.784215342036512997e-02
7.602585816347940950e-01
-1.888368382233295284e-01
7.601714120586324785e-01
8.180569697649644478e-01
1.140906190404069376e+00
-1.709510606662756338e-02
-7.649135990489738246e-01
-7.151965311123230640e-01
-6.470912751088410131e-01
-7.668494253277187145e-01
-7.049429559486811714e-01
3.939207908297053806e-01
8.185829568487480445e-01
2.453996578396352990e-01
-9.682861424741209810e-02
5.232622344804082060e-01
-6.505254844758453503e-01
5.622404921406853884e-01
3.909783719527459844e-02
-5.859267781369097428e-01
6.197871290396084198e-01
-1.633675110166079303e-01
4.508216260611893622e-01
-2.299525805988288929e-01
2.837821629709391669e-01
2.767279376481037723e-01
-7.385148456325009159e-01
-1.572883428002825879e-01
-8.597621909499348902e-01
9.354494338145847854e-01
6.035639995169315153e-01
5.738900270478408672e-01
-7.036724586379681234e-01
6.307203637052818390e-01
-2.689392319373873352e-01
1.478603882297327143e-01
1.144337411112902325e+00
3.241484673738341538e-02
-6.145906302869552640e-01
4.351160181656090753e-01
-1.384220937211390334e-01
2.607356374235500485e-01
5.322675457780322583e-01
2.715910872823202871e-01
-4.346571719897407426e-01
-2.741563838567837585e-01
6.702057482164081037e-01
-1.091780788925036827e+00
-7.452825356518355537e-02
-6.264014657784993112e-01
7.241468833066333488e-01
3.471675743588065188e-02
6.923953979416660465e-01
-3.565614421427192315e-01
6.514103235560811944e-01
9.733841484164049707e-01
-1.901138579457510025e-01
8.243115478409379637e-02
-4.878389028393946836e-01
-2.745970314153643455e-01
1.167907671711311046e+00
-6.468602469804590749e-01
-4.878260663382686380e-01
-8.436085926466788121e-02
2.794589345727178098e-01
7.393770681713486281e-01
1.193595611948082391e+00
2.272995970723132308e-02
-4.544870857644445206e-01
7.080095022799225424e-01
9.891515993360147085e-01
-1.119306350057225119e+00
9.319536430842314534e-01
9.355683408148626201e-01
-1.737958841644639540e-01
-7.602566841277081933e-01
-4.580128678167056933e-01
-7.751293970806302780e-02
-1.507422753623883505e-01
-9.564793283289924064e-01
9.906222620261262435e-01
2.784452862478961066e-01
8.337795253418829322e-01
-3.826506540442652926e-01
-6.232615700638217682e-01
-9.787238346095999963e-01
6.307627727027038667e-01
-3.162049566380655263e-01
-6.052902695645998032e-02
-4.095741108302121680e-01
1.088899638659463071e-01
1.024533904885071678e+00
-2.397467810878273209e-01
8.424872717390096133e-01
4.780580554956906925e-01
-6.872100020507090345e-01
5.094842960864245374e-01
9.436071879140222052e-01
8.317647182964469366e-01
-6.859844926387187458e-01
6.526688308258498106e-01
5.959797236631552142e-01
-1.991877119757700099e-01
-8.932108387771031666e-01
-6.523724136478101787e-01
3.167802212875886481e-02
-7.040468636750343290e-01
-2.967819243990232891e-02
5.631698518468586379e-01
-5.742620907701573296e-02
-9.858406866935536250e-01
-8.139296414133967428e-01
3.747261932247495930e-01
1.756585068353575529e-01
1.146181282909177312e+00
9.555765331149090880e-02
1.158231297353956357e+00
-1.141353411263937634e+00
-9.417673377470487939e-01
9.673149379386178914e-01
-5.866886032507847570e-01
1.215521919721767596e-01
6.136341692873704678e-01
5.148226467909045034e-01
-3.293246287495618652e-01
1.063193503950429886e+00
-2.163611303760571980e-01
-6.915461506555416193e-02
-2.523834080693019288e-01
-7.672952328236148922e-01
8.737293564787440570e-01
9.049792530738017815e-01
7.276436748215907580e-01
6.551387031874731370e-01
7.137614638021726465e-01
-2.256609342226834070e-01
2.770247161066834440e-01
4.398063312896233201e-01
-5.207627275204697037e-01
9.160071651543915117e-01
4.838680417938520106e-01
2.939502156996671167e-01
4.628485884928830174e-01
3.720325307423309052e-02
-7.821479824389625524e-01
6.664566381719428945e-01
-6.574261145534643358e-01
-3.238178155713831163e-01
6.194394831772418453e-01
-7.056153916369641843e-01
-1.334823999355209123e-01
6.394321550679240573e-01
-8.273977627566314608e-01
-5.934870924871229469e-01
1.493931289990656275e+00
1.507302210094735584e-01
6.938100734838915651e-01
-3.489042540257428771e-01
2.925417654068685480e-01
-6.041687402770066218e-01
-3.720053608411625912e-01
-1.225484964738079718e-01
-2.837551581428944258e-01
2.023473912376667350e-01
1.038846665681416148e+00
8.908985937217872575e-02
2.340799243545043651e-01
-5.483967165094451035e-01
-4.647968378774621767e-01
7.211670461699607459e-01
6.472897745310729478e-02
-1.722700756674244993e-01
