-4.871695939186883595e-01
-9.831726004020411303e-01
1.738301814983138904e-01
-1.134074717283870826e-01
-8.726133335010283210e-02
-1.966193020433544825e-01
8.706289154835167299e-01
-1.288359398943260237e+00
5.739289873904780404e-01
5.499603071545136057e-01
9.689550391014875030e-01
4.265641613759935113e-02
-1.149145120456971592e+00
-6.683724133885012852e-01
-9.731193466253144075e-01
-7.007122687136335681e-01
-4.895826262144733487e-01
5.608562525672551313e-01
4.849218436893788509e-01
-8.342209690895274754e-01
-5.726996594741180502e-01
-4.722648561121228217e-01
8.549896088863643273e-01
-8.220932091104978801e-01
4.219043087203697140e-02
-2.384483041665772796e-01
-8.213143843292367574e-01
-1.779618042073760398e+00
-1.646837227362862421e+00
2.846644816031236314e-01
-1.171050597967745466e+00
3.301812675964989063e-01
-2.625869674998157488e-01
6.359555503453692138e-01
8.138696017286007889e-01
-3.095377048272543452e-01
3.454817087221813687e-01
-2.004822441693593915e-01
7.675276549004117488e-01
-6.555254233699944200e-01
6.492453293506671441e-01
2.355470938835650396e-01
-1.607816261260587298e+00
-4.954357852273546525e-01
1.496873114694394102e+00
4.135704620823550948e-01
1.108285226320272487e-01
8.055023294589526150e-01
8.396732007932026232e-01
3.364395042525978319e-01
9.974576698080106496e-01
4.782714762755979065e-01
5.223882781355397853e-01
1.071748838942772064e+00
-4.133534333204887945e-01
-1.309130348544604416e+00
-1.403813004093244388e+00
-6.140532014262997107e-01
6.926920448180040601e-01
-3.346308871685528818e-01
-4.941374057534644315e-01
-4.818699215008031556e-01
-6.993564019999094494e-01
1.922253541949323907e-01
5.341716863539656135e-01
4.317743114435572405e-02
4.963874731016444941e-01
4.153662782862064251e-01
8.857659092668150880e-01
-8.850050121782807588e-01
-6.979044131851237509e-01
8.151515368600406042e-01
9.418926864168961632e-01
4.379549616857453254e-01
6.927851319956890297e-01
7.304998235819306629e-01
-8.364141065610801729e-01
1.327382050023334426e+00
4.139188689230057783e-01
1.532978140851611659e+00
1.538399000836423003e+00
2.015278668882142021e+00
1.024480425274506556e+00
2.111525890304468689e-01
-2.000688059739932356e-01
3.338268380982812866e-01
-6.094499973793160441e-03
-9.499806945963031879e-01
1.689259986281693049e+00
-4.330381798729888154e-01
2.702431074046063864e-01
3.896029276516965734e-01
9.418110110206670549e-02
-6.012799608069379076e-01
5.293325696523188961e-01
-3.655102801729726014e-01
-1.319521578188364019e-01
9.066264063767722758e-01
-7.577717964126942096e-01
5.952274125632914803e-01
-4.893158363537442046e-02
-7.539631846536694049e-01
1.123451470211085823e+00
1.535524200075824852e-01
1.065851082805680639e+00
1.203182496808047564e+00
-7.553616429117926412e-01
7.452320258866598213e-01
1.818605560706202384e-01
-1.277216608049802637e+00
-8.851535885252350688e-01
-3.124337493719567815e-01
-1.223431786226997886e+00
4.214190230753690480e-01
1.827603833314976334e-01
5.245924347132006060e-01
-3.835622051719078662e-01
7.449414915118557357e-01
3.284631903752319171e-01
-4.432987334205609753e-01
-1.316792050160062733e+00
5.000949117735362659e-01
8.801302067791225148e-02
-1.255773778850438616e+00
-8.341597011108270454e-01
5.703579833036620528e-01
-3.767835997158057726e-01
9.443900331529395675e-01
3.372218542064105429e-01
1.121336613685824934e+00
6.657038900885031696e-02
8.205548866676252995e-02
-6.092323296597401683e-02
-1.645753173250215362e-01
1.092074461619128301e-01
3.161926520751587311e-01
5.430329167317379246e-01
4.526076951682418414e-01
-1.388911393338572386e+00
-3.413354701370807653e-02
-8.625499026865358632e-01
8.959057036052084921e-01
-4.580932460947356732e-02
9.835927312429866287e-01
-3.490796312647170829e-01
-3.914353864210369238e-01
5.320918647976037585e-02
4.712717214449550496e-01
-4.269011551799091198e-01
-9.474649210697670965e-01
-3.680862103681245556e-01
-8.001214195706193300e-01
2.732711793605629991e-02
6.312125975895108709e-01
-1.518268597604159442e+00
-7.705387136639993417e-02
1.225209094871056448e-01
-3.924312518192563104e-02
6.022560526645430734e-01
9.654616237630730957e-01
-9.781576127652825692e-01
-3.972751293974837727e-01
4.955568320762925305e-01
-4.347096582482716243e-01
5.914770657863260839e-01
-8.406121122215221009e-01
-1.324102107484192326e+00
-3.314580924749259694e-01
-2.966480759544352641e-01
9.991769930936084121e-02
7.449784542708250135e-02
6.345541104059658766e-01
-9.773807407672857606e-01
4.642214474387599821e-01
-1.087929410915725814e+00
-6.288144824376906694e-01
-2.485840967860123985e-01
-1.053864952496822438e-01
5.791711987531438233e-01
-1.538881298288531152e+00
-7.534097010213436363e-02
1.643234851030586752e+00
-2.411947626261021771e+00
9.768461338621934331e-01
-5.834440797334183859e-01
-1.167660813335646308e+00
-4.139216714922792084e-01
4.250210313315089250e-02
1.082666382243496317e+00
-1.822779688776380524e+00
-1.588180663260984282e+00
7.186425601296946297e-01
-3.527516941703302822e-02
-1.714304637777800178e+00
7.914246728693180577e-01
-4.945872264791999484e-01
6.885938365623305302e-01
6.170874433647652868e-01
-3.439409362296084183e-01
4.466206559144662025e-01
4.691998131123811810e-02
-6.853347766273328867e-01
-1.082410306548248879e+00
-6.587885423187688216e-01
-1.092953113512386443e+00
-4.590353790433910897e-01
7.077741118618960936e-01
2.443541387673073273e-02
1.364954055371267738e-01
2.797829169781845815e-01
-7.753707813448544872e-01
-1.186320798262507914e+00
-7.556966264476434603e-01
1.250038084955867879e-01
-1.048475262506080030e+00
-8.918829657065101280e-02
-1.888769149560848293e+00
4.587610350051292141e-01
1.096776591207281104e+00
6.258627373585725628e-01
8.247867152590342144e-02
-4.296715632759942061e-01
1.332158593160245097e+00
7.253104202262757871e-01
-2.982543547570437603e-02
1.185323313584736526e+00
-6.906092766635940627e-01
-5.556203003601715151e-01
-7.765891773606919957e-01
-6.845810249766961508e-01
9.296280539220698191e-01
1.128876044686073221e-01
1.128778551705606814e+00
-7.439034808019148182e-01
-7.286749211632590484e-01
-9.247204312697245854e-01
5.127240552776134441e-01
1.325357106171585420e+00
2.639367317428232829e-01
-5.834262865603035975e-01
5.680367540195636611e-01
1.559975648468006904e-01
-1.732403126125732218e+00
-2.724018284626302799e-01
9.053976644265876450e-01
5.256063034186482241e-01
1.197522137745336224e+00
-1.214462065529224866e+00
-1.468261325086333446e+00
-1.178755709861953327e-02
5.033134473551426069e-01
8.185416160398341079e-01
9.979646387898091220e-01
-1.505291299568288221e-01
6.294408840232872393e-01
-1.285928893583360377e+00
-1.330618211521075622e+00
2.041214418559252897e-01
6.536201903386671397e-01
9.587428505004269574e-01
8.414779938515152269e-01
-3.352080151130624741e-01
-2.020815625120738979e+00
-5.262604991107016073e-01
5.395836152243960182e-01
