-1.470266219803142427e+00
1.218088454309065594e-01
2.177281465264843674e-01
5.107662496972495969e-01
-1.900029228730351349e-01
-5.560265544463588450e-02
8.202975368286568036e-01
3.951163237460401101e-01
-4.595542184095831040e-01
6.694821430623587588e-01
-1.384234971211831366e+00
-6.657669005102935245e-01
4.755054808235849029e-01
-4.337148084089273992e-01
8.618999919223704342e-01
-1.089335152515095162e+00
-8.501438777787232448e-01
-5.391582927038003348e-01
7.524762621523234385e-01
3.575669838691220570e-01
-1.176746403469748348e+00
-1.142906135367738552e+00
4.821067184203535749e-01
1.019105906674804829e-01
-2.179118433239038422e-01
1.039647011914399677e+00
-4.015784386588239219e-01
-1.028372109658959088e+00
9.873139257996528251e-01
6.120251552480110435e-02
-1.234686228848707046e+00
-1.070517680344282574e-01
1.189153888889551425e+00
-3.799822429327921469e-01
1.357932779997646500e-01
9.993120380347365883e-02
-1.783930955831423415e-01
9.318584122994106878e-01
-5.270240560724247514e-01
-3.873434152593143720e-01
2.747782770814828357e-01
2.146891225898259203e-01
6.148209793648787835e-01
-4.789381075341457850e-01
7.944726780852086057e-01
5.753926635254837940e-01
2.472974291670043678e-01
2.868269716631116628e-02
2.774615207399352412e-01
-5.884854089545032974e-01
-7.660528363090257642e-01
-8.230953348631970812e-01
3.261584639909571037e-01
1.301416479268392434e-01
2.674531313721179027e-01
-9.245381860942492036e-01
-1.081375745470987831e-01
8.772194118339806668e-01
-1.773879478161161649e-01
-2.217359035238480047e-01
-1.442834869277505039e+00
9.247154936227337529e-01
1.065443415759949719e+00
3.771812792176491014e-01
-3.547305098430797998e-01
-3.843675594021097042e-01
7.124656814352460232e-01
4.805970889428358150e-01
1.724296457062587384e-01
1.124380724114120378e+00
1.005694556538854201e-01
-7.173479932064485975e-02
-8.118595272058148904e-01
1.240530687012306177e-01
-6.260424664737974654e-01
6.282692061412171736e-01
5.661190186757463216e-01
-7.432626998999085632e-01
-9.352629386389988975e-01
6.856740568931884994e-01
-6.927066224938160932e-02
-1.112599554912782063e+00
6.168238450320097099e-01
-1.030271229917584935e-01
7.703935138590343179e-01
3.131721729117326047e-01
2.802824869753165471e-01
6.157757748031872369e-01
9.316683373525400103e-02
-8.575353179061423470e-01
1.196337997440359846e-01
-9.736021308483785441e-01
7.570480666685939219e-01
-8.602323976050526566e-01
-2.063840844156450971e-01
-6.312041487168045251e-01
-9.845919271467881151e-01
1.727048709298130147e-01
-4.042443679657921063e-01
2.007747194049760153e-01
7.944660640250293948e-01
-1.566475035447403019e-01
-4.054285323787912287e-02
1.921190125583732144e-01
-8.639952177741681005e-01
2.255316600604778676e-02
1.869079637101130897e-01
-1.220185894797490622e+00
2.752180740207187948e-01
-6.438709973730664116e-01
-2.713344996795397646e-01
4.001049665502973141e-02
9.226144953922527092e-02
-8.668128495012807910e-01
-2.426055208869057692e-02
-1.257465647659591346e-01
7.532091842088678435e-01
8.534152924245976823e-01
1.212976232007753619e-01
7.275425351996618328e-01
-7.028613627543530695e-01
-1.076395497657075762e+00
-6.136480981797253209e-01
1.229475015552431660e+00
1.066585866549326411e+00
1.240166829664925530e+00
-8.233057043272499209e-01
-2.665058535385242955e-01
-4.644682733366750638e-01
5.191632093627114308e-01
6.742680438600073822e-02
-8.734395293834784635e-01
1.263744316772920540e+00
-5.237045278685178440e-01
6.291232966899137913e-02
8.002722489090416946e-01
7.921454625581654252e-01
2.517800498089026173e-02
-1.009727371376949234e+00
-4.748021227078930151e-01
-6.721901463464076132e-01
1.657873172656073313e-01
6.470190525732872899e-01
9.374122465356888867e-01
-4.686952769096900395e-01
9.131369858182390997e-01
-9.724559823364078426e-01
-1.073661985840657973e+00
-4.361115681901534535e-01
-3.093229291845043250e-01
5.653833576071790601e-01
2.179624102127926677e-01
2.676812327028310623e-02
3.543187052245786450e-01
1.598175722612770466e-01
4.443770238769543246e-01
6.230062883616404035e-01
-8.834035572319565155e-02
4.186854727378392926e-01
-4.015156667041816507e-01
-1.091538517319480706e+00
2.947883809186822024e-01
-1.694465663480378970e-01
2.970215679959672395e-01
1.001354819353252323e-01
-1.208553048661725970e+00
-1.598378972720985725e-01
-4.290226704064326047e-01
-1.849795400045110005e-01
9.424433383062015279e-01
-4.131386517466766328e-01
-5.693145885220101121e-01
-8.543493866820273119e-01
-4.471447555726097978e-01
3.468177149399347403e-01
-6.764096427970964776e-01
-8.372840001629838769e-01
7.303369510005019993e-01
-2.775659209793885918e-01
8.655829417210372245e-01
-7.089860641016259013e-01
-6.904675257233175989e-01
-1.025586590138121590e+00
-8.763444487097711288e-01
1.907036723278138779e-01
9.883493842585078237e-02
-6.579468188198385192e-01
7.327856147196714076e-01
-1.530986964629835967e+00
-3.006074710440315156e-01
-3.210385016519308188e-01
1.727358082504724113e-01
2.601335102659462772e-01
-1.200306488119635695e+00
4.004833884069341488e-01
-4.914526445455139614e-01
4.181645783883882750e-01
8.535655849177844479e-01
-1.201583570545462276e+00
2.756130713661922860e-01
1.028396805665757974e+00
-3.187702256985389671e-01
8.826225223033328238e-01
-2.618169166507031687e-01
-3.942997427213326134e-01
2.545617856150073632e-01
-3.497157684297130809e-01
9.036452909949677093e-01
9.396540257753444036e-01
-5.944241466292474740e-01
-3.584212565106423831e-01
-1.329067421111390646e-02
3.443661925124355538e-01
9.675864349830436417e-01
-8.105051257039272983e-01
5.552809154865078201e-01
1.002954869441966990e+00
7.525749144479764174e-01
4.744460553306678041e-01
5.336096050269754087e-01
9.847149812692395088e-01
-5.804259590649748501e-01
-4.835142200318504058e-01
4.023693571674301639e-01
-2.870715405863696890e-01
-6.334849588668129972e-01
1.069397800011108179e+00
-5.951705031067279217e-01
-1.563891047980771332e-01
7.605799421998151733e-01
-4.064424500047472133e-01
-2.585372884425468087e-01
-5.488679070314239627e-01
-3.809006196658184379e-02
1.227218734628436003e+00
-9.996835053613517541e-02
-4.889207999821265083e-01
4.585669268436065593e-01
-5.208397676989937053e-02
-7.655625837978875525e-01
-3.250661680820443600e-01
-2.239415666448218711e-01
5.799944204824654115e-01
3.713125735303204333e-01
6.606060210098175789e-01
6.739557062986207825e-01
8.278736776505952744e-01
-8.194422992186958243e-01
6.008451480343997009e-01
1.119852342528562528e-01
-7.931155952063179138e-01
-1.035220377637551925e+00
2.087624903073127536e-01
-4.101083045409088523e-01
8.678860213145651592e-01
1.616413621785438293e-02
-4.540142075390507514e-02
-8.133963889743309750e-01
4.268601743220786782e-01
-5.622637105838953486e-01
4.502620355081723980e-01
1.026230705813634264e-01
-7.779700200062822368e-01
-6.566141131783076457e-01
7.757137064395228654e-01
