-8.577868558532529830e-01
-5.402044671577587165e-01
7.144981584999324786e-01
-9.317589929414551442e-01
-2.396295520559599268e-02
-6.683131321727695529e-01
-4.657469623964844985e-01
1.071056728471977193e+00
-1.269817508209656998e+00
-1.459823769298253637e+00
-2.725021791823760697e-01
6.944762232096292065e-01
4.676567182961707814e-01
-3.459048050866610491e-01
1.514056871517467595e+00
-2.696495440351722728e-01
-3.722300391094732763e-01
2.641413434313251152e-01
1.221959621352303182e+00
-6.827743733588057529e-01
5.253254842430661320e-01
2.658826209829359688e-01
4.192964376989205544e-01
-5.767043878859356987e-01
4.399721728054301062e-01
-2.845749309754800338e-01
1.512448819659290011e-01
-3.007942529554665234e-01
1.019937950290490669e-01
7.083530189618050255e-01
-4.385529175333903185e-01
-1.213850945098934542e+00
-8.469697263594777592e-01
-1.028348710700843910e-01
5.098685190226580621e-01
-5.135639724835883158e-04
1.340091112740027901e+00
6.507034746483395526e-01
5.332603919656653257e-02
-9.018603566260876558e-01
4.512415363958839354e-01
-7.461350338399903581e-01
-6.587750044536007099e-01
1.414731960293472146e-03
1.322315084926968254e+00
3.799388513401036338e-01
-5.708110438813942533e-01
-3.313395069741211230e-01
-1.752229694928390535e-01
-7.148642221835732613e-01
-6.947390286334933496e-01
5.292193349249568746e-01
-9.762864430121068748e-01
-4.698984796839526801e-02
2.158200374372855612e-01
9.269708586233120773e-01
4.979480600337418683e-01
3.715061388301033052e-01
1.069106022884002583e+00
-1.054874665857084226e+00
-2.884645544486228452e-01
1.660158937342421925e-01
-8.934976862819534738e-01
2.422956661130367950e-01
-6.357456094494542409e-01
-7.159550146353714783e-01
-5.532175707297304346e-01
8.435937366760504208e-02
-6.308282106265894473e-01
-2.504427831494455692e-01
3.552973226509335003e-01
-6.080464835153441827e-01
-3.336672078356365256e-01
-8.698335081839111416e-01
-9.135215727979714706e-02
-7.643742638214072738e-01
2.618100333780472577e-01
-6.891288726451118007e-01
-8.481225896992361513e-02
-3.327804124127802243e-01
-4.315575396033841105e-01
-7.224049543090022008e-01
-6.368281059738249983e-01
9.423503459379662939e-01
7.495328546638914125e-01
5.459916353898159463e-02
1.307497876343648002e+00
3.865973432191389669e-01
-4.231572947767106019e-01
-6.617456297556015277e-02
-6.447276751281001417e-01
3.930681925550399969e-01
-6.978944717623165872e-02
-8.601045773621495139e-01
1.550378869863528741e-01
3.510019450967434285e-01
7.034279815677974002e-01
4.753762351918575657e-01
9.689913975135360236e-01
5.794713677396299278e-01
-5.499521753871912111e-01
-7.403831310436234103e-01
-7.042886074428819088e-01
-2.707872029972160921e-01
-9.750160601316288922e-01
5.284073983407195918e-01
2.047054033615032520e-02
8.257126578833927644e-01
7.653702990518866933e-01
3.108237557285262742e-01
2.396632126536114016e-01
-7.011681394623275887e-01
-6.793012986829953803e-01
-1.097801952207410892e-01
-1.007348627841047062e+00
-1.036611791563114338e+00
-1.875267928101947146e-01
-3.100748702557839520e-01
1.020983097979834442e+00
-1.149194225567453931e-01
3.480420717218870585e-01
1.684772110651658328e-02
-8.805578804810068050e-01
-5.699253958521197649e-01
4.112917817633199857e-01
1.105589500228377320e+00
-9.874656957369177812e-01
-5.215165701690421818e-02
9.762286842366396655e-02
4.274870239895925961e-01
-8.403767915779181141e-01
2.832390073693507038e-01
-1.411108001980785343e+00
-1.041364879058804593e+00
-6.458508765974285692e-01
1.239676938230383385e+00
5.890797219306265209e-02
-9.601500887951457397e-01
9.127403203686239586e-01
3.976901978398270643e-01
5.742659819617361716e-01
-1.388097317202779402e-01
4.194737477832239381e-01
-9.320452999112466275e-01
6.046220656073063582e-01
-1.375796286804961799e+00
-9.154169921973585033e-01
-8.142400681000944163e-02
-7.399325613063055807e-01
2.599682977303728326e-01
-3.777963056815268339e-01
-1.165396704623653967e+00
2.890570547016555469e-01
4.329672992679484134e-01
-6.164340470715727882e-01
5.260463456892696676e-01
9.249391797506235635e-01
1.378377876708383853e+00
-1.706739905002561120e+00
9.971320815301376594e-01
5.772157717554236012e-01
1.970257784940274148e-01
-5.339747949721381781e-01
-2.035503539261176442e-01
3.713167149164500747e-01
3.923267186556664843e-01
-1.129734835840639162e+00
8.098073870339912717e-02
1.329298180069001578e+00
-2.434930709431672169e-01
-4.809145136912378327e-01
5.311378394249045565e-01
-1.225265853150144135e+00
2.814202263259835135e-01
-8.424540338051363930e-01
5.587217220184752531e-01
1.349149704099264380e+00
1.433676643833893261e-01
6.847112100199309603e-01
1.207708155376882170e-01
1.111175352173534581e+00
-4.898255337319790126e-02
3.799197562620573732e-01
5.722772729661154134e-01
-4.239441440767234837e-01
-2.073270407853773645e-01
5.241598522719340680e-01
-8.281699176304926358e-01
-7.262468780282312908e-01
1.110140400577492303e-01
3.269595373614266887e-01
8.519244492279071101e-01
5.161671411582658964e-01
-1.017601968315399452e-01
-5.449593845388660540e-01
4.016928850771678272e-01
-7.508013563016576741e-01
-3.161920418668149324e-01
7.085885272730019224e-01
-9.531987576066760504e-01
1.086528086511104219e+00
-8.589711578230421196e-01
-3.403584386043309040e-01
2.063881099632046065e-02
4.973922326989123066e-01
-3.626256094654610185e-01
5.901971056183978881e-01
-2.927054539378734499e-01
1.188443319010503221e-02
-5.280709631701034912e-01
-4.799379504525815854e-01
6.000879002254781991e-01
-5.402922905734200976e-01
1.007396398247313307e+00
6.513419620659949283e-01
-4.108598326923160737e-01
8.439427268737004217e-01
-1.046131106111926057e-01
-3.900088971093794155e-01
4.063863379280495680e-01
5.365779415465516955e-01
1.073171093994989445e+00
-1.571094353006198818e-01
-3.407727357116878686e-01
-1.268319543122348625e+00
1.303270352308961044e+00
2.249576006931996441e-01
-5.224734266984245590e-01
2.927652441729212129e-01
-2.306999246469841058e-01
-4.153479038114650246e-01
3.148024222937310657e-01
4.285050574437586357e-02
1.031305872394322753e-01
5.664814620784388577e-01
-5.015042961822089307e-01
3.740719639504123117e-01
1.155483258291401638e+00
-5.188802713969822289e-01
-4.888173397661386144e-01
-6.741320905408885178e-01
8.837627132372216643e-02
2.932986796485926861e-01
-1.143023526918088839e-01
7.289490302399266319e-01
-3.723693180491317589e-01
-1.034540133335766887e+00
8.991549031203353026e-01
4.610760348763039973e-01
-9.514283157337211083e-01
2.841881038079616117e-01
-2.884103073307681120e-02
5.529419065776060016e-01
4.556962685852904427e-01
2.834391258918905199e-01
5.359518729806767023e-01
-5.398498429364986251e-01
7.053251363964266885e-01
1.019039621554668429e+00
-8.158702981534624032e-02
1.280359508543156943e+00
-1.118262303233541699e+00
-9.628001031810434762e-02
-4.695824888112536954e-01
-3.608739949837451721e-01
