-6.889106419899977407e-01
-1.171254396143498688e+00
5.337174546187067881e-01
-6.712934020118273004e-01
4.841941282087730003e-01
-4.703767603624442462e-01
-3.242280458862431547e-02
1.150480475826584303e+00
-2.039468384998440187e-01
-9.124599725022658481e-01
1.989501567784973668e-01
1.035059025401052990e+00
1.610749913187120574e-02
-1.623295619607558304e+00
1.439077143403374004e+00
1.908074559388864624e-02
-7.463882574183059448e-01
-1.590378750057037105e-01
3.464422322602862536e-01
3.673890495380158216e-02
-3.931461397078737097e-01
-1.621801233951056798e-01
2.429026902444736957e-01
2.304646468617556343e-01
2.482306159835057091e-01
4.407134924204698656e-01
-1.416175059946773729e-01
-6.615784778791944376e-01
-1.128830414948647498e-01
-2.526000474210937652e-02
-1.539394225311137565e-01
-1.037462596771600909e+00
-1.137774586428384360e+00
-7.202915400428558934e-01
6.399896838304008906e-01
-5.368017085248750764e-01
9.312942287368356498e-01
1.430409503918587122e+00
7.243675264906224154e-02
-1.314115782749037287e+00
-1.488392148130100179e-01
-1.975903856097616096e-01
-1.060810915333201043e+00
-3.973646552852232450e-01
7.491681103812599662e-01
-2.146940167955916912e-01
1.839673687648399336e-01
-6.779344770041396684e-01
1.499098656869293500e-01
-2.773259811011946629e-01
-2.223778827428529448e-01
9.023937514824417194e-01
-1.008329985005472107e+00
-7.598175507327892264e-02
8.984057921228577603e-01
1.259763685582416359e+00
-3.768923822505846344e-01
4.356675269611624546e-01
7.834255238682770184e-01
-1.435156278016898046e+00
-1.720261149557360258e-01
3.451458249626275787e-01
-1.691084382203280612e-01
6.520469381797172614e-01
-9.510982857384979727e-01
-3.402991758644267062e-01
-6.218934549984382887e-01
5.891559046136138900e-01
5.545187734659298151e-01
7.011243567363320550e-02
-5.960693134503851631e-01
-3.703682283668011110e-01
-4.524243840020869545e-02
-7.547474100969349120e-01
-2.988647014283394854e-01
-9.748475072068585323e-01
3.559628698015226411e-01
-1.142798943161917213e+00
-9.132823531430053765e-02
-3.532494425032707275e-01
-5.923061076649648315e-01
-8.267876380751491006e-01
5.425480573260490491e-01
3.925625500423443603e-01
1.239828955236091268e+00
3.062638174630885057e-01
9.943295701180567825e-01
-8.547971630791684206e-01
-8.293905974534344638e-01
-1.224300338877485628e-01
-1.780232515162887552e-01
2.172280655017222728e-01
-2.532017362054480025e-01
-7.102963371861807929e-01
2.258557998798207955e-01
6.487843507193314929e-01
8.679443628970208158e-01
1.458446297963847671e-01
1.240473648852078448e+00
5.828934090583891559e-01
9.618388329408801563e-02
-5.962189278555738436e-01
-1.575771879099900241e+00
3.478186006504283001e-01
-2.037370070526837718e-01
6.845022397979901863e-01
-1.628741446769632339e-01
5.914574540227174326e-01
2.081676018089191338e-01
1.819580220539862014e-01
2.497056474051566055e-01
-5.739548115080423951e-01
-4.101936675131836463e-01
7.204442148828757442e-02
-5.008035857181605266e-01
-1.226687743948926101e+00
3.502232127668690187e-01
4.389023746112404034e-02
3.619858159267868580e-01
-2.304053825338123751e-01
1.141524829557441834e+00
1.581403511380758409e-01
-4.978714690266369813e-01
-4.299693078482501596e-01
-7.768610613916124286e-02
7.816864063109439931e-01
-5.766001223478819382e-01
9.710015176953397109e-01
7.571774127226482687e-01
5.680114320759437341e-01
-7.657116407440748285e-01
6.334472451406431004e-01
-6.580983582541554133e-01
-7.223039648484651520e-01
2.778123785581440019e-01
2.436720658679356055e-01
4.323698485634631661e-01
-4.377272437520764448e-01
9.751582912442972040e-01
1.030180113922899210e+00
1.646173830880204303e+00
-8.947712176073291390e-03
7.624809032372270590e-01
-9.051728133269404397e-01
1.286235800780738681e-01
-8.901277109342398131e-01
-1.011020534839988771e+00
4.896832127527291356e-01
-1.011060448719879323e+00
5.928135758140115619e-02
-3.273678256901159656e-01
-7.867178409712723974e-01
-1.889181609324722122e-01
6.105660660613300150e-01
1.691578724765717412e-01
-2.743091047899650081e-01
1.269839419206878484e+00
8.327055185028870987e-01
-1.425123655538507617e+00
1.251062649673532867e+00
4.165782158830051984e-01
-4.974048670496176161e-01
4.324018276134130589e-01
-9.960568422777865694e-02
3.602294913778736896e-01
1.001896700786671701e+00
-5.968322001000706534e-01
1.216009123252595192e-01
1.532864017637572296e+00
-1.438066167176708932e-01
2.857420303360919123e-02
9.724603050130548043e-02
-1.403353018829097687e+00
6.772798357626981236e-01
-5.589623311643084902e-01
3.432334319675490741e-01
1.333390017521686177e+00
6.467739681815101171e-01
5.669239452695555848e-01
8.075723308447332327e-01
3.464401743335782102e-02
7.028805449865185295e-01
1.319713263898654731e-01
1.211111547133658206e+00
3.769588486077924544e-02
-3.188103790820300265e-01
6.772760517052782703e-01
-4.803980672685050912e-01
-9.512055062138332628e-01
-4.494080928056812252e-01
-8.366717557669985095e-02
7.817927697148625565e-01
2.981638792930710324e-01
1.670905178266486324e-01
-5.889285230978519303e-01
1.358302968830237822e-01
-5.100014444460543306e-01
-1.061856799933980522e+00
1.954091446344768390e-01
-8.806458871134287270e-01
1.195618919332295915e+00
5.170845384108677112e-02
7.783674459149525493e-02
-2.893423111576197693e-01
1.270894390109615690e+00
-5.452241738710872365e-01
8.171679907847243518e-01
-1.481165117519390451e-01
3.576117446027698432e-01
-3.355984630599356811e-01
-6.870304733249656959e-01
5.255670787522213061e-01
-4.162139048034439459e-01
7.657114590979274826e-02
4.553752483290830488e-01
2.394456657209472206e-01
7.945971989580771222e-01
1.353830683629965448e-01
-3.841729668140374532e-01
3.357750402131579048e-01
4.785941392688164431e-01
2.472618064870403254e-01
-6.229398506680862146e-01
-1.724874376708943058e-01
-6.664098371405445809e-01
5.759919046810307863e-02
-3.285065469454176434e-01
-5.148382336519854441e-01
-3.838931654321641185e-01
1.512274643692113063e-02
-5.502611243672472785e-01
2.682972384745671568e-01
3.497329481180819766e-01
-3.074709828642033238e-02
1.405667487537165972e+00
-3.206185215811350742e-01
5.807857958384419206e-01
9.024239127497830637e-01
-9.638537491241607746e-01
3.101526154306079308e-02
-5.168937142734575385e-01
-2.451436272888116441e-01
5.682848995650938706e-01
-7.859625744169608241e-01
-3.469599283111645116e-01
-3.799380952121188537e-01
-1.398264915909430695e+00
1.686416873012877293e-01
8.624785260001618381e-01
-8.567736452710889017e-01
-2.935214715573987165e-01
-2.297964364276718907e-01
7.037001240716092010e-01
1.060075242749916491e+00
-1.573444322552234043e-01
3.366602164101621386e-01
-3.801175802336347331e-01
7.043449242231939467e-01
9.933052725681235096e-01
4.835676954527652338e-01
5.256229909873574302e-01
-1.241519921647327163e+00
-1.403330623085845552e-01
-2.970984062700459116e-01
-4.168156382169508900e-01
