-2.942601507483252332e-01
-6.864486274279841815e-01
4.621171466562440378e-02
2.973294283100584301e-01
3.648609216735344551e-01
-3.657520716362053781e-01
3.036668071452047757e-02
-5.229550331930250540e-01
8.587840079843731544e-01
4.324346279691697603e-01
1.120838746232742489e+00
5.335675858450708575e-02
-1.041848148138079022e+00
-6.255059779126959096e-01
-8.283565544391868762e-01
-2.769316340431888790e-01
-2.868706240892079928e-01
8.959410677468173656e-01
-2.379807467135807708e-01
-4.350920228809554979e-01
-3.650538841141912627e-01
-1.006773619157372623e+00
5.777897173187781510e-01
-6.961174311669319215e-01
-6.577156608602902077e-02
-1.697321728194644275e-01
-6.422430012854365433e-01
-1.591148775517344349e+00
-7.897219238667123609e-01
3.905211242995109133e-01
-1.070794058970856444e+00
1.247037602314434723e-01
-2.783152334953928331e-01
7.164283979586492102e-01
8.809712269535127094e-01
4.986758242868755131e-01
-2.972049927465726382e-01
-2.658940457599734408e-01
-1.281583422784522142e-01
9.587546390672143648e-01
2.736686068584232023e-02
1.253906822866118320e+00
-1.219831980348500489e+00
-4.653663077942352122e-01
2.504887393627059367e-01
4.879149255698448928e-01
2.530602092288379290e-01
1.059415818312066104e+00
6.189480122589596789e-01
8.579121930174501420e-01
9.830659881651275800e-01
5.193649577669745554e-01
6.899839091421046122e-01
1.041494150394439488e+00
5.245324972211620196e-01
-1.028131933669015563e+00
-1.079347645887059448e+00
-7.858476694295750686e-01
8.789211176239877243e-01
8.124230714948245391e-02
4.642298201971695182e-02
6.138080072594536141e-01
-7.849041346612261050e-01
4.563392428697492509e-01
-5.970715179788549376e-01
2.354414912047770592e-01
3.309721085801852203e-01
4.704671105293313227e-01
9.852435591737027654e-01
-7.696535483464608252e-01
-4.210572129864637581e-01
1.268707307401372608e+00
4.292517752607524772e-01
1.606192825050378747e-01
1.177447950715166947e+00
2.727491187824801488e-02
-7.681580221253793139e-01
8.918371546747732026e-01
1.887101764248160507e-01
1.622160919564965553e+00
8.027008857257775798e-01
1.313626921936604797e+00
3.844408750874756531e-01
-2.107793017384838041e-01
-5.774609536902247653e-01
6.219052545315850722e-01
-1.053063175211116365e-02
-1.459941685933957345e+00
1.232406705752910225e+00
-6.183563969476151279e-01
5.505395486864764765e-01
6.536325154299266194e-01
4.775476377928234428e-01
-5.620191911420351349e-01
2.683047096482868432e-01
-2.842904636615536385e-01
-6.596938154572433710e-01
7.169747608487664348e-01
2.345362212591278195e-01
6.958019337980911878e-01
-9.841478918927917818e-02
-3.654687734471531169e-01
1.075048978878817563e+00
1.778986729883281770e-01
1.045499479676202714e+00
9.849373737801360162e-01
4.186389631110244980e-01
4.768513918522728767e-01
7.681619676148320197e-01
-5.975012599307554240e-01
-8.671428393647313548e-01
-3.515557591605660281e-01
-9.712393124392960653e-01
1.399319749181848982e+00
-6.870790253763636724e-02
6.225861407175765638e-01
-6.865353547782970800e-01
5.044068350579268278e-01
1.739666903309379786e-01
-9.906944190384245896e-01
-1.245125552104385580e+00
1.246449659629554230e+00
-2.093495907247694132e-01
-1.300208943876142609e+00
-5.564437976091466398e-01
1.046773758211546612e+00
-2.793077564639447896e-01
3.739908746285441898e-01
7.620653290143544201e-01
6.599025345495984629e-01
3.614040180423397364e-01
2.714969922912917610e-01
-2.831269172251391769e-02
-9.829493316060402552e-01
3.875984068348130585e-01
3.387350681442315992e-01
8.238917957312709150e-01
6.193439663288487218e-02
-5.315186998548389052e-01
1.568283879483901022e-01
-5.146385079999893364e-01
1.167601235722901087e+00
5.087626478252831319e-01
1.132304454572587993e+00
-1.362904857148530269e-01
-6.435893297513364253e-01
-1.381143164792912326e-01
1.027619831325177646e+00
-2.964119865123710507e-01
-1.275177025842939349e+00
-3.444326446501647654e-01
-1.031972095494355646e+00
1.775680384805629064e-01
4.648951141218303773e-01
-6.081669973743398794e-01
-3.778230010337175204e-01
-1.826895173154049340e-02
-4.419835593009455721e-01
6.793180032537409208e-01
1.523438912322168104e-01
-1.080353705845333856e+00
-8.749879129527382560e-02
7.900820762039081346e-01
-8.646651687498421168e-01
6.203442235580128861e-01
-7.886251183906290985e-01
-8.121667697630484684e-01
-1.162884514346004927e+00
-4.076709082527345540e-01
-4.304089436535106228e-01
5.611612026543766341e-02
1.090885420805887573e+00
-5.419929409418817734e-01
1.269899985284534405e-01
-6.106082859912158600e-01
-7.515550031658566610e-01
9.472003894010039282e-02
3.777779786476614388e-01
2.343519741152814695e-01
-5.760339297888783516e-01
2.890018855379788421e-01
6.364133871162076517e-01
-1.122623896801793419e+00
8.257032317303951707e-01
-6.708627809947279586e-01
-6.417149496546065146e-01
-2.727322964660242599e-01
-2.633701059484704898e-01
8.674579763693333057e-01
-1.462420829433598746e+00
-9.962227545010254870e-01
4.094316247500425221e-01
-3.412904309008187309e-01
-1.501963824184854523e+00
1.118026608223277596e-01
-5.262924900831688069e-01
5.241288686649409057e-01
3.263424444217111198e-02
2.546677100297222718e-01
8.568287691790760219e-02
-2.975323399109906508e-01
-4.513775542130041285e-01
-1.216529451025808228e+00
-5.329372540685043402e-01
-8.254427787361204860e-01
-2.796476393657205683e-01
6.134645933210732816e-01
-2.638865574097958300e-01
3.902939772846391597e-01
2.109687141157292334e-01
-3.443755401826339435e-01
-9.513814643632627632e-01
-6.270439475318489997e-02
-3.750365970877171939e-01
-1.424044426367742644e-01
5.523477009518855674e-01
-9.162237089994169636e-01
4.801707904687992357e-01
1.293055668285840509e+00
6.292486326796991047e-01
1.194365188829662472e-01
-4.436542787506966845e-02
7.493058672371734064e-01
8.563780728026463285e-01
1.881191131350584689e-01
9.871794734786997205e-01
-5.177231669918879176e-01
-4.254041811610937973e-01
-6.780984868617561112e-01
-7.355212311665827452e-01
4.167211634987600388e-01
8.252106744879026401e-01
5.393165030574097463e-01
-1.031917590351294711e+00
-5.597915553946914979e-01
-9.430448711214571844e-01
5.891873361092662131e-01
2.467570543221208612e-01
5.107893254951569872e-01
-2.813151778182794160e-01
1.020700159165301546e+00
-7.996839813112889550e-02
-1.125752925008077776e+00
2.329641315962683867e-01
1.293108395082734341e-01
7.119567104090365195e-01
8.950857965976569686e-01
-8.732431531417441661e-01
-1.439862160960120097e+00
-3.437686613735243535e-01
6.948667854298861135e-01
2.827894795661852756e-01
2.718368678790191728e-01
5.303314458360808281e-01
6.610083329547504771e-01
-1.167003626950692041e+00
-1.038327271845659983e+00
1.707254490332505148e-01
1.087264423738220076e-01
5.655596738960106951e-01
9.048316629387836985e-01
-7.739426060747004454e-01
-1.205487470968871877e+00
-6.750943786935176272e-01
4.739208013337715131e-01
