-6.416281546500085531e-01
-5.951661712172092722e-01
2.749497866516508182e-01
-3.155728404265688569e-01
-4.566369254246767095e-01
-3.221773956991573762e-01
3.356530755793434295e-01
-1.129429707731019361e+00
6.764264236542181230e-01
8.659752774378967066e-01
9.089160160656666321e-01
1.100075147835858358e-01
-1.070588524588710122e+00
-7.328782078193738503e-01
-9.422212433665717590e-01
-6.004693584059561662e-01
-6.213732559798947896e-01
5.438654939209345285e-01
5.150023222180196703e-01
-1.006609689809568220e+00
-9.267810282183833737e-01
-8.912017140319522523e-02
6.532161393727198284e-01
-1.030865029703136537e+00
5.453708201945914880e-01
-9.329303083247243444e-01
-1.063138498917346686e+00
-1.693014654316675971e+00
-1.138416094939009415e+00
-8.235354465496094734e-02
-8.543655539133527821e-01
5.216828666591996067e-01
-3.641999115897294192e-01
9.879231795021602425e-01
8.034701601718197139e-01
-2.230403386794011511e-01
1.924578480182771167e-01
2.937807024308364268e-01
7.698384923104082400e-01
-1.453814982855591853e-01
9.725268246501567182e-02
8.019805515127832463e-01
-9.790389005808474154e-01
-8.169087347603498639e-02
1.044939802538952467e+00
4.492999550277338439e-01
6.649717036306279638e-01
1.290855172398222894e+00
7.281712041453455297e-01
3.971552886628209045e-01
1.127775616900076772e+00
5.130020328905535720e-01
6.113169310130569523e-01
5.038537525620911950e-01
-3.051337084814870204e-01
-1.520750181838670834e+00
-1.118780145336291776e+00
-5.096690815049393919e-01
1.068006509696687534e+00
-1.438858119318934259e-01
-1.303753711740911481e-01
-2.452049052287808006e-02
-5.987995617061210307e-01
-1.711330973595583671e-01
-7.215441792752231437e-03
1.283368015038572341e-01
8.565644463903445693e-01
3.633280479346614467e-01
6.613086554014649954e-01
-8.137299725669175920e-01
-6.012027247640350236e-02
1.137823738253517014e+00
1.026488999374091549e+00
2.350728005680185195e-01
1.503923813852062086e+00
4.448337405884694729e-01
-5.569808156039328662e-01
1.347503306781076660e+00
6.908835588256931892e-01
1.830417928273702310e+00
6.287570208687836004e-01
2.244030561867688789e+00
3.610154663448463253e-01
6.115617054803017538e-01
-6.596362319924781170e-01
2.491054191278048724e-01
-3.064349331331940318e-01
-8.740610909119433947e-01
2.274306460296838139e+00
-6.437418286035089254e-01
5.694216883201556056e-01
5.695935531735711876e-01
-2.578634566582929666e-01
-6.248626592727307694e-01
5.293349097522076496e-01
-3.982570051541798883e-01
1.966511692979739934e-01
7.442786339416127550e-01
-5.226551254740651187e-01
5.640302380326593923e-01
-6.409261584369246867e-03
-1.060937353161664598e+00
6.855739036791657082e-01
-1.340487307687814045e-01
1.214660541978908714e+00
1.566299517690564969e+00
-4.291205490930132815e-01
1.147646572937316201e+00
7.035020996220930911e-01
-8.188903996176443156e-01
-6.694736374224679043e-01
6.357808847640651628e-02
-1.620270396502679233e+00
5.851755369755692326e-01
4.382446115789268015e-01
6.701505106000363865e-01
-1.186188704157582485e-01
6.885496277730316361e-01
4.287865551437983758e-01
-5.388321547942844791e-01
-1.111681959742414350e+00
7.133090805297110926e-01
7.385327312695263990e-02
-1.268191338877108887e+00
-6.296882031377120104e-01
6.811905511936965363e-01
-1.085158324883823688e+00
5.524519617065666299e-01
5.608249072762425680e-01
6.639872324320739150e-01
2.336960488825327031e-01
1.083113666798962565e-01
-5.541943493921548392e-01
-4.450761155120196433e-01
-1.367312264763369256e-01
5.220483424604230871e-01
7.076637830574363797e-01
2.357272011046890325e-01
-8.366360739329541385e-01
-2.238736084615334243e-01
-7.711982961573516926e-01
8.981765037293040210e-01
-1.584646210018748891e-01
5.109293635052742921e-01
-3.668671913288168440e-01
-2.331923820821571736e-01
-1.647965810003318987e-01
6.424386790352321075e-01
-2.970036322546437124e-01
-1.461715037896888392e+00
4.875541220563218703e-01
-9.764218270808595612e-01
3.043895685199931589e-01
5.901312860745264732e-01
-8.085152875984021881e-01
-4.844136441093005452e-01
-1.494243050377239146e-02
-3.333745868381335908e-01
5.435055171496614435e-01
8.244343079686347053e-01
-9.349115389251848596e-01
9.147736635564979180e-02
8.972693382608736279e-01
-5.371884069685993746e-01
1.124387509869257507e+00
-1.060706759626482087e+00
-8.097627458029273972e-01
-1.004546152988554875e+00
-3.680491066078073747e-01
-2.644681592026314476e-01
-1.776216744094007705e-01
1.830008759575419419e-01
-7.087904118024835887e-01
7.976146923930886867e-01
-5.128402368674144229e-01
-4.426475454982121693e-01
-2.432261387445223133e-01
5.893688114026538610e-02
1.881832259226157156e-02
-1.012238340143809090e+00
4.020521337191466649e-01
1.314667164053534565e+00
-2.010289452271149635e+00
9.976215233043806974e-01
-7.434929015087166082e-01
-1.442572393328724667e+00
-5.853936697696131564e-01
-1.554902351708412067e-01
6.839771283735365248e-01
-1.860916144583980802e+00
-1.569459757051140825e+00
1.030971719035012502e+00
-6.431418666998871270e-02
-1.963500738002310175e+00
-2.487887457400057567e-01
-7.966507064427637008e-01
3.190130770693311302e-01
-1.070053903813309171e-01
1.536604752970835708e-01
5.886828471067688806e-01
-1.822516184838929298e-01
-8.453358514280070457e-01
-1.126993453505189535e+00
-2.786217974983987711e-01
-9.222528698759135946e-01
2.140719875143648476e-02
1.366334744829541981e+00
6.939540353575138210e-02
-3.221286015098396294e-01
4.528515050958683563e-01
-7.690769633814298345e-02
-8.458634707438543732e-01
-5.672117698529965946e-01
-4.361731479961959423e-01
-5.298602972167754110e-01
2.063026723477059121e-01
-1.527173297374517347e+00
3.427049602083335755e-01
1.331498479503980370e+00
9.107877213687717299e-01
2.471599393843486037e-01
-2.449089573142071985e-01
1.334127923488756640e+00
9.454748960661819579e-01
-6.405875360986308387e-01
1.481577618861248169e+00
-7.723434297852442842e-01
-6.131807925249559421e-01
-7.866142754811149551e-01
-2.358612407942248523e-01
5.237138301938140117e-01
6.703175841398796297e-01
1.013179823392358569e+00
-7.682641258381186500e-01
-2.651628183012716966e-01
-1.024054063542007675e+00
5.743435435087340668e-01
8.438867933423009893e-01
4.465585294714846665e-01
-3.745702892663484995e-01
3.405481355570167956e-01
7.423790573426904127e-02
-2.077863304406230682e+00
-2.364948347402646284e-02
5.923866353669886564e-01
9.584166960389809420e-01
1.158816419391634378e+00
-1.209240323729530164e+00
-1.383775822864810934e+00
-3.945549926447523559e-01
5.772688204803299028e-01
8.395412072329133668e-01
1.872215717742441721e-01
3.936172019718006121e-01
2.725560049220345227e-01
-1.320402185832949549e+00
-9.785321820416970073e-01
-5.201882534949764381e-02
4.034448778846289607e-01
9.373348060980981611e-01
9.817575324849479035e-01
-3.747704958007829212e-01
-1.624747746365307721e+00
-7.925576869460286833e-01
2.602427580361483250e-01
