-9.473478526293649393e-01
2.530287293226049505e-01
4.358479398233365831e-01
-1.017587802412818210e+00
-1.395513589400923404e+00
2.382641926945860689e-01
-4.812297900171998988e-01
-3.981861132586508312e-01
-8.497746334019098402e-01
6.359681352348980354e-01
-4.488311271180536743e-01
-8.482318456094570802e-01
6.329481264310738986e-01
1.462616381408061716e+00
4.259962960023891965e-01
5.361677185511181110e-01
-1.301884808543184890e+00
9.324636077117918198e-01
-4.284487042378702926e-01
-1.489983216286278722e+00
-3.005146567321850815e-01
-1.523146851668875645e-01
5.795832181420654816e-01
4.485337426662467930e-01
1.838759398521880584e-01
2.374240995351427352e-02
-1.221218872577961800e+00
-1.607919185705132259e-01
-4.901425657347242004e-01
-3.967737010208850501e-01
-3.879217127892832240e-01
-9.455830395835582713e-01
-7.434575479980736201e-01
-1.046218917272751625e+00
-3.621361664009410397e-01
-1.217920222042449874e+00
-7.279959627978570547e-01
2.000917805933662974e-01
-1.060584631221324070e+00
-1.815563883430727082e-02
9.072756799175272224e-01
-6.018077409584581261e-01
-1.334506906842711338e+00
-1.048822728349319888e+00
-3.031849950065798049e-01
6.130977609292413977e-01
-7.939093865607906864e-01
4.933567458976693132e-01
5.318487276171920408e-01
-2.407075281959313862e-01
4.884095421368349066e-01
-4.489341214402202684e-01
-6.691626135214050475e-01
5.204022527385741004e-01
-4.571250630176280638e-01
1.133950755888346595e+00
-1.415224996031587246e+00
-9.374588412365147949e-01
-5.938887816453121415e-02
-5.242283194324384166e-01
-1.826640516178606316e-02
8.707930900939883090e-01
-1.114608092595087419e+00
1.228440502278120627e+00
-2.544350257694685258e-01
7.637752030175760654e-01
-8.481080696790544993e-01
6.587377584536984187e-01
-2.914463746539733835e-01
7.601080019742760818e-01
-8.342239750497472406e-02
-8.045810736497954752e-02
7.845939518057778450e-01
-8.429738024181796519e-01
-2.480823958651372785e-01
5.076082811263626926e-01
2.276167705380519046e-01
-2.586388925291224772e-01
8.078346200513757402e-01
-1.159391084308658559e-02
6.127631282149292868e-01
-2.539748904711481292e-01
3.892866031545583194e-01
4.231352087268117068e-01
-4.743965226695325832e-01
1.286001850559868043e-01
6.815574823830792273e-01
-4.114243883711765637e-02
6.388885996872295525e-02
1.159117902778354470e+00
1.447320360125351202e-01
7.774976144462196759e-01
-7.711569508642717938e-03
-3.049835391440249288e-01
2.628440355481059809e-01
1.607091257423724495e-01
-5.647686714396824570e-01
1.271718206670367834e+00
-2.619774448937311484e-01
9.805111369190372406e-01
6.236201235723873859e-01
-6.695853384010876930e-01
8.712278134191026036e-01
-5.887841554347617024e-01
6.759346673777750780e-01
5.577908048970698918e-01
4.379232285513390277e-01
1.056413047360398316e+00
7.815934053572058948e-01
-7.434482031169291627e-01
-1.547614936132508390e-01
-7.502518188087410334e-01
-1.066542387807650538e+00
6.684729668869909824e-01
-7.336161249108203997e-01
-7.289827263446923000e-01
-2.650111438069943648e-02
7.829897862131547370e-01
-4.190748217404468012e-01
2.407986931689874988e-01
8.704022929039150203e-01
-3.425867337001657353e-01
7.464072995039215952e-01
5.618921174476881886e-01
9.915186085105760494e-01
-2.815871430796481611e-01
-4.035778073252491160e-02
5.988483746925540308e-01
3.049005165310636478e-02
4.532900792810345414e-01
8.837342034826839443e-01
5.520278796619008110e-01
3.812522096390024567e-02
-8.160453353785959152e-01
3.969869043288158927e-01
3.739418071075492067e-01
1.922930098703649060e-01
-2.635129499192972458e-01
4.640207528059728248e-01
-1.902401199132532472e+00
-4.250776451866004613e-01
2.927275635361245021e-01
1.778489904039866065e-01
-2.783918229543874689e-01
4.904501326350745316e-01
4.266350732805920809e-01
7.506849806877432529e-01
-3.116930440243205203e-01
1.014086911483335740e+00
1.217554176238661579e-01
1.167913155935619562e-01
-5.218489734532965052e-01
-1.324990658151498968e+00
6.470554957087294445e-01
-3.313227824124821697e-02
2.416514206392277320e-01
9.260989965417097958e-01
9.020380602413080595e-01
3.372144756076266292e-01
-6.162297333054527204e-01
-1.597237121228413659e-01
-1.320801832275077192e+00
1.225886092263271054e+00
7.082961402040628407e-01
1.178972087661900980e+00
-1.102423425527382511e-01
9.045364880859089185e-01
3.765142518334388955e-01
5.501652180914284873e-01
2.138702593683745046e-01
-9.326150483894286580e-01
-4.345614515529104827e-01
7.710140489842931544e-01
-5.226096521117921112e-01
5.284185522282720537e-01
3.897061132349666224e-03
1.699965942882892822e-01
7.014939900923191640e-01
6.420297825022053262e-01
8.869172988701369276e-01
-5.695666384349526989e-01
-3.958254660659158430e-01
7.472488915171252577e-01
8.205339177066316436e-01
2.952422344601935977e-01
-2.683541071360504016e-01
1.285302559318941773e+00
9.793103626102317438e-01
-9.608466335628156330e-01
-2.718581084279284577e-01
-5.271862684557886425e-01
4.007326879121649310e-01
-9.506389785930351444e-01
2.881975632957525235e-01
-1.014524166761141766e+00
2.738255768643286792e-01
-6.845311567523986174e-01
-1.006248359013099947e+00
-3.795780267163859634e-01
-1.841984171156796080e-01
-1.257606337443255562e-01
-8.493257848071551486e-01
7.559103868763109579e-01
1.628554590844909222e-01
1.658496986511298621e-01
-3.560401484135523598e-01
-6.207837193916456719e-01
3.438720791802538645e-01
6.600603191262965908e-01
5.197072300304586001e-01
-2.136867445385871589e-01
-6.745791502535711803e-01
3.875224470871200255e-01
-4.219202603206534397e-01
6.940409913033063205e-01
-5.894208742337658791e-01
-1.070285289348466229e+00
5.729198214372487330e-01
3.015360822762502835e-01
-5.521308333414105540e-01
-8.102635967972067199e-01
-1.303226905956463622e+00
-1.063047637762195796e+00
2.255112597272329600e-01
1.414155131376723662e-01
-4.421082313278478226e-01
-6.878003236950631649e-01
-1.430679749669433454e-01
6.140669205029603006e-01
-5.201931013389899938e-01
-6.524892914976380132e-01
-5.204619092450326612e-01
2.902368701875789880e-01
5.212089148627543911e-02
6.682389559423388414e-01
1.884346827939112901e+00
-3.375225364439099485e-01
2.085450537923577152e-01
3.780536372763665387e-02
5.565922782954870751e-01
1.554893724379424746e-02
1.014207211794492247e+00
-1.132072032982069099e-01
1.268584188121323564e+00
-7.411063787855158846e-01
8.101942228334340079e-01
-1.619467778861874985e-01
-4.145245855368371313e-01
8.653399804124242145e-01
5.959173736754824757e-01
-1.024803069874211214e+00
-1.015406086885194625e+00
-9.836898276368879479e-01
7.728484218079025858e-01
2.783763117449692404e-01
-3.027057708766773270e-01
-6.024318157188225387e-01
3.107788161981041020e-01
1.035498274304365030e-01
-8.191444269025757174e-01
1.084397137789066434e+00
-3.277046067362446302e-01
3.271855086232158816e-01
6.553004448566267515e-01
-2.991674014619197242e-01
