-4.854371958685836375e-01
1.277381761080357947e+00
8.868801647935378174e-01
-3.625307231443592459e-01
-3.978876028890784289e-01
-1.404461943158935799e+00
6.401467525850701445e-01
-1.042424279127115883e+00
-1.172444415247909655e+00
-2.548537455217192993e-01
-2.892542206522201176e-01
-5.435349897478987391e-02
5.167654282540201649e-01
-8.332538807721152629e-01
1.183870308158257584e-01
1.648451223041906555e-01
-7.358362064440031602e-01
-1.013369043241927336e-01
6.522253826797719256e-01
-1.102694554141404382e+00
7.362459262599794219e-01
-7.570499017017923160e-01
2.411427668236207023e+00
1.558647606186127910e-01
1.764445128342920777e-01
1.798969206660828046e+00
-3.787632127793179593e-01
-3.321377157929759072e-01
-3.263257038613576189e-01
-1.074099886722690744e+00
6.231624498095684750e-01
-5.578782968837744383e-01
6.689098506076499584e-01
-2.023770046248706822e-01
-1.198006907423118550e+00
-1.284198533512130591e-01
5.382015405039143330e-01
-1.250459536593245824e+00
6.268796023622716374e-02
2.142364664656164930e+00
7.985937685895364568e-01
4.187633177461409506e-01
1.141905757008082611e+00
4.461266674068379290e-01
1.464517196288944723e-01
-1.111810525815636330e+00
-9.297416134663384346e-01
7.775973560677033047e-01
2.248677929086506100e-01
-2.198149574996252908e-01
-9.334978327953243893e-01
5.836282959069957199e-01
-9.896835634212883814e-01
1.217212811883554346e+00
1.160073777778146908e+00
-1.339815754872486497e-01
1.344165884933235411e+00
-9.643117361190312042e-01
-4.374149815957832366e-01
5.260383375515075288e-01
-2.861635339527925370e-01
1.147078955238662434e+00
5.391263009089228841e-01
3.620461109917637588e-01
-5.917858921379989257e-01
3.457597529668137715e-01
4.225067131368310802e-01
9.739597970327871224e-01
-5.422922121450742816e-01
-5.242875116224442467e-01
-1.343478906777930915e+00
1.172703005900547435e+00
-2.441257277103333068e-01
-1.906901508217643815e-01
1.183668904318597170e-01
-1.669547266753192760e+00
5.098942637540192502e-01
-8.743258374406904787e-01
-6.716071943145658363e-01
-2.538970464644071390e-01
1.221954852417328624e-01
5.381680054643879219e-01
-5.064442119702539102e-01
5.573700932754359627e-01
5.596300624323916617e-01
8.966631416846475577e-01
1.359736012629165103e+00
-9.712217127322261279e-01
-3.398937672604882554e-01
1.598833263199249011e+00
-6.910922952308313771e-01
7.484328060813237871e-01
-3.114733081680420845e-01
-4.618072823574839170e-01
2.869547502232593361e-01
-1.065174806567998622e-01
2.527402405594739165e-01
1.020386816275218100e+00
-1.222536693142880271e+00
1.915764773473599691e-01
8.866789885153619766e-01
-6.302611755340402633e-01
-7.925741397253007747e-01
1.862547051234488604e+00
1.127507442823997952e+00
2.504911796540090774e-02
-1.946623618759913299e+00
-1.528459080165354811e+00
-2.218143171465987440e-02
-9.336874959903045390e-01
-2.023370784921091348e-01
1.873242308117623600e-01
3.773176863510948609e-01
9.414231480243252514e-01
-8.315948110690010164e-01
-9.262320683697691237e-01
2.220372254882845564e-01
-7.468510496338210958e-01
-1.105337254888820508e+00
1.460237058500065410e-01
-1.453696480103696898e+00
8.549482989907464248e-01
2.970819315893418744e-01
-1.182606748199078739e+00
-7.886708155168183909e-01
-1.250750655175960069e-01
6.777627762386296828e-01
8.635448983619775642e-01
-6.739046198837973511e-01
-5.757018065582423239e-01
1.938705705627975506e+00
-1.393157723264757397e+00
5.621117952558287723e-01
-6.178377353659618709e-01
-9.518651707171232879e-02
-9.356400075145928641e-01
1.295860896167138732e+00
-1.258696869541980012e+00
1.392699032434348005e+00
1.611977760827390416e+00
-2.184666957929422559e-01
1.550689735994896790e+00
3.298558061774183037e-02
8.740753470179158935e-01
7.426310485237344605e-02
-2.934601422260964543e-01
-1.239346543599864736e+00
-5.346139774018023871e-01
-1.858325383199500580e-01
-1.328698989053616941e+00
7.400091507898161058e-01
-1.426328120111967968e+00
1.771356514943911165e-01
-1.768235038626755906e-01
1.535656910046724333e-01
5.972059011883411594e-01
5.541933814532266078e-01
-9.552508494885041390e-01
-2.467026447851549675e-01
4.674756252065864759e-02
-5.372644452794001629e-02
3.072184361757215876e-02
6.641848769452626255e-01
-1.433783460165444668e+00
5.343085980903937438e-02
9.389142780634627261e-01
1.151150248829111211e+00
-5.387387320215385467e-01
1.168412215016673139e+00
8.718040064767678121e-01
3.916187034163942093e-01
1.553379464190989268e-01
-1.405571902182134458e-01
-2.466777168643071727e-01
4.617275309308606079e-01
-6.259969742385065317e-01
-7.696652789574461861e-01
-3.245715225050057606e-01
4.191017978591964899e-01
9.856390909860506255e-01
-3.807430125654078235e-01
6.590779258643655325e-01
-1.043770514415477413e-01
1.497770051449694162e-01
-5.146319770371408087e-01
3.720165518812437178e-01
-2.416067735192578003e-01
5.021283635614540719e-01
-4.266114808317716389e-01
5.032732983143006766e-02
8.662796897721682932e-01
-4.534575904904363797e-01
4.831986793645446920e-01
-1.419842998365011377e+00
-3.271360196288717326e-01
4.241725371629606611e-01
1.880546917203313739e-01
1.054854953435238718e+00
1.036182110632904108e+00
-3.642529103187277517e-01
-3.660819781375562743e-01
7.746664378751972890e-01
8.383210004492159806e-01
2.732336557039543035e-01
-9.412884095316104149e-02
9.318363608289159661e-02
-2.563533884045228750e-01
-2.463303301305284077e-01
-2.154254141750922003e-02
-1.177905758867502817e+00
-1.184740709952284421e+00
-2.620062055156808789e-01
-1.968434120616299854e+00
-1.259588986773953589e+00
-1.087623275982098695e-02
7.120913728010113131e-01
2.935440636748188892e-01
9.888142269096946713e-01
8.825641842871490006e-01
1.816319512388492541e+00
-4.451812415112716970e-01
8.377291926855303661e-01
4.244848971851343244e-01
6.526084168568870858e-01
4.515899499392948546e-01
-1.070584426436654413e+00
-3.360954264203096509e-01
8.202391540742230980e-01
3.809372033171542493e-01
-9.380518745038658457e-01
9.134807624271980009e-01
-7.794114029284375800e-01
-1.008960113517769486e+00
1.108346967381702797e+00
-2.862492708271110464e-01
7.245547331931645463e-01
-9.077748760846002796e-01
-4.071239031084907256e-01
-6.475553548159050932e-01
-4.594607548081175441e-01
9.198146979817213298e-01
-2.021680769998231986e-01
9.942171226148068808e-01
-1.962869405252566368e+00
-1.912881995074104946e+00
-1.499675584572274900e+00
-7.597882116709262501e-01
1.133188426923975367e+00
-9.899174163394178771e-01
-7.624918505078929210e-01
3.478556551989579471e-01
-3.046536440295458115e-01
7.391408384478039828e-01
2.437688425607542064e-01
-9.065666332830925045e-01
-5.637769441373263746e-01
8.146366197177193347e-02
2.582164145007573852e-01
-1.090930658909023299e+00
-2.747913717927761290e-01
-2.430774116846745325e-01
4.426603005985538797e-01
-5.501005168200846507e-01
6.226433312332084746e-01
3.360571798384867082e-01
