-4.541350199731189474e-02
-5.949077426551864223e-01
1.116224734737927715e+00
-6.243807599456520085e-01
8.270984334863286103e-01
-6.574099318561690275e-01
6.854101335977857978e-03
9.936175534326820991e-01
-6.994895148419678632e-01
-1.286065482241221636e+00
-6.395974480504530435e-01
8.131600580492420738e-01
8.923476326826244032e-01
-1.101644761362430280e+00
1.668084500134527914e+00
-2.185188402080977255e-02
7.890222220543308129e-02
-5.070886855323852860e-01
7.469561049032864553e-01
2.598235597175646561e-02
2.357294239888844123e-01
-1.278604373694166296e-01
5.403290662402200351e-01
-9.381592243361608352e-02
1.787147295964159610e-01
1.289410321237378643e-01
-9.379556774366439031e-02
-1.498899764049415606e-01
2.415176590034594784e-01
1.152232368912138982e+00
1.586850430586176364e-01
-8.923050983456513041e-01
-8.798602567768305516e-01
-8.388217585674520027e-01
3.133060703560753280e-01
1.772493025553076307e-01
1.038081583163569910e+00
1.569091744921364162e+00
3.737330703883823269e-03
-1.587327942436842054e+00
-1.243073572311337721e-01
-8.976887482789162043e-01
-1.329028566727000760e+00
-6.360947385445531177e-02
1.394823979427536553e+00
1.551203793910814754e-01
-1.812909685108177738e-01
3.698016824601987884e-01
5.723946552835487145e-01
-1.074878999065481233e+00
-4.967176226512037829e-01
5.876360593649632147e-02
-8.650210403193053788e-01
3.701496076471675334e-01
8.915100405787204085e-01
8.582820083466680128e-01
-4.010595022171408175e-01
1.145907152269458606e-01
1.140842381586178123e+00
-1.356695346818009185e+00
-4.417416860396334299e-01
1.533813472546407819e-01
-1.605548219003575028e+00
3.985223950920217528e-01
-7.331808934051962101e-01
-5.589272611997142537e-02
-1.006484206340245491e+00
4.257760015400023912e-01
-4.934279005091582460e-02
-6.822995657913702439e-02
-4.353183152135339795e-01
-1.125596794587973903e+00
4.432383906039782384e-01
-3.839006172455250998e-01
-7.139791393940452258e-01
1.519906783734801259e-01
4.185469989908031097e-01
-1.224965533710405285e+00
-8.712981492767939429e-01
-4.553851500462194890e-01
-4.675812151766943203e-01
-1.050419141326607519e+00
6.104460095731973901e-01
6.834203550762565360e-01
1.124962918944838464e+00
-2.510688042218622851e-01
7.785491741163256263e-01
-4.869200683464864898e-01
-2.824475506119689672e-01
-4.157598061143194523e-01
-1.365905860449566078e-01
2.033296555678516526e-01
-5.292068344048904693e-01
-1.030760678811608599e+00
9.214665526752643387e-01
9.611230486402946305e-01
1.153415637503036217e+00
1.308020819334697327e-02
9.397879775764709231e-01
1.750964659289885872e-01
2.873654490401582606e-01
-2.538809993030009537e-01
-6.898702668142204786e-01
-1.763939048952256061e-01
-2.988448849220828873e-01
4.835075123811579667e-01
-1.986264909755219854e-02
8.847651894758908897e-01
5.008404298882626060e-01
3.789566027588985309e-01
1.889367836934487122e-01
-5.020259743063206770e-01
-3.208070064440473601e-01
4.931230239575505880e-01
-1.312939140263530646e+00
-1.096890787498671305e+00
-1.963514249972804215e-01
6.027572925239615270e-02
1.361930327954053721e-01
-2.057482081181951639e-01
1.218717506705060405e+00
-1.416063246541672260e-01
-7.751976009001970702e-01
4.235206408817114854e-01
4.161064510199422584e-01
1.017004920403167700e+00
-9.177073106863328222e-01
9.039377314767715887e-01
-5.125834984782068338e-02
4.250433525994571360e-01
-6.975484041539602442e-01
2.314834890585519833e-01
-5.582244973340386718e-01
-6.971423056077143965e-01
-5.798898569413191151e-02
7.315709872707002459e-01
2.921496275433136391e-01
-1.370774935551652418e-01
8.341853338623141934e-01
1.106135446723704785e+00
1.358608428230245968e+00
4.789165637755206095e-01
6.347232613536454293e-01
-8.511623380710866549e-01
4.689840874419625161e-01
-5.172241750310957453e-01
-9.778394657063392836e-01
2.031836439640610781e-03
-9.942052906098433063e-01
2.992682189392894543e-01
-8.647003583184542652e-01
-6.849346382149431589e-01
5.369036218821685580e-01
1.713401780928943685e+00
4.555954448530382672e-01
7.031920164431947062e-02
1.152800009908954593e+00
1.267876549148040155e+00
-4.644616998753410275e-01
1.070134662767344924e+00
8.527948037998490660e-01
-3.443972756404640179e-01
3.608619742610266745e-02
-1.491883483481550587e-01
2.772098576306227802e-01
-4.602600927961886246e-03
-7.389995822934047887e-01
5.995163775845447907e-01
1.029834249923822442e+00
-3.189819846926538194e-01
-2.043836912139859463e-01
6.941039360687364379e-01
-1.714925592804518173e+00
7.349017747568493686e-01
-9.035483586966730485e-01
3.440519320361650202e-01
1.579816693217667378e+00
6.433117671570998120e-01
9.892279542601568609e-01
3.970887325817246127e-01
2.127358650492929687e-02
4.450227522352059872e-01
2.145932628638380080e-01
7.082675657053341123e-01
-1.266606837002932640e-01
1.138099553372529660e-01
3.804661638327165862e-01
-1.300263113280560323e-01
-9.807471406515929635e-01
-5.825086544737759775e-01
2.563832031947900214e-01
6.724410546153448687e-01
3.835035600252266197e-01
1.635858544473985099e-01
-1.265090253655362096e-01
1.491314183345937017e-01
-7.352297600967695468e-01
-6.953109270011398335e-01
9.363291054094762256e-01
-1.093137640680498901e+00
8.729812273335736394e-01
-1.870205434546511405e-02
-4.297775041195922574e-01
2.001263730354773118e-01
1.071277549713353316e+00
-4.533156839031294849e-01
9.356454358791279624e-01
3.754183429926869625e-02
-1.365185397258994182e-01
-7.216981462223267529e-01
-4.210083126241032647e-01
4.053954414652874982e-01
-4.246535030700920865e-01
6.951575080318876665e-02
1.151826414546130106e+00
-4.797852932552895688e-02
8.759646545896047076e-01
1.996843760183927841e-02
-1.031921893578199578e-01
4.873963836074434175e-01
5.915657661697411029e-01
5.171426346093735971e-01
-8.928029900131029262e-01
-7.215330055615918337e-01
-8.143779762372561626e-01
4.503906153111852939e-01
-2.040446595625780846e-01
-5.271272646811766549e-01
-5.054753928195672152e-01
1.706836959873700432e-01
-5.170914083053637089e-01
5.613484389676272057e-01
3.214966222420239661e-01
-9.723779833685035345e-02
9.253924208928436812e-01
-3.135230326697562020e-02
3.183966042449536960e-01
5.094937250130138207e-01
-2.656411922938595738e-01
3.433762115927499470e-02
-3.705662144535396552e-01
2.463456129944965323e-01
2.046576934969056571e-01
-6.697502743467306230e-01
2.866258434470672634e-01
-4.378582440203772075e-01
-1.204103101604464543e+00
4.388764942917320333e-01
1.419415363217979342e+00
-1.303957127083702261e+00
-3.403361457843481763e-02
-2.200115263577558378e-01
9.676646777637455399e-01
8.012590380358364239e-01
2.722715029562037259e-01
4.440800181027720894e-01
-6.630288813307173568e-01
4.188413072351407362e-01
1.009407272095267150e+00
7.114892270610387870e-01
1.732110456843126145e-01
-1.042870700316982813e+00
-8.454793748256714259e-02
-9.855255015416999331e-01
-4.776660605428934003e-01
