-7.609799391820066816e-01
-4.247676773852326892e-01
-6.292937102453741161e-02
5.147908932635654189e-01
-1.858811891313801035e-01
-5.651218658115546578e-01
1.138006509019894308e+00
1.551988509307348496e-01
8.688952251012783262e-03
1.285063244710297481e-01
-5.336940988718990031e-01
-8.760994761916637286e-01
6.502916481050753372e-01
1.797859526502446070e-02
1.053285606122651430e+00
-1.035345892161867010e+00
-7.475074609794002400e-02
-1.178115466673125056e+00
2.208384906945299875e-01
-4.273918124809102936e-01
-3.108859828641251655e-01
-1.074480237120708948e+00
6.614825602052063491e-01
-8.169126791608425364e-01
3.704781750285056630e-01
1.168777772417490535e-01
-3.958328367406008241e-01
-1.113136511348752578e+00
1.143118883032990585e+00
-7.771709271163962374e-01
-4.900451048248611885e-01
3.384080545802554962e-02
6.955098001922376261e-01
-6.333810395193801845e-01
3.585842700176068432e-01
-3.614958825580575907e-01
-1.247156852693921403e+00
1.194906183315067594e+00
-3.084371564432791257e-01
-1.700916351750900724e-01
-9.764732295556230457e-02
-1.852564524995971851e-01
4.646460420152551674e-01
-5.131602621006194909e-01
1.258951315420553385e+00
8.452879917852242908e-01
4.708169380429231277e-01
3.929202711960621541e-01
5.408266105151621206e-01
-3.168605932161924765e-01
-8.756885023012557223e-01
-6.490913047872688413e-01
6.710295313641743142e-01
-7.234991637531484887e-02
6.837459977255685439e-01
-9.137907277628805058e-01
-1.211143522568739472e-01
8.669262170376743626e-01
-7.703324719201578574e-01
-9.417657458723444064e-01
-9.879216913103062714e-01
6.196728854531583508e-01
1.126981629640060989e+00
5.655845516135611373e-01
-1.088834768491762084e+00
-4.621167205646529719e-01
6.516261263087632649e-01
8.372902886137378875e-01
1.321635179742999266e-01
5.504449385388794358e-01
-1.551213553929683964e-01
4.334712788917854942e-01
-6.139398147061247979e-01
4.604333425239726107e-01
-1.409836075703218894e+00
1.348152110707489415e+00
5.557188584093110395e-02
-1.921019194397884933e-01
-9.403306474668933213e-01
1.145385847315560257e+00
5.023308017488631316e-01
-7.423742288520809307e-01
1.067838334024785896e+00
-2.994504039903733705e-02
1.163337841169526765e+00
1.016415018070708332e+00
-7.693572327693490309e-02
4.001931604650058039e-01
-6.869949127609615847e-01
-5.574413905617190412e-01
1.217740514787759160e-01
-1.068459358135146253e+00
9.517329936298425386e-01
-1.128769582544828287e+00
-6.529469421019064024e-01
-1.516500725848057174e+00
-8.832529103188820896e-01
1.791653608425895494e-01
-3.220999254584446803e-01
3.399406063342305662e-02
3.795207594401803775e-01
-4.151801431631734762e-01
-7.914232980660317052e-02
6.319016938944002071e-01
-8.267207364021457172e-01
-2.051261378920257172e-01
2.879422612087764732e-01
-5.740761402709007033e-01
7.633824308730026154e-01
-6.036639794121845259e-01
-7.918116785380557854e-01
1.736346957132470226e-02
-9.824979645375291337e-01
-3.627259519778999741e-01
-2.448422161370132355e-01
-7.463353465348911975e-01
-1.468862482842193673e-01
4.718500317899028684e-01
-7.660202174436021583e-01
6.118125892081187622e-01
-8.793916291770037530e-01
-4.164973002040295302e-01
-3.788192818334410461e-01
9.383563599100785968e-01
8.947675832724999445e-01
1.402748919473605360e+00
-1.421015242568742565e+00
-3.976650196249330582e-01
-1.885765157029598571e-01
6.896709750389899973e-01
2.527170288703621259e-01
-9.455536160545588986e-01
7.432736495918601527e-01
-8.900566784826787758e-01
-4.641732626438449527e-01
8.849374998924662838e-01
6.529010189368573691e-01
2.603662103229170688e-01
-1.073543831878893462e+00
-6.476194270513219164e-02
-9.399229200141607787e-01
-2.458229498653226597e-01
7.333820511853363922e-01
3.597696467811446475e-01
-1.032344869645007934e+00
1.219331310335994401e+00
-1.162867515132306240e+00
-1.042119603030416730e+00
-3.281923049019933591e-01
3.338848394675377751e-01
7.807567075192711759e-01
-7.067004000310130873e-01
9.952651270389089033e-01
6.041728405765064980e-02
4.406458806816273555e-01
8.695905250835219702e-01
4.608679020525963677e-01
-9.870959019463696471e-01
3.076861245699448744e-01
-1.041497194904516643e+00
-1.336069688940919153e+00
3.934282459963792111e-01
6.849058166640311640e-01
4.907370517574978219e-01
2.200432534847668320e-03
-2.265558059711814121e+00
-3.454651185481736886e-01
-8.370398534310671268e-01
-4.234458235873387322e-01
9.179479717161014296e-01
-8.345420505455869442e-01
-6.175881719324372021e-01
-4.952666776112515934e-03
-3.375132156077964019e-01
9.345743982701976149e-02
1.661956637644148027e-01
-7.470440868183878536e-01
3.831120274460971253e-01
1.137945867592993210e-01
3.896957437618451259e-01
-1.193367475310476156e+00
-8.855416806976919020e-01
-1.160587052348237336e+00
-1.138043419338782059e+00
2.690970732942723487e-01
3.350500331481737204e-01
-7.321663055638184536e-01
1.845439448929759862e+00
-1.029793182491618664e+00
-1.638650181214305612e-01
-5.894518460399432724e-01
5.918600990281831509e-01
6.286571082621381645e-01
-1.184323221764910894e+00
5.708033915061032637e-01
-4.365424858979076728e-01
4.811333890531016011e-01
1.003911629672606498e+00
-4.333568547896158862e-01
-4.570670952644174667e-01
9.821962756770508118e-01
-1.028583575534394168e+00
8.430489822333253613e-01
-2.252951388382238573e-01
-7.706765681672075319e-01
4.698935908281420271e-01
-1.319470330035039662e-01
7.411604147241018792e-01
9.558855144079302368e-01
-6.177309191313181680e-01
1.646475197125373824e-01
-9.895357985680598711e-02
5.663418906384707352e-01
4.414447119894016058e-01
-1.207088514594323314e+00
5.788148614180020912e-01
3.628886598900393778e-01
7.905700273177262982e-01
1.049691935470121462e-01
2.266085606352982729e-01
8.758569406014301562e-01
-4.121230091523768180e-01
-1.052939948671114540e-01
-7.547385502205258279e-01
-5.976041464113717172e-01
-3.317180802014518815e-01
1.228177911368030895e+00
-5.896916657677083728e-01
2.890928705990576941e-01
1.054455637394015932e+00
-1.109607481390290751e+00
-4.408585945654194815e-01
5.334962085577370505e-01
4.988507736293801287e-01
7.126012611707541744e-01
3.007141928477937709e-01
-3.695390465853009565e-01
4.038939892529820885e-01
2.180836540252277522e-02
-1.131456529711013070e+00
-6.872141604433612549e-01
1.625688234840669821e-01
2.813712816307134545e-02
5.761688954114325689e-01
2.979646345656149498e-01
6.184099207202502502e-01
1.843545968313279604e-01
-1.067472652177129611e+00
9.480951771485208734e-01
1.050509600002992538e+00
-2.389582397735478814e-01
-1.043971887955902789e+00
-1.834717020458857539e-01
-4.584084154807916422e-01
8.893833717007973982e-01
3.602441880437758370e-01
-1.358761978593844566e-01
-7.992417526365352964e-01
3.003089534245820813e-01
-5.176868927060206405e-01
4.629415923543616085e-01
-3.588865430110426136e-01
-8.552925175472043673e-01
-6.099708291387869741e-01
7.331937984081802195e-01
