-6.580891211112359640e-01
-6.242357320478327809e-01
8.200625267031913523e-01
-1.495248531586543805e-01
5.132287943088444937e-01
-4.862688442083922813e-01
-5.232723752200771905e-01
9.507610126533123651e-01
-5.820076629329091755e-01
-2.424186882489752781e-01
-8.143740016922946801e-01
8.038905275824980157e-01
4.289648529505895036e-01
-1.085200788979708397e+00
8.578638613905535948e-01
-3.642705825317739676e-01
-4.587842468345153524e-01
3.394281308019186372e-01
5.908753354057897367e-01
5.543323641097508414e-02
3.739851764003956913e-01
2.672901747897741820e-01
-7.440324238696259529e-02
-5.574177521964408522e-01
-1.000314736804120003e-01
3.857045101313044677e-01
-4.862448240077100192e-01
-6.373454289636028003e-01
-4.941443044671167684e-01
4.075166490216137749e-01
-4.038918107394204871e-01
-7.460692873674308334e-01
-6.179098850146054200e-01
-3.108468550924748525e-02
2.936455286765680128e-01
2.708973878529617463e-01
8.975997027860487254e-01
2.491100629107799169e-01
-4.092634182730343073e-01
-1.245810496517870014e+00
1.144529742082603940e-01
-6.396606600928662623e-01
-1.160531719023810471e+00
-2.829076066055431771e-02
8.453426040356184501e-01
-1.465672813704991251e-01
-4.596038415236323171e-01
-1.163354833355189910e-01
1.404115692971263929e-01
-6.896094535864416564e-01
-3.947320873232535443e-01
1.919241425382456900e-01
-9.233130303539847095e-01
2.346219024179649337e-02
5.772407750095376322e-01
8.911141428439454115e-01
2.921100540312920879e-01
6.058503626103729500e-01
9.274738288807258257e-01
-7.034302087730117670e-01
3.371098804720518149e-01
4.929066655422207344e-01
-9.871415142563970679e-01
2.844985741317353489e-01
-1.052979826112929729e+00
-1.982930776329444034e-01
-3.647762224398928277e-01
-3.168391499040107417e-02
-7.626475856746581794e-01
-2.857155198719801836e-01
-2.343221455944315412e-01
-6.572430691494769439e-01
-2.771716015935729582e-01
-1.114727667335646544e+00
-1.336381573480709128e-01
-5.454335705397448386e-01
7.319037162264843133e-01
-3.044897150618068871e-01
-5.247949178982495022e-01
-5.073983994235622408e-01
-6.570981277570134838e-01
-8.301850083774775513e-01
-3.520448391018831114e-01
4.960376887233713394e-01
5.938295473802785995e-01
-1.218354647650118638e-01
9.071679076300755984e-01
1.573885767070571373e-01
-5.984348819681571952e-01
-3.185833977665951666e-01
-2.380308603885465946e-01
7.870299481708684652e-01
-2.544180869740590989e-01
-9.210617001683829574e-01
4.490711888122224105e-01
7.753253218524230883e-01
8.964536009681048911e-01
-6.826706439214413891e-02
7.271099914384098195e-01
9.966225907354824276e-01
-3.137837370835261930e-01
-7.906669994994305894e-02
-9.493275063614133868e-01
-3.559713213289394385e-01
-3.789279282929443049e-01
5.624732186186991167e-02
-8.181171954485177977e-02
8.092150486210227811e-01
6.699206865489211182e-01
3.086220578880515264e-01
-2.450699112057559970e-01
-5.993123620857885303e-01
-9.583676448743766452e-01
3.453415434084870506e-01
-3.774048242757940819e-01
-6.502212952850864314e-01
-3.954855273205006849e-01
-1.203200222412318665e-01
3.902126967478588004e-01
-2.408628183843818937e-01
1.570452095095477563e-01
2.580639143431853744e-01
-8.919098202545365783e-01
-2.137920771467638481e-02
-1.280061539465308235e-02
7.248471360324064694e-01
-1.057032478961672961e+00
-4.203055872178432240e-02
6.491555547044373098e-01
6.695666642755851994e-01
-1.818229843449374328e-01
2.324674211647805022e-01
-1.029006749552958677e+00
-6.817939799078532870e-01
-4.849957002451665833e-01
5.258749201599328682e-01
6.567422190375407087e-01
-3.829983685818843520e-01
7.008063479215553837e-01
1.156857270214074918e+00
6.485572467174025579e-01
-3.042146558602261130e-01
-1.093012654118832583e-01
-6.060627480260709632e-01
-1.088580707899952649e-03
-1.102969252839535175e+00
-4.012573239219655585e-01
2.797564013136336070e-01
-5.317022162374189787e-01
-2.585725096039280801e-01
-7.655862477345082295e-01
-7.831585460469846494e-01
-2.198143592494164467e-03
7.338128279539967158e-01
-6.523504171297249687e-01
3.480340784802362641e-01
6.480206502908527622e-01
5.687300176233196503e-01
-6.921924193592308150e-01
3.244526856821428051e-01
4.081114868649018956e-01
2.483453546330895434e-01
2.810758723115408531e-01
-2.176425740270652165e-01
7.364371086414637224e-01
4.590771350383540672e-01
-1.120570029619231356e+00
8.219898236242081380e-01
7.873670807866581800e-01
-2.738232448386797580e-01
1.515360206366254681e-01
-4.584382344040791035e-02
-6.782092290204978502e-01
5.638767923448813058e-01
-9.735995884836063929e-01
1.589577548846581867e-01
8.030424880127315923e-01
4.698254234002129381e-01
5.844077048582068112e-01
7.852264284087027146e-01
5.730164354515085989e-01
1.372610929985750294e-01
9.047643240189282565e-01
4.791641553694090394e-01
-4.406307992541813601e-01
-6.513189247321227171e-01
2.574573212933581878e-01
-3.017613764276584620e-02
-3.523493962249479305e-01
-4.042909032727938223e-01
1.786194466058942942e-01
4.483570745751530584e-01
2.786735773318307352e-01
-2.595429777952453776e-01
-3.664667639613849448e-01
-3.145534995331805694e-02
-6.182150365212756293e-01
-2.517929538479103946e-01
2.883793015000535309e-01
8.976061004131791199e-02
9.120410707319905885e-01
-2.989686673410495987e-01
-7.076429839824954771e-01
-3.708744501711794817e-01
6.572174189907464825e-01
-7.104137137169782568e-01
1.116355721009108182e+00
-1.405266409155531693e-01
3.162387841467305671e-01
-4.338532521708022838e-01
-5.281501226476067457e-01
7.385867566398034434e-01
-2.695079831762260403e-01
4.866290867018748800e-01
6.566392779827465720e-01
-5.268846798734871939e-01
8.338665641938269868e-01
-4.835625460554556776e-01
-7.950672306302100090e-01
3.176582454471273409e-01
4.494109704502152747e-01
3.728637266302126108e-01
-1.061565777779272191e+00
-1.078359611690094422e+00
-8.222802107189626231e-01
4.202648379446736193e-01
-2.853853152528915138e-01
-5.405444439261933853e-01
-5.235787702820796641e-01
-3.985018821103534781e-01
-7.600941171061437185e-01
6.872447774792437292e-01
4.065186966792580514e-01
2.426128269153455530e-01
5.925257658832927543e-01
-9.334779043064683757e-01
4.137691231300548722e-01
9.220124782269758512e-01
-6.624117971647046632e-01
1.624968006465721537e-01
-2.392770866606517555e-01
6.690466586684160610e-01
4.813330732521104438e-01
-8.052116823970464354e-01
5.150686600417117011e-01
-2.859411787188456122e-01
-8.247645921869604102e-01
2.174159420673979493e-02
6.951694341816770928e-01
-7.450488482032661119e-01
-3.178414585660984670e-01
-3.541675393089259716e-01
4.137260477959725513e-02
6.839580676723855390e-01
-4.210199899609169405e-01
6.000038393807578530e-01
-7.557961007600604297e-01
2.386630249696075068e-01
7.934571871967016632e-01
4.669125781224164329e-01
7.221727389011144416e-01
-9.836471641185773329e-01
-5.528613825933108572e-01
-4.936366528352715832e-01
-6.988155611270645551e-01
