-1.639473911234352876e-01
1.705917741654569442e+00
1.366299767725409620e-01
6.750117126204642215e-01
-9.749979996371622715e-01
-5.741387685581615941e-01
1.271620969671691248e-02
-1.099379124548198527e+00
-5.396759217692230770e-01
-1.053878447841998689e+00
-4.139734722157824010e-01
-7.479468912049387352e-01
-6.728385002476651167e-01
1.473661724233507886e-01
9.341367720681830189e-01
-1.372490579829279467e+00
-6.736618632042497001e-01
-1.274898357977450436e+00
1.263950231425586601e+00
-1.784553994795221588e+00
5.804952423370660641e-01
-9.086387343042787723e-01
7.102740687664876873e-01
4.546758250278001290e-01
-1.312568588211308729e+00
1.149186276363183046e+00
-1.053788253988204415e+00
4.162888451199726614e-01
-2.420201179276472714e-01
-1.095642397851063876e+00
8.750904314427810915e-01
-5.257844404161398089e-01
7.592732815326015405e-01
-6.094397236728541500e-01
-1.143406648112457624e+00
1.273284331108657463e+00
-5.259096615266742880e-01
-4.529924383045844105e-01
-4.107067537364114118e-01
1.064519004303867700e+00
1.109765800568974559e+00
3.403558750399987565e-01
1.075535507058317686e+00
-8.153300453468137476e-01
7.471278018582492297e-01
-1.543428213986498543e+00
-8.602143094818323066e-01
9.852943038436031697e-01
6.063978809067773756e-01
-8.647605017965283303e-02
-1.207705437611008570e+00
-2.020666326326841788e-01
-1.544983923395405911e+00
-5.207080968640014351e-01
3.795182838670927428e-01
-4.934729771292041822e-01
9.721330243824880535e-01
-8.964101648972527814e-01
4.569536688922402543e-03
-4.917459016484203582e-01
-1.612409489995254130e+00
1.164317653462114244e+00
-5.800323267569258423e-01
-7.404907902442170453e-01
-3.805523056928783454e-02
-1.659344471669282617e-01
2.673271838856597915e-01
-2.032475663323448922e-01
-2.348702006535967057e-01
-1.540754296003398416e+00
-8.665712065485020599e-01
8.376049383369450485e-01
-2.000787795280788151e-01
-1.873260097924277501e-01
-4.619711732445268559e-01
-3.935878874259041149e-01
-8.395649803914964071e-01
-1.732585925326481480e+00
3.145555761030555675e-01
-1.250041450301685231e+00
-5.287318934213052213e-01
5.827144746001106101e-01
-3.057904673807967932e-01
-1.217402201882411411e-01
6.000757742138128625e-01
6.828489872497545132e-01
7.848193192512159522e-01
-2.100305767638185883e-01
-1.434115227219869615e+00
4.238328136400446589e-01
2.198630966424935940e-01
1.131562647836186875e+00
3.646016054771013537e-01
-6.586944165723805922e-01
-2.902636377029566006e-01
1.425862217578034719e-02
-4.211511726021037183e-01
1.141618242458097621e+00
-8.366025504605740792e-01
-1.046078792700118054e+00
2.990357336270674793e-01
-9.020376243429431562e-02
-8.961801193528484699e-01
5.745725515991212395e-01
2.093406063102297709e-01
-3.461194771252031899e-01
-2.013921451443657418e+00
-2.285875741921726156e+00
-4.098996729072773570e-02
-4.074200420512887333e-01
5.429223171026883454e-01
1.918402632923214557e-01
-2.356797730425232440e-01
1.171441332664211021e+00
7.915735881642034233e-01
-1.047114372174862362e+00
1.130804943959824005e+00
8.532042927428493129e-02
-1.045101315680225795e+00
-1.023297004004380728e+00
-4.042783837219084409e-01
1.227092546565393905e+00
-7.312740716368597571e-01
-3.610735790813965895e-01
-5.480311605322418789e-01
2.919726537103577435e-01
4.433174773299373150e-01
1.204618348210067191e+00
-9.419890464235999294e-01
-4.905445679133578762e-01
1.963616211416725044e+00
-1.239281531736174113e-01
2.444897564755629915e+00
-1.970729406689801566e+00
-1.975299643660985760e+00
-9.853665818772836538e-01
3.396954421329070883e-01
-3.465661359587828283e-01
8.673100297148222948e-01
8.166093553844446795e-01
-1.299662369100675452e+00
1.929860390377844848e+00
-1.105980887663346568e+00
1.452245311867598199e+00
2.142547022759291320e-01
2.585180217310723005e-01
-3.192530244321906130e-02
9.632668849822357826e-01
2.957729967287630601e-01
-1.916339120349824565e+00
1.278242739173991227e+00
-6.403062790905453827e-01
-1.042366750369772666e+00
-2.650638803185365600e-01
7.666953252600643420e-01
6.791537963578052617e-01
-1.329272929456647434e-01
-1.562329054446926602e+00
3.526151335769430739e-01
1.170505959266933793e+00
-8.488102309263247935e-01
-7.267671437057974249e-01
-3.912804125914805531e-01
2.276471302060381896e-01
5.737524302087124717e-01
6.600260978492670239e-01
1.273355937148450190e+00
-6.455290983715855635e-01
5.669747571228986871e-01
1.759637461278737769e+00
-5.594980577381067910e-01
4.252302308282701615e-02
1.060375978239589123e-01
4.032050561610166506e-01
5.536396541742901745e-01
-1.363036486428638394e+00
-1.568354462064453836e+00
-4.069001211611472657e-01
4.256045002173830527e-01
1.420685127349841759e+00
7.763349246329878661e-02
2.457114619803313360e-01
5.067121807985633941e-01
3.619218447144224859e-03
-8.909680447231373979e-01
-7.750892278711637440e-01
-5.897106710495985116e-01
-1.737195444748849960e-01
-7.837514245433557791e-01
2.356147247577339288e-01
-1.048372735104072362e+00
-1.838522448699233092e+00
1.071070191212363243e-01
-8.973945108992950059e-01
-4.519112611177046324e-01
-7.555712406427961270e-02
7.413082932325942842e-01
-6.510326637564417540e-02
2.420255153632767248e-02
-1.031568929607085128e-01
-1.701716263081895608e+00
-3.747360309072436113e-01
1.999627194336890179e+00
1.126764796047563078e+00
2.362551101146527777e-01
1.188854582730625165e-02
-5.901780774256276674e-01
-9.987358742089358365e-01
1.531360695445287967e-01
-5.289280768094796192e-01
-6.466139566315035614e-01
-1.263549314495081344e+00
-7.920326235872529042e-01
-7.939484781739134522e-01
1.267147091556705574e+00
2.756660539044198943e-01
1.831227880930909713e+00
5.632894698408829059e-01
1.427625970328425531e-01
1.396470168127162736e+00
-7.992564059736628757e-01
4.024461224228503831e-01
1.598520219355735961e+00
1.162112172034781121e+00
-9.850863812439767386e-01
-1.088846796885895474e+00
-1.481901492060615499e+00
1.474494522118094952e+00
-1.377047345261250000e-01
-1.969479881290769063e-01
3.579747072545953479e-01
3.129339882950854523e-01
-7.976535241844142643e-01
9.699624728958499142e-01
4.850268254409938196e-02
4.232004565635134052e-01
-2.838939045180211562e-01
-1.809840821015023637e+00
-3.780646585101751778e-01
7.147130613178040437e-02
-3.842158359193402761e-01
2.784417517696078370e-01
-3.925079826699168217e-01
-1.189898666647877690e+00
-9.914897045105222073e-01
-6.572994207773547037e-01
-1.078436265736836486e+00
1.789230071354547258e+00
1.765705138238392313e-02
-8.683297683215210894e-01
3.195693289597540954e-01
-4.133016794889655676e-01
1.821671147864191820e+00
-1.038870681369829851e+00
-2.301379640477282107e-01
4.521712806736719603e-01
9.667493521171532933e-01
6.958829891801578960e-01
-9.567314794636662123e-01
-1.430983397543730828e-01
-8.752927172400738476e-01
-3.474448334949630790e-01
-5.243024815712541420e-01
1.318542975503041559e+00
8.518488260710239679e-01
