1.155633313468718282e-01
6.706626037643652616e-01
6.801649720143123634e-01
-2.896244033049799604e-01
-1.005408606298908047e+00
-1.146866217013004396e+00
5.471628758247093494e-02
-8.876299651257919532e-01
-1.290946714124748818e+00
-6.070017709571068343e-02
-1.332904529179447795e-01
1.676843256227361634e-02
1.010117538404248450e+00
-5.317195305535388217e-02
8.000554038831680925e-01
-7.378690900724624857e-01
-1.452053443474368155e+00
-5.500527055879855798e-01
1.315179220629645540e+00
-6.187871433062563931e-02
4.617755976690556263e-01
-7.072150487742459024e-01
2.250423343195560477e+00
-7.232129602307374450e-01
-6.163421617824951237e-01
2.074816771874875787e+00
-8.034627661809241594e-01
-3.398511479746453845e-01
4.983396825949334974e-01
-1.051334284054861845e+00
7.388428052830581239e-01
-8.299813882300490775e-01
-4.718782921240907702e-01
6.646524685927048814e-01
-1.813666056375831115e+00
-3.117751968228765075e-02
1.349071197090546959e-01
-1.248582780135534476e+00
-3.390882498260588407e-01
1.650893382127085474e+00
1.480013677848061482e+00
8.402630637365871014e-01
2.481823147535573981e-01
9.284914415311217306e-01
2.127372758838828037e-01
-8.483837501284338112e-01
-1.121679231372504582e+00
2.978984284387961590e-01
2.360220352715806102e-01
1.244270818220832853e-01
-1.403181105301064768e+00
1.716582430964452288e-01
-1.231025933926506166e+00
1.192974679289828810e+00
1.010085686166198649e+00
-2.465433761995705630e-03
1.416923866045360247e+00
-1.733209251821323349e+00
4.686375039346263316e-02
-6.573219916511144345e-02
2.883669567664308431e-02
2.086878840659533552e+00
8.167108176990072188e-01
2.143717560783514609e-01
3.483878756536821220e-01
-7.241880125189088802e-02
1.579176201732564122e+00
4.673175627478678984e-01
-4.707508400194000409e-01
-1.522083284266953163e+00
-1.750697747186634068e+00
8.579755263341674043e-01
3.922340145331314476e-01
-3.348167678287554405e-02
1.091797391120044258e+00
-1.082234944167602908e+00
1.628045781430331074e+00
-7.065638855068266944e-01
-6.775586775518765981e-01
8.603917336518199788e-01
-5.456454657663433183e-01
5.955683671339236929e-01
-4.162150588830783593e-01
6.987321396551769981e-01
8.415104060230550465e-01
7.837500911048101981e-01
1.410297589978958044e+00
-5.145872930461770078e-01
1.756701627002988375e-01
1.071514614813960709e+00
-7.543852939602011531e-01
7.352542346434596254e-01
8.690590100390183093e-02
-7.476587320176925067e-01
-2.338185711891457297e-01
-2.865669832823455332e-01
4.816659878577252973e-01
1.430973500341795601e+00
-1.000315733688339481e+00
-6.029391248467265152e-01
9.652195638049771986e-01
-8.507517826570657471e-01
-1.033894269491689277e+00
1.124470961787262357e+00
1.136036296211073493e+00
1.240056722331459027e-02
-1.770604682423429166e+00
-1.605955388892639668e+00
-2.022693410473394016e-01
-3.620124797734093902e-01
-7.146028995754837299e-01
2.250177107035052082e-01
1.871035418516799331e-01
1.570731948633895758e+00
5.073257523659080448e-02
-6.606255032205944344e-01
1.953954955355480805e-01
-3.819856161931717287e-01
-1.431981656222681920e+00
-6.885216481075131512e-01
-1.480699580466639409e+00
8.828180652076659252e-01
2.733069942874880587e-01
-1.174321857153597382e+00
-1.592033933700990556e+00
-4.173140291538263158e-02
-5.270623073336894171e-02
1.024745356005107411e+00
-9.386366715060241450e-01
-3.746020615065343562e-01
1.824470632489469946e+00
-1.590422677527439044e+00
4.781614245815178910e-01
-4.622456481486740265e-01
-4.783451508498897109e-01
-6.918827700359071464e-01
1.785894252202238075e+00
-1.399738768551528345e+00
1.160101606744941005e+00
1.639652462842466241e+00
-3.087755868363951661e-01
1.556749817373683120e+00
5.324950753946899873e-02
1.388143289596069474e+00
1.110072181257578949e-01
-4.521704935103965095e-01
-1.286306641905346382e+00
5.118517482145173991e-01
-1.542323981403948274e-01
-1.024604975248250893e+00
9.264625053308853664e-01
-1.454434531304158895e+00
-5.200715417496097892e-01
-8.627531076862844372e-01
7.561594534438144111e-01
2.367780241921531026e-01
4.876103627132237495e-02
-1.003411329767279536e+00
-4.129904874594432507e-02
-1.215724062802481242e-01
5.868022707617104317e-03
1.311092812712796873e-01
3.375974684273335136e-01
-9.696608601090417334e-01
-3.180460959970957124e-01
1.172766879198058554e+00
1.136545721881385917e+00
-6.301221648826239585e-01
8.351021198236309173e-01
1.067643366438781438e+00
7.569682507370274482e-01
1.341913593125713566e+00
3.550040215244009700e-01
-3.828433192184287764e-02
3.970838220634831939e-01
-5.859580853963108904e-01
-1.230660889718390605e+00
-4.724823244096213459e-01
1.016335388838501830e+00
1.464278217643002034e+00
-4.517157509413786270e-02
9.405112876911643216e-01
-1.676026533379156302e-01
8.449535824191656275e-02
3.563601749685892939e-01
4.135887692458263820e-01
-2.420967777175364322e-01
9.286279311330218889e-01
-6.021111762738049489e-01
3.603284447861706541e-01
4.920919713207427826e-01
-7.752856874549051147e-01
4.041287062560849352e-01
-1.728089203026949017e+00
-1.064154133650829781e+00
5.359069161535463532e-01
-1.791239303575582198e-01
4.210010931062641015e-01
2.928459978937293928e-01
2.541248630590975388e-01
-7.428910587499475415e-01
7.087026411560513051e-01
8.447442365455648527e-01
1.685634064412781796e-02
-1.881646303461584901e-01
1.888279190141618769e-01
-1.715612641434067498e-01
-3.063117794362438806e-01
-5.357983070529022118e-01
-1.312699733109373268e+00
-5.811450238375333033e-01
-7.317832796063114542e-02
-1.703844686747534976e+00
-5.993886794699738729e-01
4.744727293360013753e-01
5.687680200583391521e-01
2.549102273947848052e-01
7.784848781945160612e-01
1.186943476782547080e+00
1.728479517418939349e+00
-2.276038074594442517e-01
6.831977315660897609e-01
1.249557737523255163e+00
1.044447666342766201e+00
5.352705758472138531e-02
-6.573929513984054784e-01
2.000573090934445741e-01
9.842888259105698756e-01
-9.013746939269524638e-01
-6.636613696042206190e-01
1.124486073215525073e+00
-7.840405804663109768e-01
-9.539323964481323248e-01
3.281409109414900049e-01
7.579979453010127211e-02
-4.834042445537062305e-02
-7.572906717084827433e-01
-1.101229667677812385e+00
-2.765300718598094898e-01
-4.166036861284944104e-02
4.095432016760260918e-01
-4.028789219281615486e-01
1.066860100143104395e+00
-1.989188924594047503e+00
-1.330818435550462864e+00
-9.218102856197624151e-01
-9.274531285276121917e-01
8.294989095778415589e-01
-3.119396713494183848e-02
2.237406323459609492e-01
3.538312611489536352e-01
-9.196485424972866696e-02
5.290338438815780364e-01
1.988983172680959255e-01
4.000081821369211310e-03
-7.379660555995676274e-03
9.037497993230253490e-03
5.473390648430576100e-01
-3.015243494920218925e-01
-5.098031777127667308e-01
4.675104477454439245e-02
1.104053252916272321e+00
-1.036942931605983054e+00
1.255868532384389447e+00
-3.970754180601645394e-02
