-3.224933564904463035e-01
2.117684600495427921e-02
9.126052859700413133e-01
-9.753486630508982902e-01
7.730117262786935506e-02
6.334224011100010321e-01
7.773630646643072684e-01
7.696945685442326823e-01
-3.628163172500574185e-01
2.889878906874461806e-01
5.356485036249039045e-01
8.156660786912055539e-01
2.168132290873106549e-02
4.830286043315987765e-01
9.359145730682396636e-01
-1.821564425095174508e-02
1.758085118968734095e-01
-3.853228531535748402e-01
-9.845730758720665499e-01
1.256940564202513100e+00
7.724265142812407614e-01
3.200575839075161522e-01
-8.602709074028179748e-01
-4.690486173137824455e-01
-7.375854616006372044e-02
2.939964344226274062e-01
2.522335023746399285e-01
2.117383003565720956e-01
-9.379847878961417029e-01
-9.318822288392090147e-01
-8.683966654636462446e-01
-3.602166417700568557e-01
-1.219898511532385266e+00
-6.349580528228289111e-01
2.189835093100487851e-01
-5.475396945768888912e-01
5.981803667100636934e-01
7.054492989443285067e-01
6.316236561523747017e-01
1.100720156265049265e+00
-3.182389329534781042e-01
7.485713913814545650e-02
-8.712344461776933002e-01
7.547249099173642950e-01
-4.728182626450319059e-01
-9.787316594066607367e-01
9.300530236545014873e-01
-8.107335653436463785e-01
-4.154362983002186649e-01
9.411866999763716934e-02
5.339614163365805632e-01
-6.586340618948555159e-03
-7.395514219347137930e-02
-8.678352291894085857e-01
2.374348089999328004e-01
1.114970137224704505e+00
-4.691180308314747971e-01
-5.995913274638303703e-01
-4.227119314814822282e-01
-1.104908094387346607e+00
7.083909247951747368e-02
2.924121092606424277e-01
-7.211861905818578444e-02
-1.954010933678745621e-01
-2.205628616131335429e-01
-4.700473929173789589e-01
4.003692523576273254e-01
7.622612725325846883e-01
-1.298760612524060554e-01
5.606847911463075373e-01
-7.340739425550413255e-01
-1.096706649547241064e-01
7.613414713574314652e-01
3.806861044350516865e-01
-4.796037415018133965e-01
-3.998262615168817202e-01
7.450895035495133101e-01
-3.191722656229193517e-02
-3.664234721537818484e-01
3.880893014746273906e-01
-2.103427842999569530e-01
-4.989364280038520172e-01
-8.520989050228974238e-01
-1.037339948563787972e-01
7.695185092724855513e-01
8.709094527101746142e-01
-8.524287858483849956e-01
4.513508932805237461e-01
9.259996393467035958e-01
-1.710783379297587115e-01
3.950404313738563600e-01
-9.008902004828692744e-01
2.350698862005372314e-01
-6.556401324932485952e-01
2.381825306237478346e-01
9.769217084132251205e-01
-6.619998331035383821e-01
6.222372949530140529e-01
4.388614877847444307e-01
2.208141121552787411e-01
-2.694978941750542090e-01
-6.605780727267689389e-01
-1.079500154076151963e+00
-1.372476241400809038e-01
-2.157939796656915821e-02
2.292269017390709818e-01
2.127123506123295427e-01
-4.768202935184290281e-01
-7.642428834925978354e-01
-8.042973659474152992e-01
9.977234129332095414e-01
1.956395231932530898e-01
-1.171435997729928374e-02
3.358051300708080888e-01
8.140204512075929211e-01
3.009338844235925903e-02
2.189617465945755681e-01
7.077995146845798002e-01
8.306748844873167448e-01
2.675699258407197578e-01
4.434463651602489342e-01
-4.446759113080329118e-01
3.607591858371180238e-01
-6.303042286137562344e-01
1.234829749751066963e+00
-1.695021919700334112e-01
-1.563535401799159841e-01
3.270930908854129404e-01
2.494692155614387508e-01
3.815996494094019420e-01
5.114530890357346093e-01
2.337587347996738368e-02
2.288437013474107218e-01
-6.731175616526547945e-01
2.353550610671321930e-01
-5.061690262173768051e-02
1.365478633166956612e-01
9.697816329034755767e-03
6.240856134912898812e-01
8.331737418114311122e-01
1.148491705234778726e+00
-1.749530813622374170e-01
6.604712947707447324e-01
4.803390717421902600e-01
2.794485011210876557e-01
1.150716103032998205e+00
-5.762254047085313413e-01
8.785934836957831617e-03
2.321947282402904433e-01
5.423235487863679039e-01
1.315143939644617954e-01
5.508517034111510835e-01
-6.938699554625338273e-01
-6.758204178352473779e-01
4.347903797542503335e-01
7.011713652085835302e-02
2.122620208299340339e-01
-6.110969895950196795e-02
-7.673105615160442650e-01
9.234688249634719348e-01
6.968557685176145489e-01
3.346368546539777999e-01
-3.372975177839454552e-01
-9.307344417089375987e-01
-5.946562039290408386e-01
-7.856152637277218354e-01
1.448488544483633733e-01
8.643011028700519072e-01
7.392728998850703337e-02
4.002580703887033686e-01
-5.195885662340747890e-01
1.306203476358311910e-01
-1.345797482884344198e+00
1.442407895338226886e-03
2.249897454917751116e-01
3.765192406997605046e-01
-1.038080904160133544e+00
1.020144515891938219e+00
9.977164176160415732e-01
-6.426089233140529489e-01
1.247794991368948114e+00
6.106241702616860278e-01
-3.608289176127721931e-01
9.149498842467356230e-01
6.152750919198050061e-01
-3.575006781584142423e-01
3.244233167277301710e-01
6.706150725281195824e-01
6.198894442383369174e-01
-2.605854043033677403e-01
7.849660162501381766e-02
6.360644632566084811e-01
-5.120875737148828932e-01
-3.861915482252102905e-01
1.158992786391799035e+00
8.479629561210266786e-02
7.747330253947491974e-01
4.693473559332536071e-01
1.391405908528027258e-01
-1.039617980289144317e+00
-9.976123961314629085e-01
-3.124556744613019577e-01
-1.823555790634507068e-01
-7.205094461408919626e-01
-7.968907487503057441e-01
6.206533236102814710e-01
6.385954692966102630e-01
9.426102879973606574e-02
7.553703959439126425e-01
7.738900038290250638e-01
-1.569657176703802004e-01
9.036489442722595022e-01
-8.294820693878627305e-01
5.661220486960437670e-01
2.720618543831881397e-01
-5.599342094942042491e-01
8.335821012224006177e-01
1.699153891750652401e-01
2.375438914893251430e-01
-3.017981946958377404e-01
-2.232562545825451938e-01
-3.462699257201784508e-01
6.955308487046139021e-01
8.556431267531096063e-01
-4.461007585596596936e-01
9.853910380508289490e-01
-5.246746162386519696e-01
-7.577394845961579195e-01
-3.251423039035022389e-01
5.120008151385713191e-01
1.439256659809180217e-01
1.065320348364810155e+00
9.507643250860272621e-01
8.227133479192724197e-01
9.449745034516485731e-01
-9.836588910832256838e-01
3.225673662744668047e-01
-5.562422325816751556e-01
5.355739933763387084e-02
3.267932169861419434e-01
7.623708968527772578e-01
-8.483438610818405667e-03
-6.618368060461483626e-01
7.241836634404782425e-01
1.203647623856388460e+00
-9.019892713965046993e-02
-9.216288434496839876e-01
-1.148378673358828594e+00
1.005699669090650561e+00
-7.014685014247530326e-01
-7.037437716274499433e-01
-3.154954576317263726e-01
1.284283330088406561e-01
4.774412957620737252e-01
5.938074307459482171e-01
4.211771098954881221e-01
4.664305880265583459e-01
-9.899124024296268587e-01
-5.028206413941151975e-01
8.834449335839101858e-01
-4.578131875538679063e-01
-9.081153317736914143e-01
7.581780632011230203e-01
8.072418638936282864e-01
1.765086906307322956e-01
