-5.856863973915248378e-01
-7.191066714483963507e-01
1.329117852155351776e-01
7.273712534245863059e-01
-6.377304489164508094e-01
-1.084788287352551173e+00
8.939144785007008265e-01
-4.060570721465917021e-01
-7.381476807266132423e-02
5.744874781039408518e-01
-8.878590862673270412e-02
-7.606183784023783367e-01
4.415922322175962478e-01
3.550463762013318647e-02
1.168330146951189530e+00
-1.132511393232340291e+00
-5.627813705075686013e-01
-1.236901002969347463e+00
3.696554814290293201e-01
-2.405402140163688252e-01
-5.578714420330886936e-01
-1.609977136593402802e+00
6.457320736212353030e-01
-8.753481185605523907e-01
2.591201184808185065e-01
2.136251287183482672e-02
-4.457665157693524449e-01
-1.380702186103596629e+00
8.786824892818261290e-01
-6.954338507871280495e-01
-6.424099693175655545e-01
5.068837070923849497e-01
6.662272020931843119e-01
-3.178806140432019478e-01
6.047736623795353372e-01
-8.209303230474462865e-02
-1.324367396205992531e+00
1.441709285702933663e+00
-3.896149537282611597e-02
-4.220068210161762590e-01
-4.083065371368621577e-02
3.442273298909198642e-01
3.835303575232722473e-01
-2.059445570785647384e-01
1.628984232834713719e+00
6.614776669071669168e-01
5.369770922770109589e-01
5.427356178057707314e-01
3.829459417331140259e-01
-2.181892249206834333e-01
-4.456669011705814420e-01
-8.714593750082590962e-01
1.054691015907778695e+00
6.270316319251123538e-01
7.704742921219619456e-01
-5.677385203263640712e-01
2.232014780046227137e-02
1.357163950507673134e+00
-8.973597814905448500e-01
-7.713390601921328305e-01
-1.043330034687424579e+00
4.817977524018975388e-01
1.619681120360605853e+00
5.491380999173660626e-01
-1.429433109107118405e+00
-6.924650522567037392e-01
3.001880182142804276e-01
6.262574949416093162e-01
2.523118994694459882e-01
9.260065892078872540e-01
-3.416308420544920260e-02
1.156846306857858053e+00
-8.377133021258043044e-01
3.751968802580684104e-01
-1.587850176964989313e+00
1.860655985502881915e+00
2.590338897494914860e-01
-3.528430622620098989e-01
-1.336296559348104873e+00
1.222824932509181561e+00
4.211006986506310446e-02
-6.882495248186139003e-01
1.287689892290716509e+00
7.876405715491104076e-02
9.554125663668179280e-01
7.782112731564789776e-01
-2.340164492676397034e-01
4.682423143794725573e-02
-2.725083619138297664e-01
-4.171136636950427690e-01
2.708606933128486216e-01
-9.795700337239746647e-01
1.162818291773515256e+00
-1.100889621802037421e+00
-5.851657545135682259e-01
-1.811396666025816504e+00
-1.112711678710023078e+00
-2.414326808357386556e-01
-7.984146614616695059e-01
2.274310113472216288e-01
4.153002912717171369e-02
-9.035326148290032111e-02
-1.392635962328115373e-01
8.144728988304900108e-01
-9.831115886540711113e-01
1.402451422281252857e-01
1.082971027631315919e-04
-1.012270218791760934e+00
1.414804729836481201e+00
-8.197085492335611789e-01
-6.443873543138893822e-01
3.025251914134994280e-01
-6.105684260041398526e-01
-1.061201484219413127e-01
-7.175307928936899837e-02
-6.620512753901470759e-01
3.108856933552528456e-01
8.279828660731400891e-01
-7.644069583718036132e-01
7.470533390891627157e-01
-4.788261288462669074e-01
-3.592915595013395080e-01
2.197667723848706900e-01
1.165788703675754157e+00
5.368707649864985498e-01
1.908382421539228879e+00
-1.677418045382688794e+00
-6.830075108669004802e-01
1.571813275274743793e-01
5.912381508865953705e-01
6.073698013112582839e-01
-9.243067247307330536e-01
1.050068630229779032e+00
-1.157280583160659848e+00
-9.343098438302925857e-01
8.366304550763756787e-01
6.646359517241409165e-01
1.499188375420671404e-01
-1.255050988142047741e+00
-6.342164201655119404e-01
-7.722409221804903412e-01
9.152877778513868190e-03
1.008183913661653053e+00
-4.879814169857381034e-01
-7.512629816784890391e-01
1.198074045564883727e+00
-6.183193035357383849e-01
-1.381367961671020828e+00
-3.106907615956844282e-02
3.710901645678436056e-01
6.703494949490387267e-01
-6.630075074276035041e-01
1.181187022810704867e+00
5.180248318820057651e-01
1.502370325255450167e-01
8.160865100529696159e-01
5.082787279233766942e-01
-1.006937323796882167e+00
7.911933523313949834e-01
-1.152125343978777083e+00
-8.234863809237722432e-01
5.471999713542898824e-01
8.928734722628419718e-01
4.399571771717291080e-01
-1.634039828768034108e-01
-1.995609369837774150e+00
-8.217173439368330445e-01
-7.244725077378457723e-01
-4.310472950689461791e-01
6.589006697758741371e-01
-7.461818512915674440e-01
-9.167292746510692369e-01
1.787924898437376342e-01
-6.187804189254104692e-01
3.429623169440199071e-01
5.663922389076485597e-01
-3.565710746445820978e-01
5.602816601697082621e-01
-3.626206732891700257e-01
2.512953830252380727e-01
-1.209688707947721653e+00
-9.291702261815664166e-01
-1.166001214556585452e+00
-1.293732013833259753e+00
1.726724616540731561e-01
5.981764233556221555e-01
-5.732023065360314362e-01
2.177830928040423775e+00
-5.873534121689997223e-01
-3.867759333154582313e-01
-4.397071303465249770e-02
9.985112361084369503e-01
1.061848049956347850e+00
-1.365670054428399505e+00
3.251806840494278483e-01
-3.527515180903789682e-01
-1.290613226563084859e-01
9.509140832357450002e-01
-7.041539071966306240e-01
-3.013106850161707539e-01
9.807742309096770805e-01
-1.085852839966531702e+00
9.702727326234377170e-01
-5.797074819990892802e-01
-5.524159959298574618e-01
3.454630911799305704e-01
6.327065702432410621e-01
5.504568863821009961e-01
1.234451524799450972e+00
-8.574389762401436466e-01
1.319606538233963622e-01
2.503581856776293524e-03
4.164042427461029927e-01
6.871218693039501391e-01
-1.204560295208380261e+00
3.445093133148213749e-02
-1.149531356486412359e-01
1.157260088766138617e+00
4.302844162627255664e-01
8.293894451980773352e-01
7.915852748910356951e-01
-1.624431414927924588e-01
3.382910075681877515e-02
-7.272590398746896501e-01
-9.713808689215783776e-01
-2.962726528556870464e-01
1.260833880108422012e+00
-9.003014811408466267e-01
1.976159957085069641e-01
1.185859258349993395e+00
-9.661106281809013208e-01
-8.432549853412087959e-01
1.674991105215122844e-01
5.454765045590340700e-01
7.601139606906159862e-01
1.937154960214325095e-01
-3.519716896119203797e-01
2.763006916391964052e-01
-8.021734357879695132e-02
-1.430110225897361920e+00
-5.765076653013860852e-01
-4.879077839829128183e-02
4.534440502608367840e-01
8.334598033756223101e-01
1.865656637352122449e-01
1.006187637665983292e+00
-7.342288789328335619e-02
-1.144217266870269700e+00
6.716012066197156738e-01
1.060589285939613990e+00
-2.236749123428537489e-01
-1.165506902935514066e+00
-5.826018390120673018e-01
-5.072610101702409446e-01
7.410474123551039627e-01
6.364275439431010817e-02
1.407771812943430789e-01
-3.847289910105934352e-01
5.971513709616200760e-01
-6.223526126081223575e-01
1.916863830191455065e-01
-7.817713142925750702e-01
-9.546419387259014178e-01
-1.323918178295641068e-02
1.030960256069966663e+00
