-3.221354209922770440e-01
-6.638035355241067581e-01
2.422220564676182408e-01
5.311184652117550975e-03
1.373294451035732833e-01
-4.046875357108839499e-01
9.002431692576706723e-02
-5.557994651259156038e-01
6.328666913856652032e-01
3.116408562575990748e-01
7.778058094246059762e-01
1.248886282740295367e-01
-1.268176299112141026e+00
-6.504572762388113327e-01
-8.462539043949892648e-01
-1.895846259599152650e-01
-4.315549211589403411e-01
6.261538040374519110e-01
-3.919803626804152508e-02
2.453392990640318461e-02
8.579513223878049155e-02
-1.089207142906712722e+00
6.015152210502717756e-01
-3.671455677422906794e-01
-2.984117598803096710e-02
-4.259329295724688658e-01
-3.964996710135494373e-01
-1.524311471381724070e+00
-7.943990826547877582e-01
-1.198110224941494328e-01
-9.766247110126271558e-01
9.194482347324695048e-02
-3.281083243816436679e-01
6.488981090989720535e-01
8.875611295152426861e-01
3.366459197120491575e-01
-4.300413592239815674e-01
-5.691404882504984553e-01
-1.236227132078391022e-01
9.569802896651131707e-01
1.478373010432082121e-02
1.118329255723143678e+00
-1.364226929901449781e+00
-4.714121496412664314e-01
5.773963386208363913e-03
5.738372443446242421e-01
2.065950598634955226e-02
1.072010721666337707e+00
4.727158582116256502e-01
1.118411806633036187e+00
9.354895373610500053e-01
7.526355536083101372e-02
5.189619659958562004e-01
7.419374470358817142e-01
5.070472053283683334e-01
-1.300649198409213447e+00
-1.149088598545920492e+00
-3.128670308480860363e-01
7.485016545586824499e-01
-1.531683011446919873e-01
-4.947660317807321684e-02
6.650171944605345331e-01
-1.056997227928155425e+00
2.601164161107013539e-01
-8.172459901679279826e-01
1.806378752086960082e-01
2.296949816595922345e-01
1.695659712287330700e-01
1.098971227264489592e+00
-7.346419921389715224e-01
1.271904668774178071e-01
1.047146724703475584e+00
6.479613133896001687e-01
1.984825519105490321e-01
1.248969418482877680e+00
1.309085442580936176e-01
-9.860592905795558805e-01
1.516923186735073426e+00
3.142957248807396464e-01
1.648909163544421963e+00
8.286215267756156244e-01
1.444616623896944674e+00
3.259363658254784135e-01
4.629385948291092623e-02
-9.097587784390404053e-01
3.523757304445270799e-01
-2.377297651936620682e-01
-1.498692710404148309e+00
1.474185967834991784e+00
-7.128079698148442889e-01
4.239920571911378611e-01
4.084932765013765676e-01
5.136504370505542427e-01
-2.513457348349849019e-01
6.196670153182748386e-01
-4.504135979122538269e-01
-7.153252894966963815e-01
9.867374902096430755e-01
2.374850314259660533e-01
5.828120042924644917e-01
1.509525005227012329e-02
-4.726928961164211795e-02
9.602855962960323843e-01
2.320104676007632150e-01
8.888987092526927647e-01
1.293894767721883499e+00
3.733065991215769319e-01
2.911483430935447592e-01
5.108128183966282876e-01
-7.386995615239196900e-01
-8.166990912354192833e-01
-1.930025700956426726e-01
-1.109489361003138663e+00
1.635700800784813280e+00
3.683984866674502867e-01
6.945391985269324664e-01
-7.929920012808511220e-01
5.666777339666744240e-01
2.168749788632497177e-01
-1.055401773355657991e+00
-1.127527429044748786e+00
1.236770988618425493e+00
-3.120857079533377876e-01
-9.596269070326238770e-01
-2.957209071390171640e-01
9.426709081023519898e-01
-4.960955420473494026e-01
4.698258046569765978e-01
6.563630756273153288e-01
3.449899163839448835e-01
4.594403078467020340e-01
2.799654484220843176e-01
8.018656166558343901e-02
-1.224113240836329108e+00
5.079495770896784723e-01
1.715673196708046577e-01
8.833719120151248827e-01
2.043374569030519811e-02
-4.807345101448000646e-01
-2.087290648804809856e-02
-3.369042779335771343e-01
1.257236693061364985e+00
9.824290993375345282e-01
1.051803250109481391e+00
-6.806258778849821889e-02
-5.174710267127169416e-01
1.437814090974378622e-01
1.152278610075790910e+00
-3.862751974391336884e-01
-1.367165289357333613e+00
-1.818298923780304888e-01
-1.167104962778102273e+00
1.544342499015813885e-01
2.422721745371346491e-01
-5.032505587628035570e-01
-5.841343700925821780e-02
-3.096063589972312610e-02
-2.350132525705645736e-01
5.134672542048972499e-01
4.859293724064617237e-01
-9.282998582350858729e-01
-3.089249449485045318e-01
7.725164488271539787e-01
-7.117655195482626151e-01
9.906407634943832363e-01
-1.008538996255050613e+00
-7.154229851493016934e-01
-1.031857126778249256e+00
-9.510648148754127229e-01
-5.568355632637754793e-01
7.862533523127722412e-02
1.063376315442701836e+00
-6.641365163166039753e-01
-4.264572698169430409e-01
-5.035521402427038939e-01
-7.934591637420361776e-01
-3.043354748706891821e-02
4.118746142362300633e-01
-1.855993999529170768e-02
-3.786124092110308981e-01
-3.031905896179626358e-02
1.010717874440950181e+00
-1.090609629346876108e+00
8.480805807935314355e-01
-6.045894449948844285e-01
-6.392584141092287897e-01
-1.788959584995600260e-01
-5.335609645860324157e-01
1.169453924802896116e+00
-1.313125499544377961e+00
-1.169085015860813703e+00
1.826298125356800028e-01
-3.899783593983121577e-01
-1.557842061757111152e+00
-8.915422351282434321e-02
-5.494079254877118901e-01
7.152796958229267199e-01
2.025463981297367100e-01
2.746797606613419762e-01
-1.020704233371941272e-01
-4.996538011811944568e-01
-6.145978155511007124e-01
-1.013198265095974993e+00
-6.329897855088006953e-01
-9.787395749730121164e-01
-1.515761804244897260e-02
5.386516769070849309e-01
1.462531369848287244e-01
7.684258043426070994e-01
9.520097966862524352e-02
-2.954393085806534258e-01
-6.591935201347457474e-01
6.978898983486880869e-02
-2.813702235156639864e-02
-2.249111771330505327e-01
3.286020046589560595e-01
-1.005679271722489609e+00
4.548078584793349699e-01
1.501870140334375714e+00
7.143344267439131201e-01
-5.634910546658256081e-02
-4.262259883956749373e-01
7.868229883616622011e-01
4.577929474961877632e-01
2.875474065036850435e-01
1.134453581987689752e+00
-7.383552871050147459e-02
-1.632362078330339417e-01
-2.080688075259728986e-01
-8.500770738495971868e-01
4.906564450399161226e-01
1.016388416349361279e+00
5.661591348820307346e-01
-1.053120895743409724e+00
-2.598603906242655248e-01
-1.067411651137943007e+00
2.044746437989816701e-01
5.567776421399146525e-01
6.395053593650291690e-01
-5.118767039723036705e-01
1.132456373683194961e+00
-7.885687180246381267e-02
-1.398787552149614921e+00
8.940075996362248367e-02
2.920715669124732128e-02
6.332601058909885783e-01
9.832954016867534452e-01
-9.344656596539412385e-01
-1.507775944220425046e+00
-2.797230082756000935e-01
5.730385261997141821e-01
2.570468639962326107e-01
2.984438474251830953e-01
3.345671415958319517e-01
5.405542135660693637e-01
-9.229872614705629807e-01
-1.000137133846523696e+00
-2.635134289425480336e-01
2.035583571109778889e-01
7.513179276782968596e-01
1.269500255794987043e+00
-8.454208529225275548e-01
-1.223756199169459435e+00
-9.425811163021284855e-01
6.764407749549666837e-02
