1.618205171133711984e-01
2.029387716628923588e+00
5.889811691495018264e-01
-6.986255229385132104e-01
-9.840922615405618412e-01
-5.655298822509565726e-01
-4.493733680519074736e-01
-1.410186995854809222e+00
-7.741913385951786353e-01
-1.299420501850640619e+00
-2.700064402197333013e-01
-8.026373748599998637e-01
-4.334627394865775973e-01
3.664645327623716753e-01
8.644097273439461659e-01
-1.354216881181942833e+00
-5.496710773795716598e-01
-1.347038251528485109e+00
8.802290572625102172e-01
-1.610333997011266005e+00
7.008330510877925912e-01
-8.421573282877681255e-01
1.011693542339994645e+00
4.683446569436363616e-01
-1.531752127792117335e+00
1.460115937026306154e+00
-9.585589413493593725e-01
5.267873161254363890e-01
-1.712960991470492134e-01
-1.097464034353676343e+00
6.989952353186642542e-01
-6.543933962665162696e-01
2.133471540475423978e-01
3.878357606930820101e-01
-1.706030891698614660e+00
4.456345182624041890e-01
1.201063999191799847e-01
-6.969223604881591427e-01
-5.775055731769463963e-01
1.151233686830510639e+00
8.359605563309161491e-01
2.386908684126207436e-01
1.418074851318957386e+00
-2.284103163068302023e-01
1.023644971132291914e+00
-1.437086272501149731e+00
-8.781542650121405558e-01
4.059700366342627320e-01
7.019659275104113139e-01
-9.283006570340159025e-02
-7.649336367533362546e-01
6.608110755537993652e-03
-1.258511617448645925e+00
-6.486621673094851159e-01
1.098099450474574468e+00
-4.231739949980508619e-01
7.304415714682180871e-01
-1.188506692494054606e+00
1.661480589844483435e-01
-2.230981334334806165e-01
-7.628998430389571928e-01
5.694959849572331922e-01
-4.157698821592242799e-02
-5.054602384283930494e-01
4.701159662415823060e-01
-5.277054477732983084e-01
4.060211049361226454e-01
5.170737604634018103e-02
-3.024548794320957579e-01
-1.150867498189048321e+00
-6.213999785252286578e-01
6.010597683753886589e-01
-1.187473366959671817e-01
-6.109445504233326218e-01
-6.207772536635812743e-01
-2.304533596181742583e-01
-5.473560873645628710e-01
-1.087956141104249985e+00
6.560700005362971599e-01
-1.357675605904922866e+00
-6.302009681327174206e-01
5.493757621614643316e-01
-1.897282332744138489e-01
-2.246656107473803399e-01
8.465490957012578033e-01
4.519378575922292085e-01
9.158200273159371463e-01
-7.393777322200034696e-02
-1.027355329414931795e+00
6.107743114105533833e-01
-1.456076555820788876e-01
7.844485377699998985e-01
2.885858894778589034e-01
-3.507415974704176098e-01
-3.070196859167179104e-03
1.860146181400470500e-01
-1.756897228584908266e-01
1.251387047773469430e+00
-9.639680907718708447e-01
-3.477952667240596929e-01
3.319103541864835694e-01
-5.720295216081219269e-01
-1.238308416382496668e+00
9.784949017736134236e-01
6.870273917361668925e-01
-2.568817652051975653e-01
-1.866813100649106438e+00
-1.902246445987381573e+00
-7.038939294408802505e-01
-6.945125458493971449e-01
9.062131934308702286e-02
9.872575386260591390e-01
-5.643926956054985400e-01
4.934585798357130626e-01
3.067070667929395200e-01
-1.143796717883728942e+00
8.810721405440071763e-01
-1.454609626843511860e-01
-9.426735940048509566e-01
-1.328945457987040113e+00
-7.634676571296846737e-01
1.173895179069343264e+00
-5.569158473890637451e-01
-6.227133658935547489e-01
-8.123783091683746127e-01
3.418585984992866811e-01
5.907603371045673235e-01
6.979768517131945682e-01
-7.774933015764662336e-01
-8.365307935599677336e-01
1.477362780526683350e+00
-6.778145965880320034e-01
2.295067469470081001e+00
-1.920772984145813878e+00
-1.926537851291733938e+00
-1.336410048990942734e+00
5.107593320919512347e-01
-3.890987384835732366e-01
5.901634203354443331e-01
6.075701956715349183e-01
-1.508864735417616787e+00
1.854507364356972055e+00
-7.804906176128777462e-01
9.655089881759147952e-01
-9.005385964290560374e-02
1.781216470051940615e-01
-4.036019476763555436e-01
1.358056034498792419e+00
5.239022484311404160e-01
-1.654083320827477221e+00
6.586137875000205311e-01
-3.259060931725136778e-01
-1.003611103011707639e+00
-5.573494332701380838e-01
4.963279858909687703e-01
3.955694646104647161e-01
-7.889700435093599529e-02
-1.511462197323481416e+00
4.710959201526847551e-01
6.244129481136643234e-01
-8.072804759376812633e-01
-3.828193646047713949e-01
-5.543948428369500636e-01
1.696760717756560233e-01
4.646570177046885353e-01
5.370915054026577096e-01
1.166994084662360986e+00
-9.987173893611417386e-01
4.297101316222270984e-01
9.635354134910499857e-01
-9.013709256979115514e-01
2.779482816933857015e-01
2.831810252948391282e-01
-2.406819358877226867e-01
9.212281330483530484e-01
-1.081315389225662393e+00
-1.616312612220856870e+00
-9.016096444861287917e-01
4.809968135865626548e-01
1.680245697455064136e+00
1.113465127226885426e-01
-2.247954442536681530e-02
2.022721516376474182e-01
1.835740396976235922e-01
-8.166659307978942905e-01
-5.929778608060727318e-01
-7.396645585785619481e-01
-1.265541520995009939e-01
-9.493537816359353121e-01
-9.095377102257364010e-02
-4.378289307496732730e-01
-1.673045297805978215e+00
4.790625762359201900e-01
-1.010088518887142461e+00
-6.108860458147739037e-01
-3.703023086947410114e-02
2.644916619786649159e-01
1.366359246428892615e-01
2.557511759521695627e-01
-1.462876069314507643e-01
-1.243479935031735595e+00
-2.383237482439753974e-01
1.828183303639798085e+00
7.665333431217713489e-01
2.349937434146958659e-01
-1.775599869896002103e-01
-7.456256107290096802e-01
-8.210182770468701374e-01
-4.378753979345087477e-02
-4.686312510124276409e-01
-9.472705154929126348e-01
-1.004548899232174275e+00
-7.808588963727297605e-01
-1.023497674459040052e+00
1.541168944247340411e+00
2.957880944064308348e-01
1.764499336913941896e+00
6.296285222124786696e-01
1.054258157290523523e-01
9.801523602730281004e-01
-7.731950223010548573e-01
4.310078164817136570e-01
1.192164999701028183e+00
1.513508911526917355e+00
-1.171080502744016538e+00
-1.032686437615571551e+00
-9.707439951867611327e-01
8.912699066565976658e-01
5.653553017776750261e-02
2.610461776507877474e-02
2.112338495883941125e-01
7.136294454761445971e-01
-9.682455578630769777e-01
8.143737332987429633e-01
1.481370689347285552e-01
3.510910101171325071e-01
-1.973103541727633248e-02
-1.242094640598722544e+00
-1.035423753266921931e-01
-2.797623733513565636e-01
-3.699828972226508750e-01
-5.765472242618273346e-03
1.965890707736833720e-02
-8.444021943572207478e-01
-1.085731109612773748e+00
-6.332555928164492753e-01
-4.251685002569517424e-01
1.647862152196751140e+00
6.934546545394511263e-02
-6.591105318163641424e-01
5.234889070109088882e-01
-5.013795362236593833e-01
1.412329310642298275e+00
-6.807682345399194146e-01
-6.919246745427212741e-02
3.520010005162274025e-01
6.101763748384241293e-01
7.307483432042233273e-01
-6.252616263731139989e-01
-2.638314097272672631e-01
-1.122401124630737712e+00
-1.474513614173950382e-01
-5.593064773848749338e-01
8.369621279090886379e-01
1.229614586614404370e+00
