5.084037137993691058e-02
1.361193758801181986e+00
7.136936829238802460e-01
-8.723949908702194334e-02
-1.107990313191766329e+00
-9.188789085426302128e-01
1.883894521174097614e-01
-1.512985375403467669e+00
-6.050230600822039673e-01
1.836153740452892702e-01
2.523802085553709662e-01
2.365699501585439846e-01
8.443102486363707193e-01
-1.329118955849024064e-01
3.785251278714679701e-01
4.918478047127056163e-02
-6.701518161537273199e-01
-6.325683393999370630e-02
1.087295839597355318e+00
-1.516751523275141622e+00
3.696662105407666488e-01
-4.154593291279956579e-01
2.261786687396051043e+00
-1.815985552954346161e-01
-3.244579431645231993e-01
1.627910616156312829e+00
-6.091426630658627328e-01
-3.263410207323643175e-01
-5.905877942212621745e-01
-8.998124866215888584e-01
6.648959787133341681e-01
-8.448936736811440973e-02
-1.476225027308540327e-01
-2.503821644548989700e-01
-1.243717248626882377e+00
4.367048706280223652e-02
3.068253325918467445e-01
-1.294699646243375746e+00
-2.634307660152497288e-01
1.111126372649342109e+00
1.188936332085085423e+00
6.497022571645288957e-01
7.014570658284097204e-01
2.538040462342503467e-01
1.748298412171685468e-01
-1.412907760881991770e+00
-2.106743598406156937e-01
1.068230969964166555e+00
3.403725493417936176e-01
-6.280183242833400348e-01
-1.274842928669726705e+00
4.126620930099198503e-01
-1.450851927702284661e+00
7.558473245317877121e-01
1.025389819900753396e+00
-1.516169008632388127e-01
1.363872931023655255e+00
-1.643664668505383286e+00
-1.696511994896381104e-02
2.704910289000727053e-01
-3.233571109157248880e-01
1.415828833043283996e+00
2.570110523293033244e-01
6.212439344348884562e-01
-4.039114476722274749e-01
2.990350036932601929e-01
4.885438188099301415e-01
1.322590661810742585e+00
-4.782576490566598504e-01
-5.720790245043416711e-02
-1.574487711163787385e+00
8.878482322966284590e-01
3.852264306513837333e-01
-1.236788153105970872e-01
6.272199063284047416e-01
-8.386149280190118294e-01
4.396086316973277786e-01
-1.109770762637877661e+00
-2.083446356074777350e-01
1.435114778080267828e-01
-5.787770424231055699e-01
1.051117631414312470e+00
-7.312625540240072497e-02
5.904216948004570309e-01
8.964012119069670881e-01
4.843303188091010458e-01
1.178054774965109797e+00
-5.546718388866784810e-01
-2.063697673331698623e-01
1.720360473770011556e+00
-9.635864997327818759e-01
3.991439549666862541e-01
-3.501827419503887318e-01
-1.252997612704028318e+00
-2.789422165824052557e-01
-1.096986082800690265e-01
7.322638913657881776e-01
1.015981944764967171e+00
-4.206177067139711401e-01
-7.654228493755478313e-01
9.675329349430641379e-01
-4.985010966346593575e-01
-7.483054508614483957e-01
1.165713392758310762e+00
8.160233390756159721e-01
-3.624274726582389361e-01
-1.904840763201851361e+00
-1.749334168793957200e+00
-1.208197567743566903e-01
-7.960327840358275564e-01
1.625675040348958933e-02
9.804641819151571625e-02
2.825228597012008902e-01
9.426742978601230227e-01
2.589326136107537035e-01
-8.682180972100350669e-01
3.046547067110387252e-01
-6.992594806144322162e-01
-7.347655142099374093e-01
1.652878686183781032e-01
-1.171039840152694245e+00
1.092417938378052789e+00
-1.012449700524662988e-01
-1.335808713085950616e+00
-1.243454302458188110e+00
1.168319282682190596e-01
7.930710282198378813e-01
1.425663447811318152e+00
-1.083017678703052988e+00
-3.693750126112684273e-01
1.797965800757394428e+00
-1.017923632956801105e+00
6.664043898248792619e-01
-2.601822576292795453e-01
-1.938984624701990955e-01
-1.241715777685042932e+00
1.576189756818337617e+00
-1.499927768280369111e+00
1.582883888353972868e+00
1.590957774994241181e+00
-8.726486447140341385e-01
1.036803464455745116e+00
-1.842088680372472032e-01
7.351630039739893707e-01
3.627637901157086953e-01
-3.337617482823253545e-01
-1.330338397220094615e+00
-4.619932532990919105e-01
-1.623875067284859808e-01
-1.500197316722441387e+00
7.825490994730479599e-01
-1.333818962601378111e+00
-3.283769832005670741e-01
-6.985051901693694054e-01
8.160530867738680083e-01
7.795155059960353627e-01
4.363021152381095780e-01
-6.544623272208964782e-01
-2.861993463474007959e-02
6.698699675662601882e-02
1.578115087702893493e-01
-3.962497304396678938e-02
2.295446313192128496e-01
-9.351305487178454001e-01
1.381516622038077569e-01
1.340563065010017318e+00
1.119160151652371260e+00
-1.133540331775338750e+00
6.628732606516902770e-01
1.132895629743037480e+00
8.268565201232538353e-01
6.957913824724830665e-01
6.044453414404460379e-02
-5.081315394401120233e-02
1.784654399188606022e-01
-4.626558059801689771e-01
-9.367799455502123784e-01
-1.761287264099721528e-01
4.715848094717787209e-01
1.423812941159740220e+00
-3.875338374751096659e-01
7.477827502713740859e-01
-8.783816053099961774e-02
6.817237172806349665e-01
-4.423549959054778880e-02
-2.681398264987937541e-01
-6.466778631132708011e-01
4.803545362859125145e-01
-6.991999481681693274e-01
-1.262098095937934095e-01
2.672308715362597398e-01
-5.071700284917224355e-01
8.660433075387004020e-01
-1.564855371072540802e+00
-6.900686348079519972e-01
9.550485354822011441e-01
9.255513376135934833e-02
7.694531377355209312e-01
9.162020217624372576e-02
-3.200798489049784812e-01
-6.507880144024309477e-01
2.721241127648412750e-01
6.862430974426483310e-01
5.264088188559921111e-01
-1.695908152754897202e-01
-1.067554356770077373e-01
-5.236602029378486511e-01
-5.791043792109754618e-01
-1.584077191297622866e-01
-1.545199577975249650e+00
-1.047488714284319000e+00
-8.683343151835447582e-01
-2.001117271806815090e+00
-6.674175816810785644e-01
1.428116949107210987e-02
7.769743102692310277e-01
8.299984763025988754e-02
8.314473544517568815e-01
9.388928094142308112e-01
1.762904935805946094e+00
-4.862169561527400763e-01
1.050443666313193081e+00
1.173534505930529104e+00
9.707032829905202220e-01
5.888363795690609859e-01
-7.847122999273623556e-01
-1.365079189985332897e-01
1.266836731786938897e+00
-3.279337031404911396e-01
-5.911659246061136130e-01
5.971621071207816600e-01
-1.132838417563806210e+00
-1.139879063959623240e+00
1.426381495994023751e+00
1.770562883968527790e-01
3.597511819295765578e-01
-5.085191255065395488e-01
-5.958467693441423796e-01
-3.783731041800685313e-01
-2.389116157765714399e-01
7.074251231664747674e-01
-1.698297929804686301e-01
5.707433933737254828e-01
-1.871265918288504526e+00
-1.797308223721930442e+00
-1.117749579724707676e+00
-1.019649059792606227e+00
9.552233600823858417e-01
-7.064658919728052933e-01
-5.734726415538488054e-01
1.971833298816431101e-01
-3.678460596700556806e-01
9.236707427680059812e-01
2.943848019587008147e-01
-5.814598439655196405e-01
3.101457452459881470e-01
-1.320585053684012744e-01
4.861551889995729403e-01
-9.214316351303545316e-01
-6.069328186144546944e-01
-6.461707046988853786e-01
1.000521839710821759e+00
-4.422905675056664765e-01
7.068338304887372692e-01
-2.116560626083562602e-01
