7.504827630219257362e-02
2.463467463589582351e+00
7.275755012756811579e-01
-1.120054448017317128e+00
-7.833680383684235027e-01
-6.451677107337815409e-01
-3.315461272965213313e-01
-1.441782291878192401e+00
-1.163455065798225441e+00
-1.070452384938354262e+00
-1.598389745932044248e-01
-1.114119686233351558e+00
-3.688627169150273666e-01
5.910465074202297941e-01
9.954358068741703258e-01
-1.433684821357861461e+00
-4.597145520982599542e-01
-9.872256985880492053e-01
1.141536992657613769e+00
-1.757680997217956120e+00
6.957361291020323080e-01
-1.038635663313465018e+00
1.616613820199571228e+00
8.641928883656989635e-01
-1.337386492813890104e+00
1.570211762168837621e+00
-1.220941059903477788e+00
6.864544733752934169e-01
5.964574052819286987e-01
-8.174124607250488062e-01
8.859943965164905899e-01
-4.975425368843388596e-01
7.131839183907774382e-01
4.192375669121819470e-01
-1.467472745740714180e+00
7.783083799494149302e-01
3.373698612564759447e-01
-5.085795936532160333e-01
-2.145049069186568125e-01
1.301604139973268737e+00
5.540638636208500278e-01
4.758326377748066660e-01
8.313139004366874030e-01
-2.434046192873138836e-01
1.122329738566417934e+00
-1.769885622929951552e+00
-1.139957695533611037e-01
2.169393607359634268e-01
-1.119568673591005981e-01
1.304855094535804505e-01
-7.424708160503770138e-01
-5.093581581932582480e-02
-1.865945850104842929e+00
-3.869291807472658995e-01
1.078577867118986289e+00
-6.795110518692999424e-01
1.218066751651520674e+00
-1.183969835911942381e+00
5.923164367117288442e-01
-1.966784948232475627e-01
-9.025582179778093295e-01
7.269273395963595785e-01
5.160151942043603723e-01
-4.884523532268608692e-02
7.555178270874567392e-01
-4.869679972834367598e-01
6.901906368488188726e-01
3.567423076162311024e-01
-3.071526064456354677e-01
-1.180234060274784502e+00
-8.656977963732834791e-01
5.548192721870198740e-01
3.562202411732919849e-01
-5.095329881571289965e-01
-5.215175264133052879e-01
-4.491016520562092218e-01
-1.214041470180301785e-01
-5.319019286843217342e-01
5.558101805053394795e-01
-1.032523513066203602e+00
-4.797455069637858172e-01
5.460284817673040081e-01
-3.686082539759520937e-01
2.276050934724671848e-01
9.970582480145881998e-01
4.901009987829972325e-01
6.089145454705791050e-01
-2.198133773027123039e-01
-5.292382058972515679e-01
1.564262340208181667e+00
-2.142869156298509714e-01
1.278612638478358599e-01
-1.546147307016541850e-01
-2.688769006926072791e-02
1.220338558749586300e-01
1.358738386713904678e-01
1.969351881690544204e-01
1.076867674644087725e+00
-6.881770139065060965e-01
-1.149228399828616243e-01
5.366309305036064403e-01
-4.772688294129500131e-01
-1.542525427891291434e+00
7.830410908715352836e-01
9.057159699997460178e-01
-4.131493977375819693e-01
-1.221561487131022083e+00
-1.754813685673874968e+00
-1.042252557104635491e+00
-1.033713001333938841e+00
5.660321419398564591e-02
6.853046616672529012e-01
-3.945777387258199709e-01
5.750871480020429694e-01
2.970621833879417140e-01
-1.244656069006137233e+00
5.742486739572101317e-01
-2.101685450186155102e-01
-1.189702991505064533e+00
-1.482956616869048005e+00
-6.739304066345015443e-01
1.885777072843861424e+00
-5.234784681824464769e-01
-2.880656033002522709e-01
-1.153828970897024853e+00
-2.000979793080549518e-01
8.080273075956158069e-01
7.347112810012011996e-01
-1.168876812183575531e+00
-8.992235370858329135e-01
1.444268300377554048e+00
-8.981491607262965804e-01
2.657712227198373078e+00
-1.672953731266015875e+00
-1.760640442810146977e+00
-1.445938226280927053e+00
2.067900248255677975e-01
-5.023121657943886431e-01
4.384194964083384383e-01
8.786157411637214310e-01
-1.133616846419996715e+00
1.218576847066423774e+00
-6.712188042608329130e-01
2.573694220032100022e-01
-4.579974188377776700e-01
2.031493508063306197e-01
-6.594389770051238830e-01
1.185952159904823722e+00
4.661723517171516562e-01
-1.805477878211882548e+00
5.750100664304227394e-01
-1.530674071426133820e-01
-1.237160985611203357e+00
-4.244977730928608528e-01
6.526728833822836862e-01
7.463872478834905344e-01
-1.747528856516108731e-01
-1.947089560911139827e+00
4.112466100709460948e-01
9.607521671191625590e-01
-1.258165500811724069e+00
-4.432310275617760142e-01
-5.936311140222184646e-01
-6.886286745432995682e-02
7.727306408243505009e-01
2.957575759202833998e-01
1.560952137679422203e+00
-8.366101193000121672e-01
5.656697802808090536e-01
5.485389744403782464e-01
-6.210346650969600368e-01
7.844611371441739811e-03
1.245440392923747308e-01
-1.537288348848455388e-01
7.578053973270566512e-01
-1.218610752306856115e+00
-1.864747594963657829e+00
-2.668606330192044851e-01
3.784677723679807371e-01
1.158727988449444801e+00
2.827848237325607528e-01
6.043899535934897926e-01
3.220472212855222116e-01
4.577117194796577748e-01
-6.676212803608749802e-01
-4.723335182121058962e-01
-8.557674859365071995e-01
2.147802372972680285e-01
-7.968309126708156276e-01
-6.249649433002629068e-02
-4.412545238192361330e-01
-1.654612036054440294e+00
1.163507822399943367e-02
-8.398980832252085360e-01
-6.555515366412508760e-01
-2.546104561713510850e-02
1.767249084990086816e-01
-3.186222010635161306e-01
3.208169651287833268e-01
-4.014827452716079326e-01
-1.515852894490809843e+00
-4.945975844242785358e-01
1.605978895422205843e+00
5.321172600987537082e-01
3.847649727753461590e-01
-3.460385472366835913e-01
-6.223993544470068917e-01
-8.433989831130769277e-01
-2.820180706276987914e-01
-8.763163710130479345e-01
-8.819778841215636378e-01
-1.151368041777243612e+00
-1.068570260913860537e+00
-5.560578948015192369e-01
8.336056995929006508e-01
1.989364703216656149e-01
1.977332781177265630e+00
3.178613144440414207e-01
2.434976735413617588e-01
1.340333201493222548e+00
-6.644312758895746240e-01
3.605015165500395913e-01
1.268165844350472193e+00
1.282232134667337986e+00
-1.005655265130751541e+00
-6.888868857666221590e-01
-1.772431850762759220e+00
9.493066806727165075e-01
5.447188112324792275e-01
-9.690918728894784562e-02
3.318867362156586731e-01
6.420365924462568818e-01
-9.786500418810020197e-01
1.150022742417369459e+00
2.566609712599853821e-01
-3.406924047663884014e-02
-4.017915729536529756e-01
-1.186469854455896034e+00
-2.016929195956276288e-01
-2.528827544569748342e-01
-2.178497078454881553e-01
-2.053177126431099397e-01
-1.326608706635465651e-01
-2.288293538626863799e-01
-8.341470858369889330e-01
-1.008257044430228566e+00
-3.224905514668918727e-01
1.418222218954701574e+00
1.031130439863250509e-01
-1.257955182667966909e+00
2.601808116517804748e-01
-7.226508346575876152e-01
1.700671147225707447e+00
-6.828719213776792696e-01
-3.457086474138879040e-02
-3.256327834110602781e-01
8.666687539455164568e-01
1.004073113105133253e+00
-2.080096988232717492e-01
-7.115142989045681876e-01
-1.301474029671986221e+00
1.387737514488515678e-01
-5.264149103219027959e-01
5.869401816738312183e-01
1.571797718806593913e+00
