7.212580992201795826e-01
1.402848590304854870e-01
-1.575062393262653404e-01
-1.183574642907995189e+00
-7.083481157032431863e-01
-6.326915541519251285e-01
5.115630260506653926e-01
4.759413498952886901e-01
1.104306477666419650e-02
1.243844210349593027e+00
-2.981894723029911987e-01
-4.502668115251529102e-01
2.280154160274494579e-01
4.340142389737398076e-01
-9.243092434730897367e-01
1.375591950110979456e+00
-1.042751116336134487e+00
1.592340468605685011e+00
-5.286363674232712473e-01
-8.890988254699693227e-01
-6.379622731370615529e-01
-1.085535387710559796e+00
-8.615361283629343614e-01
-3.834229562164954697e-01
6.383119678092331606e-01
-6.289530171299137495e-02
-4.605361702345719399e-01
9.500250129897050977e-01
-2.729091758358524467e-01
-1.423569735572917550e+00
-9.497661781982974505e-02
4.557169067499822757e-01
-5.360619326831293774e-02
-1.479652103888038139e+00
5.920632066353077594e-01
-1.027884127824714611e+00
-1.085312655940271265e+00
-1.951804907872548012e-01
3.233801133060887345e-02
-2.123687867713410782e-01
1.161248173861192390e-01
1.382626240911544180e-01
-3.170836366308106280e-01
-8.022738656514513123e-01
2.091623412573772600e-01
1.032230687368376643e+00
3.299370792346458248e-01
5.405762011569432701e-01
3.662181769622364635e-01
-6.355457586497560429e-01
5.346678296232667549e-01
-3.898494174467510565e-01
6.376309652863883237e-02
1.715658137462373167e+00
-9.366158289243103896e-01
1.491947808639979001e-01
-1.080356919398501869e+00
-1.081772289199050663e+00
-4.372927566426577650e-01
1.432473996589023191e-01
7.358525388143252188e-01
7.141619210719105659e-01
-1.134560376749851329e+00
1.111197077001655042e+00
-8.188139371439228098e-01
1.181799215266158498e+00
-3.540983132114331466e-01
1.234183117293490506e+00
-1.337089973205040749e+00
1.007060602039684838e+00
-2.996125991144475975e-01
-1.386069452258098800e-01
5.883502889455268781e-01
-6.628888243507624622e-02
-5.335572095831652151e-01
3.052914389709036613e-01
4.103369637036955453e-01
1.573512064161429469e-01
9.526785756446189968e-01
-6.515246224507930117e-01
4.127082196798838587e-01
-2.995232514396358736e-01
-3.307201612396208357e-01
9.860392640946197274e-02
-9.338682583850529406e-01
4.620020575530696672e-01
5.091404587299943607e-01
-5.600048271340692940e-01
9.086232789332152615e-01
4.765023708921431456e-01
3.962716323236649685e-01
7.762150832301892844e-01
-9.347765674186079288e-01
2.613194046314164520e-01
8.069998249401133528e-02
9.080257183463182891e-01
-1.008460155959160776e-01
3.397541515270347534e-01
-4.558182279945816040e-01
1.222948382177182269e+00
8.969416099985426660e-01
-8.856612590180047428e-01
1.237707107890278824e+00
-5.857351134345567534e-01
9.210575055018050961e-01
8.126212737482222392e-01
9.629126592043898425e-01
1.022421014751950130e+00
5.329079202283670824e-01
-4.228522130318840833e-01
2.243104929811750581e-01
-1.289772479836422958e+00
1.204062956071015045e-01
-6.931605927480186113e-02
-5.706451106621162062e-01
1.289276040559381997e-01
-9.099220741776847809e-01
1.473135369973764153e+00
-1.233308363835931010e-01
6.023098720810781126e-01
5.064110979364209175e-01
1.635251761491161304e-01
1.287930394727704320e-02
1.008393057172094487e-01
-1.264847446903539230e-01
-3.500549162426402905e-01
-8.641546729415674477e-01
1.071739952844978083e-01
6.422458622643940629e-01
4.168428942828462658e-01
8.373927952663642316e-01
3.901647436677976866e-01
-2.600907268288049634e-01
3.930488428307064019e-01
-8.285091140302786039e-02
1.228242435435855928e-01
1.845210063063259798e-01
-1.857138231591010769e+00
1.075850599181431777e+00
-3.652050877138023344e-01
-5.412068135083845100e-01
-4.538465144265438345e-01
9.447200752261998569e-02
-5.805304055642634964e-02
-2.517571521276945057e-01
7.817251528429912666e-01
9.915392802763551838e-01
-5.708174128468396225e-01
1.636596521851158670e+00
1.521402282144606599e-01
-2.114616969915339428e-01
-9.107850505534795804e-01
-1.327186289940402331e+00
3.509531521401180743e-01
-1.150010578984494436e-01
-8.800952639436643299e-02
6.794520828457686346e-01
2.128638247897619851e-01
-9.816492808320325114e-01
-3.338725792299315209e-01
4.381607747637328298e-01
-1.162773081650544160e+00
7.497847579985548183e-01
4.043429631307819405e-01
3.048046405565750239e-01
-8.431502124635260609e-01
1.075293723614614727e+00
8.832700572339297063e-02
2.529407976258322144e-01
1.918004200554518923e-01
-2.478666898807691532e-01
-5.726110134293932452e-01
4.620646334106059960e-02
-7.784165063103106741e-01
1.803848205492481593e+00
2.553313996333955727e-02
6.792835695048979883e-01
-1.378202084879606160e-01
-7.745974650589237953e-04
6.789493970609413731e-01
-4.116433434833535743e-01
2.670600702542396121e-01
4.120541374715669392e-02
1.150398402637025086e+00
-3.462054818136059420e-02
-8.196217751453085398e-01
1.523668016610568721e+00
4.437704346692294410e-01
-1.321842756831763666e+00
-7.418021257145113179e-02
-9.307349086713170294e-01
5.529789529272903792e-01
-9.080178515461514444e-01
-1.927135643035786661e-01
1.561007739523071480e-01
-8.562479115326275814e-01
-1.144285238652819725e+00
-5.700094024442510510e-02
-1.702516743954482492e-01
-3.846932637625176121e-01
5.413340396739170501e-02
-9.575676318615700122e-01
9.546182192057517391e-01
-3.941448125214852549e-01
-7.683468854652887592e-02
-8.055204525507231317e-01
-1.699246322240547946e-01
7.578986226897799217e-02
8.140471425516759840e-02
8.384009335563114007e-01
-2.447384775767642018e-01
-1.471116879255778942e+00
3.140557419936635952e-01
-1.468191342912158470e-01
6.207321411948255596e-01
-2.650135404916653115e-01
-6.171077459517154695e-01
7.441802565357682475e-01
-5.163516104494774162e-01
-5.545617739812913616e-01
-8.136541106869910056e-01
-1.106125761327259260e+00
-7.510163101066671398e-01
7.512935898805697121e-01
4.562337728458091823e-01
-4.526047100883420216e-01
2.698614807548291861e-01
-3.476711100864204318e-01
-5.629634605262902047e-01
-7.937121348107321062e-01
3.264234810424873623e-01
-3.394939885014010006e-01
-7.635683376072889550e-02
-8.979676777554115863e-02
9.250650270421095778e-02
-1.879910686916452245e-01
-2.474359732847591919e-01
2.455513847543437655e-02
2.290696546351828622e-01
8.817694065723744590e-01
-2.774609896236712170e-01
5.912519796068660405e-01
4.477836796788816631e-01
3.191016800715946178e-01
-9.099371438178432969e-01
4.249877276393110304e-02
-4.897383094305065021e-01
-5.707345008677044973e-01
6.065787941174918263e-01
1.081224359243517563e+00
-7.252770406717865548e-01
-3.541539828081332053e-01
-1.045569535386401849e+00
4.369890087649348498e-01
1.256493655195483061e+00
1.272865938443985545e-01
-4.374627772683491456e-01
3.980649513784398907e-01
-3.006482985171564093e-01
-6.546360453351001141e-01
2.253315764701364632e-01
-3.047552497983666564e-01
6.161484423804960420e-01
4.615715575098577883e-01
-1.010422337625274392e-01
