1.203338302771685270e-01
8.621152644217225935e-01
1.106300810577431237e+00
-5.698255710734538848e-01
-8.201278531872663313e-01
-6.357676974536129455e-01
5.689298886387901266e-01
-9.755506439414997066e-01
-8.278338940323816120e-01
3.518625384036944137e-02
1.770670520797762437e-01
7.793146702394895819e-02
7.312023763153737699e-01
5.403370032337284634e-02
1.476710150576024672e-01
-3.192030346984745526e-01
-6.433951153958683555e-01
-1.125641977356791334e-01
1.218035163583586433e+00
-1.069225889972767796e+00
6.658082829488189969e-01
-5.755122008721904603e-01
2.533184612301202954e+00
-2.436398519630878778e-01
-7.751569531636627319e-01
1.579804174652562843e+00
-5.014896281041347770e-01
-2.360264392575001924e-01
-5.333646069558416469e-01
-8.896579249713911786e-01
6.727926868725071508e-01
-6.332158706198096620e-01
-2.646428152485291729e-01
-2.057448095875882288e-01
-8.315516410347552068e-01
-3.369003981178825824e-01
3.225370530488222975e-01
-1.214286344501780635e+00
-5.881924133992085801e-01
1.312135578496409938e+00
8.451416354915988194e-01
7.227242601180012826e-01
8.594664173044322952e-01
-1.040758475791769000e-01
-2.105267490257454188e-01
-1.325315994238392303e+00
-4.100754206406883040e-01
7.395855996467829430e-01
-1.988864859255101980e-01
-1.195235327325689045e+00
-1.474536953091243108e+00
4.846237810123268375e-01
-8.920496327816883619e-01
2.863421371169705965e-01
6.777931180880627515e-01
-2.154758570205398960e-01
1.919886227583182503e+00
-1.403139500965092434e+00
-2.290154265092676500e-01
3.804895352637077677e-02
-1.104100554782001115e-01
7.593406738870933648e-01
1.423731891555348461e-01
7.285658532026220158e-01
-3.048366221005300858e-01
5.418373488332584031e-02
2.473323167695854474e-01
1.074746911226151180e+00
1.664005448773386853e-01
-4.040522206323980958e-01
-1.897520616105871971e+00
9.390526987788505586e-01
-9.323123163716634521e-02
-2.485950722663626544e-01
6.995865552999758208e-01
-7.932973988311868840e-01
5.507064981148274141e-01
-1.400137807075180874e+00
-4.098872173879862801e-01
-5.674881114423985240e-02
-2.317183787646468485e-01
8.030277839343613611e-01
4.281856022947189699e-01
3.447373837553033282e-01
6.449049299005901181e-01
3.753271140208949141e-01
1.221475412174456876e+00
-9.932498639104611060e-01
-3.377135382036410283e-01
7.334309294920512423e-01
-5.965079802205933701e-01
2.342161720549146009e-01
-2.601112929523115014e-01
-6.418267657898042433e-01
-2.062357305003063579e-01
-3.774476866288787313e-01
2.277059453614303786e-01
7.070023627446863079e-01
-6.863666240925746509e-01
-2.128097435487115718e-01
1.202300907417698017e+00
-4.599084262669517198e-01
-6.709833900104329452e-01
1.600232800536022904e+00
1.113595460680769866e+00
-4.859289486129884095e-01
-1.732658175522854060e+00
-1.323884345292948517e+00
-3.288884767604333126e-01
-6.298786094518178391e-01
-9.333953264502067859e-02
1.871019833938944443e-01
2.370039668997143412e-01
9.027774085674196147e-01
5.955680714049221836e-02
-1.040721188961033272e+00
5.867766514348438101e-01
-6.149658725596569564e-01
-9.915408075690160805e-01
-4.231075891281825818e-01
-1.179057067783334745e+00
1.341101213043776941e+00
1.196206104381092317e-01
-9.221954050912284373e-01
-9.221312702116795101e-01
-7.220869968040380393e-02
3.292127170879031173e-01
1.209750219732531606e+00
-1.093092452305811868e+00
-5.221037490505778811e-01
1.829089243059201175e+00
-1.245278697737119078e+00
8.498246707597965077e-01
-1.954843532355874935e-01
-7.664764876378944436e-01
-1.106116583617036353e+00
1.684147790988184568e+00
-1.476098263942153821e+00
9.881101418448610119e-01
1.628664254475708839e+00
-5.649154047115101385e-01
1.280153372495102193e+00
-1.427797432755256724e-03
1.371551562438499516e+00
-1.565144257448680687e-01
-2.546585889137271130e-01
-1.241579794493523847e+00
-2.456688920207733551e-02
-1.355474829639891909e-01
-1.422344959328094349e+00
1.018452104143681369e+00
-1.296780895725187399e+00
-2.442765065453636197e-01
-9.102706006781513537e-01
5.948705825730614682e-01
8.681564308023610455e-01
7.735050318787419776e-01
-8.966022942516962413e-01
2.845226408488271685e-01
2.594532052643383491e-02
3.390776928702880499e-01
2.509291726450981613e-02
5.312642246042296179e-01
-1.584429917730112880e+00
2.730734660436116013e-01
1.053515109653336390e+00
1.371770374110910629e+00
-1.033338338086759123e+00
1.205013652320627626e+00
1.789238226511881136e-01
9.415327160955500041e-01
2.564267411030607402e-01
7.786576602797024016e-03
4.612329896447703304e-01
2.364123327111329054e-01
-5.112004079481952123e-01
-4.747373198766277613e-01
-1.669339540946989386e-01
9.343049296464964737e-01
1.110707838140454262e+00
-3.363059782301906497e-01
1.039723612428226751e+00
-4.918549151795504337e-01
4.068749132725053008e-01
-2.481573725791358931e-01
2.954875460982971935e-01
2.614024916242646546e-02
-4.889737619064038476e-02
-1.151197388696957091e+00
-1.370195455651677663e-01
6.505621921977922106e-01
-3.590447704170533494e-01
7.741213869069781817e-01
-1.041931628448371949e+00
-1.243666788129843992e+00
5.372845021585794800e-01
9.829398758222594734e-02
5.041410062453860474e-01
1.072534835721392354e-01
-2.144438198307809240e-01
-1.201407856071508018e-01
7.478141361471064563e-01
9.531820566285478247e-01
6.933161160135499212e-01
-5.402098313057802637e-01
4.056257961921913013e-01
-7.198055820226114676e-01
-8.413015152180972622e-01
-2.334775779139608987e-01
-1.317879785155632755e+00
-1.017110825504079719e+00
-8.336804660234018449e-01
-2.052225601007686251e+00
-6.355312745544984265e-01
2.033066192955398643e-01
7.728109084661086703e-01
-1.398794014861678980e-02
8.621761896580647511e-01
1.141901312290722892e+00
1.783417924955574829e+00
-6.117029725704548060e-01
1.002223008794147052e+00
1.136790735398392149e+00
2.463235256229406867e-01
6.400589440986101941e-01
-6.127323636298824816e-01
-7.118866361803556642e-02
1.431547726724387015e+00
1.746661377897581469e-01
-5.795644578500356303e-01
3.617724946514587758e-01
-9.927306335451890895e-01
-1.096064886533606453e+00
1.314694483472190534e+00
-2.124353371851233352e-01
3.258442060741011392e-01
-6.405748504972307300e-01
-7.323242692970425294e-01
-5.111958267438972969e-01
-4.565992070366428068e-01
7.482370512837244192e-01
-1.826694404885286505e-01
8.767567273838542397e-01
-1.691476824331131334e+00
-2.291866945402208700e+00
-1.597099899993901007e+00
-9.882156225418513573e-01
7.635573223350344829e-01
-5.889386001543375215e-01
-4.652169892477834856e-01
3.765816549340764152e-01
-4.874409396856114740e-01
6.126811771566695874e-01
4.469883388191421281e-01
-7.902667254474206038e-01
-2.377528329965774012e-01
-1.344537249132536083e-01
3.684997707973999281e-01
-1.074592359675408559e+00
-8.768147670538531946e-01
-3.575028683688725173e-01
1.164085201369275513e+00
-8.816746405684066090e-01
1.017487348716089146e+00
9.040758669261601543e-01
