-4.385954354870893468e-01
-5.263386186101866038e-01
-3.949168424588332948e-01
7.332766330636772967e-01
-4.099329896625578118e-02
-1.739282812589371396e-01
1.202761322099934471e+00
1.494425759816480626e-01
-2.550958583740695618e-01
-4.317341936556337578e-01
-7.851877659659693975e-01
-6.712342281249914500e-01
1.215656739391325125e+00
-3.500934944517274383e-01
1.546846495789584885e+00
-1.929809054823977021e+00
3.977589917759788429e-01
-7.836018388631114107e-01
4.080108820752277876e-01
-6.905383309685267923e-01
-1.206479459373178909e+00
-1.178012161430677329e+00
1.008654637073733484e+00
-7.807219231783990576e-01
5.363711527083148134e-01
7.015740885497547819e-01
-1.402522511459471100e-02
-5.449886306747576681e-01
4.650559200230041657e-01
-4.928442880594886555e-01
-3.954607367571511545e-01
-1.991596159806105215e-01
9.328669179075042006e-01
-5.498319860390202818e-01
7.649193858075051811e-01
-4.040986766771682004e-01
-8.738031873845437669e-01
1.117986835764282594e+00
-5.035900492867027012e-01
-4.150117653781505433e-01
8.569660074307094977e-01
-8.316627586739356870e-01
9.874534532938861187e-01
-5.416596463311601495e-02
9.120228460383213998e-01
7.449947514651760194e-01
5.876487640506216081e-01
8.512043357750356254e-01
5.215627347917528578e-01
-7.303476374374905378e-01
-9.914694251871564168e-01
-7.612171670991134675e-01
-5.010906309410363413e-01
-3.781273024293962393e-01
2.580853189877386766e-01
-5.016469653309406640e-01
-1.820758477492697147e-01
1.351968405234897475e+00
-8.560378462093525265e-01
-1.420315175655540108e+00
-1.702346508676492842e+00
9.236929466757781704e-01
5.118870956333102518e-01
4.014824919711832418e-01
-1.266663342106897350e+00
-3.457676852070893925e-01
5.878443431696847021e-01
3.415570532724757635e-01
3.357447019454867787e-01
2.451416777176371742e-01
6.862039186375487043e-01
-3.040848890661501658e-02
-6.395548103329911083e-01
1.126344357470459578e-01
-1.791711821708795505e+00
1.708745778288115247e+00
1.225063285373648309e-01
-5.851401935541371557e-01
-1.278071575906696955e+00
6.747969037287016025e-01
-1.358375702980233191e-01
-1.087403798485512052e+00
4.795223287836052339e-01
-5.637339638316376522e-01
9.822458392072322964e-01
1.152256892619749173e+00
-1.979853614583033661e-01
7.850362144144161780e-01
-2.391625405854608255e-01
-1.005105360997089248e+00
1.315314941592621023e-01
-5.214577597391201191e-01
1.199670296617763920e+00
-1.475702905110032548e+00
-5.022833298209741781e-02
-1.639957273068189503e+00
-8.638024634926482204e-01
9.077441258856285833e-01
-6.783497975060151508e-02
1.879223143181351918e-01
1.168011301825127690e+00
-7.735526499218957630e-01
-1.547885869187992647e-01
8.822379410608889305e-01
-7.171415123597459917e-01
-5.160984308852086810e-01
9.604797973462281258e-01
-4.415342685209040496e-01
1.180239457146345927e+00
-7.748295936606501844e-01
-6.168446370986725436e-01
-2.740895495420333505e-01
-2.359142866074008249e-01
-5.479860147491917299e-01
-2.037015756694964541e-01
-3.089068415287585245e-01
-5.053925661508948952e-01
4.342335672746620023e-01
-1.042908123271734544e+00
4.935549877884261583e-01
-1.294454803261735565e+00
-3.702544037842782632e-01
-6.772368115754273665e-01
1.247121528399707913e+00
1.217504828496383640e+00
1.589928152968726804e+00
-1.144312657199305416e+00
-6.362277346499238817e-01
-8.145644270690799438e-01
6.047451445474166798e-01
-5.577332920968512964e-01
-5.932762344765192264e-01
6.473205876289519489e-01
-8.894562477506262610e-01
-6.678229559343304977e-01
8.340966349329429486e-01
8.580811498096651002e-01
-3.583903195376928474e-01
-6.365425574195848757e-01
-5.496497907499398039e-01
-2.685831619447331953e-01
-1.018782566437645420e-01
1.782690989559190253e-01
5.557134112140460491e-01
-3.094380447931737166e-01
9.795799977771133538e-01
-1.680024607662481184e+00
-3.387310098958223881e-01
-3.455455535728987893e-01
1.179099812244904122e+00
1.535785617279439075e+00
-7.397252917009049522e-01
1.406260200974308594e+00
-2.855632399099466423e-01
3.095342566590937872e-01
1.627406967055073261e+00
5.447867750884082261e-01
-2.317655949272802718e-01
-1.877766721631151381e-01
-1.502689864365562844e+00
-2.873994155573597609e-01
1.114279367584851022e+00
3.234910197440684643e-01
4.415658274412012640e-01
1.610058417008274345e-01
-1.272322407276017975e+00
-1.123683911864946372e-01
-4.586793748039222351e-01
-2.740177089873284122e-01
1.045002057253217931e+00
-1.005433186908509802e+00
-1.654575601772807047e+00
-6.686516361995720192e-02
-3.151259910153436095e-01
-2.481680538448032547e-01
8.345883815418106977e-01
-6.779703818655501424e-01
9.308569548656380199e-01
2.152857371992008551e-01
6.343654720812603731e-01
-1.094976575496210858e+00
-1.140505573071001200e+00
-8.288213997960415247e-01
-1.014325818446630834e+00
-2.255609947372000934e-01
-7.268694581834500568e-01
-4.746135744324126438e-01
1.128011908217046333e+00
-1.311972066626343469e+00
-7.034864145265310453e-01
-8.340735687743510152e-01
7.492251909730066606e-01
4.736334676162904378e-01
-8.547635884019526564e-01
3.721448204417179273e-01
-4.114271618509607320e-01
4.117493425863820722e-01
9.650043649158284165e-01
-9.613448446078630694e-01
-9.044494641895461928e-02
6.922159120074663496e-01
-1.594277166226108822e+00
4.164501571058333296e-01
-6.497038048696767154e-01
-8.814622713984943125e-01
6.878394480772644926e-01
1.490951760746832000e-01
-1.539426860941099373e-01
1.311196655501161379e+00
-7.000222011677511569e-01
-4.444361360750109236e-01
-2.024058206720288633e-01
4.053204657926670063e-01
1.246641797518358574e+00
-1.644293954721099960e+00
-1.219513120670847189e-01
2.719054669369147526e-01
8.107006951683661811e-01
3.007814960661177595e-01
-1.281635950087097742e-01
5.852515004883283023e-01
5.113402561240092126e-02
-1.365945724274074680e-01
-5.817334261730506828e-01
-6.184803596547552851e-02
-3.360604980734330227e-01
1.672080874277765972e+00
-9.976704497938057026e-01
5.464377360300190500e-02
1.158622279655769471e+00
-5.773694239029500963e-01
-2.150866889091803125e-01
-2.083363231927219394e-01
5.286070650883124555e-01
1.562043726316492132e-02
-4.491529404705577044e-01
-9.200643310956833076e-01
5.424871430786735171e-01
5.919677613443379283e-01
-8.636677146236625413e-01
-6.649517826556297084e-01
8.444813462456881581e-01
-2.674542648332020045e-01
1.258030814613475268e-01
4.438478496876848700e-01
8.214749074903678894e-01
-1.303685893189688860e-01
-1.284299082840911321e+00
7.903304582351289298e-01
5.740937036234026181e-01
-5.531662093041718187e-01
-9.865147541427645717e-01
8.572159528243565585e-02
-5.875723223713528176e-01
1.294602052112407309e+00
2.875932258162787747e-01
4.563309036383280531e-02
-5.873820112404858351e-01
-1.185341643806714917e-01
-8.329811231850354769e-01
3.467601928247140974e-01
-8.021063891946489388e-01
-8.585622603857840929e-01
-2.939794572553581231e-01
8.514812455624849452e-01
