-4.837137966853858329e-01
2.502804702073879728e-02
-7.615844852992821323e-01
-8.651524339016750664e-01
1.782052509956883468e-01
-2.450249541860662073e-01
1.388082849141402952e-01
1.846484700179762406e-01
-1.448937378800053244e+00
1.239721521738547105e+00
-5.102063055387155988e-01
-4.730903212068732211e-03
1.009888624403332491e+00
7.221540344235748421e-01
9.070166189957541425e-01
3.804730290741453747e-02
-3.510008672426622178e-01
1.088948312175829436e+00
-5.017405774671170882e-01
-1.170688897587415456e+00
-4.635903603232675030e-01
-5.533716421986583089e-01
-8.163675389003556271e-01
-3.019584037083777872e-02
6.070526098068180776e-01
6.455349223066726427e-01
-6.264095801766758065e-01
-2.199590229871467850e-01
8.056092888589190537e-02
-5.819864210693335149e-01
-4.651360915348159986e-02
8.115737844065752660e-03
-9.537709303029623387e-02
-5.942063569241655685e-01
3.186757204101779428e-01
-1.224144234126681496e+00
1.521750351350392438e-01
7.048013788243805422e-01
-4.773787980993098867e-01
-2.176755131547265243e-01
-1.374598760172410228e-02
4.756341984964709835e-01
-3.850093238337017887e-01
-9.039245928587561485e-01
1.197855100283631569e-01
1.032548210802615385e+00
-4.758139479729561194e-01
-1.859724929866891641e-01
4.072330896286560642e-02
-1.049418137698578501e+00
2.242146122642139916e-01
-8.867553741361486885e-01
-6.493844322238430111e-01
1.081783781620943241e+00
-8.720508694268930272e-01
6.236965179741501553e-01
-1.413000507428296082e+00
-1.447763962507445379e-01
-9.595124763891443864e-01
-2.303105066369872389e-01
3.067064589624193816e-01
9.724983807870326569e-01
-9.159229656864171787e-01
1.550410937286023083e+00
-5.098496421336018436e-01
1.044124122365635898e+00
-3.880148602169690153e-01
1.110955346526626863e+00
-4.049583954662783203e-02
1.260329265945682176e+00
5.594654646496122208e-02
2.733624344097665970e-01
5.867017561210520205e-01
-6.322271722581006559e-01
-1.768027985188812268e-01
1.078943575757798312e+00
1.801982517484675972e-01
-3.150870280555647662e-01
5.571863356026777181e-01
-8.533494345434738948e-01
7.952610934074655358e-01
-4.007807377550257621e-01
3.233472982896349879e-01
-4.844024182497475572e-01
-2.430859771726222585e-01
5.610692717283632946e-01
8.736837803191626062e-01
-7.699522886954249801e-01
-1.179942079991883330e-01
9.414692248538992780e-01
9.419169503302808888e-01
2.052411351068388790e+00
-1.056864603364364052e+00
2.493775969215897836e-01
9.932061762637806046e-03
1.176084585582200193e+00
-5.821730370089089890e-01
5.550441421497425143e-01
-4.528576784896350405e-01
9.717675125113617307e-01
6.599271023299877470e-01
-1.731617498376616826e+00
9.817013201243011133e-01
-5.637788766917340988e-01
1.170883246693255053e+00
1.046716986245440628e-01
1.105715899113462797e+00
9.234444571680135994e-01
4.673924195327544551e-01
-1.030099475463271130e-01
-1.302538285917816119e-01
-8.715383534191023518e-02
1.128230598772062554e-01
5.031651090672810689e-01
1.940148568536350648e-01
-3.008229069367066577e-01
-6.623398694221813710e-01
3.361254794456704498e-01
-7.213524455420808890e-01
1.462861944002601389e-01
1.098872044487699817e+00
-2.178844330210129854e-01
-1.151992730044293090e-01
-4.605133866446542434e-01
2.471699901492136475e-01
-9.784508783091666606e-02
-8.175342913957244217e-01
5.286315450589071929e-01
-4.910160787851938213e-01
9.204573736165130859e-02
1.057200425513256103e+00
7.344190439114083313e-01
2.456470672562465762e-01
-3.373087065056523115e-01
-1.321284314882255895e-01
3.160533214786122036e-01
5.072779283262509598e-01
-1.208136946076325824e+00
5.360705458876725560e-01
-1.047184548838779872e+00
-5.624161005456644880e-01
1.451661010774640825e-01
8.346603116975536141e-01
3.348716955575434806e-01
7.216547016098777689e-01
9.633087695303811648e-02
6.661419861565985867e-01
-3.629941748329870155e-01
3.012528816337473048e-01
8.390013718835694911e-01
1.129728864860574805e-01
-4.791359614894118435e-01
-5.436235445004976574e-01
1.148425048346081834e+00
-5.623191978478643271e-01
1.387026683986861963e-01
5.110636389639895416e-01
4.197170322906153550e-01
-2.967008821228351301e-01
-7.777353220104571419e-02
-3.396199184468855908e-02
-8.353369746239375226e-01
7.022180495153201862e-01
2.365854481452085017e-02
7.266086646698693974e-01
-3.153679519182588376e-01
5.013669385083265873e-01
2.992796989126959573e-01
1.266634215569490518e+00
3.087719980520890473e-01
3.795398898681796029e-01
-5.386409941844998439e-01
7.841537301429226670e-01
-5.041249866022076143e-01
1.271045191987236089e+00
-5.425174954059280852e-03
4.479681196634880402e-01
3.581233932372842599e-01
-2.187229158450500754e-01
-1.502700981700902660e-01
-1.121603354424029475e-01
-5.303806031152390466e-01
3.729546550303909358e-01
6.682603062300410679e-01
1.186285037553474586e+00
4.437375584584799526e-01
8.727308606820370629e-02
5.870323527585996626e-01
-5.773670514425021105e-01
-3.802463159445287344e-01
-2.793085685644975946e-01
-7.800505237704208339e-02
-7.849679400593752021e-01
2.647600492033576058e-01
-4.869387369328442294e-01
-7.077581559209037421e-01
-9.469843989572270804e-01
-6.748651655003931049e-01
3.542574089687318128e-01
-6.236336542532437965e-01
2.024909866547315584e-01
-7.523649030548149597e-01
1.360087979505325562e+00
2.787438588285109375e-01
2.610235127117193632e-01
-7.244305085337179317e-01
-6.846272470128748067e-01
-3.187051101027106870e-01
-8.935801364555573389e-03
1.006913710119046845e+00
-1.288958559556954986e-01
-2.503350820608263305e-01
6.265924268646345663e-01
-2.103058772703477186e-01
1.070576353291232685e+00
-8.083326574798082031e-01
-2.350654802563204304e-01
6.760271881158295137e-01
-4.044076973723892410e-01
-9.070408206354817482e-01
-9.074894299766178563e-01
-9.073571262782373914e-01
-7.602857673565316388e-01
2.542385062907411841e-01
5.783876537546855934e-02
8.518433575980219885e-01
5.028632456064723311e-01
-9.675989449434482803e-02
7.779047982277170759e-02
-2.668495577964092869e-01
8.064097795362158705e-02
4.573047737123352996e-01
-1.398358589330710444e-01
-1.798429077853014868e-01
6.269173699220104146e-01
6.751129069805128502e-01
-1.506182700468700342e-01
1.940189097629535508e-01
3.030414275400304946e-01
6.879340775363438354e-01
-4.764577453966791776e-01
1.022625149814349932e+00
8.726379449263719223e-01
4.317513181174089665e-01
-1.007242342587683970e+00
5.085905008247612047e-01
-1.858281270763594839e-01
-2.778699105151799520e-01
8.085036784599297643e-01
1.242789647403741427e+00
-7.835905040523664100e-01
-8.224641596766252283e-01
-9.111221902635114889e-01
1.443835592225642950e+00
4.098363801691551345e-02
1.370935504761938151e-01
-3.618832334720203936e-01
2.234053647613746252e-01
-9.747968396417788783e-02
-9.208118778362622825e-02
4.956540791132586499e-01
-4.433481711350221732e-01
5.014711084520118156e-01
1.067425445402246709e+00
-1.049565212731877528e+00
