2.080314585450716569e-01
8.476125348235108437e-01
7.678364691435269895e-01
-5.831851481072072296e-01
-6.341153953053009218e-01
-1.061122099818448739e+00
4.558726285532624933e-01
-1.022407726502690517e+00
-7.836610571919661039e-01
-1.499365354281806395e-01
-1.783032515950830899e-01
3.149055718664958703e-01
1.313751907233406513e+00
-2.264085801060610192e-01
5.072493180973856042e-01
-4.173917194965857114e-01
-1.223329339568458796e+00
-5.335362570017128103e-01
1.114054557192009298e+00
-9.299829057456985293e-01
4.064711579454203250e-01
-7.800923230321668012e-01
2.032331809041631576e+00
-6.604624353956022320e-01
-8.385516751806121327e-01
1.669419040021181244e+00
-7.505287069842445646e-01
-4.176137039632019654e-01
-3.128654032357203185e-01
-9.047066806942304362e-01
8.385831393715702520e-01
-7.423498647493944613e-01
-4.520595743171949010e-01
4.273873298369466056e-01
-1.253420118498139280e+00
4.291107638756950365e-02
2.925579547799665447e-01
-1.318653161142189445e+00
-4.781575542417344504e-01
1.282144940898380714e+00
1.343210299918720096e+00
6.690025867563237361e-01
7.584545930253498991e-01
3.790618261739731043e-01
1.925582214205512066e-01
-1.072829417744400660e+00
-7.781715324402047607e-01
7.605192610440659751e-01
3.386335893392320440e-01
-4.831538591727485565e-01
-1.112065202151749643e+00
6.810287284758405058e-01
-1.496825090699493321e+00
9.899707269680637634e-01
8.204972598708959453e-01
-8.285308155633461236e-02
1.466993940189636803e+00
-1.423515516291216754e+00
-8.744966174811083515e-02
1.055104977044964976e-01
-2.841184531617466091e-02
1.323385425255628745e+00
3.784094089617809908e-01
2.851533699508208008e-01
-1.983953927913985893e-01
1.256537396403312745e-01
1.104624648439990198e+00
7.151791122590889227e-01
-3.859009847249990077e-01
-8.381997320992300438e-01
-1.438256053633534259e+00
7.666640193898665023e-01
1.791823557801750511e-01
4.602314295686108642e-02
7.224870737820361377e-01
-1.158606915831879469e+00
7.440128208391217912e-01
-9.696236302336118662e-01
-3.992580371428732233e-01
1.861354499926524686e-01
-5.105659154731504445e-01
7.567020965107510433e-01
-3.881254736540695194e-01
5.132470145409561146e-01
9.567271537805828174e-01
7.351023126674626207e-01
1.423645483422824931e+00
-5.867968133568709499e-01
-6.268549944579182576e-02
1.142826207652190007e+00
-9.654656795285232462e-01
5.804813439991859392e-01
-1.530712536659183387e-01
-9.680549416955960274e-01
-4.585390593020933214e-01
1.720840505256587133e-02
6.886318612354154212e-01
1.215630381360105039e+00
-5.517126267893996960e-01
-3.375922268766697876e-01
1.127068063179658575e+00
-6.382456466320456379e-01
-9.406688829373275329e-01
1.538648000097726509e+00
1.138130380337641689e+00
-2.045523137096501021e-01
-1.630506360594732085e+00
-1.345318532618254181e+00
-3.614927165957276811e-02
-6.928916932911085569e-01
-3.903966682993834647e-01
2.317712256412393645e-01
-1.950670460987556087e-01
1.328963751399144133e+00
-1.050161689197159631e-01
-7.488511647614277678e-01
2.869007721377490050e-01
-8.524459961179169376e-01
-1.206623884347346021e+00
-2.766600926380618497e-01
-1.176813121020659159e+00
8.566512615240775563e-01
1.667657187896531557e-01
-1.134472960577770362e+00
-1.276241302781526921e+00
-2.727466985826410006e-02
2.607692550549228772e-01
1.141820940889538338e+00
-1.261203805234905717e+00
-2.097285041965917807e-01
1.606617739824766522e+00
-1.235483029073822570e+00
9.141351428193990047e-01
-2.416573822878078648e-01
-4.732709116236717972e-01
-1.350931526713828434e+00
1.504920285903101451e+00
-1.744315360952834348e+00
1.342728539095512152e+00
1.697589513711266207e+00
-4.697739175450281746e-01
1.383196613296625355e+00
1.017422653315929182e-01
1.131556374378965391e+00
4.950589963504804514e-01
-4.795922393674184048e-01
-1.300458678752274944e+00
-5.036323994370003887e-02
-4.590977036894434704e-01
-1.330586897528439172e+00
9.649979351037550890e-01
-1.613496133995647952e+00
-5.722757127640546448e-01
-5.917668660027538552e-01
6.527363714864808930e-01
5.449569564006661038e-01
3.440157991017909200e-01
-9.601149205985839430e-01
7.729394543123585537e-02
3.517400069637565130e-01
3.621312009475523563e-01
1.983584474268940134e-01
3.405528036088640853e-01
-1.083696829624438029e+00
-4.064005172749862727e-01
9.993271415955989889e-01
1.053082020034702637e+00
-3.758353939134208010e-01
1.069469627308346382e+00
1.173488762872471947e+00
1.022522178168579376e+00
8.082415707699550644e-01
9.114363202193603852e-02
1.134613916956178220e-01
4.099595611454476818e-01
-6.150701285870947554e-01
-7.152284521387299865e-01
-1.709571047589733550e-01
2.278448387756272231e-01
1.497488051837071010e+00
7.047846967455584366e-03
1.144772710615796329e+00
4.095865781157783658e-01
3.869877567496572968e-01
-1.404979290714404305e-01
1.205853580325617729e-02
4.331654981380891889e-02
5.206082174170353349e-01
-9.506573071928219321e-01
2.460491481772410782e-01
3.544463266653943845e-01
-3.583407005877419227e-01
8.933215518009387512e-01
-1.276176832362555746e+00
-1.010312402837126200e+00
6.168854828004232127e-01
8.828780506758820285e-04
1.080175517271909080e-01
-4.244710292496612358e-01
-2.548853433428396875e-01
-7.645540320345970420e-01
1.108288532760507428e-01
9.512089583654887992e-01
4.792493476748900805e-01
9.218165512346696011e-02
3.409145302908825892e-01
-4.609374117560397499e-01
-3.221091010242013719e-01
-6.097404512945860944e-01
-1.487121480362314507e+00
-9.012112790209787505e-01
-2.473971013208233760e-01
-1.545960429576191508e+00
-9.922650964539203589e-01
1.587487561190749630e-01
7.101843362028624762e-01
4.250865438710402233e-02
6.055352484522453782e-01
9.956834972051156196e-01
1.915852706455391186e+00
-2.225139727595090156e-01
7.449976109833940097e-01
7.841544461864700111e-01
6.949514785769254077e-01
3.410896478876160876e-01
-4.909956360693077948e-01
2.073989062740000736e-02
1.125152184955670709e+00
-3.764628298243957172e-01
-3.690934549177109503e-01
6.176034259570618579e-01
-7.889916682486057820e-01
-9.102648090676259685e-01
9.024139295271416117e-01
4.462161633547877537e-01
2.632149857052072384e-01
-5.114800647587707250e-01
-7.255040596762026839e-01
-1.304998954130827948e-01
-4.195383268515935349e-01
3.145170447019245974e-01
-2.431124745836102941e-01
1.049416189919907705e+00
-1.615167705841343837e+00
-1.449907008626492022e+00
-1.595130236773822041e+00
-9.570151675093925281e-01
9.485261127352301314e-01
-3.531740744031575119e-01
-1.385804951891828618e-01
4.771617006723208876e-01
-4.124083459360478043e-02
7.338651969976150991e-01
1.015823635577569051e-01
-4.405575229775143820e-01
-1.474899094080779904e-01
-2.237442586675154887e-01
2.658892944098150690e-01
-7.512084696083429769e-01
-1.028723564567306958e+00
-3.533324311708777032e-02
1.123711394762440641e+00
-5.755303848470599837e-01
8.915939418744081024e-01
6.234356445662937729e-02
