-6.702203994278801980e-02
1.676805782095519559e+00
6.230079870710607537e-01
-1.158601953881056579e+00
-2.493789528932213728e-01
-7.524867463217489449e-01
-4.452557728676855842e-01
-1.185841963275510835e+00
-7.353997233633091657e-01
-8.713030149391634005e-01
3.040484873590027504e-01
-8.050641873359416500e-01
-2.137180300032722191e-01
3.063592850231214304e-01
1.491015525032242550e+00
-9.233147683828175634e-01
-2.863442301250822553e-01
-1.852309985067655207e+00
6.147793192114550109e-01
-1.895729495230422890e+00
5.013774767447294334e-01
-7.336502907355730851e-01
7.227768719628592242e-01
6.143679937333136332e-01
-1.345289236947621259e+00
1.442628994249362862e+00
-4.439460261220042336e-01
5.464643077239598190e-01
-2.792526299331688500e-01
-1.182635837667153966e+00
5.667421457426772280e-01
-1.030533950844401581e+00
5.440466066546801871e-01
5.732939507724380546e-01
-1.170250276258625544e+00
6.595610871793947672e-01
7.556263904510367446e-01
-9.187054444554880739e-01
-3.642405836015216170e-01
1.282387067413534920e+00
7.560046865312798348e-01
1.013799549427498448e-01
1.467726249989216747e+00
-9.329922755914596966e-01
1.188312153232531587e+00
-1.547296933477086078e+00
-1.113715298858326264e-01
-1.512772755906616473e-01
4.184529093240647035e-01
-3.307583531587756642e-01
-1.045871604824123668e+00
-2.743670382381089290e-01
-1.275901800246853623e+00
-4.667446531095566509e-01
1.644205489632772466e+00
-5.311415201809431830e-01
9.248103360160486730e-01
-1.309585770824235329e+00
1.702505854046053035e-01
7.026631702497649901e-01
-1.112680222095054461e+00
9.005901427323210751e-01
6.101896480462186689e-01
-1.969643219984163474e-01
5.301161035223346252e-01
-2.900976818226136400e-02
7.281543688304514816e-01
1.926693889622074773e-01
-3.132379379256572394e-01
-9.748704101791969556e-01
-1.013706785635685836e+00
6.318772980925123628e-01
-2.779151415915763201e-01
-9.746208424619133837e-01
-2.744181140348067038e-01
-2.268126060647973341e-01
8.512584094213318520e-02
-1.098230969003590296e+00
-4.042901080582834983e-02
-6.689856143769414842e-01
-6.899998175088706276e-02
6.180217707208135458e-01
2.960438793579825423e-01
4.236739179934811972e-01
1.120777581700529879e+00
6.658935483840530134e-01
1.359111277407083929e+00
-8.046274835570343953e-02
-1.085895176026010045e+00
1.411667112126682389e+00
-9.153928213263462510e-01
1.621294369280899816e-01
-8.820730896860595749e-02
-2.081660453852214598e-01
-5.537398897217874483e-01
-1.109706924608870604e-02
2.018833249320741707e-01
8.938564172920863138e-01
-8.338493852801185380e-01
-4.188243813189763132e-01
9.191384767012282797e-01
-6.752875547875200057e-01
-1.007422714422701038e+00
8.884511650128442684e-01
7.226564580313249442e-01
1.144093378495417423e-01
-1.487260792416152944e+00
-1.623660335118338516e+00
-9.465400055183402772e-01
-5.207679040161772299e-01
1.334565410345194270e-01
4.693776083398666366e-01
-1.379336339837278214e-01
4.362913392558803172e-01
3.377150018847270285e-01
-1.460399844255094282e+00
1.068636981570026290e+00
-5.888628381959279401e-02
-1.018021973957953907e+00
-1.043370648794551103e+00
-1.465093272779501854e+00
1.630814433841047739e+00
-4.359537141474145727e-01
-5.364327153285223249e-01
-9.379054966094517720e-01
-1.366571627514207299e-01
5.655054507803666253e-01
1.122050541255221079e+00
-1.015105243735188401e+00
-2.707698671038490934e-01
1.228983263719736430e+00
-9.902261945173054247e-01
1.444644270685593757e+00
-1.552098558404053641e+00
-1.424069056813579870e+00
-1.544374589101485729e+00
1.867498170915862510e-01
-7.815493926828436244e-01
3.823578801382034320e-01
7.432899160832985297e-01
-1.396539822763736005e+00
1.245646663554350386e+00
-7.563983439245550722e-01
8.001713204148269698e-01
-2.735788365301675684e-01
-1.308845829256808369e-01
-8.137779709382936266e-01
7.059570452944503582e-01
6.199826937124638393e-01
-1.903657155435038995e+00
1.200769120677258162e+00
-3.698309882712785268e-01
-1.025495917782381472e+00
-5.286058915911598932e-01
3.107442757520673116e-01
4.209099782624635688e-01
-5.339165002967949381e-01
-1.858542580834376956e+00
6.240227650386804825e-01
3.179365900409042434e-01
-6.717187720864744582e-01
-3.647532630531441500e-01
-1.015617448991100513e+00
-2.423771677109834710e-01
4.840536212398703908e-01
8.801699893708027078e-01
1.228174785421544568e+00
-1.033913823410909316e+00
4.961643474005933974e-01
7.592982824734392233e-01
-3.880542950106116717e-01
6.071792364840931100e-01
3.764611675520200818e-01
-2.942748844512388384e-02
9.168033037493752424e-01
-1.090197122880295577e+00
-6.979119070896562249e-01
3.881762494430279764e-02
4.724281991845429851e-01
7.898671981279478116e-01
7.583668418832832936e-01
-3.752705095286694437e-02
2.097717989008130446e-01
-6.459248154590248314e-02
-1.170203307561631156e+00
-6.940950854295996342e-01
-8.281609910610223668e-01
2.624977940983552749e-01
-6.509035724889574714e-01
1.607279274390648327e-01
-7.261173541834288203e-01
-1.451716273487783759e+00
-1.008321724120369856e-01
-1.230646384468132570e+00
-7.054462445465623510e-01
-1.100247364096096359e-02
-4.318542876858907364e-01
1.692660907315495511e-01
1.223125570336231149e+00
-9.879378179657828385e-01
-1.524085336814873903e+00
-5.157249593222941186e-01
2.113202188262113701e+00
9.525762666374574250e-01
6.339724472961610902e-01
-2.641215427252621706e-02
-1.024441755433450396e+00
-4.671127973719870763e-01
-1.217477974963081105e-01
-9.166998636532770472e-01
-2.290751674777097846e-01
-8.800044807487129583e-01
-7.578779631854111187e-01
-5.241005688630719916e-01
1.020386885120736498e+00
5.201992673766271391e-01
1.389345205486184565e+00
1.520224765084151608e-01
-6.333421643270553680e-02
1.140668968323745869e+00
8.408578365876540062e-02
3.654036283571095861e-02
1.025700803010987983e+00
9.013369213503640287e-01
-9.533419783380723267e-01
-1.197674814425241374e+00
-9.741042771506460696e-01
6.789962623796805818e-01
-9.776226975566973398e-04
1.444123806666585685e-01
1.048626485149850296e-01
7.404349070103209973e-01
-8.845850591973754007e-01
1.009773906201961724e+00
1.157123595204739286e-01
2.009127993612296603e-01
-2.860068638039888755e-01
-1.272578569551660044e+00
-5.756826797361281889e-01
1.312584720575711295e-01
3.533155851479161669e-01
-2.244790817666247884e-02
1.108954045515318787e-01
-5.165381168718884142e-02
-1.254090869466053526e+00
-3.115732964503090674e-01
-1.196216677810333917e-01
1.787660359743830973e+00
-9.305530735864665781e-02
-1.114993824274562062e+00
5.628626128164886389e-01
-1.949204726467742288e-01
1.743194776319201500e+00
-6.931034208773054761e-01
-3.940585986679771002e-01
-4.327729593538771624e-01
1.955652122264466830e-01
1.170498588438767085e+00
-1.190197751392374270e+00
-3.833693642905876553e-01
-1.138437103471669598e+00
-4.642206953077863130e-01
-7.313925804645755591e-01
6.430761295864452221e-01
1.340218908042747126e+00
