-8.964859821208449597e-01
-6.643447276154931247e-01
6.419311686200341871e-01
-5.957725159568521001e-01
-5.447822409999542037e-02
-7.138148153008138097e-01
-6.070259522114349604e-01
1.272056942338482211e+00
-1.357688409839244548e+00
-1.412858644383182094e+00
-4.629484099096712324e-01
-2.242663770704755866e-02
9.184571460919357389e-01
-5.965138199859750801e-01
1.701736851529015881e+00
-1.543726394178279171e-01
-2.631038688977692663e-01
5.782735413274417979e-01
6.278458449685078158e-01
-6.695929061714267494e-01
7.086281522713727687e-02
8.914153985895588439e-02
4.068078458715466139e-01
-4.758468326956098449e-01
4.571945797175037129e-01
-4.289600802952523440e-01
-3.057374510544182966e-01
-1.006245231716001165e-01
2.880957328169537202e-01
4.923316795275139435e-01
-4.056787520879022724e-01
-1.081409633710069818e+00
-1.247456715365810487e+00
6.106424891448049286e-02
6.960107573791872726e-01
-1.302073980698254529e-01
1.091397688290750345e+00
9.129290521692744464e-01
-2.763572117881272772e-01
-1.080695221047991872e+00
1.220580600797517956e+00
-3.333644111299053359e-01
-6.787258655314332145e-01
1.498732068085575631e-01
1.233434972553084652e+00
9.142105653609960969e-02
-1.155187703367782648e-01
-3.986022140338573716e-01
-5.878981424061393429e-02
-9.398824485334975609e-01
-3.958647479463882068e-01
5.623084009443140019e-01
-1.377287759030324299e+00
-4.775432221417968970e-02
2.893225339721735567e-01
4.716968310008083365e-01
3.576820711308055234e-01
5.933757127633159101e-01
1.286118675399615663e+00
-1.393092451032573065e+00
-2.173541031532159884e-01
1.652772929051076201e-01
-8.724646613914703863e-01
4.991264320433902446e-01
-6.477455336059714242e-01
-7.047302905208172596e-01
-4.295719794056623297e-01
-3.224458340157734804e-02
-6.955915320862724460e-01
-1.691918605583284663e-01
-1.700526676882022081e-01
-9.063423589769092903e-01
2.043869760026554849e-01
-7.165089968519758878e-01
1.339398106256476373e-01
-8.469190685106727789e-01
3.587655924702275456e-01
-8.145177088867517901e-01
-2.200611366759520349e-01
-4.401471592056681592e-01
-8.088748121461077911e-01
-8.997193065038706639e-01
-1.012792796486569058e-01
7.775320751679866138e-01
5.420224583015297304e-01
7.591581385382739633e-03
1.111199135497010326e+00
6.089995902363571911e-01
-6.515442978776472271e-01
-4.071312742732391410e-01
-8.908078504397802799e-01
2.943776986688152464e-01
9.125864929112798007e-02
-8.430732059235286346e-01
5.470904836273534633e-01
4.244765044544779320e-01
1.062646278980425296e-01
2.376579616260941497e-01
7.624728314230972970e-01
8.316667923018823405e-01
5.634857229213252605e-03
-8.763132836670067816e-01
-1.001488098563202200e+00
-5.040025185356006299e-01
-1.011444933569642490e+00
4.104768472154867731e-01
2.130246821635226051e-01
8.943438755399077955e-01
1.153697017343541686e+00
7.682769779898995788e-01
1.912527237960476301e-01
-9.013708919661623797e-01
-7.412003005961056434e-01
-7.721296181603490294e-02
-7.330188042948126981e-01
-8.942807263138757845e-01
-3.358023157633417410e-01
-4.842192480705892477e-01
9.235642621032389421e-01
-2.023146668598658215e-01
5.363990127179524281e-01
1.578613499644723195e-01
-1.099194691312368466e+00
-2.324600806128919450e-01
4.060866832406253013e-01
1.030970888624465731e+00
-8.531662041203280644e-01
1.410323080228302328e-01
-4.249920418669614341e-01
5.821729034868432517e-01
-9.934094515668011605e-01
5.169639236321068587e-01
-1.313641852831684886e+00
-1.269061392424657653e+00
-4.304604615048391869e-01
9.012536965877361306e-01
3.369627216902746358e-01
-6.755076201431359229e-01
1.295352374292038311e+00
7.109432744105548263e-01
1.085621523223961882e+00
5.263731254261454495e-01
7.044487462818660450e-03
-8.649678957640218879e-01
6.525451201687203495e-01
-1.525294625924170866e+00
-1.156008111399612126e+00
-3.467350025147040160e-01
-9.980587651315073749e-01
3.338206362415675477e-01
-3.550887634141002280e-01
-1.295076293705825776e+00
-1.813771362395613373e-01
6.119456391512159144e-01
-7.731057917499473131e-01
3.327519732024438182e-01
8.614195810549265531e-01
1.377471004957646628e+00
-1.298517712731969809e+00
9.684817151296806204e-01
2.846821077597713190e-01
-2.399865722956792125e-01
-2.936625866919743699e-01
-5.239926497195356303e-01
1.173558897258440703e-01
3.629558916294904902e-01
-1.452365955316017088e+00
6.194452979756311095e-02
1.451084148378432026e+00
-1.029400093110597741e-01
9.037746120406670025e-02
8.108445891124843596e-02
-6.407205507646331899e-01
7.900411986960438337e-01
-5.202925197755187137e-01
2.133321403303298502e-01
1.229056218899702513e+00
1.540558413572534202e-01
1.003308509582604202e+00
-4.600884129795673738e-03
6.161775437477977624e-01
-3.796253892924936757e-01
6.700954754189909490e-01
6.747397268186580144e-01
-3.786716203224935740e-01
-2.171477484010236880e-01
4.250693443475914712e-01
-7.146679079862263695e-01
-8.659204873809352998e-01
-7.406281718944512926e-02
2.834268215055078532e-01
8.016423453026095824e-01
3.092831461672945759e-02
-2.442803937613562959e-01
-4.794892370362695555e-01
2.279025085512041970e-01
-6.585246878412318594e-01
-6.041423537282183398e-01
5.280963680134621585e-01
-1.091432898608008406e+00
1.000387693551636925e+00
-5.485518423219328810e-01
1.896888280291851858e-01
-1.657523344326348458e-01
3.666406142675794344e-01
-6.792843899066930424e-01
6.406032062755120382e-01
-5.979901453874959527e-01
2.443719498632682674e-01
-1.283744692372736917e-01
-4.974049388187556930e-01
1.626044803419210427e-01
-4.395284846964451209e-01
8.843877073295851599e-01
7.690270663771970883e-01
-2.809370646765046997e-01
5.494894304588104905e-01
-6.008233784155989632e-01
-1.958783987064282861e-01
4.755013734679791049e-01
7.678972956682228457e-01
8.275344545270133523e-01
-4.307281133068617818e-01
-3.804841617262494369e-01
-1.076955187741739817e+00
8.411586220178033368e-01
2.316275311367389511e-01
-3.333851562080405451e-01
-8.499148879011253488e-02
-2.417246897320153576e-02
-1.906789658704738377e-01
7.486663173079939337e-01
-1.311595392359680978e-01
4.477261285251149525e-02
8.798024915956672576e-01
-6.178194533616343520e-01
5.084224831996859706e-01
1.179324229643562649e+00
-3.509424226747482334e-01
-4.358114328762784373e-01
-4.470015775217480725e-01
5.709111503861844517e-01
5.466339631836535373e-01
-1.127787468654223302e+00
1.207605802002075679e+00
-6.093507129901078179e-02
-1.173926685916452328e+00
8.381668398705477419e-01
7.600553294125386161e-01
-9.777209934817205905e-01
4.663521376123301865e-01
-5.353281126578226523e-01
3.951168885415224374e-01
7.503530248460477114e-01
-2.182576169759739559e-02
5.064141116972887824e-01
-7.311854935846248127e-01
1.085509171263072448e+00
8.124745633259373712e-01
-1.884097770990472709e-01
1.014603605130371733e+00
-9.732415854411432532e-01
-3.536745469802574093e-02
-6.090483631903794715e-01
-2.448660513881337208e-01
