-2.258399805600394550e-01
-2.462948095720489949e-01
1.358426627528308561e-01
2.092198287222341857e-01
3.139051415777218690e-01
-6.432977030685198550e-01
-1.221450934527274212e-01
-1.096127820704675626e+00
8.655491642433860155e-02
3.964992580202080230e-01
7.379337298315424842e-01
-5.380949570008186633e-01
-9.031268470167491680e-01
-9.447342422195648126e-01
-6.025986755796841621e-01
-8.121490328802615233e-01
-1.994817138537371970e-02
7.126879504518868202e-01
-4.301136335719902837e-01
-8.257852493338180278e-01
-7.457889500252889992e-01
-9.601634216215741979e-01
4.258526163466693770e-01
-5.001967654142585040e-01
-3.776955485649315936e-01
-4.944419149435236305e-01
-8.165130495510444786e-02
-8.573022730527779522e-01
-8.127360131813335942e-01
1.343576327153403471e-01
-9.097895106994653425e-01
-1.201562081580702934e-01
-3.108293816212815419e-01
-3.717438377580314923e-02
-3.385609910288001068e-02
9.923508639347961013e-01
-7.015913367850452609e-01
6.645306639858350461e-02
-3.679193313047307567e-02
6.471792988432624183e-01
-2.292927798382582427e-03
-4.724322304325095923e-02
-7.659365512690077260e-01
-4.417527462858537590e-01
-1.643426685876138715e-01
-3.395383214361209490e-01
-3.135463513782016376e-02
8.880202246352533746e-02
6.736118111718505386e-01
8.801503006103145177e-01
6.007852787307529363e-01
1.451159909061821907e+00
-3.576559674948686096e-01
8.052561088566013714e-01
1.394501555788906666e+00
-7.476732002383195130e-01
-7.425286608187432469e-01
-9.840102934293541992e-01
1.271693112793113478e+00
3.898664116680244929e-01
-5.315487609142088843e-01
3.545643069599435648e-01
-5.761137864828445032e-01
4.884618175637940318e-01
-3.752727673709186362e-01
-2.344657892705342972e-02
4.672429080405898771e-01
6.317025536192300006e-01
1.027018760818296794e+00
-3.499593512672529716e-01
-5.607043450149321595e-01
6.776139837487619166e-01
-6.583372360992266747e-01
-5.765784748008706551e-02
5.380269936410002618e-01
-9.994316281197596075e-03
-4.947644893071175276e-01
1.010770689889716856e+00
2.970337604759369365e-01
9.412861714378222278e-01
8.911278961942281640e-01
1.097719529586066889e+00
4.128063139840372209e-01
-7.043009704525571291e-02
-2.233627820539659525e-01
9.472383015859225930e-01
5.886604196265792233e-01
-6.231292862542480160e-01
6.625051180232335302e-01
-9.721941289863188507e-01
5.729370531920150444e-01
5.278215718951084767e-01
-3.747385504460889472e-01
-5.470673976001244609e-01
3.341047894339685964e-01
-3.674627858022619376e-01
-3.943661876151521306e-01
8.513581717671964144e-01
-4.484006264544790898e-01
1.132002670609976391e+00
4.720342028917161037e-01
-7.080974140293290198e-01
1.171613236845401307e+00
7.649106496447948267e-01
1.870525942768449523e-01
9.655643422743878101e-01
2.954322411686355343e-01
5.322732781011376701e-01
2.634386681724872892e-01
-5.920377469396963521e-01
-4.662113952852469656e-01
-9.567411243657645281e-01
-6.467789588340081552e-01
7.353550710968839166e-01
7.290888502556709394e-01
8.661988160305399420e-01
-1.222795842493655138e+00
7.348368093034546300e-01
1.203628096561766725e+00
-9.486335148468348910e-01
-9.546585549692448991e-01
6.091621957567490142e-01
-5.024665540813669784e-01
-7.097517700018874942e-01
-8.766308883442091027e-01
8.709006306999673708e-01
1.125206908188488286e-01
5.451965938882221696e-01
1.167564573162662711e+00
7.536799737773856034e-01
8.000559162355727061e-01
1.228582418484450295e-01
-3.078162997525976663e-02
-6.997341094019424723e-01
6.518250374053978780e-01
-3.407948204968969108e-02
8.168298675563324673e-01
1.316048724991283336e-01
-3.407715803038934288e-01
9.760304277979716669e-01
-7.510988398836927760e-02
5.384649795413726237e-01
4.675452791629055027e-01
1.039055854564616466e+00
-4.945031907101441471e-01
-2.961545441069476925e-01
1.493509365283890167e-01
7.734940666705214518e-01
-5.675696854868043095e-01
-1.574897085380015271e+00
-2.130992298942726015e-01
-7.681827795502176315e-01
3.575073229147786025e-01
-1.242676679009452473e-01
-1.101545527867771712e+00
-3.243675440560500056e-01
6.666277378866058978e-02
-8.885054630738177250e-01
9.278761538634557882e-01
-2.139861768415648458e-01
-9.317133754632663800e-01
4.343701954278688104e-01
1.368509972784356932e-01
-6.595305338822179397e-01
1.209252606256892237e+00
-9.986986610682863086e-01
-4.313468553585269039e-01
-7.425844724527391749e-01
-5.776875540897482564e-01
-6.422725900693894152e-01
7.875179571024022440e-01
8.279306711361400506e-01
-9.962667353793093483e-02
-6.443218483781687489e-01
-1.298821304553019751e-01
-7.770440486614279552e-01
-2.585589537851014641e-01
2.635878579669223010e-01
-7.733993994523419291e-02
-3.644376283063555100e-01
1.912126646978657973e-01
1.151525451122250354e+00
-1.090013299260796931e+00
3.874920708754926446e-01
-3.896091356186533461e-01
-6.461434097904465990e-01
-7.895646442079278238e-01
5.826254533966364058e-01
6.983964681051736401e-01
-2.589563110813949409e-01
-9.952312296994803020e-01
5.552071965442744172e-01
-6.014388256889001694e-01
-4.640332338052326477e-01
-7.653900175916705795e-01
-1.959638643604220132e-01
6.370803582055734049e-01
4.791863250023392640e-01
3.529627415286207270e-02
-1.673609284678761744e-01
1.015957373266791697e+00
-6.628385907556311185e-01
-7.850940554331996557e-01
-6.197706375131675216e-01
-7.485956586504202148e-01
1.096480399465519784e-01
1.387671558497772795e+00
-1.746763498285770488e-01
-2.700924878085045888e-01
2.782231557591023918e-01
-5.921511704558243272e-01
-7.745013568082799171e-01
-2.457707943986683352e-01
-9.118092557404364751e-01
2.057258994923652495e-02
3.224495749682283474e-01
-6.013522749544230050e-01
5.916866795475544949e-01
7.383726340072231942e-01
7.192693800106464419e-01
2.884095237308059723e-02
-6.904634727399312499e-01
1.307696213936195173e+00
9.872758773839174218e-01
-2.802067065650944433e-01
-2.006901839615028438e-01
-2.770263856235672395e-01
-7.759188345869623138e-01
-3.628162740816323062e-01
-5.264243872389400281e-01
5.270042888644848045e-01
5.882909139370470220e-01
2.665530731109100326e-01
-7.606552601462508445e-01
-2.446487187800390761e-01
-1.283050758957767101e+00
9.770419797914047244e-01
3.488902502940108841e-01
2.274063091550909688e-01
-6.512094413971855067e-01
3.722202708144754513e-01
-2.109443017191142966e-01
-5.786530727941763264e-01
6.399979218909961354e-01
5.489700285131158264e-01
5.649649486495762485e-01
3.178061162880200241e-01
-7.971326892978592982e-01
-9.435236178365286053e-01
-8.926308296056602032e-01
2.914496294870828064e-01
-7.317304235038561977e-01
4.022723607160192949e-01
2.284199942670410155e-01
-1.057818969162144684e+00
-8.750857300565162422e-01
-5.582972953088465307e-01
7.399784125369341936e-01
3.235625286593030170e-01
5.373318001003948297e-01
2.960031664105429172e-01
-1.336056444383600050e+00
-8.033819264475605681e-01
-4.671423796740957757e-01
3.058727368231095589e-01
