-2.267161118014715537e-01
1.792876035911135091e+00
7.764877480051152192e-01
-9.042257436562427531e-01
-4.054540902385261880e-01
-1.180095298728686570e+00
5.168702702172894847e-02
-1.257780132230112757e+00
-1.373540234032096352e+00
-8.414597308472755444e-01
6.479043951795506739e-01
-7.813052919947673924e-01
-4.069271236101534850e-01
-2.756127256181645224e-01
1.067767137910785369e+00
-1.285334623170446999e+00
-4.023088992675196707e-01
-1.196701955589794863e+00
1.441783049203660738e+00
-2.451223824107227944e+00
4.883302129848297035e-01
-4.901745495512070394e-01
1.067810670317800970e+00
4.383729283713659608e-02
-1.648274678101745216e+00
2.295645515564267658e+00
-1.388971072666325135e+00
2.192616894022229590e-01
-3.001874869068125729e-01
-1.611581817913984027e+00
2.506789588961322313e-01
-7.694715680683202885e-01
1.399274419709650497e+00
3.341942630080011467e-01
-3.370662654511913936e-01
4.750043433068302234e-01
2.386259502318017756e-01
-1.223166035013632857e+00
-8.816219256716320007e-01
7.534254597710098311e-01
3.170840485025017141e-01
5.678579346961581953e-01
1.398664340612020052e+00
-1.186475838628629598e+00
1.420454971028187074e+00
-2.289262288177690507e+00
-4.133812611384921065e-02
8.817321669177198284e-01
3.445407305497368844e-01
-3.280162204464062703e-01
-6.086499148404570514e-01
1.645505162286181322e-01
-1.361098823938628577e+00
-5.888832419408067675e-01
1.071846137845629210e+00
-6.368258847799156408e-01
2.181277536174047071e+00
-1.351361249055316627e+00
1.713662507664091839e-01
2.583650544620370026e-01
-1.329472575306344662e-01
9.742738678700546551e-02
4.732991623106692636e-01
-2.353607770614185302e-01
4.365446143090082609e-01
-8.460170247636475960e-01
1.314326339588954173e+00
1.126578971808442686e+00
9.627188611719134093e-02
-7.007227149773411767e-01
-1.140274220717666376e+00
8.210767936561756963e-01
3.715473734808735218e-01
-1.805648457321298583e-01
-4.740298277630641266e-01
-8.013490256911319776e-01
-1.614025466075598159e-01
-4.727343967404214475e-01
-2.094407777828914130e-01
-8.246328636442756821e-01
-9.131303648285807872e-01
5.683445599766941969e-01
1.365557067457427720e-01
-2.332628396175158159e-01
7.463840036717661608e-01
1.034880912424440969e-01
5.632526833255966370e-01
-6.448399769252122216e-01
-5.449354259692821278e-01
1.538471191367197788e+00
7.111591894149082993e-01
9.910046061342954460e-02
-2.217159933263510019e-01
-1.243986199940706472e+00
-1.245601920813716595e-01
1.061011474275049826e-01
-2.295203340121981794e-02
1.672406878417772802e+00
-1.196297180916713776e+00
-6.705387664039166862e-02
1.079901251761377523e+00
-6.822749119705464604e-01
-1.033373582417803860e+00
8.084750217964671304e-01
7.236678824398333765e-01
-5.086227065168084094e-01
-1.196906110220141484e+00
-1.498295844753531725e+00
-8.335298926502122674e-01
-4.908901030678085586e-01
4.331917902657954622e-01
4.101036741352349635e-01
-2.254892961437500454e-02
4.412472057837194539e-01
-6.772026042678208624e-02
-1.313724224147322373e+00
1.300021094330407578e+00
-1.416324934621815967e-01
-7.753253428848982942e-01
-1.282974457585834394e+00
-1.334539398129763743e+00
1.162786516108122115e+00
-2.092813785572667784e-01
-1.149609565720340454e+00
-4.105467375725442847e-01
-6.565258347477301859e-01
4.076850121569223218e-01
1.082189438602256248e-01
-5.701191881319940258e-01
-1.293368505545857694e+00
3.325631525783938613e-01
-1.337498992611963367e+00
1.447385425355764754e+00
-2.498888831936346921e+00
-1.551944441189216928e+00
-1.143740372317696874e+00
4.282341088652931727e-01
-1.357648394034405070e+00
4.040101309680531605e-01
7.811271419004054417e-01
-3.390724540269277054e-01
8.057263433002037623e-01
4.613815953094280164e-02
1.179443959636798933e+00
-5.375308515615524474e-01
-5.795215974780483226e-01
-9.716624833616561707e-01
5.793251728566550796e-01
8.780264082498173694e-01
-1.634255601265760083e+00
2.389067310439554892e-01
-1.269226800222317042e+00
-8.165400862131035886e-01
-7.147343039195979131e-01
4.504584728677784033e-01
1.288071703475397900e+00
5.291324540129157539e-01
-1.841582055522702266e+00
6.429579592296605917e-01
1.008567238744749961e+00
-3.581974626685995866e-01
-4.612842040924604037e-01
-6.132705927595651918e-01
-5.092503885103349948e-01
2.717900310115244356e-01
3.514776449829584148e-01
1.536616388173629222e+00
-1.219254899322791630e+00
7.952721622775883459e-01
5.649359287433477483e-01
5.392180245496300817e-01
3.825657900766037400e-01
1.181588337704915642e-01
-5.713387223198941323e-01
-5.614698405877702192e-02
-1.185000960752836230e+00
-7.471973451058896432e-01
-1.316053837713590802e-01
5.526352012879143238e-01
8.239130686451776597e-01
4.675335039581537400e-01
-2.649558476384746841e-01
-7.441871770398589270e-02
-1.632384021658673801e-01
-1.215480078892558602e+00
1.080414203370046872e-01
-3.907650633255012607e-01
2.977328509095701903e-01
-6.150314675343480086e-01
-9.026987629116020040e-01
-1.309834924713402238e-01
-1.467037773994583238e+00
6.305051227958321514e-01
-1.245565648208313059e+00
-6.693338583083817683e-01
2.983280323075660628e-02
-2.887547587959879425e-01
-2.312872007206691338e-02
5.689680932920403444e-01
-1.038599571732081284e+00
-5.241017441160527035e-01
-8.314479092895730172e-01
1.498161362083307857e+00
1.183187233229369806e+00
1.320193800431615494e-01
4.109681347042169475e-01
-6.597083816619068175e-01
-1.147213527402044519e+00
-3.517540950773631048e-01
-4.942046258283636639e-01
-3.166511626979950922e-01
-3.652889263690439203e-01
-1.212085862775489575e+00
-1.377618970395900755e-01
5.867043512876060074e-01
5.702354321696235795e-01
1.489823200245593782e+00
1.221648405159311279e+00
8.503524325569278286e-02
2.061582873557751050e+00
1.528586781896843216e-01
4.007042804846604467e-01
1.205322149696947287e+00
1.481582559217692774e+00
-6.133166741987887693e-01
1.185979285440598441e-01
-5.066836830137777525e-01
8.160521494004713272e-01
5.388884408116314528e-01
-6.984614654614695883e-02
1.625552667914150540e+00
4.090609684969053195e-01
-7.511146588830452941e-01
8.102842650415233994e-01
2.618701251174594957e-01
3.793461147383060394e-01
-5.324270777147617206e-01
-5.991826476673295376e-01
-6.718765487103759426e-01
7.103320398194353791e-01
4.078835009185784455e-01
-2.072177074376457817e-02
-7.761833851920147964e-01
1.119192682285735929e-01
-4.847286079249109036e-01
-5.424697689676044599e-01
-4.189280753514492694e-01
1.520613499884867936e+00
1.526713087427264970e-01
-1.068332591180061630e+00
4.696687938799894435e-01
-2.659558041847508436e-01
1.915620279466973441e+00
-3.097940388453414573e-01
6.248805401679866645e-01
-1.477336783238980544e-01
3.848104675701687349e-01
7.842594409633660835e-01
-1.015556693740944816e+00
-6.461816841628720276e-01
-4.366362303409307977e-01
-3.612017437484456028e-01
-2.431912812603010399e-01
2.178108754178360029e-01
5.932208743517226601e-01
