-4.783140404931325307e-01
-9.806939409847219569e-01
2.066192944490262418e-01
-3.566305085707316413e-02
-2.689570146274384843e-01
-5.789441066180092688e-02
6.700351426878685679e-01
-1.087929709613787432e+00
9.056494544528418400e-01
4.185982662820935118e-01
7.767361389282702033e-01
-2.271301863346663064e-01
-1.127173500622558500e+00
-7.946324946594677252e-01
-7.800810549311081310e-01
-4.944409650867862549e-01
-7.688151894728323388e-01
5.957471859756421351e-01
2.236831871230255953e-01
-1.061196901067478660e+00
-8.044060529168876039e-01
-2.558034743102667319e-01
4.419611284823935504e-01
-9.655412961514858727e-01
3.109130649006943692e-01
-6.614126831688000863e-01
-9.838722175559002636e-01
-1.891747350421012275e+00
-9.997038363353231150e-01
1.873777131719726319e-01
-9.632799749616238749e-01
3.053761330896904158e-01
-2.573110789610330573e-01
9.796455512193650295e-01
6.153011929663304569e-01
-3.144839463394166756e-01
2.372223647503611255e-01
2.042980803156136949e-01
5.370190013483934210e-01
-1.254759714969161388e-02
7.500261524824203274e-02
6.375296860198595983e-01
-1.389688416178060271e+00
-5.352378337656236162e-01
8.228549866490454390e-01
3.755103162049429066e-01
6.998935095290241826e-01
9.293116212642589247e-01
7.580224800163708476e-01
4.745833521792540144e-01
1.039273056649565152e+00
5.996547915202135037e-01
7.845361499657653725e-01
6.728344956379865849e-01
-2.263731283629945579e-01
-1.407309953655332624e+00
-1.038249651889737279e+00
-6.422972497293730765e-01
6.509875069962441918e-01
-1.402477977438634504e-01
-1.421765943540629074e-01
-9.323430872153851134e-02
-8.143595838194895853e-01
-1.766027831367276424e-01
1.362268927536841590e-02
2.207638657407879623e-01
5.941463715803311230e-01
4.929300383705289557e-01
6.107591631968649626e-01
-7.508786866232129986e-01
-3.996701045208770342e-01
7.870500667332080980e-01
8.079955719357544419e-01
4.852090823300808653e-02
1.108946958469517741e+00
2.731781046986767603e-01
-6.803430440732846085e-01
1.371493790232583665e+00
4.349134582674463179e-01
1.706653990895627082e+00
1.038705314267345470e+00
2.010701704997404526e+00
3.993035408115774287e-01
1.108264602845278612e-01
-4.290205014766366176e-01
2.123116271398335364e-01
-3.556745819222797977e-02
-9.340836015127682579e-01
1.931198667778450284e+00
-5.954965793725071066e-01
6.383122018930564856e-01
7.454126084319957490e-01
-2.068566289040237594e-01
-7.038055490252619339e-01
5.998440570072249844e-01
-2.995617958884436161e-01
-1.438701249042765862e-01
7.725528232675286100e-01
-6.356244182673527199e-01
7.013271655436918994e-01
1.914723767580066016e-01
-1.022163718298097823e+00
9.232776628919027173e-01
5.751315291191962803e-03
9.219675440933319255e-01
1.173146347877659146e+00
-1.451961173400013183e-01
8.368437986746632973e-01
8.204101724645884719e-01
-8.824275861081684047e-01
-5.763653327769177048e-01
1.506005485986616765e-01
-1.364669583684021914e+00
6.605254399119864228e-01
2.894099834408447869e-01
5.071775645109812825e-01
-1.816826929885212993e-01
5.059629938424977658e-01
2.716104708358539899e-01
-7.248560662234212471e-01
-8.416863211784966214e-01
7.834470326395049922e-01
-1.595595632354285254e-01
-1.362124211775774807e+00
-6.616619114909412236e-01
6.447995674956852330e-01
-7.857470149163595652e-01
4.987784008375764078e-01
7.766310093222804634e-01
7.673588763124421508e-01
7.389915804093413754e-02
1.021459536986144140e-01
-8.068089387355723008e-02
-4.761170503397703646e-01
3.473770583578793952e-02
5.089892196354752762e-01
6.869296133621435319e-01
3.407953287462501812e-01
-8.187256457778600005e-01
-3.690883488412166624e-02
-7.238572103418167147e-01
9.416635939784716580e-01
6.764372354408437760e-02
7.072209755193478165e-01
3.970372982596460237e-02
-3.927033569667772728e-01
-1.151408410472221922e-01
7.168291351547504409e-01
-1.337508935323127035e-01
-1.242115136582833790e+00
-2.427211638223082113e-01
-6.721142170818553696e-01
3.193616586029450755e-01
6.275989381899104158e-01
-9.104052122295231975e-01
-4.251147266605150299e-01
1.530792984417158331e-01
-3.356816025232479683e-01
5.799630320303901243e-01
7.298265560426375753e-01
-1.138019495145750071e+00
1.718840711994147619e-02
7.593480208376601759e-01
-5.278126666674637368e-01
9.018254931325230261e-01
-9.330312892487233611e-01
-9.234521887831653730e-01
-7.820891727282066608e-01
-2.791437269040301095e-01
-9.192639514981654214e-02
-1.464220432913605485e-01
3.084114369566410274e-01
-6.564358853210878753e-01
7.839731345926198580e-01
-6.032701201808007285e-01
-5.003529672094785274e-01
1.797586038382154028e-02
-4.845654573345293398e-02
1.659611289254853128e-01
-1.103559090972777490e+00
5.976138824635524038e-01
1.363454614752849681e+00
-2.068015150600646113e+00
9.678131088520327552e-01
-6.856112889467708138e-01
-1.383651197082399698e+00
-4.231418816060669164e-01
-3.544296574543720491e-02
8.185762297769584306e-01
-1.711038249923126919e+00
-1.700033602434212199e+00
8.721067978555149258e-01
-3.721913530744663801e-02
-1.886864589510968138e+00
4.394097975137131185e-01
-6.988986581413967336e-01
3.889431976407544123e-01
2.468337959641659085e-01
6.985590836478193510e-02
4.287957866579247268e-01
9.165100203483857177e-02
-6.750389340721817399e-01
-1.388446187273580268e+00
-4.821112153957600732e-01
-1.125017487397762750e+00
-4.979491086570414504e-01
9.084035870033098092e-01
-4.274639567891078823e-02
-2.183031213302661644e-01
6.479671133163507069e-01
-2.026349168666582712e-01
-9.035831084288974413e-01
-4.181342127593695168e-01
-3.129765708289259929e-01
-4.805032256002975122e-01
-1.667482079923915395e-02
-1.553091929754697453e+00
3.798942748168027128e-02
1.200160545540532198e+00
8.413272121991399732e-01
2.504710673280307054e-01
-6.663347553224407971e-02
1.304893212844617345e+00
1.150848672571654685e+00
-3.619721799090035441e-01
1.355532027134983553e+00
-4.766131293735621499e-01
-4.474980434497725645e-01
-8.519304354379092503e-01
-2.543266019831649793e-01
4.196899674093258481e-01
4.538135503345220312e-01
9.503298229364087746e-01
-9.078689619655245790e-01
-2.592622010633225393e-01
-9.806133882978134153e-01
3.790630140114013558e-01
9.319042033600102304e-01
4.030271909689904786e-01
-5.826889379925497270e-01
7.202973694967387264e-01
1.526331583812537418e-01
-1.575974724630991641e+00
-5.895289668681323592e-02
7.189140941935876494e-01
9.092764516640775563e-01
1.012717077655579390e+00
-1.242049662559660650e+00
-1.604598995727177346e+00
-2.778362319290771376e-01
5.498657155359917281e-01
7.540303749868992877e-01
3.682916126162623649e-01
3.610743297046280498e-01
4.600886681583626903e-01
-1.466007603272334814e+00
-1.294975656680549037e+00
-2.312998616418214873e-02
6.213948311983081840e-01
8.902921039252221780e-01
8.702866688142847362e-01
-5.318249375083852204e-01
-1.734294549444588052e+00
-9.349027022289027045e-01
4.330312427832317956e-01
