-7.667460627676173646e-01
5.187610518336458476e-01
2.934991699680543076e-01
-8.239816731474665090e-01
-1.280297233719531080e+00
-3.937230430577451923e-01
-6.345706769160350813e-01
-1.169557821017530863e-01
-1.161803243858798407e+00
5.098728624537351983e-01
-1.084443149777219173e-01
-5.561689295574886449e-01
1.331150572248678943e+00
1.279302453238084114e+00
1.127890383299722799e-01
4.945462293926771169e-01
-1.483568556988573484e+00
1.089033073533820062e+00
-5.790820240676335384e-01
-1.097551741410054627e+00
2.390214772271959109e-01
-1.810114297699496166e+00
-9.493484381357211732e-02
-1.012911259825821919e-01
9.008113852339706407e-01
-2.247172155446494068e-01
-9.882866845552793489e-01
-1.660146186238226629e-01
-7.272971220582488683e-02
-7.525902496813610121e-01
-2.378039627892117314e-02
-5.408795331240900950e-02
-1.103395035332346952e+00
-7.491401405092945609e-01
-3.333358003591783691e-01
-1.701519375110668975e+00
-1.782856160221024111e-01
-4.555171250597266353e-01
-1.456697650820761192e+00
-3.522869120650303221e-01
5.554232301444987918e-01
-7.786970377949479216e-01
-1.336644869230724231e+00
-9.253519408248658262e-01
4.395283606305715463e-01
-2.969799285961645108e-01
-7.190622673595333803e-01
5.935868273792619387e-01
1.945070143262663809e-01
-1.563734879965436309e-01
3.501198123499508763e-01
2.723384448279850267e-02
-1.473147091512023499e+00
1.004244139681600423e+00
-1.184756955021456948e+00
6.657754040442734889e-01
-1.400511525177724703e+00
-4.857655125524770745e-01
2.046424218005815920e-01
-4.488615509912374790e-02
2.036137161603089885e-01
1.435005621528718800e+00
1.074777537446724995e-01
9.724902343684749262e-01
-6.722373203327609570e-01
6.268253155950008759e-01
-1.032605648075553884e+00
2.656453095339634252e-01
-4.729922859812032976e-02
4.782252313857437986e-01
-1.453081073423818925e-01
-6.168959291977030301e-02
1.089163105107425977e+00
-9.516938117349482695e-01
-6.850312846411266143e-01
9.698022967906250180e-01
6.361171308510606970e-01
-6.492651726377738353e-01
3.341716742908743543e-01
-1.163494512958108906e+00
6.271136480111958456e-01
-3.968661571081036898e-01
4.338160593741722804e-01
-1.346558932318534518e-01
-8.553310075255574629e-01
3.644641169024844252e-01
1.605544886869247345e-01
-9.695496351994148387e-01
-3.277676106151417718e-02
9.412636122380959591e-01
2.130400905363582786e-01
8.534290796171452032e-01
-6.358272843375466499e-01
7.049383167646512405e-01
3.030984925764329541e-01
6.433512872718419873e-01
-6.421416152656584941e-01
1.333651456803534918e+00
-5.583500504539508080e-01
5.391736662236015221e-01
1.131277021331916544e+00
-7.342553327459697687e-01
1.722118827926826801e-01
-8.108925711046283125e-01
2.504738220112073810e-01
3.931336569313449436e-01
3.850311383672294085e-01
3.816512449392573947e-01
3.671304788478338965e-01
-7.758758179409488420e-01
-3.209721301023160667e-01
-9.583839234375302052e-01
8.766836397147578785e-02
3.936666786148962927e-01
-8.720577510034145385e-01
-5.016065384804755389e-01
2.118794185407502084e-01
3.889369685378803454e-01
-5.392618109375533209e-01
-3.065689655325015694e-01
1.630928231934558159e+00
3.941039592420317872e-01
3.187000589814818485e-01
-1.580630823535610352e-01
7.947163678278408305e-01
-3.244003400779485458e-01
2.830267077854885516e-01
9.219452356014512517e-01
1.672813581358816304e-01
5.042180343983743152e-01
8.956814293722176190e-01
3.475027186565889936e-01
-3.056802191613606223e-01
-3.962512615361008517e-01
3.087280021629080773e-01
9.286225717561487070e-01
7.073695003805273718e-01
-9.297290767188910454e-01
1.830537384390805156e-01
-1.800061182680487093e+00
-8.935307831599559325e-01
4.114059978256818240e-01
2.131809427100357923e-01
4.649254098692208181e-01
-4.848139674863607418e-01
1.425367861972878902e+00
1.125896756978987945e-01
-1.568250426038038103e-01
1.273334012710761298e+00
6.070825482953123853e-03
4.239711287532769712e-01
-1.266942883143157283e-01
-1.365543567490957066e+00
9.467314600631414612e-01
-5.676825241400269562e-01
8.865965433388257599e-01
1.136980017745308214e+00
1.118169741686003471e+00
2.618624207073642907e-02
-2.555526983221697024e-01
1.371696148339143217e-01
-1.182406850695110423e+00
5.045153997165653381e-01
4.082029109656051258e-01
3.314838952999649146e-01
2.239719767314105603e-01
1.551672436794436116e+00
2.441697309274069028e-01
6.611060563484387753e-01
-4.251659969760220315e-01
-2.163229978034089396e-01
-8.227207419008037981e-01
9.226317081185682056e-01
-8.510108019603481733e-01
7.585611539524660385e-01
-2.154389561247550267e-01
-4.316542134103212164e-02
8.245469996478358432e-01
1.880251909803588306e-01
9.621175880894424770e-01
-4.114556441032994893e-01
3.428328604187904638e-01
1.196325293402021206e+00
7.404653637625877582e-01
1.035648274915528022e+00
-3.245511665223068665e-01
9.116597906674649421e-01
2.283262611617235538e-01
-7.596475695195371580e-01
-6.401212577779455959e-01
-2.912979133086635586e-01
6.191103279756262623e-01
-9.104377724341217171e-01
5.568728067841097751e-01
-2.792675114666133274e-01
-7.863297653159275757e-01
-6.647937641799820385e-01
-1.152237619449297257e-01
-2.345835321685327268e-01
7.732068561552816188e-01
-3.935683498978594930e-01
-1.494063092010846860e+00
1.051593007002535662e+00
-5.363674443404612413e-01
-7.605336388501909850e-01
-9.138881351264298569e-01
-5.846368839187066069e-01
1.281412335985723794e-02
8.387296525823124682e-01
7.688453703493653979e-01
3.141550872016997120e-01
-5.324389817972087213e-01
7.734323693102701514e-01
-6.968210573679658459e-01
4.975066465204952548e-01
-1.760137569660143453e-01
-1.678997054876948392e-01
7.977549155410125215e-01
-1.268500464287893315e-01
-7.496550523398659571e-01
-8.294908528462162645e-01
-7.557264196438511217e-01
-1.239927711746668937e+00
2.282191313865908899e-01
7.293258667317450428e-01
-6.566925427202391363e-01
-7.514085379320308844e-01
-2.217132068294204450e-02
3.026526130739276566e-01
3.500498245140691855e-01
-7.104473929839467683e-01
-5.102425073950724865e-01
5.474956813112485943e-01
-4.446649277078017909e-02
3.951789565345434352e-01
8.166849594684877367e-01
-2.407442790808617950e-01
5.620343074938756178e-01
-5.951008858800682644e-01
5.687410795602088065e-01
1.208928060621058259e-01
3.097728831743307154e-03
1.488576342348698345e-01
9.585894778230663604e-01
-9.546152095206881238e-01
4.422144195623510798e-01
-2.246553326369931936e-01
-4.618134445832365320e-01
6.658053087861669495e-01
3.375966624677195216e-01
-8.305750216441420974e-01
-7.917556895733455224e-01
-1.778490118768686568e+00
5.819011735165913191e-03
3.194603863710267916e-02
-7.617333439861171396e-01
-1.178384072440615826e-01
2.998318367167511211e-01
1.276387172886829791e-01
-2.649430337943640135e-01
1.578545328115640745e+00
6.970225007795177730e-02
6.376187004543519832e-01
1.039245937503237016e+00
7.091594331560940878e-02
