-7.463599280546325820e-01
-5.148123065932035392e-01
7.572509532258906439e-01
-7.216737813384456190e-01
-2.467488569194886683e-02
-5.234988646872138496e-01
-3.003831344319923269e-01
9.345475150861654035e-01
-8.310764683054707724e-01
-1.158857543938213164e+00
-3.304799352827650361e-01
8.440698261767505262e-01
6.227936152220964194e-01
-9.615301282419755902e-01
1.146928657481790736e+00
1.016987060149661670e-01
-4.283765280693052069e-01
1.385182827047807541e-01
7.240690925828539015e-01
-7.368257273222830195e-01
2.103723514434211461e-01
3.552900511741997891e-02
8.083193205327623976e-02
-5.202216233839479509e-01
3.994011428702495814e-01
7.433700229375764246e-02
-2.310549147496511468e-01
-3.326066136645559057e-01
6.277001423122663404e-02
5.777349406827311240e-01
-4.328164747332556295e-01
-9.923126347986799267e-01
-7.795913472761599738e-01
-3.143728054013393836e-01
3.697060105166900534e-01
3.145955070449856228e-01
1.039474711979207378e+00
7.165338466835657893e-01
-1.139760963688009332e-01
-9.242942598813230770e-01
3.182985238261909489e-01
-3.517771547834699364e-01
-8.917348798858442116e-01
1.713654254880263017e-01
9.028832808481495054e-01
5.634893803744944751e-02
-2.714031287316877039e-01
-2.040216949414580261e-01
3.418542284376674401e-02
-8.470592807327602669e-01
-6.502733819409280969e-01
7.164372017179154728e-01
-8.727750223118260209e-01
-2.427142084979186376e-02
4.569814178668367699e-01
6.852181563556802857e-01
-3.917116920809232683e-02
5.462694252658856220e-01
9.195432749165990405e-01
-8.848595201540842003e-01
-2.701493679849082397e-01
2.382795161496640834e-01
-1.002496238839955645e+00
4.195014488251904705e-01
-8.406784382383339915e-01
-2.329052156641257532e-01
-3.494051215169358682e-01
2.031356095964806097e-01
-4.865479986951583014e-01
-3.840925217053748342e-01
-2.090695021181687707e-01
-7.683228405380859716e-01
2.172470061616719739e-01
-1.042125532811880806e+00
-3.211511358565940499e-01
-4.759372977761586743e-01
4.346485894828808760e-01
-7.060552643678423834e-01
-3.207559538249552533e-01
-2.937328762172505270e-01
-5.408406010243372863e-01
-7.046621400981878391e-01
-8.060238621613363685e-02
7.171769619081949099e-01
5.978705805459427758e-01
-1.309252547353808305e-01
1.084775184736784359e+00
-1.685860343905181136e-01
-6.078570905490091603e-01
-3.509306631100955753e-01
-2.903913254185452875e-01
4.023469264816917912e-01
-1.967442355279425403e-01
-7.533809363126102721e-01
2.595859211096054886e-01
7.457991545354903939e-01
6.552120768818872065e-01
4.173854406630536640e-02
9.410576381973788651e-01
5.948318884650716232e-01
-2.983298647524691982e-01
-3.371579785349890224e-01
-8.566151726896717999e-01
-8.215904965814473104e-02
-6.448041696805739686e-01
3.202490554148249569e-01
1.505076646489448833e-01
8.191334130996477114e-01
5.480332902943346740e-01
5.490404276793052762e-01
-1.641710610570446816e-01
-7.613454146269449385e-01
-7.220680265367258599e-01
2.284182257192480525e-01
-4.995787983774055974e-01
-9.273187229586659086e-01
-2.583122998156913153e-01
-2.181124072111876866e-01
5.091131183780750469e-01
-1.769712403202376438e-01
6.899713928627499993e-01
-2.286790381671621741e-01
-7.187591858826989366e-01
-9.890111766297365881e-02
8.190355866775507476e-02
9.025841277556296838e-01
-7.294384554160481260e-01
3.814577320523023229e-01
2.472150083363266471e-01
4.420307161815871244e-01
-8.300161824164147273e-01
5.641016237255843668e-01
-8.549771572259373675e-01
-9.615137040179451144e-01
-3.212382223492786792e-01
9.771332054440708959e-01
9.240137582375174130e-02
-5.023163736838529569e-01
8.134862701859482126e-01
1.035334392897930167e+00
9.829614607608808674e-01
2.935963139342767647e-02
3.390119513898882109e-01
-7.764056471217942734e-01
3.703721892425396733e-01
-7.640920752108684155e-01
-8.238453474937370569e-01
3.740277533799387655e-01
-7.199003439893880696e-01
-1.512503039790488446e-01
-5.311711004569692474e-01
-8.031376416790688699e-01
2.523539152266237040e-01
9.655455049320793570e-01
-4.742183507780867169e-01
3.922112070873836620e-01
5.448006100166278287e-01
1.037183009823948510e+00
-9.962690189505358784e-01
8.981805040373751492e-01
6.495350995437745301e-01
-6.112697751658272005e-02
-1.264449084574048587e-01
-5.094927899552220696e-01
6.202781248077695597e-01
2.977352328653145586e-01
-9.682658737403802007e-01
2.851502835678135783e-01
9.843978833337517775e-01
-3.404802653350524899e-01
5.105353804147499952e-02
2.840850562319038319e-01
-1.012441122256285464e+00
4.756194096807663807e-01
-8.696024611502142232e-01
2.456403398162623763e-01
1.035371448563800811e+00
5.356247929515762785e-01
8.300465496315138081e-01
4.362091599412136755e-01
3.890280618509692756e-01
5.626314196873064000e-02
4.772237175139356635e-01
4.295108536111990616e-01
-5.591798223853330363e-01
-3.209912580425761108e-01
5.529414380929434936e-01
-4.732655770615578072e-01
-8.702183724223051531e-01
-2.499825442643313633e-01
1.014740979132971316e-01
5.633349214643694758e-01
5.457156071176288981e-01
-2.472084115687028100e-02
-6.146772661052768427e-01
9.135083905056912146e-02
-1.017082588638473561e+00
-5.311922259686081560e-01
3.571219923257372697e-01
-4.256657416561304697e-01
1.182567373407816369e+00
-4.395812465084021348e-01
-4.977914057632010225e-01
-2.752761708810013142e-01
7.709818321227414062e-01
-6.159365975920380043e-01
9.293235666473269596e-01
-1.482886628907683080e-01
5.288051086216146723e-01
-6.052970208459254042e-01
-7.090600882412103623e-01
5.157884575494366963e-01
-4.680489533487173781e-01
4.754430748844399313e-01
6.413242842584436776e-01
-1.069735052302309142e-02
6.852308728171390140e-01
-3.102917751073109853e-01
-6.072919614001345279e-01
4.767062042544520373e-01
4.451942942038785156e-01
6.940777269710423081e-01
-6.418118170018328739e-01
-3.214614028428331993e-01
-8.849979225266446647e-01
9.723022368939131521e-01
-7.988531013654150137e-02
-3.588358184668525852e-01
-2.970457208591263942e-01
-2.100424480296802510e-01
-2.421521373781150566e-01
5.346117929187099715e-01
1.611814136631860572e-01
-2.202426270008412193e-02
9.122246580546178318e-01
-5.375693965563066445e-01
1.259146446198661229e-01
8.922755528525523339e-01
-7.054099745388324738e-01
2.214926818969848998e-01
-4.273030154647703416e-01
3.168974307509440647e-01
7.214004927806281220e-01
-8.562985231153845689e-01
6.740335123052129118e-01
-3.540981691579884183e-01
-1.308238770134235063e+00
4.911691916356344390e-01
9.894447677889002257e-01
-1.026815064118185905e+00
-9.252726236519961955e-02
-1.862119356158795647e-01
5.839413465671923209e-01
5.539329431080224353e-01
-3.286141499920391951e-02
4.400406913972849110e-01
-5.353248904738213687e-01
7.595892149823316730e-01
9.707836472054138799e-01
2.669800207082018151e-01
6.002832058952225491e-01
-9.849314817681451562e-01
-3.192401524869901142e-01
-7.083081116778775499e-01
-3.121310493653799423e-01
