-1.412205275419068373e-01
-1.790891670364484767e-01
-3.808363053816705701e-01
-1.395993132689129945e+00
-1.476890817252853594e-01
-2.960086144128463159e-01
4.622640990807159733e-01
4.709824661466698870e-01
-8.118149001749603855e-01
4.506359996290196235e-01
-4.250610062544740719e-01
-4.594020193964353238e-01
6.827017651316481528e-01
7.230288641031997754e-01
1.499634748320758104e-01
7.795394145430393218e-01
-6.132630484262631132e-01
6.265682150636419090e-01
-3.670641445927274593e-01
-5.591232096818414821e-01
-6.257949184857292124e-02
-8.693195052394632194e-01
-2.159306242361488937e-02
4.368729024046960618e-02
5.037709166964075003e-01
-4.102651248171028664e-01
-6.042246959883810220e-01
2.718289936103752136e-01
3.699760751183378549e-01
-9.885083199471309534e-01
-5.753838337818681925e-01
-5.025186457022454700e-01
-1.850998701137707148e-01
-7.989630328320579400e-01
-5.049810963028242838e-01
-1.080157977158741289e+00
-6.650412076368149572e-01
6.620100588950363907e-01
-6.801704734562107335e-01
5.899359455009760278e-02
3.044412990653005413e-01
2.163981176302481324e-01
-7.368329223469660683e-01
-1.178277078297187419e+00
-4.228697638925144608e-01
3.888235747643712936e-01
-1.932916658677624189e-01
4.649205590527391574e-01
7.101197089073760793e-01
-3.373990943669417097e-01
7.776171634106803232e-01
-8.311437598477540156e-01
-6.275818784462804389e-01
1.054849396872382883e+00
-9.503639299596531309e-01
5.964754147869281153e-01
-7.275349508712100066e-01
-6.820243451324833339e-01
-4.783264167334002059e-01
-3.069240827346141343e-01
7.922405610586885638e-01
7.480904753600947643e-01
-7.386465648751865398e-01
1.279214018376323869e+00
-7.051236360057618890e-01
2.494458670000859746e-01
-2.555322426386623658e-01
1.116116706660279068e+00
-5.378492326203598850e-01
8.223770569741521985e-01
1.644726110450017709e-01
-4.299064232233866800e-01
6.245794040649897960e-01
-2.768745434625202173e-01
-8.194215077063479735e-02
5.631299960319207099e-01
3.334860203082061769e-01
-4.136697520578505038e-01
4.206504140451546858e-01
-7.419811800176382421e-01
1.535460894563401291e-01
-3.704144925560681756e-01
3.555014495516307660e-01
-4.715188946461255082e-01
-6.150755587016109027e-01
2.761097505290480703e-01
3.113425176212511469e-01
-6.986366117722812019e-01
4.419427667043582808e-01
1.697861882489944407e-01
4.113241449987874443e-01
1.504805580177734470e+00
-2.278057383171512296e-01
3.491748496876401209e-01
7.368112935518009721e-01
6.571361486638307436e-01
-4.969928950561930403e-01
1.542383000839123164e-01
-2.138717477073189543e-01
3.851596725267544818e-01
1.128732591327918033e+00
-1.548188604272137336e+00
8.964137754928585000e-01
-2.009619314437222082e-01
1.021453381597683618e+00
6.236227725150977896e-01
7.890328263528952890e-01
9.749289894248331922e-01
7.478383006525445298e-01
-7.642564167309068290e-01
2.779745921732069136e-01
-1.396037325840981946e+00
1.645565950115806531e-01
4.356610746911152576e-01
-6.300721660725335793e-01
6.508428485930872753e-02
-1.308670795261859698e+00
8.840772058911954279e-01
-5.676201428374324509e-01
5.986819650284961325e-01
6.721227543915573310e-01
3.806081952084252040e-01
-3.338094409023516507e-01
-8.141101427664133583e-01
3.189867571658237533e-01
-6.113040104320793811e-01
-3.773422563768626947e-01
3.566032457171494086e-01
2.113916004581214425e-01
5.349880684502000827e-01
-2.829316134333614841e-02
-2.926767167324562102e-02
8.734667729796706526e-02
-2.028595490453554695e-01
7.860486080324927127e-02
6.447649716741365999e-01
6.915945125104011604e-01
-1.290928320942368535e+00
2.596594058747015432e-01
-9.579590462481817337e-01
-7.459645031905693946e-01
2.314615795301577794e-02
-8.544325506500528855e-02
-2.434245309893582065e-01
-4.054976872574575508e-02
3.472278266218161713e-01
1.763541693214405459e-01
-3.488831343939171048e-01
-5.161345889327911829e-02
8.955161419139880952e-01
1.551851680002661049e-02
-4.203418464426698087e-01
-6.305679258551607491e-01
1.052019709058694463e+00
-5.105509675214391085e-02
-2.307295732418492007e-01
7.107823356030613660e-01
-2.134559218023397431e-01
-2.402997734045553280e-02
3.192773792787907960e-01
-3.216805898523952822e-01
-4.804592745848405566e-01
3.271546771983127599e-01
7.846009988968873916e-01
4.264702685755757949e-01
-2.007887650874959351e-01
1.281413909286355235e+00
6.050547192889658143e-01
3.749279471134192576e-01
1.351647337701280538e-01
-5.128834577979495268e-01
-7.637357750877599161e-01
7.909086548642418890e-01
-6.546249817759476342e-01
1.134304827658194625e+00
-3.152131159145675210e-01
3.001820939169626001e-01
3.907291719687553400e-01
2.110493644569586547e-01
-1.176787012882783423e-01
-3.104254385961788820e-01
5.160252802104848824e-01
6.169051134299566863e-01
9.143916516501225944e-01
1.001146327065844388e-01
-3.265071321494671941e-01
3.986675172040147763e-01
3.642386554497478723e-01
-7.679529257409407617e-01
-3.284103952632656531e-01
-7.601989452808711745e-01
3.242793724134456768e-01
-4.030103188569571504e-01
5.570378716431519939e-01
-8.317277247384522454e-01
-3.277186985361000282e-01
-5.865093141718809022e-01
-2.827205451774948974e-01
-8.082650851678743753e-02
-3.202909997030341516e-01
6.933203122801170348e-01
-7.809822875113855423e-01
3.520351280293074203e-01
-2.039068802672897029e-02
3.515644366656728859e-01
-4.665511077375670279e-01
-7.711559807421192181e-01
2.652113620867609378e-01
3.213007323080633859e-01
7.288621722165607997e-01
-6.802950405220149488e-01
-6.664851927613498761e-01
7.443818153339729626e-01
-6.296832017538604997e-01
4.990133107425560044e-01
-4.547447454090386421e-01
-7.369830851934922045e-02
6.078269939079031792e-01
-3.080337770830183786e-01
-1.113750730433054947e+00
-1.180417171766061868e+00
-1.187483919718180125e+00
-1.543123565042200829e+00
7.554034154748300312e-01
4.534922698893775750e-02
-2.201056266821838359e-01
-2.035394295938580678e-01
-3.153803000406302237e-01
-5.181416861091402426e-01
-5.947898921017573670e-01
1.392743546624920503e-01
-9.078021009540528929e-01
4.641998903728123960e-01
6.086271046175385502e-01
3.162556945557563060e-01
1.577082108368106916e-01
-3.890872881972805564e-01
-9.361363815767106966e-02
-3.795278031352559145e-01
6.861816407904510751e-01
-3.575777051307359455e-01
6.727453224563518797e-01
-2.370971301020806388e-02
8.606637505618746076e-01
-1.083613511798281248e+00
1.163322259686721649e+00
1.164459603446243441e-01
-6.828780888969898655e-01
1.447538312180142839e+00
1.319595856303077852e+00
-1.106740722650612962e+00
-1.085614514263985475e+00
-6.797007666078314081e-01
7.640992630412648534e-01
3.606696764360802776e-01
-3.729303790253405415e-01
-2.861494159803701365e-01
8.168111599382227306e-02
5.219262138917220017e-01
-6.975210709936080500e-01
9.482700589304801086e-01
1.759416656673635226e-01
9.032788436314340696e-01
7.553120625904850005e-01
-7.885927938312080610e-01
