4.320074519397076873e-01
1.585059589907506394e+00
5.380392247723441157e-01
1.978310354193243970e-01
-1.196134669186436295e+00
-1.171599575256203396e+00
5.280673525355110698e-01
-1.434323668364893889e+00
-7.229000792026567535e-01
5.542648552755544689e-01
1.033984474170075440e-01
4.495962085986831003e-01
1.157535225462456019e+00
-6.429770720627009384e-02
3.561686909828675196e-01
-2.244602767211567318e-01
-3.973961877518910057e-01
-3.216267506597199621e-01
9.654296720897954653e-01
-1.776494064975532083e+00
-7.944564187550487433e-02
-3.254861365697637732e-01
2.153560754923790732e+00
-4.251598864366085695e-01
-7.962731648885196245e-01
2.002037348075678125e+00
-6.562432116483537525e-01
-2.686677572780867690e-02
-8.829066068380911347e-02
-5.582216299949928073e-01
9.050128551503815455e-01
3.956378899120900350e-01
7.523134377032303366e-02
-5.140662462473912786e-01
-1.051789664717684980e+00
5.300035633405288799e-02
1.828742160691928798e-01
-1.232038534400974106e+00
-3.392559618493087847e-01
1.629616721882733321e+00
1.306571868017880389e+00
7.597607984679706217e-01
4.305506697888295542e-01
-6.659967968613290656e-01
1.562901499631316471e-01
-1.708066007485126825e+00
-2.364252717545887172e-01
9.774387642484388961e-01
4.353109638507366430e-01
-3.543793179289228545e-01
-9.626485715559333078e-01
3.446426361209244393e-01
-1.737846174675643729e+00
7.191083430949054556e-01
1.245742141321154239e+00
-1.481723369171123461e-01
1.567606623965420942e+00
-1.825912080952728722e+00
-5.867095216815544356e-01
-1.602248105378689669e-01
-4.413322227588296620e-01
9.355239490025680782e-01
1.092595323866265566e-01
5.302988711706081437e-01
-3.412862724763736644e-01
3.045274004338930363e-01
4.894613705311721130e-01
1.467905600044665970e+00
-1.743992009766112128e-01
-5.261137827414503754e-01
-1.347445982094856998e+00
7.383207562518393496e-01
3.085149107138197566e-01
3.026689698578990950e-02
9.652272965320971565e-01
-7.087542704324949483e-01
8.836335236358087153e-01
-9.992072385530866852e-01
-1.592669702970797227e-02
4.444642567169417857e-01
-1.107694146249719847e+00
8.438675520659043583e-01
5.108817653290547156e-01
4.081892272148008871e-01
7.179726773585444199e-01
3.157089967969428090e-01
1.833835222371916540e+00
-4.167232552246747934e-01
-4.193038716453432180e-01
1.498557875290572605e+00
-8.390936661786039252e-01
1.815707355918621535e-01
-2.891561389127418336e-01
-1.144836115953150157e+00
-1.166694804701657595e-01
-3.121334947434351026e-01
8.441317373750352182e-01
1.201742077298724176e+00
-9.428352226032055139e-03
-1.029518010044461196e+00
5.971973759352450228e-01
-4.218435164768726819e-01
-7.132003821976288238e-01
1.274433112715862793e+00
5.314745832632022937e-01
-3.469931403043308160e-01
-2.093227947003788447e+00
-1.573010315448287955e+00
-6.079340614583031988e-01
-1.071233512945793276e+00
1.423209576023157785e-01
4.861662189159455805e-01
6.414723446886130831e-02
1.197503655851178461e+00
1.931845334051611740e-01
-1.020340626018678254e+00
9.012167177739949242e-01
-4.370989292609240295e-01
-8.372387867402335537e-01
1.452379317171731687e-01
-8.623672568104140401e-01
1.407127657702921253e+00
-2.586613230817430553e-01
-1.138948043531329057e+00
-1.255937415045417893e+00
-1.009097372111507490e-01
7.156005200588211324e-01
1.548516510657112377e+00
-8.857401712568535590e-01
-1.837142991509749246e-01
1.677234705167722773e+00
-1.047227703948142796e+00
7.936178773232671624e-01
-6.788310358709216397e-01
1.569354899940268999e-01
-1.077712215109095206e+00
1.835325746647887613e+00
-1.388626459063892149e+00
1.621237236316416253e+00
1.715196141240557637e+00
-1.176812911824865360e+00
7.962101598091713139e-01
-1.175058490879618139e-01
1.180850058763264654e+00
3.456112927921934364e-01
-7.145085077933548412e-01
-1.201755502206860893e+00
-5.580982812991528430e-01
-2.707966579846909916e-01
-1.170782535111388079e+00
9.279561844891590638e-01
-1.180795712570963385e+00
1.065500920618854264e-01
-7.809109519141257394e-01
3.934160224235664916e-01
1.023443969222181060e+00
5.904674811250704147e-02
-7.450484802323008582e-01
-3.746896465993524439e-01
4.883275168302705360e-01
-2.997817653538195626e-03
2.549802015008715839e-01
1.281200472794824241e-01
-1.175046756110798007e+00
3.403722855758879451e-01
1.102630393081052373e+00
1.071055686895412862e+00
-7.913624883279812838e-01
8.387676991553940642e-01
9.544379729734963069e-01
1.034941255317123332e+00
4.133140661371787483e-01
4.231915711594427809e-01
-5.073548081693871614e-01
1.180817058303948869e-01
-5.855895947315081784e-01
-9.933930264430834711e-01
2.750605079009607601e-01
4.668627690865339575e-01
2.102001406044310627e+00
-1.762094202881615279e-01
5.169860234184762149e-01
1.326535719056613771e-01
4.101596811103239704e-01
1.287584783953345802e-01
-4.580315630851873321e-01
-4.415934197020078833e-01
5.114450576797199277e-01
-5.811619132235876783e-01
-2.917723734883793663e-01
7.463438209130948686e-02
-5.251497309267819658e-01
7.505703175475078037e-01
-1.776186598408037831e+00
-7.862411047893429483e-01
9.884935301664189433e-01
-6.529553013557611030e-02
6.193953404439296317e-01
-5.467663002929925575e-01
-5.740449006527179598e-01
-6.915612381590938718e-01
1.604611259214907826e-01
4.873445023382999564e-01
6.202729969542866151e-01
1.085456152084318671e-02
1.772429541205631509e-01
-4.349660474710771441e-01
-1.773029090260895280e-01
2.013161813411812329e-01
-1.703631379764020348e+00
-1.089246532923219934e+00
-7.372931283154129378e-01
-2.087213385476493155e+00
-8.771642814472750960e-01
-2.286432811204682780e-01
7.806704270194888551e-01
-2.547704909406181550e-01
1.532403800415516049e+00
1.360964943433578656e+00
1.832162108069840256e+00
-6.753682333960260298e-01
7.163394749265650230e-01
1.073881998746214483e+00
1.180546508718986587e+00
2.790113913407568647e-01
-8.532275082620686124e-01
-2.209516320349249052e-01
1.008926649587301272e+00
-2.993777965091113935e-01
-7.526712904355836731e-01
7.564039486978398896e-01
-9.440064710384274971e-01
-8.706019865843552807e-01
1.486706318232773105e+00
1.483189290732709054e-01
3.369562142953108630e-01
-6.793434397380613277e-01
-2.260438587266304644e-01
-2.671843149665206196e-01
-2.336776291193141952e-01
9.287257420718582068e-01
1.946386002948500421e-02
5.068632131852739420e-01
-1.467457246926680003e+00
-1.503553616938846371e+00
-1.213044867561824613e+00
-7.785317444775723406e-01
1.300930638108618531e+00
-6.704030258918869389e-01
-8.105421999795650034e-01
4.275652934815651895e-02
-1.844978698833623088e-01
1.010433486109240109e+00
2.819290505069503849e-01
-9.313586476750916887e-01
1.673036274700114567e-01
-1.568895010337847951e-01
2.255453945351015843e-01
-1.003944124480983913e+00
-2.856524545873779242e-01
-2.928588465225205328e-01
9.728386738680829815e-01
-6.896473242861861364e-01
5.488961103851653922e-01
-7.677905518266391061e-02
