-5.317570081508230517e-01
-5.799130368254423740e-01
1.246356398717917369e+00
2.077226846742527555e-02
7.449866000310334524e-01
-5.511316665479094601e-01
-9.119536529030531913e-01
1.131508281053069220e+00
-7.806535601569321026e-01
1.793318845637704717e-01
-8.002405949103075233e-01
1.086127944480173246e+00
4.956913833719104323e-01
-1.463303704806971917e+00
9.652179178902797752e-01
-4.556367253977331444e-01
-3.504532585923614829e-01
1.323717832725575527e-01
6.045172540878022138e-01
9.047996701860486213e-02
4.032611223066868145e-01
-1.626030627846735133e-01
1.068532769771687735e-01
-6.357487749574792790e-01
-3.134309552717405578e-02
3.913938645981456799e-01
-6.713028977051435087e-01
-6.969915731454573438e-01
-4.938673135010766546e-01
6.106223181957584067e-01
-4.804844455560891570e-01
-7.029014141547251793e-01
-2.857002664160336880e-01
-2.748821771878304232e-01
4.659033681760345047e-01
1.140680429071773416e-01
1.155598944571827325e+00
2.436410390096499234e-01
-3.599730447202044159e-01
-1.380067932019906962e+00
1.812554412332235132e-01
-5.347450692602746525e-01
-1.118392354044759784e+00
-1.405300845804832166e-01
8.077919886971920427e-01
-1.223439726046002540e-01
-2.605892761797063972e-01
2.785085135090024089e-01
3.757664035766060673e-01
-8.670864226001396835e-01
-3.299318016080701188e-01
-7.064559696862521276e-02
-9.860624469876930753e-01
1.738941173123058348e-02
5.268905653656017485e-01
1.118051242233862874e+00
2.367885134506199918e-01
5.891925062119036660e-01
8.063757140556969683e-01
-8.421597192609540095e-01
8.287543592114905433e-01
7.858217506959256360e-01
-8.868492364483070434e-01
5.624435962971070513e-01
-9.634521234975798043e-01
-5.478895547825073375e-01
-2.637851142030855911e-01
-2.934581109537093280e-01
-4.823004652183254803e-01
-2.680803663560325512e-01
5.329319468716681163e-02
-6.892074854955081431e-01
-3.855818869070600785e-01
-9.232361042287523523e-01
-1.056690071389897317e-01
-5.178073280631316777e-01
7.248944765800049428e-01
-4.172944970153164568e-01
-8.296882508391472122e-01
-4.575155346374994991e-01
-5.909550813563816396e-01
-9.651910730413277850e-01
-4.258736195013476111e-01
3.239201430775133228e-01
6.826350101887578292e-01
-3.494657520904587145e-02
1.018739261715052358e+00
7.411679270398072172e-02
-5.828321432591193618e-01
-5.061814154943136135e-01
-2.038323141774178726e-01
1.008934278321603095e+00
-2.311879143981302731e-01
-1.156594210658920874e+00
-4.411284700454609631e-02
4.103430758673813350e-01
7.046793903945252069e-01
6.411511905116096255e-02
1.001016265457213006e+00
7.775077657588445046e-01
-3.269973107090700659e-01
-3.075715480120475021e-02
-8.922880636594238135e-01
-3.145649624784966902e-01
-6.864618294749476046e-01
-7.075275012132135888e-02
-2.009152743013624121e-01
1.146870720239427488e+00
4.998239141741505631e-01
1.142912182235940044e-01
-2.687511452663945977e-02
-6.405711328636638502e-01
-9.141877723218466700e-01
4.843492071964046186e-01
-1.212794702865402363e-01
-7.091611173512017974e-01
-3.862250843478193252e-01
5.000187351907678379e-02
3.887725701926552091e-01
-6.814039544480868793e-01
5.454218535935556611e-03
4.837504770616762872e-01
-1.108115297520639420e+00
1.812110449694324665e-01
-5.490627853574064215e-02
9.004064238066294967e-01
-8.441875965373515367e-01
3.600760087700389800e-01
2.198932784106752414e-01
7.863389483798827184e-01
-2.450804417979738359e-01
1.053396420725724314e-01
-7.779554318916530598e-01
-6.573503956725872399e-01
-7.408573312401484090e-01
6.676060129306768953e-01
9.187355870232349897e-01
-3.901870420095485126e-01
7.539992679668225950e-01
9.280804937599438365e-01
4.574799937230745739e-01
-3.195081235330493596e-01
1.970355354555205774e-01
-6.680142824414189162e-01
1.715679304969327523e-01
-1.276578333162136314e+00
-1.554704432306018014e-01
3.036212512753631576e-01
-5.935893066341434432e-01
-4.571404443526562167e-01
-9.369713940274040365e-01
-8.413197711314732707e-01
-1.727777345515484342e-01
1.135209531536665928e+00
-7.025665069662050399e-01
1.234897965381607510e-01
6.111935511108806951e-01
3.856048563257992168e-01
-6.514700380222470111e-01
2.852116321613619720e-01
3.076638842582215538e-01
4.999073982587368126e-01
5.098353007796447844e-01
-3.779884327535413258e-01
7.054935302034698319e-01
6.321080321642287281e-01
-1.383338720733963800e+00
1.095556527246359435e+00
1.027540345858661386e+00
-5.143959588009064943e-01
1.243780064223339310e-01
-1.829343070004627037e-01
-9.201586540235877631e-01
8.752307953961127041e-01
-1.151531639753916147e+00
4.232337664200987171e-02
5.035074901378171486e-01
6.309331510626907669e-01
5.111915118322961638e-01
7.501366883976596789e-01
7.837861836877403343e-01
-1.646340374670283713e-01
7.096101253883482229e-01
6.376793194555239186e-01
-7.092384897375103581e-01
-8.254338324370067426e-01
1.695031816556997195e-01
-1.851919434983267942e-01
-4.139892255613110694e-01
-2.036896225110376990e-01
8.043355484007735923e-02
6.486752436417647649e-01
2.501038443525967492e-01
-1.078905980919619145e-01
-4.658204832781203120e-01
-7.331810480668138341e-03
-1.071664611330513273e+00
-2.493843136244358882e-01
3.413626298804899872e-01
5.889998382883968042e-03
1.066635531976001028e+00
-7.702686303164604231e-01
-7.073445348830635915e-01
-6.226659103668439332e-01
3.213161823088814817e-01
-6.278693323523221181e-01
9.188495421201696711e-01
1.968083691496194665e-02
3.407652211169858725e-01
-3.404543487631754850e-01
-2.383414924102629229e-01
5.251473851640817703e-01
-4.895206053459444928e-01
4.734413095524863668e-01
5.881342012391475027e-01
-8.126389143795389458e-01
8.547783702923192894e-01
-6.821693850106769208e-01
-6.564294640484276133e-01
2.395713547678450794e-01
4.549104185979442327e-01
4.539093476323098342e-01
-9.359309536216247061e-01
-6.848578305119575882e-01
-8.340445245692437171e-01
3.866439998175761894e-01
-4.862276090802638562e-01
-6.084079987370059062e-01
-7.550860565160166793e-01
-2.607433631856239664e-01
-7.416445600748911016e-01
1.076400085307294141e+00
3.603694435913559757e-01
-1.043068060004778419e-01
6.287733645875474009e-01
-7.872215190936576734e-01
6.652386580450639908e-01
7.786803476656150025e-01
-7.831676429910420234e-01
8.477440214357281900e-02
-3.845254416083946358e-01
7.378899234701468135e-01
3.316838408606505584e-01
-7.613633158660740863e-01
6.355181232975466443e-01
-1.301009742626839660e-01
-8.245518041259328745e-01
9.179222152768565929e-03
6.432860417192277636e-01
-7.043842527748453985e-01
-1.840763683714394250e-01
-3.667977409436729008e-01
-1.354669633341102908e-01
6.876247007413351930e-01
-5.764839692338843413e-01
8.037948004577288863e-01
-5.723871485190569208e-01
1.793965064666211418e-01
6.950673699731483302e-01
5.244457184836277541e-01
7.784157170592848063e-01
-1.353326069088168992e+00
-3.523085621331608630e-01
-6.284599331567646274e-01
-7.137209248171187959e-01
