1.537861175283308512e-01
1.603865917789617956e+00
7.570614856206421273e-01
-6.957558172971347599e-01
-6.378243558708504013e-01
-7.082820723770563154e-01
-3.439478058188709664e-01
-1.278986742762812101e+00
-8.827630949218033818e-01
-7.098551136477548873e-01
3.607492596820471853e-01
-6.439616425821675927e-01
-1.840025781998637644e-01
3.021470791661735600e-01
1.154728041632412605e+00
-1.341546724028416460e+00
-8.719508481352125639e-02
-1.508103225310330364e+00
7.782013987345401951e-01
-1.932387641589978777e+00
4.003638560127211754e-01
-8.813936086236602296e-01
1.333851110767134251e+00
5.298129859590667845e-01
-1.312308025420179769e+00
1.399093674370329943e+00
-7.703541258562259797e-01
5.113205992273841538e-01
-4.773249894714388930e-02
-1.267423048521337803e+00
5.942195834322390180e-01
-9.361024563609033899e-01
6.752352810636783609e-01
6.612043516876225935e-01
-1.274822094062090683e+00
5.361992322893286422e-01
4.959783228046825698e-01
-9.066687391920398298e-01
-4.710546879013723376e-01
9.456172874027262143e-01
6.208339578004118398e-01
6.525567865484958874e-02
1.198808981553397990e+00
-5.384560024210240936e-01
1.313187137891653977e+00
-1.481828688297485819e+00
-2.333305278674082661e-01
1.563448009366173175e-01
3.382602954364727910e-01
-1.139001696478677689e-01
-1.068465548329496695e+00
-1.299089547901983166e-01
-1.648819117086793851e+00
-3.498913808764707589e-01
1.376859885876484446e+00
-7.690250688445157135e-01
1.251237231526463045e+00
-1.141516565393448257e+00
4.700038679248492168e-01
6.535485121889675897e-01
-6.739494372290087965e-01
5.672216221313037821e-01
6.040968593503218687e-01
-2.659435452068555916e-01
5.454741972031518227e-01
-2.578197402957413953e-01
6.333156619938311582e-01
2.357703124290617125e-01
-9.127488958589086154e-02
-1.007818841870250948e+00
-1.170604213961791817e+00
5.477308928112936126e-01
-1.169801286112128746e-01
-8.938000723903456457e-01
-3.252468320835301685e-01
-1.230956703281800291e-01
-1.032066213262246290e-01
-9.129046871313875045e-01
2.102981198796745679e-02
-1.171363327729636028e+00
-5.983231140324981601e-01
9.155257020804385970e-01
1.649189030405255052e-01
2.241036754652823704e-01
1.101303649623727399e+00
6.740944550682371750e-01
1.007536126279764854e+00
-3.270559574897008437e-01
-9.891317278751812214e-01
1.514570677673621191e+00
-4.987036903382060515e-01
3.148500896476092437e-01
-1.968637184703778409e-01
-3.392754511947806972e-01
-3.242215373532479350e-01
-9.245718518378383266e-02
8.432548340447226787e-02
9.218635055942803191e-01
-9.397600360137818853e-01
-3.438077348332650995e-01
6.165300391191504970e-01
-6.201882233410752621e-01
-9.106866993685305278e-01
8.997738815756138875e-01
7.502192962281620803e-01
-4.035563541921999287e-02
-1.509387225558576073e+00
-1.577059094136701312e+00
-9.746614859039461898e-01
-7.743332374091358439e-01
1.669936397597316102e-01
7.508068719455411877e-01
2.277578217999722682e-02
7.893482707568416634e-01
3.390392171328204807e-02
-1.379405215249293271e+00
8.576567586751755456e-01
-2.201615732256210767e-01
-1.286503265422128450e+00
-1.162425561638377181e+00
-1.295084785840100006e+00
1.292315838795498273e+00
-3.139653032769761376e-01
-5.260144771517796247e-01
-6.145577681104206214e-01
-4.941447235601026389e-03
7.763130671257671978e-01
9.174280260876073179e-01
-8.740083498927131433e-01
-8.170519645589435775e-01
1.123703327580965805e+00
-8.538830884202603944e-01
1.710572324032574087e+00
-1.885552301874058534e+00
-1.378674042794461929e+00
-1.208753601541418199e+00
1.835222623638901873e-01
-8.343154666537695441e-01
3.774442776059615534e-01
5.418373408398223789e-01
-1.192628145547002250e+00
1.263155047397828579e+00
-9.590982745676970289e-01
8.876512012252719686e-01
-1.559988826537766493e-01
-1.811505878011562265e-01
-3.900148993024548094e-01
5.355103748614861159e-01
8.524564704838549778e-01
-1.711276542985060933e+00
8.326321709048456476e-01
-3.707097557961918644e-01
-9.369562473503996181e-01
-5.030398653953154220e-01
4.639348193290492306e-01
3.997497481986610479e-01
-2.227319945562140635e-01
-1.828911156385471637e+00
6.222619630727633799e-01
5.220709059743691149e-01
-7.846553614803737364e-01
-4.668645604580780040e-01
-5.624805169450188824e-01
-2.485752287351302159e-01
4.016138820786553376e-01
5.706435603221364783e-01
1.223940353065557263e+00
-1.198791958882266862e+00
4.435737023130302825e-01
8.842995544027673072e-01
-3.336406221280521223e-01
2.919021202052242137e-01
3.101609842845426401e-01
-4.134042062196736089e-01
6.982388000105510528e-01
-1.252247257972465277e+00
-9.220635083248339692e-01
-1.028707788752479257e-01
4.620058193727444862e-01
1.239717044786054823e+00
5.344155017753848824e-01
1.084216765640613894e-01
-1.859480073683379420e-01
-7.083353510026202393e-04
-7.802615552696167134e-01
-4.047755915997210407e-01
-8.204599193584819483e-01
1.259843232112549949e-01
-6.444546620548379234e-01
-3.893265873577390623e-01
-6.602535240973508301e-01
-1.536546276949366963e+00
9.725996323497099194e-02
-1.077327947659451723e+00
-7.549146546006969549e-01
2.450805886679258694e-01
-9.027652738082721229e-02
1.551601206406238997e-02
5.914439140040583798e-01
-6.343801723794683101e-01
-1.491621278398651551e+00
-4.515098411964541536e-01
1.536453609354034855e+00
6.321145645505874544e-01
9.009362756631278391e-02
1.660012037469301704e-01
-4.487623326316093619e-01
-5.690783367622258559e-01
-2.290127454394169093e-01
-1.094207435712436505e+00
-5.035607860519801804e-01
-9.684683842144755639e-01
-1.209920138378230092e+00
-4.191139592751578213e-01
8.425226430403665034e-01
5.488845341540038447e-01
1.716843543451699317e+00
6.125418633154358083e-01
1.090353723171561540e-01
1.130418259312967466e+00
-1.753380319139085652e-01
7.982335565442094660e-02
1.233654791812219820e+00
1.021036774031953920e+00
-1.032210318394161996e+00
-8.786447589631496413e-01
-1.314175861817490354e+00
5.117459989135249021e-01
-4.004013872195899548e-02
-1.133170616396600439e-01
2.955007661110357620e-01
4.474230748843460725e-01
-7.779494058926348377e-01
7.392461375734434847e-01
3.544760477633289164e-01
2.341483871078212098e-01
-3.963771036363682443e-01
-1.053936149805662525e+00
-6.844838746489469994e-01
1.737313826305657005e-01
2.744443038152809544e-01
1.981317446543530703e-01
1.517273267752859978e-01
1.748202419375538552e-02
-1.015310718001231738e+00
-5.237423384460060394e-01
-4.027937341373529212e-01
1.593532529035396994e+00
-6.484581901260189074e-02
-1.169580103813061100e+00
4.165977599206369675e-01
-1.436461447936491775e-01
1.802869421355161261e+00
-6.910850398165645503e-01
-1.876931056118135710e-01
-1.419183700409814286e-01
3.460693142997894323e-01
8.301451781196610424e-01
-1.082781706803542132e+00
-2.378444191653783513e-01
-8.916423144032686876e-01
-1.500953603747678944e-01
-3.365052234666734976e-01
6.743134498400544796e-01
1.072922433527423225e+00
