4.395440425658865835e-01
-5.654697217006596222e-02
-5.670524230106471775e-01
-1.653793681139702043e+00
-7.248587516163454980e-01
5.365824612203920485e-02
2.936705312320220251e-01
4.203437705138084457e-01
-4.018288937446218290e-01
7.650455742947288584e-01
1.331791759576537726e-01
-3.132562094548212994e-01
5.469237195007661256e-01
6.167068172633768386e-01
3.913289796382931063e-01
8.495939018250898700e-01
-1.271290649258826955e+00
9.338809182309749657e-01
-7.451394449372106266e-01
-9.800576672216690932e-01
-5.002504557514186878e-01
-6.550453482225295776e-01
-4.817389147291029072e-01
-1.813449439265200913e-01
4.170875080243188204e-01
-2.258335748894154948e-01
-4.796875509494399337e-01
4.034605920928940881e-01
-2.534115549538376033e-01
-1.289968812923247832e+00
-6.498160947869467963e-01
-1.863529708998143408e-01
-5.692294372291805127e-01
-1.001958198237762554e+00
5.070642844923256565e-01
-1.032087963739903858e+00
-7.243156374557262467e-01
1.124001144625160764e-01
-1.863051951110554494e-01
1.711373953732843733e-01
1.802521952616908674e-01
-1.071272259981046332e-01
-3.039468842086191502e-01
-1.158525533009887365e+00
-3.026853835553602878e-01
1.089715626720615615e+00
-4.554055407003618772e-01
2.310401896149164858e-01
5.940437445201602884e-01
-1.464517062974191597e-01
-2.972043547568984923e-01
-8.878559607518666796e-01
-1.440352527724193810e-01
7.494086381652717010e-01
-5.889707259516646642e-01
6.914471265595000249e-01
-1.247981010624657827e+00
-7.984166792619975528e-01
-4.134679177873820666e-01
-1.361739061076454038e-01
2.818981484365997714e-01
8.651540423843235850e-01
-8.603918498105131984e-01
9.119607346828181305e-01
-5.117020940902362591e-01
1.225608829030031544e+00
-2.947100177385642006e-02
1.603955164461151828e+00
-7.069037233624406724e-01
9.149293912233884551e-01
-5.527243126026859521e-02
-4.093594726010916784e-01
7.662775980302284351e-01
-6.080110924626398461e-01
-6.904002982203536476e-01
9.726346182151526243e-01
-2.702508354994056505e-01
-3.066925548072083618e-01
8.000639278180672331e-01
-1.130372391911147023e+00
8.843073107596639559e-01
-2.603472176993936182e-01
3.885164174851493679e-01
-7.278754418927180225e-02
-6.398674757227029719e-02
-4.294491095038424633e-02
8.073499540146023001e-01
-8.009058741691353900e-01
4.941548205849043973e-01
3.717894351893378246e-01
5.092313285586632654e-01
1.413381326785042358e+00
-5.950755968681759045e-01
-7.896742582007801325e-02
-4.285571048536532257e-02
7.197779475129084670e-01
-6.300156695725279699e-01
8.323630366097920508e-01
-5.647925852193077523e-01
1.070068807310216030e+00
1.052101367534797438e+00
-8.972615328546620361e-01
1.508468905585122144e+00
-4.335734193293783734e-01
1.357730267257277523e+00
1.005209293136156257e+00
4.437037805425229631e-01
1.134307348784222347e+00
7.282447359578210211e-01
-5.015754545642203688e-01
-4.130555620185702437e-01
-9.781654725920477800e-01
2.226876465870220034e-01
1.845516706118875416e-01
-5.349759006266724404e-01
2.816357830426205466e-03
-9.685382343010597861e-01
9.335363102070828312e-01
-7.160342058984012770e-01
9.942624375932056502e-01
5.829041627288522598e-01
2.379628756698396186e-01
-2.588852234646573658e-01
-2.736556820109721233e-01
1.194683430275379765e-01
-8.394992923549166042e-02
-3.761602611791217687e-02
3.128623321329225271e-01
4.008213068927852785e-01
5.471659437435754114e-01
7.988543665493770263e-01
1.644658794284414305e-01
1.536833792905203944e-01
-3.092499271968187635e-01
-2.262080434750435298e-01
6.823229648938280434e-01
4.992430426663302390e-01
-8.004520924955585981e-01
3.630598438237372383e-01
-6.787368322365734397e-01
-8.046507771344265647e-01
-5.014990977490622059e-01
4.048128655916271024e-01
-1.936360126687211858e-01
5.147908032923558252e-01
1.095794680459681869e+00
4.574915796927956357e-01
-4.242198097666737278e-01
9.128722699158242637e-01
5.082701968661647030e-01
1.090325449622422394e-01
-3.595371199179334676e-01
-5.002933665219149173e-01
5.723492476583377231e-01
-5.297294455118560785e-01
6.759253338436863601e-01
4.635522954028810649e-01
5.563500981110718335e-01
-3.008081332999122948e-01
-6.768514571575651173e-02
-1.225458277007314134e-01
-1.175804974691226690e+00
5.180257947181231559e-01
4.102616734638965812e-01
8.820804573413800753e-01
-2.933593949193673001e-01
3.629462884353254482e-01
7.485341478372029567e-01
5.396380813818112410e-01
2.976553522019137477e-02
-6.041960980178986418e-01
-5.969809572424091826e-01
4.600963989178196156e-01
-7.882833865734678591e-02
1.678853621096104476e+00
-4.227925096807284566e-01
1.556310020238296232e-01
5.522690855800620469e-01
-8.238144942539243898e-03
-3.300909205006080649e-02
-5.857548513534635015e-01
5.069319046443286902e-01
2.983270892509802819e-01
5.300420789904982666e-01
4.581761218990176299e-01
-5.215191958496285807e-01
1.099834121063088865e+00
-1.585347532108236090e-02
-1.274776257733224449e+00
-6.579290342981963802e-01
-2.766712492202160201e-01
-2.811380112042606572e-02
-1.179860107312846962e+00
-3.400219169608001968e-01
-1.330969669404685751e-02
-3.337144148991917914e-01
-5.954058401412485324e-01
-1.559446107457932718e-01
-4.019765387006577484e-01
-2.230983589994349203e-01
1.165724389947261214e-01
-7.245071111550780429e-01
1.262938235648686014e+00
7.035855330293251664e-02
1.792351457862135511e-01
-3.794207570333205104e-01
-2.779656117723041109e-01
-7.082128403943423189e-02
-2.347118977427236630e-01
3.725853849860383260e-01
2.161088825068438468e-02
-1.147709124093697852e+00
4.071975799302118837e-01
-2.567165889596573214e-01
3.530274835909522069e-01
-6.150386105694927164e-01
-8.773562429909874671e-01
3.197774374061502778e-01
-2.791275940028705715e-01
-6.337657454854405126e-01
-5.513582180855423065e-01
-1.207285756387764586e+00
-5.771619060220244402e-01
9.610319954182345858e-01
4.408764662429965897e-01
-3.328719335614788721e-01
-6.176908506736467075e-04
-2.944100874675045776e-01
4.742630022608318452e-02
-8.077743860960955313e-01
1.040883383690383579e-01
-3.567893802857811658e-01
-8.530426196868667876e-03
2.823829730605062482e-01
2.487846600557769294e-02
2.449498804855840817e-01
-6.483600664585950635e-02
1.204297821750432707e-01
6.253845152402862095e-02
5.521713512262442780e-01
-3.762997932353406849e-02
6.792765882156437396e-01
2.958362660713086401e-01
6.995359494192429084e-01
-6.122352436139807397e-01
5.485963092449348544e-01
-5.044049780969399599e-01
-3.975776278741592340e-01
1.367042209266472463e+00
9.979001605414338227e-01
-8.353165006794697200e-01
-6.269565139052215574e-01
-6.852328737089323774e-01
1.241709486842729859e+00
4.583423501850238391e-01
2.187908287228516602e-01
-1.011893333892454283e+00
1.439560527508705057e-01
-5.782478581717220845e-02
-5.408154086562416696e-01
5.660289987151976288e-01
8.096043296740215722e-02
8.443349096620488270e-01
5.460746610166530290e-01
-7.416446471422037945e-01
