-1.114558390477433214e+00
-8.065467331029152476e-01
3.654574536131532936e-01
-5.863050131566811540e-01
1.824659054696389782e-02
-6.362633494860553407e-01
-3.242400087728710689e-01
1.188694533687083554e+00
-6.137602224755678293e-01
-7.707916218676258424e-01
-2.604876100400742578e-01
8.569450366729391977e-01
5.505162627885999971e-01
-9.280985476710041926e-01
1.185808835881572376e+00
-1.148493032925462093e-01
-5.751717359049846046e-01
5.944593363351210469e-01
9.112081290130308320e-01
-8.706708408684500355e-01
2.389459256359260653e-01
4.074486052126927854e-02
-3.902180527007952787e-02
-7.050832521047341039e-01
-2.045770306858699095e-01
6.851934985349047991e-02
-1.393967551931163396e-02
-4.168980967092281720e-01
-5.354591996182274105e-01
3.180651506145191765e-01
-5.056652581878072761e-01
-1.089797323133872675e+00
-7.573062267934282943e-01
-3.246122895766836991e-01
-4.117197018449120227e-01
2.820042653765026941e-01
7.938153484521438541e-01
6.675738851602742718e-01
-5.375761642427077103e-01
-1.147490736126888011e+00
3.597291137801393313e-01
-4.286992770722342083e-01
-8.287085048707742985e-01
-1.423933332336149715e-01
7.884098924107612039e-01
4.073458828704819568e-01
-4.363458835778302181e-01
-1.596043933199262077e-02
-2.706020994221634002e-01
-1.010372171594119850e+00
-8.504659380718539996e-01
4.059803466776706893e-01
-9.479303169552877328e-01
2.128693114333652936e-01
6.875754735309166366e-01
7.930379463321601818e-01
4.483770704265572227e-01
7.383722327618531533e-01
8.316067146711019209e-01
-5.749168948373413190e-01
5.466871926787227054e-02
3.214090334785263958e-01
-7.449204402768982991e-01
4.788166518083966094e-01
-9.181713431231959266e-01
-2.360116180287248344e-01
-3.717226861228974943e-01
2.936793939696823452e-01
-8.660157197794527972e-01
-3.245837282489366649e-01
-9.837126344954807977e-02
-5.600826663676002903e-01
-1.957809419491630676e-01
-1.088307227920028097e+00
1.836784742668979287e-01
-1.974300312081371245e-01
4.843938260169698418e-01
-2.659509273012753416e-01
-4.515313864348723394e-01
-2.940233457210602031e-01
-6.638557574961690966e-01
-9.009641639627092857e-01
-1.967561054128975917e-01
4.753704838396364263e-01
6.309070525759915560e-01
-3.964641512033110216e-01
9.503646420226750102e-01
4.674797135549951799e-01
-2.830087026863103983e-01
-4.156572882709331784e-01
-1.045259785087164106e+00
4.550092540147769871e-01
-1.388484839019097639e-01
-8.491498418480232235e-01
6.964311276437535891e-01
3.634678602428018102e-01
7.964584117109442252e-01
2.520100984704140012e-01
5.977549747762139765e-01
4.731817258941350413e-01
-2.034600301047392312e-01
-6.158421303661459900e-02
-2.519143122780436728e-01
3.174602448267682675e-02
-3.855756511710394241e-01
-6.064183160035398201e-02
-4.921215404249740244e-02
8.702507955427457587e-01
7.336972104207313272e-01
4.573355230032288832e-01
-9.272404213303518661e-03
-4.670983861056238196e-01
-8.558092270555759384e-01
6.200188511623741516e-02
-3.755338211206448173e-01
-4.041761668661720819e-01
-5.954235580762891056e-01
-8.148366249905167336e-02
3.401607384015206681e-01
-3.947963946723890838e-01
-9.175123038253840679e-02
1.002932342599769933e-01
-5.961527142740681295e-01
-1.123868293112942895e-01
1.151051037419262152e-01
8.224527775839870491e-01
-1.115931138591375049e+00
4.484117657351509023e-01
5.511468731003145161e-01
1.029715664275696163e+00
-5.839560218055424023e-01
6.208332679552802658e-01
-3.463902281049569543e-01
-1.184282414461927058e+00
-6.095551139277636254e-01
8.881953236155426534e-01
5.429294108948777842e-01
-2.746282223493509145e-01
1.015514950427719665e+00
7.242706899192946635e-01
8.990790896868243731e-01
-4.211891422833092813e-01
2.072398546653113349e-01
-1.016968611817785195e+00
2.203777550183281253e-01
-6.313318815594277655e-01
-8.480973511676246357e-01
1.708485227081168178e-01
-3.984277195896833712e-01
6.426461132227771766e-03
-9.643333876256132697e-01
-7.991973197752189062e-01
-1.318698049750361700e-01
5.503415880432869223e-01
-1.101726054369871338e-01
2.031467559654935306e-01
6.426048766543749347e-01
6.976486601721946235e-01
-1.061073295583079279e+00
3.557418159150537162e-01
3.863565046656329272e-01
6.583086771295539041e-02
7.505052730722977516e-02
-5.942467624864032905e-01
1.003378909584882406e+00
8.146014884184302751e-01
-6.925021914559810199e-01
4.737309406376480347e-01
1.023759460388722342e+00
-3.051261204661342430e-01
4.791957179984483728e-02
5.715672481546843486e-02
-9.802055853007640707e-01
6.047396530439801410e-01
-8.680010666988102752e-01
5.853350265191409330e-01
1.007539432453918415e+00
6.007430512296774161e-01
4.817091940322096866e-01
1.081477177261945588e+00
4.005581257688104468e-01
-1.320412060238823626e-01
3.646730201146782258e-01
3.804609262796745939e-01
-5.484111699139420093e-01
-5.432210568956257202e-01
3.894186606487474167e-01
6.662682833908604996e-02
-8.631635376077317900e-01
-1.497230891741181957e-01
-1.103799058520914533e-01
2.647995323200955653e-01
4.788268565588901793e-01
-3.285910335098796153e-02
-8.793899770749458167e-01
-9.482894781786180283e-02
-7.593053292381953812e-01
-2.991000900074793911e-01
7.488471014785372804e-01
-3.974906104750765001e-01
9.239857943916198746e-01
5.314459738339921691e-02
-4.218788603759114353e-01
-4.082556472057374264e-01
6.628332839462669490e-01
-3.504021685645025141e-01
5.831069886129305324e-01
-1.824877785062785085e-01
4.062928933756504990e-01
-4.048733713694113723e-01
-3.396114151677206427e-01
4.235033453697281125e-01
-1.662059052924363955e-02
5.725102388921576857e-01
5.186044825798508118e-01
-9.536819502553769978e-02
1.136643889448222922e+00
-4.873051122607572339e-01
-2.610870252743440201e-01
3.329977610281975586e-01
8.957571151749497140e-01
5.441765510286303842e-01
-1.117457752794999593e+00
-4.198803084395543728e-01
-1.365260212345989599e+00
6.954373145097342279e-01
-4.996179763708968324e-01
-3.601904447774212370e-01
-3.045133167464113000e-01
-5.815702117606086352e-01
-2.060262885855399240e-01
8.997931988052820795e-01
8.071063941627915073e-02
-6.038918920559847858e-02
1.136755201366239199e+00
-1.417442332507111935e+00
1.788029214597243455e-01
6.482741280279582519e-01
-9.425802321348275559e-01
-9.772434388359141355e-02
-4.225280153946504025e-01
2.626719081368567577e-01
3.931333731788123065e-01
-8.147740517026832441e-01
3.658889942425855857e-01
3.514864484465619610e-01
-6.003014559959115592e-01
1.572428302695808577e-01
7.588819145802190302e-01
-4.016927917590392694e-01
-4.229088652178734087e-01
-3.244709651555864882e-01
2.317190314785899374e-01
7.231202706302379823e-01
-4.820099779929011841e-01
6.880618723589223551e-01
-4.052698509391891024e-01
7.364515571509773206e-01
6.952511421317038032e-01
-3.443003985211104401e-02
1.141406226463663298e+00
-5.411525149333754614e-01
-7.122773539995405079e-01
-3.427535863064377630e-01
-5.180718303524280977e-01
