-1.306681360036785478e-01
-5.470423506531000291e-01
-5.194091369715022610e-01
-7.582685951798688873e-01
-2.633982102450995177e-01
-3.817331514176187657e-01
-3.854910896713665824e-01
7.553680949001353451e-01
-1.468176814081687320e+00
1.179032469407475858e+00
-7.143920925284930057e-04
-4.088675001254847563e-02
1.167393742240024235e+00
1.065293803991373744e+00
1.173660942305433386e+00
-2.415408612102070141e-01
-3.161500550549238286e-01
4.566605246021225861e-01
-1.346842496165063352e+00
-1.689675496332650129e+00
4.582761412096084119e-02
-1.178742517706990345e+00
-3.753725285696252745e-01
-1.028391425278057658e-01
7.270591531917103278e-01
4.594969720541910441e-01
-5.482496091053803422e-01
6.121606454750115611e-02
2.139296836003080904e-01
-7.009680036293628458e-01
-4.683265257933204029e-01
-6.139428358645758754e-01
-4.319554707157484130e-01
-2.458695392760976151e-01
1.904408722845835622e-01
-1.267843481313863929e+00
2.503856849487481329e-01
1.621251959745294291e-01
1.226331072074277606e-01
7.032552312275230921e-03
-4.605329824486567025e-01
-2.196484391826877269e-01
-5.065671290244572189e-01
-9.717261544919818528e-01
-1.476332692333859886e-01
1.509185225839459576e+00
-1.315492896071742690e-01
-3.649528667931653536e-01
-3.802107363057293660e-02
-1.262149832725950160e+00
2.517741371751963664e-01
-6.516223879251040740e-01
-5.216568779773395059e-01
7.850331903009640788e-01
-9.455725346405001730e-01
7.388412632736529595e-01
-1.525729129954327856e+00
-5.430385380053428523e-01
-1.192097729044104604e+00
-3.466247424788373444e-01
6.326868790902588913e-01
7.068985524587263480e-01
-8.761102311131179210e-01
1.482388176897705190e+00
-2.525105115259150823e-01
8.982806749831799831e-01
-1.436367663781450699e-01
1.253922374840742648e+00
-2.258758341664841018e-01
9.060606234087558164e-01
6.387711605630088663e-01
8.086920714707401814e-01
6.011857972587195675e-01
-3.571492607342732217e-01
6.790165734266245812e-02
1.662252295808115843e+00
1.267211330975083206e-01
1.079558545759897181e-01
2.353915960515114980e-01
-3.929751695344970153e-01
3.114558096108381857e-01
-4.388312860414110839e-01
1.146446646206588316e+00
-3.449716171770795259e-01
-5.175712688259882510e-01
2.927789773794437500e-01
5.768316778195832217e-01
-5.580517116182457382e-01
4.853756602464875392e-01
8.173271549328551266e-01
4.631148896557818473e-01
1.964031249951461611e+00
-1.047895713675044638e+00
1.343907941983495669e-01
-2.531366137469798910e-02
5.211618916386927536e-01
-6.007766500181790925e-02
1.614637456737315069e-01
-5.534139528547309395e-01
4.437756320518475572e-01
1.069356704801039282e+00
-1.644636850750675894e+00
9.574866542362552302e-01
-5.051805167664994434e-01
1.246263752103095257e+00
3.438229490370089403e-01
5.984078652120640163e-01
1.004460049216386652e+00
1.076497150287958893e-01
1.722629523281041242e-01
6.437254907746527977e-01
-4.768120792566043487e-01
5.786531071613237875e-01
3.933907108534699382e-01
-1.456511102513744771e-01
-3.025569346996467290e-01
-7.682651890227378821e-01
-1.247395748543547178e-01
-4.369831061744715583e-01
-2.516919084150209263e-01
6.574778042143522017e-01
-9.941460354705208835e-02
-1.771138363210206235e-02
-1.619642870386069355e-01
-1.767424874007658686e-01
1.318425634859459739e-01
-4.827104566170198341e-01
3.916625544052342311e-01
-5.454748032185114948e-01
3.673962153617502668e-01
1.188997621796872739e+00
1.202172514834477512e+00
-1.247098866628575803e-01
-6.613336484403476989e-01
4.046016965709809954e-01
4.158468010332163067e-01
6.758762155901592017e-01
-8.350719870407171674e-01
1.219314526689947886e+00
-3.771683222108976885e-01
-1.166417475076130028e+00
6.476467095940825480e-01
6.247330072243332255e-01
-7.225222267823228073e-02
-1.877050250482528160e-01
3.068663586017580380e-01
7.923542385850312897e-01
-7.272088747739754444e-01
3.920352085046989177e-01
8.781737764564530035e-01
-3.070127059231832489e-01
-5.901780923995301187e-01
-6.208193831654083006e-01
1.070287078301679573e+00
-4.253060174071117139e-01
1.838380949691364452e-01
1.800967508743981926e-01
7.125100848098294692e-01
-2.059926576527302267e-01
-1.154128026961089182e+00
2.021989999316276265e-01
-6.989245294222128368e-01
7.383361185194413367e-02
1.045705141775096492e-01
6.708493675180735583e-01
5.438835343736388162e-02
1.001576134787076855e+00
2.194588761892765638e-01
8.145501565642997432e-01
1.852255581472370405e-01
6.220883276321853561e-01
-3.019708272577992236e-01
1.453036730142189370e+00
-5.324092121275982858e-01
1.106421633212625988e+00
-9.908616577581341733e-02
-8.375058471068473620e-03
6.254131616740592481e-01
2.447697480656641500e-01
-2.788992352967420429e-01
2.487284962678035227e-02
2.230485862235103423e-01
5.108386817366860067e-01
9.130263769859129352e-01
8.972978674861383785e-01
-1.119785554730169108e-01
1.278240742683312836e-01
7.518695167116835609e-01
-3.017161315915417585e-01
-5.569203064383171364e-01
-5.472701959947879891e-01
1.754413190296899572e-02
-1.046643258283547429e+00
3.799219996170420943e-01
-9.147098534998383546e-01
-7.901956977266609838e-01
-8.143658526228910732e-01
-5.936835130919062564e-01
3.928239323401973015e-01
-1.366911608073296536e-01
5.319791189978331225e-01
-1.166440697632109336e+00
1.761723235722913783e+00
3.214180511376236171e-01
-1.626172745016012944e-01
-4.848694807292907027e-01
-4.668227114282290091e-01
-2.857940227743431816e-01
3.016531196221167166e-01
8.845558539302519341e-01
-3.181179813991452665e-01
-7.695726433597199767e-01
5.430797333629415746e-01
-4.578667180860137575e-01
9.589437264414978346e-01
-5.154777655355815558e-01
-3.409692161071010696e-01
3.631917053504745696e-01
-6.449924500639941938e-01
-6.969617941124106597e-01
-1.174170949462989721e+00
-6.013778494533486008e-01
-7.392844613802899145e-01
-2.358018528404170755e-01
7.510114806232419671e-01
7.464915372332523447e-01
3.715395357501347640e-01
-6.941134119567728966e-01
-5.401655046876827626e-01
-7.613323089968697666e-01
2.222715961029765042e-01
5.238321207272140789e-01
-3.678214808104601219e-01
-7.034957186291371234e-02
5.699270593996628165e-01
-1.563133230544040964e-01
1.724910881916060512e-01
-1.144203936571433766e-01
7.415206635703774918e-02
8.935090711828043153e-01
-5.365389133477153072e-01
1.038942299724162854e+00
8.541059137123363509e-01
2.338562515416225673e-01
-9.003961725588948140e-01
7.105373136892614294e-01
-2.325764854056876774e-01
-3.436159690377419973e-01
1.212171198540921369e+00
1.451539486265311485e+00
-8.788339095523121092e-01
-2.318770840351568052e-01
-1.008366100449058500e+00
1.322740981705849750e+00
2.594677770441354836e-01
-2.210271003421548919e-01
3.278329330846849743e-01
2.708315144703451471e-01
2.699460976815908353e-01
-1.386155132445569538e-01
2.109755758758225797e-01
-1.176647333870440626e+00
8.661899397998724659e-01
8.563311291318471685e-01
-1.080908047468792654e+00
