7.288688199757502317e-02
1.866874245654923103e-01
-3.501321592575216135e-01
-1.467642498071563661e+00
-7.763961109383266113e-01
-3.243470237615091178e-02
1.332078003091213825e-01
2.878390491184705247e-01
-4.064443311661234404e-01
7.610056309069795910e-01
7.566885862847039235e-02
-2.346256871531874622e-01
6.920304926467329976e-01
5.088300295950760610e-01
9.194629642752155663e-02
8.402097119066844755e-01
-1.269518162685157048e+00
9.894189198198360957e-01
-3.650847812128182879e-01
-7.691365533489618045e-01
-2.767100889768747130e-01
-8.095316195202547638e-01
-5.069724450578597663e-01
-1.948878131033215944e-02
7.816337600390397267e-01
-7.150067292865794344e-02
-7.031658084983467560e-01
4.635484535370760217e-01
-2.830434418163415011e-01
-1.027689693066161203e+00
-6.794066334227407689e-01
-2.215845872912855230e-01
-3.763409659069019697e-01
-9.147388812713538320e-01
1.539393887002927785e-01
-1.120867196172782521e+00
-4.418925932729348971e-01
1.371465931244477687e-01
-3.572366243506508998e-01
2.034924777089830994e-01
1.334260123602654391e-01
-2.017767744080944392e-01
-2.862309249188383364e-01
-9.351642401839289631e-01
-3.221528487180363998e-01
8.996592115953804258e-01
-1.543421135478186546e-01
4.708903882922085282e-01
5.182530320196129248e-01
-5.224882400963259954e-01
2.124008027147900046e-02
-7.797356846432810240e-01
-1.347837920558391245e-01
9.238723367894663419e-01
-6.694354046101717026e-01
5.190678283661387393e-01
-1.171648155125228241e+00
-4.434384437580790039e-01
-5.759263285892293194e-01
-4.540219673644200205e-01
3.871640874941812416e-01
1.212316992514765879e+00
-6.647096576324518225e-01
1.025131205472872287e+00
-6.643124767677592857e-01
1.071754859862155351e+00
-1.939832709794035714e-01
1.651346614619659370e+00
-9.117273397734129148e-01
9.886427996317754818e-01
-2.276624146240344426e-01
-8.284128989025574263e-02
2.281235111768920021e-01
-6.025154312438332216e-01
-4.535648331603505667e-01
5.485020851008888254e-01
-4.075484568340620450e-02
-2.028100970916104084e-01
6.581748113306874481e-01
-6.749615895960041634e-01
5.251576265366728613e-01
-1.808709778004161106e-01
2.343754359804720022e-01
-2.105107378862087486e-01
-6.264764863199232536e-01
1.008600396280625588e-01
5.089252220544817629e-01
-6.431953122108302612e-01
1.870144320624768652e-01
3.238325491324533512e-01
4.171976138927870892e-01
1.121979936363942443e+00
-7.991733546550960909e-01
2.078396767110884114e-01
5.518839053523222349e-02
7.450006317557447133e-01
-3.113310306163838415e-01
3.641201092292586927e-01
-5.388913548428098110e-01
9.861031604049147470e-01
9.742084447369817601e-01
-1.130667589321679101e+00
1.447271935982763713e+00
-5.889571150697551216e-01
1.502653749701645447e+00
7.688059766738988277e-01
5.230946970400174312e-01
1.032803108096469469e+00
5.859752229022922032e-01
-3.115013944858138206e-01
2.721763176071440027e-02
-1.127024688398794661e+00
2.831118702061437009e-01
1.529239128347212318e-01
-4.524548902534916150e-01
1.171711543689542001e-01
-9.256273265454983967e-01
8.131725620667629162e-01
-6.944260371610895266e-01
8.414781138576592490e-01
6.066358778041434086e-01
9.945961847770859454e-02
-1.751812167451459179e-01
-2.954537985508781661e-01
1.289399698591743304e-01
-2.764290962150329212e-01
-1.938143914693122860e-01
3.412467831829484877e-01
5.019317805696342782e-01
8.190719011559588481e-01
8.699693934755445834e-01
4.209407861298201659e-01
-1.721795343944718115e-03
-3.919718894285360022e-01
-8.216585809977802052e-03
4.274469516385426826e-01
3.209006485169828005e-01
-1.182443885087338664e+00
2.679561836370087935e-01
-6.968962136826539755e-01
-9.874607167908880934e-01
-2.521088237445923141e-01
2.206062021400757578e-01
-2.314939200178634526e-01
1.070979302296491131e-01
8.125230511839987013e-01
6.928681360245541043e-01
-5.310561820920929321e-01
9.332701590895193799e-01
5.038293002998098791e-01
1.211496319459005877e-01
-6.465282514256325275e-01
-5.968898618534297373e-01
6.497699955515969794e-01
-6.648644453109899821e-01
4.465922687697591043e-01
5.293307337300283688e-01
1.716717500010731257e-01
-2.134849359203650765e-01
-2.378397711657913027e-01
3.173233559327166137e-02
-8.980711793610173244e-01
6.943988297213571359e-01
4.982481170815298843e-01
5.570033840615522536e-01
-6.755859625763533938e-01
6.335017574824491904e-01
3.808761671958656447e-01
4.319996820575657259e-01
1.516696321353589172e-01
-1.325896090874220667e-02
-7.518649788989085758e-01
4.666238793197345913e-01
-3.726532893978095062e-01
1.527061842998249208e+00
-3.844112637608092520e-01
2.895770175593569418e-01
6.859822985661793160e-01
1.305616718563831213e-01
2.507346126541343256e-01
-5.463486156771640845e-01
2.520119805830973170e-01
8.714411305459163204e-02
6.221415760947284213e-01
5.239542165379890148e-01
-1.978627609907030460e-01
7.146169688069066162e-01
2.318318641274875191e-01
-1.457221163898335892e+00
-7.129206818477109575e-01
-4.202169872975363152e-01
8.682060681085990161e-02
-1.152047954270636554e+00
-2.062414929503315619e-01
-1.728866442702373940e-01
-3.736239402674773613e-01
-6.833166019908675226e-01
-3.630581093052672181e-01
-6.328964077443507974e-02
-1.077469483885437063e-01
1.276080167184854841e-01
-7.167329699460058823e-01
1.100988335746363012e+00
6.007547396177438659e-02
1.003074033116037184e-01
-2.969101626462951060e-01
-3.993065285001465847e-01
9.726817685141588010e-02
-1.312125179502192929e-01
5.869307391931191109e-01
-7.483268255587506579e-02
-9.807011144328742214e-01
5.993090553779729657e-01
-3.345731108576963653e-01
6.810995327331206273e-01
-2.577152547584146691e-01
-9.411983163711887812e-01
2.907620297987063007e-01
1.359214927429588937e-01
-6.070415464599632216e-01
-6.796108396028277543e-01
-1.252763399792262922e+00
-6.223741119812767897e-01
6.048563526935483159e-01
3.943244634563697337e-01
-2.086844384379074047e-01
-1.250082205033064831e-01
-3.941277663436302259e-01
-1.049189154998529938e-01
-8.403160680406005500e-01
6.281816678120684394e-02
-3.637648043263108644e-01
2.618472798593053930e-01
2.132589378452504070e-01
2.897897443401311612e-01
3.325460046161298200e-01
5.449260845287839938e-02
-3.677425869897474331e-02
2.344028592648964709e-02
5.675187886317268893e-01
-2.519529097887672764e-01
5.075652547911890800e-01
5.933499602312444221e-01
4.227338986424545864e-01
-8.642740159557853463e-01
5.706367349707629488e-01
-3.153607285678780014e-01
-4.451707902999821886e-01
1.407363366058476117e+00
8.262432235750336584e-01
-7.937224229614615600e-01
-4.956294166397375855e-01
-9.532359078617429482e-01
8.411215866816513786e-01
7.790221348009035429e-01
-1.580127130881956443e-01
-7.059950870600850692e-01
6.176522361936939015e-02
-1.557193907719138237e-01
-6.122840656997429187e-01
4.772009375131231468e-01
-2.448687568963345551e-01
8.145811564228192525e-01
5.754028967187696519e-01
-7.180474479549975309e-01
