3.475933520703303192e-01
1.745761132694874984e+00
4.904960903935915439e-01
-7.372563012910424707e-01
-4.902050143406832539e-01
-6.396593232611715862e-01
-2.257424724791801118e-01
-1.459326327637183063e+00
-8.979955054734289899e-01
-7.381998101993929584e-01
4.085517893856082106e-01
-3.730858317026449211e-01
-2.870854103776887545e-01
4.259923315200316307e-01
8.067279273540965967e-01
-1.145792285267022148e+00
2.456480718956166598e-02
-1.221583743753437368e+00
1.140911020405311893e+00
-1.951540500385971377e+00
2.279871960864338631e-01
-8.158690782093556138e-01
1.473281780514473782e+00
3.248356306992151166e-01
-1.231684561051495486e+00
1.508383537413440889e+00
-9.645808035449678908e-01
4.318769382500236564e-01
-2.929425005282393357e-02
-1.037601750281967883e+00
7.401040730971625292e-01
-4.166082727205838721e-01
7.200502458984374687e-01
5.796114911165283212e-01
-1.151196197536767274e+00
6.115705198736185455e-01
7.190671886502577603e-01
-1.027525334760759135e+00
-5.519664999221610691e-01
1.040048014933929954e+00
6.297492674959414005e-01
7.150462550595319822e-02
1.442989696250642995e+00
-6.546568583464564828e-01
1.128644123521252540e+00
-1.409964925543542691e+00
-2.259866449577075109e-01
2.095773475232572403e-01
1.879844646541255215e-02
-2.120698691199792707e-01
-9.334035696957920791e-01
-2.453191476476164201e-01
-1.435825872000335846e+00
-9.166899341153841863e-02
1.297910747453568714e+00
-4.321071072017017567e-01
1.468179564181094632e+00
-1.285504071452568287e+00
5.388190476272893825e-01
5.988197482128836402e-01
-5.739329214602667539e-01
6.580645370172069075e-01
5.975351825904732239e-01
-1.606345011239440623e-02
2.201618010677962312e-01
-2.589985360281409354e-01
9.985937172203716017e-01
7.039476397834463217e-01
-3.745080744500987879e-02
-9.309849801089986610e-01
-1.015632892911496166e+00
6.615176863450942246e-01
6.672519322818284970e-02
-8.420183803490723928e-01
-2.325691961069928371e-01
-3.424920624618624232e-02
-1.103231619111906536e-01
-6.937770466068615693e-01
4.137756475246084920e-03
-8.231601160485739754e-01
-7.622734482286142033e-01
5.793877783851916208e-01
2.130059657101158188e-01
4.273527925235000025e-01
1.118469442314840689e+00
1.892608277641754377e-01
1.023849728857590513e+00
-5.391506070670704087e-01
-6.669702598454124720e-01
1.431827682549791536e+00
-1.589435519762432136e-01
4.619021316708054603e-01
-3.526383078180348463e-01
-4.322274130188367147e-01
-5.456314159960160559e-01
-2.166814862481554194e-01
3.872293682859504482e-01
6.815378175184337861e-01
-9.417816211292785455e-01
-3.689554546814900471e-01
7.673877114989152703e-01
-7.442211698577254619e-01
-9.639611228864056747e-01
1.010500263079391337e+00
6.798904855335570208e-01
-1.867774256172599345e-01
-1.205833073158424362e+00
-1.525244271774417015e+00
-7.378710560090049331e-01
-5.199268908494771857e-01
3.006576521824333992e-01
5.756460882077680807e-01
6.945015942973098433e-02
7.273590520163257800e-01
2.776589548080958814e-01
-1.146143359429374620e+00
8.699600386268460106e-01
-2.365761956290174939e-01
-8.962479127580293969e-01
-1.130306119782959140e+00
-1.263925275243461321e+00
1.077349132678059096e+00
-2.730584841452087796e-01
-2.805623006145691600e-01
-6.215600780520997848e-01
-3.996837536058579499e-01
9.196740275261426900e-01
8.826926260693840343e-01
-1.039270777792084655e+00
-1.066860371181954426e+00
7.626274887417583415e-01
-9.203672393890567349e-01
1.493355428198182455e+00
-1.812337353742119905e+00
-1.564451136191606251e+00
-1.185967968414602947e+00
3.637937181853732604e-01
-1.008992129675317928e+00
5.311939728970348495e-01
7.132906398374410095e-01
-7.369721910616322536e-01
1.032582710237986534e+00
-5.953204144506575313e-01
1.121897624975500607e+00
7.427815233901857717e-02
-2.506011403713711561e-01
-3.363778645694720515e-01
2.899851919885215734e-01
9.388270706908099505e-01
-1.593832234512210233e+00
4.969203099648015209e-01
-7.271405394188275029e-01
-8.892647981819956637e-01
-4.801356157508935851e-01
5.314381284441822562e-01
5.360656317438694529e-01
7.893404959659744424e-02
-1.636645210067855238e+00
5.563529352697330621e-01
2.518329586556161681e-01
-6.202708758902041319e-01
-1.901847102144010870e-02
-4.498442743471886551e-01
-3.730636304548807791e-01
3.808887333892245763e-01
5.492946525941617697e-01
1.335456811935826993e+00
-7.284622197795096454e-01
8.577252821837528796e-01
8.562416371057055553e-01
-1.880279643464079498e-01
3.107793520269052090e-01
1.389394925704791062e-01
-3.679921874582920971e-01
7.634628385421509122e-01
-1.127303418207276975e+00
-7.967967716128860900e-01
-1.122700348747084076e-01
3.401957480070783024e-01
1.220707225668563822e+00
4.406570580344008614e-01
1.979115336042755469e-01
-2.031733326040711940e-01
-1.506310964013217735e-01
-7.980030902207193577e-01
-3.805595454065333616e-01
-5.974887694074173528e-01
3.112966536483965374e-01
-4.889567199275663967e-01
-2.864028876803839663e-01
-5.042290109409399701e-01
-1.118363635039604231e+00
1.887840620248875390e-01
-1.102965338404133577e+00
-6.894742782508649359e-01
-2.013725777691666163e-02
-1.905367794690535632e-01
1.445088414504416829e-01
6.315615989411358377e-01
-6.510855989141715039e-01
-9.742069794953676087e-01
-4.895488628651605834e-01
1.415451977217492940e+00
1.002954684907901628e+00
4.021424518675356108e-01
3.204131840109063489e-01
-4.973485109394991666e-01
-6.242215542883612356e-01
-2.352727475170109939e-01
-9.473154858680691293e-01
-6.310549438317629711e-01
-1.011660369853308650e+00
-1.117136204497878316e+00
-2.791348581354305969e-01
5.533820357619764208e-01
6.207051477927790772e-01
1.549962823413983282e+00
6.778922034981332834e-01
3.752831362685260519e-01
1.375579638925434889e+00
-7.599147963479868650e-02
1.635712119783466756e-01
9.997444439846037145e-01
1.442199477064951996e+00
-6.151462630566055800e-01
-5.255929207006297954e-01
-9.177412397969956226e-01
3.134098712825735267e-01
1.011282283809082361e-01
-2.136058178270492103e-01
5.494233402274160127e-01
1.885492038027631878e-01
-9.891016297361999721e-01
6.909953693117726337e-01
3.455598171825513543e-01
5.106216524470639229e-01
-3.606522101994332763e-01
-1.016585877025217632e+00
-6.475583941620040029e-01
3.618753497215879689e-01
6.673252211728460115e-02
4.860617474791173453e-02
-1.219863741210459596e-01
1.419367138766558512e-01
-7.825012822952036595e-01
-7.238958117680557303e-01
-3.870669243692282935e-01
1.470112512629777157e+00
2.895168700323896838e-01
-1.385729259123267054e+00
2.747349411306458933e-01
-3.816632516908013972e-01
1.732721851275504044e+00
-4.706739778311118116e-01
-7.334823498489645432e-02
-8.825854579260396238e-02
3.664353334770323878e-01
9.285977592140450820e-01
-1.083254431663277728e+00
-5.122118928508656577e-01
-5.697132551730003103e-01
-3.227809840221593785e-01
-6.146655010164238098e-01
4.232946308548607428e-01
7.073775517781211164e-01
