-8.416403781950351215e-01
-7.668687939465528292e-01
2.923936533922433800e-01
-6.968735849119140902e-01
-1.649569894153141980e-01
-6.644238492876659574e-01
-7.722589345706074582e-01
5.180385294430536192e-01
-1.263613099860363631e+00
-1.323049642071563170e+00
8.370464258982607264e-03
5.642067867253446334e-01
1.656946478973880255e-01
-1.332588948753012370e-01
1.424289047304310607e+00
-5.625089282793891421e-01
-1.425391594313565879e-01
-3.110401940408584753e-01
1.373684225415161331e+00
-7.148005617409953771e-01
6.762415011361438966e-01
5.577671556975377642e-01
3.245733487690521946e-01
-5.681672550767242758e-01
6.180996095608684016e-01
2.668311026757264059e-02
4.141291583298264967e-01
-2.000640724874331589e-01
2.184020272816923625e-02
9.125695854586987066e-01
-2.709016158414785380e-01
-4.506229210057554058e-01
-6.491062366838834530e-01
-2.718527031153671336e-01
6.935935077628865297e-01
3.896951432835034645e-01
1.603917832283496603e+00
5.501789046224361268e-01
-2.180103280920314690e-01
-7.690492782468527633e-01
-5.228666098337908519e-02
-9.518269789835701600e-01
-3.740654486467016593e-01
-4.528440333240701943e-02
1.599095549005053130e+00
1.052844642479031922e-01
-2.574004089407015416e-01
-4.120387756313778072e-01
5.963172163622183775e-02
-5.161744852513442394e-01
-5.949036312483561018e-01
1.290537276520333787e+00
-7.661802019291122923e-01
-3.498797117160457049e-01
2.485427638965017061e-01
9.861782318168211825e-01
4.816024237010613218e-01
6.503080544354107317e-01
1.183660626888147105e+00
-6.748232098578834659e-01
-1.568202681667077991e-01
5.217521296660670299e-02
-1.011157830913287814e+00
9.150011764440538209e-02
-5.727519508129204073e-01
-9.652192396405138153e-01
-3.951912152069725348e-01
-1.489210486174314535e-02
-3.963994500253904540e-01
-1.346375950023481205e-01
4.578359616678235877e-01
-4.453537742472952754e-01
-1.926983574847691005e-01
-8.867949212906676149e-01
3.538400410866541779e-01
-4.639752766739472234e-01
1.706827045764075235e-01
-1.516691613115957793e+00
-1.088758734642649439e-01
-5.703756951878971582e-02
-8.285476315816147075e-01
-1.114679145987789388e+00
-7.354308708761986280e-01
1.219712089582131176e+00
2.535932786840620623e-01
-8.127224776287442221e-02
7.879212053063178178e-01
3.678836601301784803e-01
-6.163164703748985618e-01
-2.559399649201620774e-01
-6.227627746102067929e-01
6.232868476534282332e-01
-1.052257275325650249e-01
-7.488704785898624428e-01
-1.184218694414950063e-01
4.588025832081188415e-01
6.063235549671178726e-01
3.284045800826729811e-01
2.791058912663494374e-01
7.301832314838993532e-02
-6.315983237512261539e-01
-1.090960751745675861e+00
-4.528838754595113092e-01
-3.790478388044062341e-01
-9.275117153186295260e-01
6.337385093621459298e-01
-6.896917361945491542e-01
4.919359651269262224e-01
9.537022930549121646e-01
4.145638178185774847e-01
6.440115393807072097e-02
-5.573549962325545781e-01
-7.181574673400110687e-01
-1.645763497008793652e-01
-1.598503533283284206e+00
-1.115489868039205801e+00
-1.017443033514537076e-01
-8.080566086548224281e-02
8.881286866632719379e-01
1.379403312078310573e-01
2.328769484340218188e-01
-1.266321267788880212e-01
-8.889672900773400999e-01
-2.396165946423042259e-01
8.584685801227227575e-01
1.067347844893908437e+00
-1.848067689366177380e+00
9.968903916251148356e-02
2.314030694038016478e-01
4.292996617839104356e-01
-1.006889464097156406e+00
8.575100042008481083e-01
-1.843399329777527074e+00
-1.156280043111167277e+00
-1.668536739820455361e-01
1.180541932942121397e+00
1.966851398300529241e-01
-1.301284456517289634e+00
1.423666820987480541e+00
5.732673194869387645e-01
-1.429497202748072071e-01
-5.663157830793071890e-01
6.998927025326101559e-01
-9.500192531596428624e-01
4.183632618156390426e-01
-8.858421850538696907e-01
-5.576024718009118253e-01
-1.032115381494355943e-01
-8.183195593912333532e-01
2.948760861803265132e-01
3.053989246792713774e-01
-1.367869362734464467e+00
1.600728087458057891e-01
5.474052292747108028e-01
-1.963608544428329106e-01
2.488985308595402235e-01
5.413633427894878336e-01
1.168356637986209146e+00
-1.819812600574006289e+00
1.288078060311900641e+00
4.419116836996999087e-01
7.983542840295787535e-01
-8.937079620772137023e-01
1.287686876902488786e-01
6.555365410730984443e-01
3.181470776725132260e-02
-8.775536816062823320e-01
2.816511390433095174e-01
9.092152406749705040e-01
-7.965020454833618424e-02
-3.666865939597128143e-01
6.763727696965270431e-01
-1.537049261652003285e+00
5.152960447653186504e-01
-8.519280980054916297e-01
3.691281859254009756e-01
1.250162371763822833e+00
-1.145644647570799313e-01
2.310599380343654752e-01
1.179182896382313245e-01
1.419078928442959464e+00
-8.672605789847748214e-02
3.100548510231904142e-01
6.587776335342668821e-01
2.354987475689178100e-01
-1.224271701598089734e-02
7.977662542471037899e-01
-9.595507083416023875e-01
-8.190783084516184420e-01
5.605081083624008365e-02
-1.378177366567059359e-01
1.138161166097223953e+00
4.205376769912460011e-01
2.573019339323753124e-02
-1.047148380647142663e+00
2.020364636833442695e-01
-8.701929889908386340e-01
-4.804024196360806021e-01
1.136922379891149193e+00
-1.217484325356603891e+00
7.484343908652071331e-01
-7.279810756660151094e-01
-7.482806828492408746e-01
3.310689526843481612e-01
6.150440766268931991e-01
-2.937116026408039815e-01
1.007167900791698489e+00
5.640285638518176548e-01
-8.718729409776262984e-03
-5.228722688006465225e-01
-3.534741044274240518e-01
6.341030507715643694e-01
-6.433837222627881713e-01
5.660562525941539302e-01
4.203125120865116582e-01
-7.954031925947688264e-02
1.070044867876323469e+00
-7.427625696870591987e-02
-5.371861184499040487e-01
8.029900183278535497e-01
1.350798086883652216e+00
7.734436350818024719e-01
-4.386982003951161446e-01
-5.818179929909190751e-01
-1.562775854034862411e+00
1.301066766226888882e+00
4.848581286406377644e-01
-2.854649568813779625e-01
1.906280101007982175e-01
-1.601473285760415255e-01
-8.091894496659333136e-01
3.015055820155230215e-01
1.858938035189541538e-01
2.417595287155424877e-01
5.745419014839322491e-01
-5.126719421571434010e-01
5.381979601767018506e-01
1.316876032337111591e+00
-2.303781758649116052e-01
-5.949165470769716135e-01
-1.219792310970617022e+00
9.708177704954183973e-01
2.316252272595387685e-01
5.532988898532558153e-01
1.202509712755555515e+00
-6.023077859266938727e-01
-1.236532394212408237e+00
7.756299360768883489e-01
-1.539565745691814924e-02
-1.113047608839561775e+00
7.128874592412696165e-01
2.503421936553144045e-01
7.289316781697805503e-01
3.394040156032537281e-01
1.388527806330958625e-01
6.211880262479589909e-01
-3.456069101237017605e-01
-1.620178597778587637e-02
1.564870828449729689e+00
-1.032068519157516018e-01
1.555266643626671330e+00
-9.075356025950785943e-01
3.638495843312199440e-01
-1.970329391609807745e-01
-1.569244708716945325e-01
