-7.170985135685963296e-01
-4.603361701195699540e-01
-3.155451444973469965e-02
5.452429198898141038e-01
-3.440478005192340594e-02
-3.543163244056825589e-01
8.028411203569596477e-01
-4.728948874270394453e-02
-1.572861163159845754e-01
-2.447827916577877128e-02
-6.741790186255468553e-01
-9.793764198037875346e-01
5.166392762085618706e-01
2.065181809155067771e-01
7.964436599661877114e-01
-8.082310540398858212e-01
5.622358630023832626e-03
-9.198721655174415535e-01
2.851109069958790432e-01
-6.306098956202166317e-01
-5.973771494316765240e-02
-1.036873275042757836e+00
5.506849267813415105e-01
-5.417995271082812758e-01
5.915484842873679483e-01
5.144761786917527724e-01
-3.188289176869161246e-01
-1.369153086429322652e+00
1.078228969193632647e+00
-4.000496299344741824e-01
-3.044434271886468646e-01
-1.234735706425741375e-01
6.409479354765607040e-01
-3.028838044859891165e-02
2.747638710501354442e-01
1.479524997370407213e-02
-1.278216474471387532e+00
1.169124602837695148e+00
-2.908292477901843753e-01
-3.898223788951567514e-01
7.883290590005467280e-01
-9.326609207482997044e-02
5.041014836387893716e-01
-2.291015140610454803e-01
1.076969413170231205e+00
6.449386603403628460e-01
6.156899583725587988e-01
3.911136846263643663e-01
2.986566681828800585e-02
-2.641172543639391801e-01
-1.186696456505086594e+00
-1.280110367242141889e+00
4.851282680545224713e-01
-2.402282616428735584e-01
4.804226588028208678e-01
-6.553233504667708154e-01
-9.754608191461516808e-02
9.700436725911005809e-01
-4.967672234569379119e-01
-7.941732989817645860e-01
-8.044414681704341596e-01
7.510957177657814343e-01
1.103126096956344337e+00
5.422638810703248602e-01
-1.346968780608670757e+00
-2.039986718008997002e-01
1.092748031886737969e+00
1.236487594037857463e+00
2.825008079993679977e-01
3.457064134747984130e-01
3.201865618670078906e-01
6.231595314287190490e-01
-4.824804794635236260e-01
3.540555346175595086e-01
-1.397126932446916658e+00
1.573128765228027026e+00
2.041181154492104632e-01
-3.668968273043516498e-02
-6.393805566515226024e-01
1.048465766330262117e+00
3.262329251190134172e-01
-7.785324889851410468e-01
7.709189269263468924e-01
-3.198345798535116025e-01
7.410166332994930771e-01
1.032375406040801247e+00
-1.207037310593087331e-01
7.413610089978779349e-01
-5.821251593595224705e-01
-6.108557745106730774e-01
1.087582541987908574e-01
-1.021136773088481053e+00
1.229913675487667390e+00
-1.213571661523562772e+00
-5.725350062662026840e-01
-1.590517962576712963e+00
-9.695831374732298835e-01
4.778239274239350770e-02
2.637784574491902068e-01
5.384025398189130618e-01
6.363878885678863062e-01
-2.010728868942955883e-01
-2.581431954247676019e-03
8.800703271271235195e-01
-6.040098737543377894e-01
-3.122435702816767633e-01
1.029138965974808473e+00
-8.259978136751242594e-01
7.963314326955585054e-01
-7.877465644930973232e-01
-4.244138595507902512e-01
-1.925325872566898133e-01
-5.531177454050310027e-01
-6.939954269794833541e-01
-7.262696819383034352e-01
-2.992368789719492272e-01
-5.580941595588773119e-01
7.280683081993645223e-01
-9.016705305483230237e-01
6.560667366416452762e-01
-9.482980013960199406e-01
-6.694265955829862280e-01
-6.531940260655497710e-01
9.668698489179474720e-01
9.193068437439997354e-01
1.133453497651075281e+00
-1.626365670417652787e+00
-1.039258045816327525e-01
-2.638357573157105174e-01
7.179331741309759041e-01
-2.200683172453068437e-01
-6.752924600151135603e-01
7.239509437078160969e-01
-7.362905848807032028e-01
-3.944406811438340710e-01
1.263203322855137589e+00
1.011359399425142858e+00
1.110291233401579092e-01
-1.205303675867463786e+00
-1.218198753780128651e-01
-5.465408467490339151e-01
1.018176654758729538e-01
6.320893858633289675e-01
3.558129808851946407e-01
-6.695552745366007974e-01
1.420333801412270835e+00
-1.155140727037351045e+00
-7.613789033659561500e-01
-3.196643336403877655e-01
6.401934423123307738e-01
6.693495395190947050e-01
-1.678998323537942705e-01
1.118538675365051027e+00
1.434035841069321027e-01
6.823920130758593938e-01
1.175627961094741769e+00
2.724950212480942158e-01
-6.096662138373705186e-01
-1.479245082140086542e-01
-6.145712226033962500e-01
-1.412010655892793398e+00
6.366380933553343890e-01
2.472905714376445463e-01
4.907919123560571806e-01
4.093287225876831581e-01
-1.697622872962820217e+00
1.285099247046225801e-02
-8.638328343727796899e-01
-7.226513898742676911e-01
6.565464951715086483e-01
-1.111845779560432623e+00
-1.160291878299552826e+00
5.268471147610823135e-02
-2.767799920758700488e-02
1.977733704808946613e-01
1.080029794747963123e-01
-8.230642240357959327e-01
7.904754661951385319e-01
6.119657592829734483e-02
4.677135689630839699e-01
-1.105451669528942915e+00
-1.577373961234526334e+00
-1.083086111675442220e+00
-7.924911362785362900e-01
2.517584088388583052e-01
6.892429016053144841e-02
-8.069143417433498611e-01
1.665435699037288719e+00
-1.098686248737594351e+00
-4.057056017605133458e-01
-8.967706507140807970e-01
5.354822829208757407e-01
7.156333941553066902e-01
-1.256195743389849850e+00
6.038481509801708613e-01
-3.528275431700811371e-02
4.096435182430304689e-01
8.752256260181946468e-01
-8.908362062935613057e-01
-3.122692198004892727e-01
9.085430207046762963e-01
-1.385985916074872204e+00
5.439598575088930854e-01
-1.972204784774616027e-01
-7.999410626135495805e-01
5.181005354609292679e-01
2.619680100469916617e-01
7.483496441552707212e-01
1.476061551251226733e+00
-8.334176764082019684e-01
-8.975740586131059073e-02
-8.929635072710141730e-02
7.074484174806718872e-01
9.864856908778520950e-01
-1.252631943434039385e+00
3.227366258688389999e-01
4.809427648367067820e-01
8.970930697479206906e-01
3.450804841869670181e-01
-1.580820665715946538e-01
5.804367673954260454e-01
-4.679753250766072181e-01
-1.577383975356280998e-01
-8.409635531101838923e-01
-4.694455207286956089e-01
-1.207762685186323792e-01
1.413781877949576105e+00
-7.615292662562798132e-01
9.213048820673866435e-02
9.412212847015689610e-01
-1.085063479579835288e+00
-3.059671063170548155e-01
1.012785033662544354e-01
4.815915789409763725e-01
3.394067197439895600e-01
-2.400377524504928028e-01
-3.201580568091391688e-01
4.385920245264825490e-01
2.398702511423064440e-02
-1.023234082241589515e+00
-8.859777617934946337e-01
2.989845716414619714e-01
-4.415418348054827580e-01
4.399106065444968183e-01
8.380828542092129130e-01
8.893278265054105347e-02
9.921992223312281478e-02
-1.167896927606132396e+00
7.833422428866271270e-01
8.655534801482378526e-01
-1.844730641704146468e-01
-1.356891338494072841e+00
-5.384693488391775196e-01
-5.945131517645374508e-01
9.324191911040050629e-01
3.523695240696290143e-01
4.617435696986302851e-01
-4.768805248972662891e-01
3.750176082905873898e-01
-3.283973235369502808e-01
5.061976598244271042e-01
-7.086533793836168327e-01
-1.076154263877991069e+00
-4.912474296864617895e-01
6.693033217153881997e-01
