-8.504028469441278493e-02
1.172557496088460161e+00
9.154863068206547938e-01
-6.080193717638214812e-01
-5.693529033975924802e-01
-1.522793038402883381e+00
7.414493155087991116e-01
-1.023931802424037141e+00
-1.174466955468480567e+00
-4.104780549146628266e-01
1.377797987692581105e-01
-1.189518251345189070e-01
5.871882886984859384e-01
-4.661194910275026637e-01
9.509188558705820860e-02
-5.548097385347386390e-02
-3.991024645573342799e-01
3.198086713841052364e-01
1.330808634397096402e+00
-9.852957901352462633e-01
9.398576279132742073e-02
-1.080455901495740889e+00
2.182451796822817425e+00
-4.911864005440214065e-01
-5.640401391240917883e-01
2.106346754103309848e+00
-4.259007635154848925e-02
-4.335108518900659402e-01
-5.176637122483421782e-01
-7.273436325080593345e-01
9.847451724293212472e-01
-8.963581620622648738e-02
8.477284610110320529e-01
-4.791553416282735567e-01
-1.667643656943842201e+00
-3.459329892976842347e-01
3.655538465813593652e-01
-1.125891617944436707e+00
6.568519948059292624e-02
1.967285271450002870e+00
1.320195641495268024e+00
6.625683229916421446e-01
7.209941654093503516e-01
6.373460227741920558e-01
6.024538826894172416e-01
-9.280837609970689073e-01
-1.073288871369630026e+00
7.639182516209541696e-01
4.917174955217418209e-02
-1.744598156339515482e-01
-9.267410712583135091e-01
4.395263197936598587e-01
-8.650307924637063994e-01
1.171401064564050687e+00
1.242067894591877053e+00
-2.756752621082682597e-01
1.323155459841553583e+00
-9.757300790399174861e-01
-4.108621708652711035e-01
4.549603572753291858e-01
-8.959731595494527245e-02
1.077204805682216548e+00
3.450384037793751690e-01
7.511867334988895362e-01
-1.017357016943940956e-01
2.090728588505304519e-01
7.500077637341245884e-01
1.157496995642811832e+00
-4.887086887951938019e-01
-6.341376514488386018e-01
-1.577782259205450677e+00
1.042269821087436377e+00
1.502019818035412180e-01
-2.348609495522482327e-01
5.911324514559102017e-01
-1.487300689133033149e+00
7.135233092561861223e-01
-1.272212243961142963e+00
-5.374056954086721127e-01
-1.803500865311337131e-01
7.117574772217914736e-02
7.347583457167957688e-01
-8.117685678377245528e-02
5.362570694426477269e-01
4.477465342178147401e-01
6.542423885600401334e-01
1.250621563257316771e+00
-1.096559284124442923e+00
-7.152274081025554731e-01
1.306510934458259499e+00
-7.548231538645255867e-01
3.927161725237960366e-01
-5.214766458491369994e-01
-6.789554669413561117e-01
3.116621460477109751e-01
-7.815646790216981832e-02
5.144348613068587817e-01
1.062574331934142302e+00
-5.835532154618545686e-01
-1.336541708791686989e-01
6.879811142639404853e-01
-9.421506565026541713e-01
-5.636988316786830655e-01
1.827496240158987373e+00
1.399283042025121437e+00
-2.143513364265161592e-01
-1.548125481494710964e+00
-1.788045533785890928e+00
-1.046437065237579567e-01
-5.779742872230577699e-01
-2.426621908493430124e-02
2.423710187385093584e-01
1.964427492486705285e-01
9.835970044054864747e-01
-6.864588394060355814e-01
-5.444789648653598491e-01
1.191682942272838386e-02
-5.069511341835390983e-01
-1.057585118578816097e+00
-8.268910445051497193e-02
-1.303757947165769426e+00
8.826162535300041689e-01
-1.678656416647288374e-01
-8.778234485228519901e-01
-1.042935196624597438e+00
-1.944794367713784389e-01
4.392657947729850521e-01
1.355707095691968345e+00
-5.443469154436982871e-01
-2.945360737153652209e-01
1.898435259201322278e+00
-1.194397155751241613e+00
5.495811445432610132e-01
-3.184353085690697083e-01
-2.507419400444312330e-01
-5.205810659083563996e-01
1.162995069374721080e+00
-1.312771664270324656e+00
1.747303575792487962e+00
1.379646267260042913e+00
-6.529600774169663779e-01
1.020182546452452321e+00
2.620382014407607318e-01
8.816433664673442028e-01
-3.668598500450493960e-01
-4.163374815791598405e-01
-1.198594985831506810e+00
-2.301805683619871645e-01
-3.102632604553352547e-01
-1.254143876072554065e+00
8.554132970796509694e-01
-1.379899137761712469e+00
-7.035313274352612833e-02
-8.387874588959265409e-01
6.754626957095867246e-01
7.134560931793685334e-01
6.473778036715414075e-01
-1.267621728985724339e+00
4.049706810998809914e-01
4.862095296799767152e-01
3.727148675862868021e-02
1.114689440966720735e-01
-6.463798157213873630e-03
-1.132567369581008121e+00
1.342552033917684406e-01
9.965961487397329011e-01
1.521976351146866246e+00
-6.448726310244000670e-01
1.034502892869917812e+00
6.503629393853777030e-01
7.509644645396182927e-01
6.703596804865797898e-01
-4.973063204704415985e-01
-3.301662852183024355e-01
2.666226279303526292e-01
-9.470772738946998670e-01
-4.577052953622956499e-01
-3.573818299725642911e-01
7.083015611606652273e-01
7.517416860803042278e-01
-1.185545689172413375e-01
8.816809085001131585e-01
-4.305034108317656871e-02
-3.309377182225500258e-01
-2.374259441031284223e-01
-2.155209286791011924e-01
-1.100115585386258477e-01
8.018930910474921792e-01
-3.821349491900808970e-01
-2.660477518324023682e-01
9.053024530673847714e-01
-1.689270265845124186e-01
6.084743966299858142e-01
-1.455255997053928940e+00
-5.941047935388388268e-01
7.069479328365034787e-01
2.012363632687280968e-01
3.381096088448161674e-01
5.647152868056528607e-01
-5.297907598036837029e-02
-5.172686230594307766e-01
-1.481526651510335912e-01
6.348040477808316595e-01
6.464789664263626001e-01
2.142920141849600502e-01
6.822353076696029417e-01
-6.428303263068045892e-01
-5.700577375492936749e-01
5.370983945912455315e-02
-5.171072419334072912e-01
-1.332248613548713490e+00
-2.134656639082457841e-01
-1.238819784234195254e+00
-1.188484223894489933e+00
-4.040329226386452088e-01
9.220703301470649649e-01
6.021383469679612022e-01
1.141940854845378661e+00
1.286073527783511361e+00
1.874616696485133849e+00
-2.800048810696311175e-01
3.194570150778289763e-01
7.022647854982839721e-01
1.109606423865813207e+00
-9.116341024265062210e-04
-8.378373867426047727e-01
1.334858522963689176e-01
1.246650965103413000e+00
-2.327395787319860160e-02
-1.149597759959775534e+00
5.493713212678967839e-01
-9.758662393113006761e-01
-1.429571646616238700e+00
1.354574249443087020e+00
1.772325985898248468e-01
3.683446408149722573e-01
-7.099273221690014513e-01
-2.972483475268289377e-01
-2.105302198739724129e-01
-3.433703108760011724e-01
5.822247107832417834e-01
-9.796328169791987395e-02
8.290450600324285046e-01
-1.863578766129539765e+00
-2.132850008718037316e+00
-1.607063460447840875e+00
-9.854131313910033940e-01
9.050854695967096575e-01
-6.533711389093270760e-01
-8.029757585762361538e-01
4.287565502642115001e-01
1.094105901467675446e-01
1.025110347764481844e+00
3.519628587416813725e-01
-9.601267446685503026e-01
-2.470426524350495812e-01
2.101612034425453523e-01
3.612855031166238851e-01
-1.138463928938010739e+00
-5.866421005606167194e-01
-1.140753387805470420e-01
5.359030848347661191e-01
-3.138936648158643927e-01
8.144882274674406508e-01
4.436739155707367654e-01
