-2.564078706365450211e-01
-2.264121943732879949e-01
-1.701540435754513025e-01
1.090097691200766272e+00
-8.041556320656286783e-01
-7.559020432914181908e-01
-3.368505798750015545e-01
6.731533070664267315e-01
-7.703121112349706756e-01
-2.904809653563436012e-01
7.527465332287113231e-01
-1.079896046791148700e+00
-1.087676523169334442e-01
7.186465196508224906e-01
-1.856452035121750610e-01
1.517401247215972582e-01
9.518004097380761142e-02
-3.941958373526319170e-01
4.789662840656186416e-01
-1.395033119848875902e+00
-8.045348909897191980e-01
5.981328372914125335e-01
8.841377220438633167e-01
7.625691686866028496e-01
4.942053683611548065e-01
-5.942728335246916238e-01
-1.120013494986467961e+00
1.946257827088117565e-01
8.868986704730000281e-02
-1.186070697772683591e+00
-8.437649165324907496e-01
-1.899847384524729899e-01
-5.003204634453987110e-01
-9.681897231710101526e-01
6.587641374155067675e-01
9.744227805562063471e-01
1.905256655070847183e-01
2.153082442014760817e-02
-4.428677685534357922e-01
1.427911001660813861e+00
9.375031764258026090e-01
-7.321429601184402669e-01
-5.568138179381773578e-02
-1.068744509893398531e+00
-7.049705666380721159e-01
-2.945813917308798269e-01
2.679300087463348801e-02
7.741141077456500375e-01
-2.888058425577303412e-01
-8.474168299627402590e-01
1.548223404394170277e+00
-3.630741684017791404e-01
-9.243826133147619029e-01
-1.329195260974883164e+00
-4.277754859623651984e-01
5.410305580269940684e-01
-2.053093171365528047e+00
5.946922226157655977e-01
-1.206519580781769962e-01
3.086805042874938843e-01
-1.137311203385228620e+00
-9.774822241602850736e-01
6.423747083763144960e-01
-4.811455937099555213e-01
5.531266509621162175e-01
-6.608048036280660398e-01
-1.064798022963494850e-01
-3.695877800672897617e-01
-1.828953274550956798e-01
9.833250866733383999e-01
-8.726305631059866341e-01
-3.359702806074124082e-01
1.107258105895150280e+00
-1.472145092839879377e-01
-3.930071374098582648e-01
-7.966934148579907227e-01
-8.589921787206819537e-02
-4.544884013484983831e-01
-5.112535671084230682e-01
5.371610347190676205e-01
-6.710996347896237835e-02
-6.899130761005727308e-01
-7.605177021752628219e-01
-3.460789749108044155e-01
-4.124539237381811829e-01
6.433615861457473439e-01
-1.317665445940967350e+00
-7.217149161888420927e-01
8.720796359234966877e-01
-4.341172084999675440e-02
-6.225905763431207607e-01
4.083393422468103440e-01
-6.712893849372860711e-01
-3.907785862537398458e-01
2.254821971146278581e-01
-7.033541362505307815e-01
1.102706657471470564e+00
6.682994575049838737e-01
3.497374484387292259e-01
8.048789846932180581e-01
-5.792826350991688855e-01
2.659782686020965015e-01
-1.081612151629749441e+00
4.001556289393325971e-01
8.500779028801033754e-02
8.935512968846882620e-01
-6.914172895234736993e-01
-4.819574097453554473e-01
1.222125789983547595e+00
6.517286585180948055e-01
-7.524901175004561349e-01
-1.167502242821297220e-02
2.771250416948712325e-01
8.141590740401020154e-01
-5.528123404792630868e-01
-7.014350624032852921e-02
2.485400253860666209e-01
3.915620733349730598e-01
-7.648608309305210406e-01
6.876950591745019103e-01
-1.123487817081069595e+00
-1.254828254374358742e+00
9.193132389257021586e-01
-7.521308722982454897e-01
1.113501973746721524e-01
5.657283456689686796e-01
-7.310383293259893334e-01
-2.030147806156556711e-01
3.790627366450054492e-01
-1.696573315033021445e-01
-1.070001564287675233e+00
1.415052199033408065e-01
-7.862043749987438490e-01
-2.734887068403193955e-01
5.340078523961275803e-01
-3.299456962155061790e-02
3.330962022362951025e-01
6.884997820297870108e-01
1.079080411463742006e+00
-9.132841362526133988e-01
6.162373601009647484e-01
4.714712085176779865e-01
3.993782360014195287e-01
-8.266197030503672494e-01
4.108916099116447507e-01
-7.541647097799017985e-01
3.870695328283074721e-01
9.567819866736231305e-01
1.349569636879182299e+00
-4.436954286467160724e-01
-8.374121415498188004e-01
-1.507562055646349819e-01
8.701549229176459566e-01
-7.424730806007039385e-01
5.300541951850563649e-01
-1.344534505671687585e-01
5.483181636358996913e-01
9.177489038345334471e-01
-3.319258067156320435e-01
4.485508562239652330e-01
-6.635469672789647833e-01
-7.594821908585003278e-01
5.877868010470694848e-01
-4.980161325508462578e-01
-1.929299573885969454e-01
1.243356788978390082e+00
-4.700925337338458521e-01
-4.664648505786861410e-01
3.059928976606087203e-01
-2.170725440391721994e-01
-5.514933966868238446e-01
-6.853738743183921400e-01
-5.172104187813955090e-01
-2.762118430116606294e-01
7.304642507642294946e-01
1.173539851794111577e+00
9.708864677862659720e-01
-5.408079987012077705e-01
3.261716941099441214e-01
-6.355361758799693561e-02
3.742461352932558993e-01
-3.227069269811753127e-01
-6.475180754567486652e-01
-2.363365371460325604e-01
5.541800872904767417e-01
1.197737348561949133e+00
-4.553075333980658446e-01
-7.417854555519046711e-01
9.316001894647031323e-01
1.259717690522738076e-01
9.719295459934532699e-01
4.812942368513417613e-01
1.244928503405920983e-01
-2.903600248595075706e-01
5.695858755693867792e-01
-1.131168408530746738e+00
-5.667483220341483496e-02
-4.671731345614865694e-01
-1.367010440361152157e-01
8.717302742086763256e-01
8.526271460763519272e-01
-5.699122675139481897e-01
9.156784091736936970e-01
-2.822304814945386653e-01
4.966041817597749986e-01
-8.773829820356678910e-01
-3.212071570742649484e-01
-4.244562715470503456e-01
-8.975620887203016318e-01
6.008714236159148347e-01
-7.481860599879711082e-02
8.137454129822717652e-01
-1.081077136464887012e+00
-7.936715584523428291e-01
-9.505593115783529390e-01
1.681332136395153221e+00
-9.180912447007614219e-01
-7.445336026194857570e-01
-2.024778896113396953e-01
-1.062033183590531671e+00
2.350592519457893326e-01
7.383715685023279907e-01
-1.808963980713662323e-01
-1.190943649119438952e+00
1.199419072402344577e+00
1.671232267684743741e-02
-9.434384422395938885e-02
3.164064814643934298e-01
-1.501446757897559603e-01
4.359657602791971454e-01
-8.169186895562285944e-01
2.454352018845445960e-01
-9.374185790114628603e-01
2.810583189308255569e-01
-9.147039002959644893e-02
-1.749815923673364026e-01
-3.071183552735310546e-02
9.560585556876172175e-01
2.516414200202242712e-01
-3.876988075768322273e-01
-3.183309972977746427e-01
1.139478910691228863e+00
6.000651960595987378e-01
1.368390557330978030e+00
-5.566239065952077736e-04
-2.065244354962591511e-01
-1.981718157221351029e-01
-6.096780088687115962e-01
-9.155328065771876078e-01
-3.163843648989718704e-01
-1.570971630207671499e-01
2.476909204264532982e-01
4.269519955874557793e-01
9.045858100354583486e-01
1.530910294517041192e+00
-1.456104319606404740e+00
-4.775394360812652145e-02
-2.278495686085300898e-01
7.098419479596748127e-01
1.372346868563648847e+00
-1.213008720870861340e-01
1.697952527199387551e-01
5.178892355140767290e-01
-3.680138025552238679e-01
-5.034973960282007610e-01
