-1.838675312254363647e-01
-9.179314118692676328e-01
1.091638084794929853e+00
-5.721874698934286130e-01
3.372515713365556445e-01
-6.575731521646244193e-01
-1.681896631109344731e-01
9.746748535154734494e-01
-5.984610592482105806e-01
-1.003737793605744555e+00
-4.646934183698249177e-01
1.024856934414926979e+00
7.687332036464946672e-01
-7.817136733032516993e-01
1.666803977373822354e+00
-1.411272336070276689e-01
-2.998924619937302638e-01
-2.390206382633864035e-01
6.068694885543463036e-01
-5.649072136353063822e-01
3.914146497431191252e-01
3.837388055576790302e-03
4.655833323035506455e-01
-4.182152603256345524e-01
3.112922356374412947e-01
1.265947248192966779e-01
-1.963790868178752480e-02
-2.957992869012514570e-01
9.734462026054341299e-02
8.853493110608310346e-01
-3.997428710690402731e-01
-8.136957531570985225e-01
-9.168262642147460006e-01
-8.911673613394406335e-01
3.692893932873788088e-01
1.253527588275118176e-01
9.611653120128444971e-01
1.517797532332398669e+00
-1.844181752170098165e-01
-1.156326193773772548e+00
-1.209440856418063925e-01
-9.023427260657598259e-01
-1.142983168876900102e+00
3.567010873783809100e-01
1.479112099598004271e+00
-3.387789315101821241e-01
-2.947272066268456503e-01
-4.872419086659542098e-02
6.352252077548341536e-01
-9.894550455112167686e-01
-8.122557673165160530e-01
3.636533336494419677e-01
-7.024741348353493731e-01
5.813123303919547347e-01
6.365399210571375255e-01
9.081390219235052630e-01
-6.191460964237336384e-01
4.106972789948263869e-01
1.185641312460416152e+00
-1.132440869932340943e+00
-1.611612294454944361e-01
1.994389665601482287e-01
-1.411225513228717698e+00
5.903003178879568935e-01
-7.533216720177248193e-01
-3.744687745344724705e-01
-8.111208455674865370e-01
2.660878798721365568e-01
-2.135186018081514092e-02
2.558357336856752901e-02
-3.524018723907040296e-01
-1.061299084689712124e+00
1.464562181060221069e-01
-5.519506780498302234e-01
-5.080293093791109493e-01
-1.566405213852510858e-01
4.835478642090106915e-01
-1.200546095119563006e+00
-8.173262163840969707e-01
-3.001465075544212380e-01
-5.215517508624135656e-01
-1.067689125621538171e+00
4.371234162161220516e-01
4.508123087001378315e-01
8.386938808292966341e-01
-2.090934769314357622e-01
8.179995032319882231e-01
-4.994896612710657546e-01
-4.084114005476541798e-01
-1.956610833631600155e-02
-2.967120597417248207e-01
3.980833392435078055e-01
-4.677401819630729873e-01
-1.058036001505018309e+00
7.007670312021730963e-01
6.594976074445735303e-01
1.132418613245571359e+00
1.150017744799126385e-01
6.820206344834183199e-01
3.492383859117925704e-01
-1.251238863520452438e-01
-5.777780769972924446e-01
-7.757458289845501342e-01
-3.745548836281005489e-02
-5.945399195544756044e-01
2.458011975263420246e-01
6.447233478920789962e-02
7.377272206176311853e-01
4.320033003946431305e-01
1.029404810724643959e-01
-1.225866960079095846e-01
-6.239476918791272420e-01
-4.243654227085961739e-01
5.770997443582875919e-01
-9.279738103283523554e-01
-8.983504688957669737e-01
-2.053756655487178340e-01
-3.844576568314871795e-02
1.973878137205405114e-01
-1.450605846057124448e-01
9.337638344950633940e-01
-3.754557086108208097e-02
-8.899471606145650249e-01
2.582819310986562145e-01
2.536071464023602062e-01
8.512106315826176717e-01
-8.404231841999737496e-01
5.502277248966916945e-01
2.029171508333307283e-01
2.916399443103612210e-01
-6.886386493441636336e-01
3.648059028667743897e-01
-8.731936656801779773e-01
-8.367319057647796265e-01
-3.136026067656172422e-01
8.030839681222614601e-01
2.172846198745944646e-01
-3.492197220415172443e-01
1.186589487784980745e+00
1.241583478791950856e+00
1.298132700030078190e+00
3.751150259245594754e-01
4.862659907026517514e-01
-5.835079075430941176e-01
4.826291815084645109e-01
-7.856524554690411666e-01
-8.262985227462242843e-01
2.949908013206705149e-01
-7.486968774603421917e-01
-6.714651371068230956e-02
-7.905443335062971588e-01
-6.309622902375701115e-01
1.324057462483789749e-01
1.354808386746495064e+00
5.788517783779596471e-01
-9.391472527803999826e-02
1.179903800680277115e+00
9.928567708058337882e-01
-6.969241369920101681e-01
9.876608251753629109e-01
7.397133009344258880e-01
-3.117081432631911286e-01
3.593773244961663560e-02
-3.388105101899921423e-01
2.285712566829024850e-01
2.976570022798855630e-01
-8.555638555685074476e-01
3.651327118512845971e-01
1.067858422628926274e+00
-2.455147308962528363e-01
-1.588516146632274750e-01
3.556765882282670321e-01
-1.656901878004362505e+00
9.519991467850853484e-01
-8.009379062862316268e-01
1.932972748552687636e-01
1.235817460136016122e+00
6.400141128193953532e-01
1.013198536571584096e+00
6.597340594119915913e-01
2.311119793846239112e-03
3.057164590160400541e-01
2.663007737417285581e-01
6.251959216427988020e-01
-3.008629923160249797e-01
-2.458360859436140022e-02
5.249107915959931869e-01
-5.641226930125643468e-01
-8.793996880665437832e-01
-5.605677866574597656e-01
2.858008426483252262e-01
6.492583334123264160e-01
4.901805899302981162e-01
1.857053782533071851e-01
-3.838518433228717552e-01
-1.663785239759701939e-01
-6.251450497720780763e-01
-7.453997759763710818e-01
8.175615475801937260e-01
-1.030798258418509583e+00
8.577705881162474011e-01
-4.621668535155240565e-02
-2.968147551008019080e-01
-3.500291055572236631e-01
1.071454962330912641e+00
-6.657277946238886468e-01
8.672991234851173958e-01
8.812496473460507129e-02
1.836428711623853405e-01
-5.519139702001589765e-01
-4.685147497099824143e-01
5.326014759665528286e-01
-5.890738450946235716e-01
9.332337982325442094e-02
8.891271129485464053e-01
-1.521478741478294872e-01
6.891669793058466942e-01
-4.885831200098884886e-02
-4.826681478704020201e-02
6.554872111218787989e-01
7.102463689190784413e-01
9.568060751911999784e-01
-6.351737820530680700e-01
-3.492807538917336307e-01
-9.381965606508192446e-01
4.022158414126834058e-01
-4.372739703585518112e-02
-4.843794410263552175e-01
-3.241960946903278407e-01
1.040383642285021282e-01
-5.160230372071832328e-01
4.550770836600532832e-01
1.230743827303261845e-01
-6.268820970868038689e-02
1.000498477160071342e+00
-3.411011562391597085e-02
3.132869926813772743e-01
9.779583339356204830e-01
-5.866426696205108149e-01
1.526071959449448179e-01
-2.106731865404426474e-01
-1.542426757941917637e-01
1.357688415966974427e-01
-8.741900262856771020e-01
1.656069949060837154e-01
-1.436209755284848510e-01
-1.135924812091134273e+00
5.683602951922748225e-01
1.177266333462444248e+00
-1.535591801834624848e+00
-2.424651730041829656e-01
-2.214850154362273671e-01
5.372499853061356578e-01
7.725172635921514486e-01
2.305635707387262145e-01
2.076317072896242122e-01
-4.456835493213187060e-01
5.278722176343444428e-01
9.151351028599309378e-01
4.880541519183083654e-01
2.335893711683977303e-01
-1.070664136135082600e+00
-1.471910716488323001e-01
-7.782207990585751078e-01
-4.119914310674773761e-01
