1.817130392764068625e-01
8.047994047268910434e-01
7.457016037393051633e-01
-8.139421725194065926e-01
-1.034399496699384358e+00
-7.195699820838449279e-01
6.174927186729561868e-01
-8.751158331119599509e-01
-1.375430230391490927e+00
-6.030883191155785028e-02
-2.411929792786937088e-01
2.022283692876362948e-01
9.631180589448200546e-01
-3.212934148013579794e-02
7.656357337903278992e-01
-7.261214292018086658e-01
-1.513092840027733921e+00
1.470684076395405437e-01
9.100360157962179564e-01
-9.138081270589554217e-01
-8.654184340507314888e-02
-1.057414205307060096e+00
1.584127632334677127e+00
-7.298316651472158689e-01
-8.611772327482827283e-01
1.497259682449264551e+00
-8.828974514198140167e-01
-6.985235448835638294e-01
-4.462302948008736170e-01
-1.163612657034701181e+00
1.419498910269808789e+00
-7.609679469607052438e-01
-4.700951722423876156e-01
5.287567509729024229e-01
-1.009604217190752662e+00
1.292036324186511820e-01
2.856465333295297726e-01
-7.248112482754223151e-01
6.043466367460986755e-02
1.607632520255847464e+00
1.242526948780587670e+00
5.056954203840188233e-01
9.543436596700167751e-01
6.636034386048244027e-01
-3.131812759404281610e-02
-8.514586666065445675e-01
-7.826616360858387189e-01
1.330843702780707183e+00
-2.351075629336085715e-01
-7.545043834714153519e-01
-1.208158160309216189e+00
9.201074951380361355e-01
-1.228739538748624405e+00
1.223634630855756855e+00
6.693611665279725065e-01
-3.340186710778370038e-02
7.558874128373833656e-01
-1.296995753529498252e+00
2.120303684844603853e-01
3.960337490130087512e-01
-2.439524991938116782e-01
1.139100509007504591e+00
4.842491387981114892e-01
-2.580153984153121804e-01
-1.857438652250392730e-01
2.342066261172257580e-01
1.297615419571462203e+00
1.249175070481402194e+00
-7.968309687734670410e-01
-8.369484442981721672e-01
-1.040608976698884192e+00
8.111061062948876632e-01
3.572841816313805929e-01
1.995155754898669809e-02
7.017947791021563742e-01
-9.700959970699220003e-01
9.907985402883584536e-01
-1.215481444178522885e+00
-3.176230898698425564e-01
-3.169578184639992857e-02
-7.442282712107927134e-01
9.263573025218729828e-01
-8.344581484278675854e-01
9.332039638784457303e-01
1.444452772261774820e+00
9.846129230476730054e-01
1.162133890382459178e+00
-1.231802854013381632e+00
-5.001358962583030143e-02
1.539120767841235748e+00
-4.442273533067598312e-01
5.766898217563328766e-01
-3.110046928889199092e-01
-1.358590488851726619e+00
-4.512263738754246356e-01
2.505119097501982139e-01
8.716379888360961115e-01
1.346716955419051898e+00
-2.370442621387452986e-01
-3.449658355536230347e-01
1.265968241447793075e+00
-3.757986210122347126e-01
-5.277157137204864235e-01
1.426787241336550771e+00
1.100814142485790903e+00
2.472818514739696938e-01
-2.073809338258702173e+00
-9.188082608765262282e-01
-1.874050761035530588e-01
-6.435199489361290714e-01
-1.149145584309469559e+00
2.751245098977685988e-01
-1.353091517822022083e-01
1.763717453262403589e+00
-6.865364282789232497e-02
-9.212859604983525408e-01
5.562439376679765290e-01
-9.300605431614829000e-01
-1.371374656493469457e+00
6.523696577747879755e-03
-8.342874146362837529e-01
1.040563180093246443e+00
1.003479135502647196e-01
-1.061678944069656350e+00
-1.421590252274233857e+00
-1.814130889001700497e-01
4.587547645977093635e-01
8.397832800219054983e-01
-4.029625072674699604e-01
3.098202625119848008e-01
1.639961979669352754e+00
-1.413031309741016983e+00
7.473515498125046230e-01
-2.685444787342255446e-01
-4.047982474764598160e-01
-1.296878879440375165e+00
1.386218150226562473e+00
-1.873675468932305632e+00
1.454293466622892161e+00
1.982130340887027442e+00
-1.987378910914373575e-01
1.647878625615927017e+00
3.000015101509424520e-01
6.555197100686565026e-01
6.690520973412110717e-01
-8.721024000327388670e-01
-1.336352979243144778e+00
1.553806959499462459e-02
-3.106077270975809990e-02
-1.539111335783702739e+00
5.445576291471712072e-01
-2.406584251880324654e+00
-8.026881313770081183e-01
-2.676620174868171720e-01
5.347333394566426978e-01
4.168381492375120012e-01
-7.211216571798396979e-02
-1.297349364903832569e+00
2.919309461243778658e-01
4.461657041526083667e-01
2.126878292136428206e-01
2.883292619873920604e-01
2.907491047997999289e-01
-1.024653816877329149e+00
-2.120467471444761332e-01
3.582478610618987092e-01
1.019922462310919098e+00
-8.568166394817944287e-01
1.019730791098910405e+00
1.161438109991196344e+00
1.123612261543676549e+00
4.390064708728334542e-01
2.204523272602131045e-01
4.877483769429649674e-02
9.230903832223005256e-01
-4.736760502918380689e-01
-7.512999330699443590e-01
-1.777897654004074735e-01
-1.139221615884435379e-01
1.226798075532335996e+00
7.595970765972262506e-02
1.040595477751884435e+00
3.353339405637876802e-01
1.150227451024657510e+00
-1.108873730352339382e-01
6.945777236010688624e-03
7.004924924471502834e-01
5.002664775660649044e-01
1.622144221393473362e-02
1.597225665288528051e-01
6.313891184710430649e-01
-3.332223447932187166e-01
1.093987773562568044e+00
-1.672214706700791309e+00
-1.030123255932958948e+00
8.104011971333211495e-01
-4.089267479541495720e-01
4.707351098272331835e-02
-3.174611566180517985e-01
-3.329915885343881499e-01
-7.452436826977333340e-01
3.189168050707354984e-01
1.484291632253659676e+00
3.572160893686765482e-01
6.059161749568178212e-01
5.089195303986451258e-01
-6.909469924116961037e-01
2.962080038697016415e-01
-2.656456241397201490e-01
-1.185315689748184909e+00
-1.067449338756343069e+00
-1.155085116458229422e+00
-1.282717062214778991e+00
-1.260419185602056569e+00
-2.502364001715630670e-01
3.105348620829052608e-01
3.746350789683645099e-01
9.036559274506009709e-01
1.222581789640084349e+00
1.834529653459430643e+00
-4.121674738399638827e-02
5.793047417864198856e-01
1.217176123973991997e+00
7.557495261423065047e-01
-4.676629254436024397e-01
-2.649886966202587568e-01
5.904601944395948543e-01
8.427969842409119838e-01
-4.371714146387297162e-01
-3.731584278276374178e-01
6.866365449003237753e-01
-6.314034019708117951e-01
-9.180432943499363674e-01
1.474968253377596072e+00
6.492534617765072236e-01
2.923571273578956520e-01
-8.272686612206472390e-01
-4.238477924182668666e-01
-1.707784561162303538e-01
-4.895483865662771938e-01
2.834970174419346178e-01
-5.820190363656918553e-01
8.330315101986380810e-01
-1.535539137882886651e+00
-1.382044562893884665e+00
-1.427849056633780478e+00
-1.139135071692363832e+00
1.077216499853285603e+00
-8.894701084250915546e-01
-2.091927550370298039e-01
7.699978866348530238e-01
4.867878679317113044e-01
1.027463161414377657e+00
3.619768539963164611e-01
-6.842465099142418516e-01
-6.471535054280117549e-01
-2.178920691632595663e-01
6.153764183296381862e-01
-4.050512914927019703e-01
-1.321190000084627947e+00
1.851709114654676580e-01
8.516164769560735648e-01
-2.393543014913842859e-01
9.931432582044213975e-01
-1.365482969138479830e-01
