-7.683266839924036973e-02
-9.951370106938359217e-02
-3.715786567985452371e-01
-1.107049543849544904e+00
-4.481200855954123874e-01
-3.384025614350726907e-01
-2.309281971903068831e-01
2.358125110618696785e-01
-9.963418516363435895e-01
8.467025596342031557e-01
-1.358280406175690347e-01
-3.891015823739178425e-01
1.046916261337288212e+00
8.290462525579972430e-01
4.389277845072244166e-01
2.444112009910072159e-01
-8.616306129009017045e-01
9.162646534220464378e-01
-4.455227545060299610e-01
-6.133149503965792393e-01
-4.962188852665020411e-01
-8.341220107508157122e-01
-6.848817942340063025e-01
-2.872184971598706893e-01
1.136706679496717554e+00
3.602615815624404805e-01
-5.333289333081301375e-01
1.687022984848295104e-01
-1.390856011358064803e-01
-6.783835288428194943e-01
-3.375989818338869797e-01
-3.394802786976791609e-01
-8.890806060693429158e-02
-5.692951060321513879e-01
2.317731000622805237e-02
-6.394403343899647263e-01
9.825593592690595734e-02
4.590975791395278116e-01
-7.537022219543866308e-01
-1.324391019731893382e-01
9.788946944181860232e-02
3.595496895708608642e-01
-5.937009309175360627e-01
-9.268895470601645759e-01
-9.313204772175101565e-02
8.855560377689499774e-01
-4.209398263690779518e-01
3.533279382386667056e-02
3.562437469228616482e-01
-1.074788683392041477e+00
2.098568750656091275e-01
-6.679513890961777944e-01
-5.537740708179129667e-01
7.770325839411077462e-01
-8.345218864211209064e-01
9.119195897427747610e-01
-1.041274605543404563e+00
-2.352218094543861437e-01
-7.113654879346428261e-01
-2.479942092064951475e-01
1.328638655555008929e-01
1.072203259201472747e+00
-1.091918084553839430e+00
1.101949014950264649e+00
-5.065678761159640997e-01
9.064343004523233160e-01
-5.583058335142873085e-01
9.788648934720842743e-01
-5.423572958186196891e-01
1.261798397554043438e+00
2.465992139083855728e-03
4.964224518738470926e-01
4.676486761288618510e-01
-3.424062011204911937e-01
-5.623945068438209738e-01
1.121464116163622515e+00
3.069314803945759063e-01
-3.402181697753285938e-01
5.331834331604801136e-01
-5.550549925924607164e-01
6.782364238620874897e-01
-4.032236482955778856e-01
2.382269428585489235e-01
-3.318038842197682525e-01
-5.503586012109967784e-01
6.242257715398644713e-01
3.549247422574623445e-01
-5.286002140471363075e-01
5.080893312223737357e-02
8.030865270437764769e-01
4.688932386007454989e-01
1.257821670676658288e+00
-6.794775138777747747e-01
5.762577054361091300e-02
3.267985026256871040e-01
7.471414164280932857e-01
-7.238968643261816105e-01
3.500428264802325495e-01
-1.196404977376888112e-01
6.651534283074144183e-01
7.107976984896809958e-01
-1.324776358666538867e+00
1.128064084276330092e+00
-3.144754608224429870e-01
1.157298522026213750e+00
2.246493485279462132e-01
6.584977629727015724e-01
1.166697020339972246e+00
5.926826790313481919e-01
-3.041675629112373658e-01
-2.694075883935594939e-01
-5.521265533520887114e-01
1.593718524995627051e-02
3.699164090399446048e-01
-2.775471704041093668e-02
-2.994310323155127129e-01
-1.331140353076736949e+00
3.916804837329327937e-01
-6.865500820816192729e-01
2.273089972133514047e-01
7.838992686952535038e-01
-3.941979812598431221e-02
-1.816871488231726617e-01
-3.786402501278790522e-01
1.287298047379170085e-01
-2.294603554602503981e-01
-5.898753116338563141e-01
3.961789142531742525e-01
7.956527788045417160e-02
2.827456515521562519e-01
4.304932915083352629e-01
8.218201715922425210e-01
9.918613776733675724e-02
-4.022089557789654823e-01
8.050056385149800819e-02
4.219371441963294389e-01
6.150318844227908865e-02
-1.224633812022407842e+00
7.326563144470803479e-01
-8.096730829122923412e-01
-5.954933739964362038e-01
4.219551530983671195e-01
5.919093765990073308e-01
1.494670952061753488e-01
1.176119090710056603e-01
4.704520255893809288e-01
6.543984769065086526e-01
-5.905878637499389905e-01
4.398392528297968007e-01
7.696483125105966216e-01
1.361326396419290652e-01
-4.625240893335599845e-01
-6.677657208259172306e-01
1.104022213775370576e+00
-3.006036460686629108e-01
1.072513619802427653e-01
2.981870419839638964e-01
2.289128917914231842e-01
-8.103314618712978423e-02
-5.289559928237839992e-02
1.158957012792617702e-02
-8.277105807928285541e-01
6.366705289889514896e-01
2.577874278474252545e-01
6.924142387406730936e-01
-2.663231576351289265e-01
5.598457561176662933e-01
3.588681109188748830e-01
7.492362704270543183e-01
-6.302960362997586663e-02
-8.014972556227295541e-03
-3.618201087381264225e-01
1.073401203729259068e+00
-6.311876490101377968e-01
1.268469555509588398e+00
-3.067270530391020822e-01
2.569389781886239899e-01
5.476106476233920661e-01
3.607724893687072609e-02
4.398526118030631205e-01
-2.882715786830785110e-01
-7.302090791229662314e-03
1.484251456025599269e-01
6.687904758617219114e-01
7.391457285057398963e-01
-2.015717908642390699e-02
4.797995213420970795e-01
7.087775493542245453e-01
-1.010722251482602640e+00
-5.730484215977785789e-01
-9.400765086331830389e-01
3.078616738490911331e-01
-8.615921747454635682e-01
1.565635454184858000e-01
-5.210648790504989192e-01
-7.333317738796786278e-01
-8.958567362390488231e-01
-2.001682456826950063e-01
2.301850964434429825e-01
-1.918220257737976719e-01
-1.389829341893981385e-01
-9.592128849302852256e-01
1.120824037820020047e+00
-8.596523741743827829e-02
5.408279775831845160e-03
-4.142355106201223713e-01
-6.871844658259512739e-01
-1.764912651818787426e-01
1.386916187477186257e-01
1.048739086016759359e+00
4.844277154231504956e-02
-4.491558301223508853e-01
4.590692886541394846e-01
-7.168996748727277657e-01
7.059483095160971056e-01
4.139742466881429772e-02
-6.126566765573647766e-01
3.882705936541803182e-01
-1.896350736806119985e-01
-7.486519251343219938e-01
-9.520486029330446076e-01
-5.907945509842310594e-01
-5.034482118612666479e-01
3.604087657777005349e-01
3.174705269353372827e-01
5.876343299254256358e-01
5.173918612801881034e-02
-1.792649073346615496e-01
-6.136117022577385338e-01
-3.386445077523739799e-01
7.875943196477860897e-02
-1.112757021910663613e-01
2.563000088668868637e-01
-1.076178199295211302e-01
3.777102126976603635e-01
6.225209303738791222e-01
-4.638337626342102782e-01
1.475986910489102688e-01
8.092275849853572400e-02
5.480330873515651957e-01
-6.666686872353378979e-01
7.811234708752250455e-01
6.437232417562618325e-01
3.193502670498695184e-01
-8.867630097125399624e-01
5.029903908848406546e-01
-3.342489973328813813e-01
-2.326904680769527334e-01
8.362726955875039447e-01
7.755765766179155696e-01
-7.193242542074460566e-01
-1.083380139829393629e+00
-1.144479110002578626e+00
1.263623154718950703e+00
5.900656193915454484e-01
-4.273086843974857607e-03
-5.943736842649924856e-01
1.995240665740628805e-02
-1.731761005982735413e-01
-3.621327276662400507e-02
5.824297639780873226e-02
-7.594608246982231803e-02
6.168397069221293050e-01
7.237602960986696532e-01
-8.787807878711688669e-01
