-4.630420539736880281e-01
1.935067633294306200e+00
-2.996092991116486304e-01
8.619075690339863538e-01
-9.776600200114017314e-01
-8.392336711511020342e-01
4.641405275661714125e-02
-1.267450963007529463e+00
-7.505667137889769913e-01
-1.239331736261134687e+00
-3.361195495180323567e-01
-9.069539892945245319e-01
-6.737137019392189785e-01
3.796760268461535359e-01
7.451203058162886306e-01
-1.341008286772825464e+00
-7.563944340019390644e-01
-1.551113279730783390e+00
1.159933723024336949e+00
-1.614160020041312649e+00
3.912846320693644242e-01
-9.891179871245164845e-01
1.185654325774042395e+00
3.730472520061346442e-01
-1.421240199004228932e+00
1.242913654025535664e+00
-1.115762542323857742e+00
7.823266021726518193e-01
-3.579930505390317430e-01
-1.224010811053795944e+00
9.876153643172617125e-01
-3.057004503586316924e-01
8.679066026911564924e-01
-4.323162380216520884e-01
-5.675888258561265776e-01
1.474736292325365739e+00
-5.299697156157311406e-01
-4.040759158103912618e-01
-4.888956741949538332e-01
1.361159593265561796e+00
1.016015790747458736e+00
3.204415877375664801e-01
9.634133121141970069e-01
-7.909082907732402079e-01
4.322767527207821980e-01
-1.526693382769088503e+00
-7.113478314139560776e-01
7.971231580835866914e-01
7.171939483997508136e-01
7.921938690070005895e-02
-1.116432865900612192e+00
-1.146704440142646136e-01
-1.305185948510326099e+00
-6.769554684161072089e-01
4.343233710132959891e-01
-1.580351182833211188e-01
1.302773982478149906e+00
-7.129179945879111635e-01
9.277823532062004497e-02
-1.183646508704871980e-01
-1.592156728213973693e+00
9.561612233779674952e-01
-5.513624556807584787e-01
-9.511533332598505197e-01
2.053469986358065213e-01
-2.207882049725337914e-01
5.698506174067756724e-01
1.375104115764846646e-01
-3.482767056295204000e-01
-1.631463913469908933e+00
-1.082778596284303285e+00
8.040561513522461734e-01
-9.071101601490583199e-02
-3.427539138618433956e-01
-4.355332838923464123e-01
-3.121029917429916090e-01
-1.112301260750811149e+00
-1.864462015045047494e+00
4.663434166888544841e-01
-1.101128979580548339e+00
-8.303876258620673800e-02
5.816100527232108686e-01
-9.922991917259355032e-02
-3.661183409023552326e-02
5.334383344639028746e-01
6.874821319599767611e-01
5.217542551241977078e-01
-8.503375123413166314e-02
-1.309102335522610572e+00
7.360858423719046639e-01
3.522199508240665411e-01
6.268442678471786156e-01
4.907131105648864788e-01
-6.577088028314356238e-01
-3.031446592142305607e-01
-2.253983630236241487e-01
-5.762511412052889748e-01
1.264050691683050953e+00
-8.152025119904432460e-01
-1.045955033693851233e+00
-1.643154073391583370e-01
2.679125050661625984e-01
-6.200247155186168202e-01
7.628652778642357468e-01
3.967492132282298689e-01
-6.202170796151301735e-02
-2.204755051287869527e+00
-2.210503133289592359e+00
6.992721817369468296e-02
-5.031728746540473640e-01
6.772639534635328529e-01
2.103894847272513025e-01
-5.184624704968769926e-01
1.438824406251306476e+00
5.933062743577587339e-01
-6.876783543829341205e-01
9.345241377999762289e-01
5.695787480755063470e-01
-1.205616919729285419e+00
-1.025948668643072104e+00
-2.366152754503892119e-01
1.592087729731753276e+00
-4.220098529566661538e-01
-1.310621810875067794e-01
-2.381139873709678390e-01
5.720231304260599003e-01
3.550719306315501256e-01
1.432603828040486693e+00
-1.062459923161076514e+00
-6.629044259764280689e-01
1.984621112068574833e+00
-2.856335736157945837e-02
2.404640974611133242e+00
-2.336103839388253611e+00
-1.889158372228146865e+00
-1.000891978458797515e+00
1.464763910789617096e-01
-4.101503446034244771e-01
6.760682741472670010e-01
1.096007238203592360e+00
-1.316451927110520170e+00
2.131695850052808705e+00
-9.162586364270161043e-01
1.330312259469790703e+00
8.733216445636385328e-02
1.993266892041443139e-01
-1.044090274809134217e-01
1.044580810928459558e+00
-5.464650103281276650e-02
-1.662611767346118485e+00
1.249955051673072415e+00
-9.171774929144504984e-01
-1.076982224862119697e+00
-3.159737677040227455e-01
1.016961247218701514e+00
6.471953665897219876e-01
-2.462388733055008161e-01
-1.406858286880054099e+00
5.144619559795632346e-01
1.433819158447454445e+00
-6.423077923647102505e-01
-3.119209027393619049e-01
-5.732406305330172147e-01
2.443271053882686838e-02
4.396254143555802241e-01
9.031873688380741561e-01
1.144056023819745027e+00
-6.480892583117358052e-01
3.714778257322124411e-01
2.245641512261921768e+00
-5.346669304828357561e-01
1.274331281902121304e-01
1.394848707969373325e-01
3.506408520938417706e-01
4.721679246119621087e-01
-1.201028846870646705e+00
-1.753234855139129023e+00
-2.674431091006781447e-01
4.322512824634229811e-01
1.791901642788283233e+00
2.500562423304700799e-01
-3.892829891701976575e-02
7.123226789214971433e-01
1.342127133304056863e-01
-8.705177236302374943e-01
-8.533067714619977373e-01
-6.399663942608032619e-01
-3.699057526221868342e-01
-9.741220587724908064e-01
5.136968265220035468e-01
-1.103397335627681830e+00
-1.352191926127213062e+00
-1.505535349743729046e-01
-1.328186400895412067e+00
-8.485020575543917865e-01
3.430464391014883541e-01
8.140246576374434717e-01
-6.341265245897467207e-01
4.759976260900793121e-02
-2.802495828345236140e-01
-1.672112891425010073e+00
-8.159014058904234812e-01
1.767358870709349494e+00
9.405993855324694675e-01
2.198275004636754681e-01
1.580390045523024645e-01
-6.455903850406364830e-01
-9.380415283412765204e-01
1.331028280148819631e-01
-6.785649528048987023e-01
-6.401035215082758745e-01
-1.164986083782963311e+00
-6.107977329287040957e-01
-4.170715101722388130e-01
1.176116048179498108e+00
2.721658103001057816e-01
1.691263190792321680e+00
9.731403820599636711e-01
-2.813016288390806086e-01
1.397958393576916203e+00
-8.267638604608296138e-01
3.445955268858268972e-01
1.318337239664095106e+00
1.131285144223032058e+00
-1.000854563372774786e+00
-6.308675060494489673e-01
-1.076369115204457216e+00
1.628494156606407062e+00
-1.924972977469210922e-01
1.365991082421419422e-02
2.811818400956475061e-01
4.109184791981669305e-01
-7.766334253728754966e-01
9.474494705850757814e-01
-5.079814359090870091e-03
1.782882158628479319e-01
-1.740778386309699832e-01
-1.889492364860205553e+00
-7.694453597946445678e-01
-2.310436695284770747e-01
-2.505869872152255429e-02
-1.961781893336744242e-01
1.442272334980843063e-01
-1.001911260609771315e+00
-1.226245914084810762e+00
-5.912468565711931356e-01
-1.415957669292820409e+00
1.872632700940507711e+00
5.055905577521631056e-01
-1.026428446167849229e+00
3.486055987067452899e-01
-7.555489413000533450e-01
1.849820904740172578e+00
-1.243400388940380630e+00
-3.048975273265746022e-01
8.036717718594308391e-01
6.618210202609191573e-01
6.368327970596214804e-01
-6.026641739543201481e-01
-3.693701302327663250e-01
-6.254740339639150992e-01
-4.260273524085976260e-01
-1.140684051359512008e+00
1.307287237338767172e+00
8.253613145407023843e-01
