-6.615622623123619261e-01
-3.125942500425510917e-01
9.002072156643536882e-02
4.587190557011046055e-01
2.289053593779019624e-01
-1.188267572774228897e+00
-2.935181530290314478e-01
-6.850543092922772859e-01
4.748022437049256861e-01
4.276350756899551797e-01
1.001489715854909868e+00
3.293450889453944375e-01
-1.241740604090896483e+00
-5.809089517613922338e-01
-1.242858461912175194e+00
-2.924851011049300342e-01
4.336125028095330625e-01
6.184036341244507629e-01
-6.802081044652084074e-01
-1.469281989033726976e+00
-4.879036537802247664e-01
-2.385925641355431948e-01
7.232631219785423671e-01
-7.909041913645133981e-01
4.921034697008469516e-02
3.073267060099553749e-01
-5.869550982580743481e-01
-3.710083101706268538e-01
-5.841678631982064607e-01
5.781013298479820151e-01
-1.155252686977288779e+00
-3.729435279149551086e-02
-4.706397368317606911e-01
-3.875762234049998090e-02
7.615996784789610397e-01
3.439870246710490242e-01
-7.064305155885413079e-01
-7.268585556847990681e-01
3.728525640992172985e-01
9.548747682921903124e-01
1.763694744110320123e-01
6.762377754571786692e-01
-7.475833957497882709e-01
-5.397399779066736070e-02
-1.567460721016299963e-01
3.555329893082015413e-02
-8.943814604290467596e-02
4.855292608251638442e-01
6.498136023925460414e-01
8.467226939286343068e-02
4.605366155391378835e-01
1.304469683900635779e+00
4.293259374575882914e-01
8.096728238634742780e-01
7.027944685967071337e-01
-6.364697099927074664e-01
-1.086154165524638282e+00
-5.599499911758083481e-01
8.949494565015871927e-01
5.528584415716847333e-02
-6.585349113190880344e-01
-3.694321091196156592e-01
-5.309229798598458228e-01
6.469952177598279341e-01
-5.659468794677791070e-01
4.984258444454338077e-01
6.378365377473752540e-01
7.922024946493457787e-01
6.027324997156834341e-01
-7.122487051310105732e-01
-7.411398137343644388e-01
1.147885985126592345e+00
-4.450302814296329124e-01
-8.183914142312274098e-01
1.569450707585592131e+00
4.843059426044554194e-01
-4.031092571270039615e-01
9.923400650033773474e-01
5.598452886885366686e-01
9.768454491112703586e-01
4.951587615399079545e-01
3.729067588202714667e-01
7.952957383423554516e-01
9.888606727071987124e-03
-4.073637794037390236e-01
8.150700845271223738e-01
3.637120961087489390e-01
-9.003174233768103107e-01
8.039848581995907573e-01
-6.348707588131513591e-01
6.963469923527818572e-01
4.357774915544319061e-01
-2.470637814927342246e-01
-6.210506013577752338e-01
5.680328482173164772e-01
-4.139133940140345413e-01
-1.208304136570851783e+00
6.219745505348089898e-01
1.999067292719110545e-01
8.411503858950173385e-01
1.333406317045545686e-01
-5.540053237456625812e-01
7.176217767410999482e-01
8.457881981363839508e-01
3.537579677192463357e-01
8.788240060576086865e-01
2.216321989197341802e-01
1.084981183298581175e+00
6.494081972511804857e-01
-6.772660948328238506e-01
-6.694774617876800837e-01
-9.042987703738289973e-01
-1.388285156506120721e+00
8.255768661440514578e-01
2.837437013364071947e-01
1.080939297272531796e+00
-1.682610028868113172e+00
6.579664360872472528e-01
5.495011558621365477e-01
-1.006102967751567379e+00
-7.937096112840882345e-01
6.205929307494377767e-01
-2.463567165091663236e-01
-7.213787458065690217e-01
-1.260878386079522295e+00
2.656651823837848925e-01
-4.433067969643988970e-01
7.174011861441724758e-01
1.270902011305853119e+00
6.740781535933999535e-01
8.655929111460554104e-01
-3.693544337762036389e-01
-1.049602440348061105e-01
-9.290505897648293487e-02
3.399184321996021052e-01
1.078828054759887467e-01
7.704442492200699322e-01
3.010381645015794971e-01
1.349072127576789182e-02
9.783754642174294913e-01
3.906963793075259872e-01
1.643539501566351202e+00
3.445877478936777982e-01
6.046620488376618363e-01
-7.776694206095272621e-01
-8.693569806322010152e-01
-2.037228494322712025e-01
4.311736839746463934e-01
-6.987502302636442453e-01
-1.598020491745793858e+00
-2.712853077374735578e-01
-6.234670096536925055e-01
6.801591601023198042e-01
-1.151869899173667972e-01
-8.244506374186538755e-01
-1.329279778800361023e-01
-5.539799754978097512e-01
-8.119696106000349189e-01
4.039345898647929145e-01
5.507242903491582631e-01
-1.520605842559953902e-01
5.424322004282350340e-01
2.713548869683327647e-01
-9.616951993410686184e-01
1.530841911418946433e+00
-9.393599329856917590e-01
-6.423001047461521784e-01
-9.258556337163357242e-01
-1.531612909785761700e-01
-1.207247821955628853e+00
1.305397078112489950e+00
1.323679266056290382e+00
-3.013135616649056381e-01
1.411168580026703201e-01
1.805179360302278380e-01
-4.193670441576250463e-01
-8.692522162180305045e-01
-1.256689768633099114e-01
4.360783521110217498e-02
-6.046013631090458862e-01
-5.579609430364368405e-02
4.112421215313179501e-01
-1.063278844662672640e+00
5.133742805425538513e-01
-4.232055235338375021e-01
-6.495144714349135873e-01
-1.196941743708586969e+00
1.717475403251640942e-01
8.849232410106155911e-01
-4.800833960508559262e-01
-5.227669477390777253e-01
6.981359976432907066e-01
-5.140927057923251331e-01
-6.235867842918658699e-01
-7.927109187226980547e-01
3.677547911023494320e-01
7.003947728990428390e-01
2.081656859885024358e-01
-1.471956602302047501e-01
1.104589374267351265e-01
1.168014537312699108e+00
3.252652236193472324e-01
-5.859557894859154237e-01
-5.982595112928262848e-01
-7.060794327618429289e-01
-4.828819337436654480e-02
1.367263865125837308e+00
-2.668536738001043296e-01
-9.547962500740325709e-02
6.899251846516982756e-01
-2.913330382456468248e-01
-7.904833513668982903e-01
-4.666644893225794233e-01
-4.121928781578568790e-01
-2.328823625376912343e-01
1.279502913088488569e-01
-9.884464755163306915e-01
6.366458648267383502e-01
7.256697922958719182e-01
3.101173761497736381e-01
5.754767569870481436e-01
-8.704079747024399127e-01
8.780578670481118397e-01
9.027318719201369301e-01
-1.529119357216094099e-01
-1.061997454575497102e+00
-2.017794195895976361e-01
-9.555144438829366038e-01
-1.021436426142919629e+00
-3.436648579941088966e-01
4.720525824684582150e-01
9.174559838421774138e-01
1.309254473269827468e-01
-9.375657493782880714e-01
4.899459951435616856e-01
-1.192539675323908144e+00
1.013172081012550629e+00
3.936557743602320247e-01
3.618373127633077724e-01
-6.937102917625498355e-01
3.798168043414262285e-01
6.548244305742569882e-01
-4.866033940511727551e-01
3.647953667059362637e-01
2.575174858012225787e-01
1.039627304832128507e+00
3.717219973225240337e-01
-9.880598660846531267e-01
-9.378682259516720743e-01
-6.251459963456720281e-01
6.866141494494228947e-01
-6.523143781466234081e-01
3.873294249083898966e-01
-2.388141858355155578e-01
-1.590495540295649768e+00
-1.021967649220473229e+00
-9.522948099419064061e-01
4.093165286114576196e-01
4.777327918413362129e-01
7.965181802595070470e-01
1.398467037999729934e-01
-1.029970557658373753e+00
-8.637101850182136165e-01
-5.207955787412799076e-01
2.936733842920180582e-01
