7.453229047126828932e-02
1.902053132683549030e+00
5.444079281409948123e-01
-9.026309150951324911e-01
-4.709997137701009140e-01
-6.803526776104260598e-01
-3.654967786794163231e-01
-1.651085025793588734e+00
-8.751338919129236782e-01
-1.336052773849568887e+00
1.558359301071854386e-02
-9.175583981795339961e-01
-3.219678490964025808e-01
5.161865935554527107e-01
9.383939938876769693e-01
-1.346201387832344221e+00
-2.723591771851682775e-01
-1.286229358695687219e+00
9.653514355640395728e-01
-1.644312583359452073e+00
5.257435022686749448e-01
-8.517447729369886922e-01
1.268730499035822135e+00
7.807033969579459942e-01
-1.577984494639057989e+00
1.552583491616968514e+00
-7.875133205940191283e-01
7.259660630438333762e-01
-2.291045801379192892e-01
-9.924932028976813925e-01
6.668507350953006840e-01
-8.770816341694516183e-01
5.637700550345838835e-01
6.222425373326818665e-01
-1.435417465772765411e+00
4.004757733631828520e-01
4.168935211159369714e-01
-9.340930461795813322e-01
-4.850552883491039968e-01
1.155537125546941546e+00
5.614315918681822559e-01
2.668271207153748992e-01
1.226237509983706397e+00
-3.537399912062719198e-01
1.142667085267638161e+00
-1.455469409337573072e+00
-3.128967623933512354e-01
8.974398642292295836e-02
3.585345128798589354e-01
-4.530737845992213741e-03
-6.647964683533260644e-01
1.581142579849063035e-01
-1.553004168704250620e+00
-4.826887827913192153e-01
1.358242758720358268e+00
-3.208203180246833042e-01
1.044702322390527627e+00
-1.022427549626779175e+00
4.978812911154412157e-01
7.670682871906242539e-02
-9.739113670372888665e-01
7.373726209821978017e-01
4.201094298865341026e-01
-2.712937419840543152e-01
7.219264543815948620e-01
-1.851793832991660838e-01
5.534879096545994859e-01
3.521570368759949221e-01
-4.072078598062141008e-01
-1.003354842444150741e+00
-7.658179568661733772e-01
1.532048624822966443e-01
4.088185932293941782e-02
-5.963349229383498873e-01
-5.353646906155199447e-01
-3.857414259296564896e-01
-1.797506524033179454e-01
-1.146031022928303944e+00
2.792458796906692187e-01
-1.188487929684716171e+00
-6.838831025428940835e-01
8.803703884358219378e-01
-2.042965099308841348e-01
2.644958397017642682e-01
6.782142671338027284e-01
4.126107072677496768e-01
8.776106159047409871e-01
-3.178775207426839389e-01
-8.416878154021336655e-01
1.413020722751374469e+00
-4.486713979850078249e-01
5.982847746033637115e-01
1.031297586257083621e-01
-2.508306210013681037e-01
-1.841263285297572994e-01
1.131738199020565355e-01
-8.229874469536005432e-03
8.955810817702652971e-01
-6.676296116441059469e-01
-1.430922952234272016e-01
4.282942344335297080e-01
-4.990676231602798052e-01
-1.254305016255479188e+00
8.072365662912067696e-01
7.827423547268158588e-01
-2.634447624227831963e-01
-1.590053171289613765e+00
-1.580336306145017744e+00
-7.655504203800538310e-01
-8.361960559377902280e-01
4.216616978871626231e-02
6.721300842482145210e-01
-1.297736015467110260e-01
8.077131250736471202e-01
2.233667806575866943e-01
-1.379329992295164731e+00
7.197603766294146110e-01
-1.031107753550283834e-01
-1.203626860017116718e+00
-1.154215304462898661e+00
-9.434242521776039503e-01
1.389972903252704173e+00
-5.622222847659139600e-01
-5.095741629807585271e-01
-8.929241219058466905e-01
-5.102560272137710712e-02
7.602964651513044458e-01
7.818227153846200039e-01
-9.552404682706352457e-01
-1.074482621349625022e+00
1.318851697751993290e+00
-1.150853074533298770e+00
2.352638378939301500e+00
-1.764558709123945413e+00
-1.726377902538239306e+00
-1.423871351481853731e+00
3.867926276917004191e-01
-5.970457854015290833e-01
5.524016006084481178e-01
6.526679759698952310e-01
-1.065385353919568789e+00
1.528324040559606356e+00
-5.192312558951908130e-01
7.054772882591431316e-01
-3.135073005252337897e-01
1.607463017709802044e-01
-5.792815944140894402e-01
1.171354942867033566e+00
4.430375324319557606e-01
-1.543278267393056957e+00
7.652430163997021584e-01
-1.179595845217740191e-01
-1.144740025668112615e+00
-5.486598050640609792e-01
8.970829415153994679e-01
6.066657864135514000e-01
-2.057042998175021564e-01
-1.751383103303053135e+00
5.556781129403994823e-01
6.667252195180349839e-01
-8.098468324028763599e-01
-4.304597672992437341e-01
-5.768513311295153656e-01
1.183757227697697090e-01
5.556838307628155782e-01
3.777292823632624197e-01
1.417548977855913606e+00
-1.220062234951845737e+00
6.552160935915916085e-01
7.969865679301760819e-01
-8.449736333848036907e-01
7.066760486974685285e-02
9.582013714837558926e-02
-2.125350540851557168e-01
9.324367082522870831e-01
-1.177476535266319235e+00
-1.363757172164449472e+00
-3.245073136313703088e-01
4.691925600851847289e-01
1.602233833680332786e+00
2.152593405395601955e-01
1.922516906327649544e-01
2.026296930939228136e-02
-6.319484569695026088e-02
-6.626701019871624743e-01
-7.542018439876621017e-01
-6.855879089002481219e-01
1.460151306561984774e-01
-8.347667023036480227e-01
-1.289412837323478112e-03
-5.843153318093868842e-01
-1.549503029270174581e+00
-1.397378815058497592e-02
-9.466673063475654626e-01
-5.903432056874993172e-01
1.923879685800932715e-01
1.310759226192960147e-01
-8.219330903054365700e-02
4.807177441867719336e-01
-5.137062742379306934e-01
-1.150217792602949096e+00
-4.601393127786035375e-01
1.722300131563742065e+00
8.361983511477046882e-01
5.809212355333839839e-03
2.387607927647636408e-02
-7.106523468169974045e-01
-8.998739613027331163e-01
-2.107513358621566357e-01
-7.246418574848823013e-01
-8.324147912045486430e-01
-1.129594447003341218e+00
-1.308178426231467739e+00
-6.676403927338415700e-01
1.085166985778649673e+00
3.670378273819765447e-01
1.782484867454319888e+00
6.022878509315933160e-01
5.926950246835195613e-02
1.155545858761204636e+00
-3.082744223612009504e-01
2.401076083690393825e-01
1.356704247122767937e+00
1.029051304289175128e+00
-9.960261931691846149e-01
-8.491891761623481250e-01
-1.468945173629695233e+00
8.816304355704986939e-01
4.756588204206962933e-03
-2.697673378648125508e-01
1.879208694851325911e-01
7.505857736043040074e-01
-8.979790833132665906e-01
8.287740212217494795e-01
4.388157436996820149e-01
1.880198677617107572e-01
-2.062707018363660050e-01
-1.066618725642281884e+00
-4.719743804861119552e-01
-1.887682395071991204e-01
5.984643025760072454e-03
3.472365172547117740e-02
8.652364766398018547e-02
-2.757902109518719502e-01
-9.748825738487507664e-01
-9.300620304985061093e-01
-2.971867460696595020e-01
1.546066304412689663e+00
-4.120737725136104646e-02
-8.203744319004278029e-01
2.482372073059956885e-01
-3.813730152930179806e-01
1.643948619144746992e+00
-6.540308030248643822e-01
8.840310462783235179e-02
-1.979577605789673289e-01
5.468353506693495181e-01
8.703042715519346828e-01
-6.522616797920242071e-01
-3.024719827352804757e-01
-8.503024588434919817e-01
-5.065353083906320997e-03
-5.989035337803303438e-01
5.542800246291395005e-01
1.238137369876791904e+00
