3.108957056494451310e-01
-9.189558327555513717e-02
-8.769262707616654051e-02
-1.503541454219554208e+00
-6.176441041824320966e-01
-6.087531801248217966e-02
1.503435055518700103e-01
3.153438838120125043e-01
-3.650032231380405667e-01
9.344510669131431690e-01
-1.580805171258936881e-01
-1.390540038203817441e-01
4.204251152620678278e-01
5.919593501684804471e-01
4.685331022961407021e-01
7.388283657188183806e-01
-1.332049347077667312e+00
5.708427288127004839e-01
-4.225669341467608864e-01
-9.001626904442250332e-01
-2.161452314602844427e-01
-4.913658370067047199e-01
-4.730777230275284850e-01
4.186208561409204137e-03
7.885783254333302850e-01
1.494732953330658309e-01
-6.561484757783203614e-01
7.939067428586326081e-01
-1.896612911310262550e-01
-1.226360162108322216e+00
-8.544000641562534692e-01
-4.088843414124823106e-01
-4.840527455101294452e-01
-4.294334162251840503e-01
-1.025940653656353119e-01
-1.173476186175124836e+00
-5.906268555897921102e-01
-6.317378397859610417e-02
-5.189400550029690251e-01
1.828066721886232870e-01
-1.164447882111594168e-01
-5.594533220174906507e-01
-4.628907121456282692e-01
-8.318984632397963264e-01
-4.094595463390025003e-01
1.105644855236275870e+00
2.019453346402394489e-02
1.888440959929823526e-01
7.017136337714172667e-01
-1.759466624776652721e-01
3.219750295566638498e-01
-6.006720593662817631e-01
2.806867207014585031e-02
9.867896879448734282e-01
-5.373531178749612058e-01
5.332831789297601821e-01
-1.127202528076813870e+00
-1.850854613988468511e-01
-2.188770579313903397e-01
-3.183643583657616016e-01
7.260320906383622708e-01
1.250260055863768649e+00
-2.912750840892067705e-01
1.138671659822068749e+00
-1.006431426742497415e+00
7.992021188391571496e-01
-3.107057139861715833e-01
1.595777293203619163e+00
-6.633536948829327207e-01
1.016863923524696789e+00
-1.298825177960327149e-01
1.969475953128345114e-01
8.584679597269392892e-02
-5.765904826567298525e-01
-5.829345276536768150e-01
2.021413246206471559e-01
1.022470705853967543e-01
-2.594672055643862940e-01
8.643300250143982622e-01
-9.688853058752441294e-01
6.529740669871509917e-01
3.137961842822187264e-02
5.675175698081247333e-01
-8.044340140961803165e-02
-6.291681806463373938e-01
3.274880495425273041e-01
6.216609511517661169e-01
-5.522504171615346680e-01
4.874850734428909926e-01
1.848434847229617206e-01
5.447653541506811692e-01
1.324267586679136466e+00
-5.923797212078458774e-01
1.772124583371498807e-01
-2.879950759198976473e-01
6.365439069722885757e-01
-4.977653751712154406e-01
3.391527595638423320e-01
-5.155629262799060752e-01
8.663636234429453742e-01
8.338385347751575694e-01
-1.075853873196560118e+00
1.319336290898355024e+00
-5.973232360478138991e-01
1.505042991929409713e+00
9.298333940164280609e-01
6.821676071492728255e-01
1.049526138067763847e+00
2.755910030408134093e-01
-9.544233122938591829e-02
4.450434771552130853e-03
-1.077341268506169403e+00
-2.184890915629239538e-02
1.564495873245845547e-01
-9.293598680194066208e-01
4.203526191598445649e-01
-5.799125394425821423e-01
7.857441456406303315e-01
-8.326872387227546302e-01
7.253088090749526540e-01
5.412832388710748788e-01
2.249224426156589962e-01
-4.007448784948841602e-01
-3.475265594209426823e-01
3.434454661787380569e-01
-6.093012718136643358e-01
-1.521423748243206919e-01
3.642271907078272752e-01
4.990203899943864707e-01
5.144783299219410910e-01
7.986491133227350270e-01
3.644109150061953240e-01
-5.536062289593462332e-02
-4.035812572796722564e-01
1.556971504361196190e-01
6.354980428140359905e-01
4.646955561847257998e-01
-9.857217743059767390e-01
4.371970135801426238e-01
-1.164466008931163366e+00
-1.420210819751622555e+00
-3.221476786779326473e-01
2.362728776321115221e-01
-4.585618132105878653e-01
-3.381204180663738290e-02
3.832934051402715481e-01
6.700847061897015067e-01
-5.193638923116101758e-01
9.270707877579511536e-01
7.702086942687648152e-01
1.526926226921059837e-01
-6.834837484963677268e-01
-4.096632361011113277e-01
6.154221859941896300e-01
-8.887426815716852335e-01
6.150352297177108518e-01
4.825954376899755927e-01
5.430562353559439948e-02
-1.087403458179731219e-01
-3.363631094295366220e-01
4.084997508054086235e-01
-9.387932866723978087e-01
1.002629760813446902e+00
3.179334538529473009e-01
7.887634012723782062e-01
-5.128140413111182960e-01
6.789876194330839443e-01
2.326336165669990463e-01
3.701034134218874616e-01
2.913806085603307672e-01
-1.152130370334003701e-01
-8.235455635142222564e-01
4.074416489606004221e-01
-2.381084409387239920e-01
1.823217932095183347e+00
-2.831994245967034418e-01
9.700475170872008279e-02
5.739105243954796265e-01
1.949435142086349826e-01
2.094764570404634152e-01
-7.219356787937983855e-01
1.687007408683340315e-01
5.480767659377936418e-01
9.798000765390776357e-01
1.664549077979761704e-01
-3.637746954720851300e-01
6.803470195264497145e-01
1.123293421072089765e-01
-1.705355455727927794e+00
-8.088789884118481321e-01
-2.077842704239086236e-01
2.247014614915671116e-01
-1.153748879102765468e+00
-4.280976444004075399e-03
3.587251209179306843e-02
-4.138020369066638948e-01
-5.925461550491111229e-01
-1.236083109884427433e-01
3.244485866675871077e-02
-4.848994524368459985e-02
-1.866301402561276745e-03
-7.615594329436878862e-01
1.252386087766306666e+00
5.438859707636115037e-02
6.111090726358374692e-01
-1.253063386140977897e-01
-4.566683227622470587e-01
6.155093489236747317e-02
-5.487448036064078438e-02
8.811949535476614193e-01
9.242226767648646646e-02
-8.587592856538135422e-01
7.586179048861302343e-01
-2.603503054992402088e-01
6.259128053717832874e-01
-8.229069086357878593e-01
-9.566293981085720599e-01
-2.094462255811951890e-02
2.809931656014323653e-02
-8.033852917419217476e-01
-5.305047979798156454e-01
-1.196530485305197233e+00
-3.856573082347031223e-01
6.373333391781519364e-01
3.101427829007207260e-01
1.193900680677110193e-01
-3.620958589590465015e-01
-3.452803947390906680e-01
-9.896955099781128140e-02
-9.256176799981863379e-01
1.107933728044350474e-01
-3.026878937684114868e-01
5.608017710646187037e-01
2.619697617018612590e-01
4.966294548305421053e-01
6.870483116513256272e-01
1.012269388304863904e-01
-3.886698353287625779e-02
6.003423868148402565e-02
5.339678106240048905e-01
-3.235625141260910498e-01
5.611316692692015495e-01
4.684960567718907676e-01
1.839072056776501207e-01
-1.064719946513743354e+00
3.364643593285404632e-01
-2.070418104129069792e-01
-3.213733992518742477e-01
1.251518713644699687e+00
7.729983293907631836e-01
-1.155644099831223848e+00
-4.940854281475692833e-01
-1.045515200549291590e+00
7.794738541955785749e-01
6.836443535129491655e-01
-2.498408926258143259e-01
-8.622064753020053374e-01
2.579732361666542406e-02
1.490468661740347311e-01
-3.728365726585278761e-01
4.286455617220196190e-01
-4.381319474129057312e-01
6.920126987234754834e-01
6.604507300057667063e-01
-5.968567531659872971e-01
