-2.619234916766036148e-01
3.512061849498634425e-01
3.112989123020222237e-01
-1.505427096114274388e+00
-1.130655197871986983e-01
1.277581306003939154e+00
6.850908256092533843e-01
1.454778142396063068e+00
3.087928165173067785e-02
7.928800294114521918e-01
6.670742900832367095e-01
7.961620295088693844e-01
5.276011941579367148e-02
1.840853236147419025e+00
6.817355994768767857e-01
-2.023979541511709002e-01
7.579524713288375848e-01
-4.809112486471262549e-01
-4.475308610851356783e-01
7.857590675095188493e-01
8.988173466963355063e-01
1.085458963208021599e+00
-1.060730436100893792e+00
2.307689409208981204e-02
-1.012427939848968839e-01
-2.843433637930641855e-01
2.248495175401018370e-02
4.640947700691119837e-02
-1.207858417795912409e+00
-8.563596271596688458e-01
-1.029542107715100796e+00
-8.197683565965594443e-01
-1.089757234875232239e+00
-1.205927574680074832e+00
4.711041214055456949e-01
-7.971985915779324083e-02
-4.366198175817435079e-01
1.166654372962642849e+00
7.056597213685072978e-01
1.672129389134506594e+00
-2.074845185557376848e-01
6.886908818735744120e-01
-1.240564847926875824e+00
7.008126417649285234e-02
-1.126423876642067279e-01
-1.291743539557228981e+00
4.986116876271845522e-01
-8.528224049539431251e-01
-1.566304562392569766e-01
-6.025822787069035069e-03
1.218765117468213477e-01
-8.218343143312263344e-01
-1.327697936044741067e-01
-1.047473820948182199e+00
-1.564268154617240725e-01
1.461197218247417773e+00
-8.166046193121072605e-01
-3.293636234022345177e-01
4.877201844690726706e-01
-1.651193974309477674e+00
1.811135528493298952e-01
-9.517516809240120224e-02
-1.778703181557616808e-01
1.395748273205706103e-01
3.769137251144375478e-01
2.871331628167011485e-01
5.881599848441094736e-01
2.906752079289371959e-01
-7.862852779323977748e-01
5.718488037848983296e-01
-5.094962565150552569e-01
-4.895509718553550105e-01
1.143282483655881032e+00
2.691113599178339699e-01
-7.287631296374554868e-01
-4.819048449291289948e-01
1.045877009969575999e+00
3.384083478582392557e-01
-1.146168362243080496e+00
5.890654997070141619e-01
-7.963022701502648903e-01
-5.731193299608005054e-01
-5.848722983885836779e-01
-2.723517779545413520e-01
5.919948413209045190e-01
2.002987745554960231e-01
-1.014419828498106746e+00
1.415070094479800034e+00
1.070007071539187171e+00
6.585250327894112687e-02
1.740619552560049299e-01
-5.442138247378509597e-01
1.397916303646835334e-01
-1.581597523256192517e+00
3.304918601232181286e-01
8.956483577347665870e-01
-5.940915479844143254e-01
6.678276102507775258e-01
9.863400243081441587e-01
1.347394905008786337e-02
3.442977642164585794e-01
-6.204499304837221008e-01
-1.185804640946970023e+00
-7.795243824202907623e-02
4.860607293193913714e-01
-5.075124021334723734e-01
2.504433275883916066e-01
-7.865003082211697860e-01
-6.108537692010048703e-01
-8.348446834066592936e-01
4.167500310986741452e-01
5.424696943622964174e-01
2.866703502472424114e-01
6.461121819254462828e-01
6.240682230283716159e-01
-2.035120977971306977e-01
1.212967274618139024e+00
7.296624937860756166e-01
6.805152002130765432e-01
-3.795776703402368168e-01
7.654680107782783072e-01
-6.009655921634859954e-01
2.951862688088795483e-01
1.448329440704734100e-02
5.862685746563205402e-01
-4.850755210512089355e-01
3.382687622483358525e-01
6.322640670319698009e-01
3.111336186868195464e-01
6.252844716086765064e-01
4.559584717628220596e-01
2.210749515189808501e-01
-3.959356848906249449e-02
-1.147796845034886992e+00
-2.129184518798747650e-01
-7.364472397108290380e-01
-1.243914209394159087e-01
2.231446633198174989e-01
3.275322517953477841e-01
9.392763698923159987e-01
1.350002983832217618e+00
-7.534893090796870863e-02
3.235128677750473969e-01
3.397682977933436099e-01
2.777561873219163147e-01
-9.996972237932277849e-03
7.662856548016078184e-02
-1.562905970167933478e-01
3.842962332233818001e-01
3.263443525872022910e-01
1.283230780801980497e-01
7.922281227305568718e-01
-1.072136121814509790e+00
-6.186704673499903162e-01
-4.871025601066966693e-01
-1.666216022507646666e-03
2.910018694053998489e-01
-5.200937060685075775e-01
-9.949156003431713913e-01
1.391659873176658957e+00
9.277087492107324307e-01
3.480850009545325419e-01
-5.916320697447482457e-01
-9.362444095002637745e-01
-3.473002850289704235e-01
-9.506833445620708201e-01
1.078772114194289644e-01
8.895155553713689489e-01
-7.850563422209511089e-02
7.223717386636914206e-01
-6.875175349742480568e-01
2.646298086061983357e-01
-1.099706595702170109e+00
-3.858161317273733903e-02
-1.510870969645473905e-01
7.829454267196322981e-01
-1.096427278477019041e+00
8.409306149938238217e-01
1.022163791578363012e+00
-6.434123004916019184e-01
9.717672768873905076e-01
5.718992175412751511e-01
-3.038167374462214521e-01
1.350659856241918089e+00
4.020670087990867447e-01
-3.905753778196567882e-01
-1.919770370273822802e-01
8.270315634985166975e-01
1.426083956928865248e+00
-8.016898387671349546e-01
-1.412744923889215631e-02
1.174609632889628719e+00
-1.139636647808999481e-01
-1.157854041004185985e-02
8.484275026419552113e-01
-6.195713716231322776e-02
1.290753450723503670e+00
4.193589758485247176e-01
-9.675909254573831220e-01
-5.942000219553038587e-01
-6.453492857802660687e-01
-3.377094521386611037e-01
4.385076058067547966e-01
-7.333731548876932793e-01
-1.664076466710228797e+00
5.737590617927005310e-01
7.101560894266795154e-02
1.520209109866745845e-01
4.439516320759842039e-01
2.546386915818172891e-01
-5.547555346092842843e-01
1.107877103646133232e+00
-6.142106986935811364e-01
6.105549464694586259e-01
1.061946710732423638e+00
-6.576239052268524343e-01
4.819634491508817398e-01
7.735678448586646994e-01
5.321289264013711051e-01
-1.237219527867714497e-01
3.317398289892969920e-03
-5.791008687413714551e-01
6.950830008428797724e-01
1.247285633947345040e+00
-2.765263140625383032e-01
5.929361535296217012e-01
-1.299989179447129217e+00
-1.003032905116459483e+00
-5.502422398586069852e-01
3.432038436433755280e-01
5.197868139006184274e-01
1.210710181857695300e+00
8.421515092976048500e-01
9.900665369949483985e-01
4.705618116359605585e-01
-1.018441028760485700e+00
5.560490520267898917e-01
1.391207575735009527e-02
5.040922591501711958e-04
5.284771328671632462e-01
9.546156993912644495e-01
7.452674334552893409e-01
-6.221696110575739569e-01
3.319866807273573750e-01
1.114280687078545995e+00
6.723196878873953508e-03
-1.420082935840141225e+00
-1.623442215823498458e-01
8.701060595713936419e-01
-8.761742387994472248e-01
-7.387281955410547329e-01
-4.812411668901417361e-01
1.094481052577912228e-01
4.833484730232332494e-01
1.441482291386010584e+00
4.346759478207341543e-01
9.111391662140763126e-01
-1.083976630837051980e+00
4.368688374244189543e-01
8.673868120720499286e-01
2.785848249933961518e-02
-1.317872223720217839e+00
8.294697056847494254e-01
1.186660934698382297e+00
-2.014905799808730524e-01
