-3.766372281817843004e-01
-8.739275656440752549e-01
6.759439874126906833e-01
-7.408565241810050050e-01
4.475190750113361982e-01
-4.182444816954902778e-01
-1.664227712561314465e-01
1.065411908365281768e+00
-4.930023281501980659e-01
-1.233236725564466951e+00
1.526556704417070254e-02
1.196327348663660972e+00
2.851595643246980782e-01
-1.024434404212265282e+00
1.439259222699933005e+00
-4.424770176187687448e-03
-3.179791229493622584e-01
-1.666255133821325507e-01
4.898225773309444753e-01
-2.062522901954913224e-01
4.211745299936831000e-02
4.024895475036550652e-01
5.355062542762608624e-01
-1.250002937655489699e-01
3.839140413918564199e-01
2.888688105820140239e-01
-2.097772384570719684e-01
-5.313665023954425859e-01
2.959159573189665271e-02
3.823500171450084917e-01
-2.732972126265516000e-01
-1.124720259309076598e+00
-1.172962799159117608e+00
-6.694646221064647351e-01
4.640113114702389963e-01
-1.381415824144817395e-01
1.013671210605176398e+00
1.590781521914940155e+00
-2.036955280294758808e-01
-1.213493867327316789e+00
1.789329744900593766e-01
-3.726077267855015807e-01
-1.021147862591035516e+00
-1.890004923259964165e-01
1.010964719606694429e+00
-8.467156107622020311e-02
-1.105640202509811237e-01
-3.627188520726245535e-01
8.738871564116659774e-02
-7.002636384804921121e-01
-2.791849252180477747e-01
8.893771082049817256e-01
-7.640992433812680007e-01
-2.207478367769893923e-02
8.246616614698281111e-01
9.063469673423448780e-01
-4.317800892497828391e-01
4.574504311136663448e-01
9.591138081095456069e-01
-1.421173569120807612e+00
-2.067082127418096715e-01
2.655480306169689664e-01
-7.451892695881963125e-01
4.703392318697933172e-01
-8.677650236537590711e-01
-2.530776434688962184e-01
-4.683909937589918471e-01
4.899664773500943538e-01
1.969941921093678605e-01
2.819279239566078732e-01
-1.332292980687376227e-01
-7.050903743454468575e-01
-3.003689572569767097e-01
-7.398264915606618253e-01
-4.191541034974302637e-01
-5.853407372771557426e-01
2.941155872922949222e-01
-7.040661336269340431e-01
-2.408728268675373596e-01
-6.318980250779963059e-01
-5.752216931013520718e-01
-8.934187575058506470e-01
7.349323208063764934e-01
4.553535070269748020e-01
1.159341023207654864e+00
1.232413673650883390e-01
1.012575113687975481e+00
-7.289576891270967973e-01
-4.406078252553708441e-01
-3.371943351108316889e-01
-3.878457840395075906e-01
4.051746851053502074e-01
4.015061106979124494e-02
-6.791861370574886481e-01
4.472307315215928725e-01
4.796304707788072719e-01
8.509841957808197410e-01
6.263566508604928584e-02
1.251664903511426008e+00
4.238877464160772934e-01
-6.357935925060793914e-02
-4.072839554233358417e-01
-1.374088530041918554e+00
2.658454248409818921e-01
-5.232232427732307345e-01
3.589367894773172751e-01
2.915051332009185869e-02
6.113159892668698081e-01
2.295335200176580326e-01
2.970259105044188441e-01
8.988921345381468975e-02
-5.555080094312040417e-01
-5.750411468901188705e-01
2.527117514084813998e-01
-7.172426439988066615e-01
-1.226745303027475753e+00
-1.171511073756786869e-02
-8.001129198324577474e-02
3.053539979047375508e-01
-3.440451676674396442e-01
1.412047594340534618e+00
8.562628242848893678e-02
-8.043694935642579091e-01
1.170147836786724349e-01
1.592718457127876852e-01
7.731171334655250194e-01
-6.841679986220613463e-01
6.551979813495401039e-01
5.538936927334269233e-01
5.568981741252074791e-01
-8.231195221481423241e-01
5.409302749888909023e-01
-6.803483733869121197e-01
-6.808636333121680373e-01
-3.568135259243828683e-01
5.378868732310215783e-01
2.907800650699555178e-01
-5.177652666466069364e-01
1.051222403878705247e+00
9.660426554919934183e-01
1.210390300541745345e+00
2.475023411795623518e-01
6.273620124362612183e-01
-8.733789535247924452e-01
1.404401465784905212e-01
-7.738252841928278114e-01
-8.623110673979761387e-01
3.298010488129162754e-01
-1.126557798548147638e+00
-6.777247114963563801e-02
-2.358190741770075927e-01
-7.239217963451272109e-01
-2.190560354006832744e-01
5.978388995557434304e-01
1.320151101126095794e-01
-6.168912965888366517e-02
1.247314494664920614e+00
1.119162273836835420e+00
-1.094223868008357803e+00
8.178073906664250492e-01
1.117222809227943481e-01
-6.676026994068091636e-01
2.397288411589736379e-01
-3.561664419839805640e-01
1.363312327175215111e-01
4.898564632395222551e-01
-6.322979715868928263e-01
-2.950792106004637705e-02
1.318995866800534156e+00
-2.259089152253314636e-01
3.265529617281197061e-01
2.464504486077102180e-02
-1.265512336725673315e+00
8.190515056608961286e-01
-5.774770572754700515e-01
3.787752681423028900e-01
1.203091145611166368e+00
7.235216107578867906e-01
4.921339020825170052e-01
6.795183449050986590e-01
2.295381050718256766e-01
3.041819555410885667e-01
6.241492166078144166e-01
9.596398401188759308e-01
-1.186060427208487922e-02
-3.562867573038149827e-01
5.032289597523775804e-01
-7.116510255386431227e-01
-1.020501598336155169e+00
-5.779245202913553259e-01
-1.553110893737297271e-02
8.209327733800307891e-01
5.606901620653563789e-01
2.343139346785094029e-02
-6.748737484427946853e-01
1.225701865617393610e-01
-7.561799424112094492e-01
-1.060592763355632684e+00
4.819585635788395939e-01
-8.920037859886704723e-01
1.362316548471381283e+00
-1.747247959015254815e-01
-4.296642316051390020e-01
-3.679918873031353121e-01
1.015802379458945248e+00
-4.723759237719835635e-01
8.966258452723988581e-01
-2.847489545099248787e-01
3.976181805650664813e-01
-5.333971877553019825e-01
-6.400453059969246628e-01
4.661524333550502996e-01
-4.453646871686919306e-01
2.347244664442784678e-01
3.517872809120831668e-01
-1.529257319740938703e-01
7.284147752880596460e-01
1.507295335915636580e-01
-4.068363825444679671e-01
3.024772097366913992e-01
4.754901324488902681e-01
4.128238016753042472e-01
-5.730900714014740549e-01
-2.138341236208523011e-01
-7.459648969087687709e-01
2.638705533924541324e-01
-1.152599459611917537e-01
-4.265250841030407969e-01
-5.529452029005890168e-01
1.613021696869162969e-01
-3.961514414620472824e-01
1.707555782066478289e-01
3.359021308591736421e-01
-2.447793162502864828e-01
9.715335744492716863e-01
-3.080774489306418729e-01
4.419373624642225495e-01
9.122599834872625602e-01
-8.563033613973960456e-01
1.248621385863195876e-01
-5.745803815877598142e-01
-4.100796910412658480e-01
5.891694439600012601e-01
-9.177826872898405819e-01
-5.695561179750674441e-02
-3.364956680815888168e-01
-1.607252131660535710e+00
4.111773847219250544e-01
1.061230995266697397e+00
-9.445836509346113852e-01
-8.817124399549761127e-02
-2.102507003488152948e-01
6.316208984897988543e-01
8.940922296801793179e-01
-1.269985134736741905e-01
1.331333121579757472e-01
-4.736924295369957516e-01
6.615921775374069558e-01
1.049467222950249745e+00
3.083253359941924288e-01
3.228091138709688890e-01
-1.039521157791552408e+00
2.189811394670514444e-01
-5.384870975954343386e-01
-9.935025844144398932e-02
