-4.121596952902685240e-01
-5.627351127222826044e-01
-2.802967941641827943e-01
-1.657388267864619014e-01
2.249923816469169557e-02
-6.435202131797272962e-01
1.104272046180693190e-02
-1.015571017667723730e+00
6.504001803773649115e-01
8.169112220512609879e-01
8.477963100389932505e-01
1.891295417179054139e-01
-1.096019387275849244e+00
-6.684368829646614163e-01
-1.090733080480900341e+00
-3.057200474145469471e-01
-1.968933331711222035e-01
2.329017323115678828e-01
-2.875088258709782574e-01
-6.890328812120183333e-01
-7.209503555418911303e-01
-1.827543586974122114e+00
3.754269063651925475e-01
-6.804452524067107211e-01
-8.451179128994578127e-01
-6.770887907315938925e-01
-1.117598380649657830e-01
-1.114594202162756842e+00
-7.639998363980248230e-01
-6.014379484443077573e-02
-5.905979276943111866e-01
-3.129474131939725678e-01
-6.824600523183853573e-01
8.526482669860222519e-01
3.662837010030770002e-02
6.423155766556593038e-01
-1.405919296729790435e+00
2.250076603810352571e-01
-1.335946752473109178e-01
9.077239050900545170e-01
3.349295434527754106e-02
1.384101107181958223e+00
-1.135534500316725648e+00
-9.656742661520548721e-01
2.458761820658307840e-01
-7.529148987638571988e-01
3.220349192137192951e-01
6.052320190992087623e-01
4.572911441479817762e-01
8.314815621464813900e-01
5.120271935698702537e-01
6.102188447808094551e-01
5.508758210477489037e-01
1.325841021795312047e+00
9.047022842224210493e-01
-7.815545594203092694e-01
-4.187870606332268486e-01
-9.672439745386260390e-02
4.445616995085522882e-01
-4.581818446304817272e-01
-8.937256635304042796e-01
2.210505937256032616e-01
-1.310034919995009650e+00
3.604320440491683430e-01
-7.908490696942264142e-01
7.145749626911298558e-01
5.758676765431218758e-01
1.173552648070799842e+00
1.109737280879764754e+00
-6.490899152083950963e-01
-2.962741112937466448e-01
8.805363568843189714e-01
-2.126386460831579117e-01
-3.985385083864184108e-01
9.401380186451874232e-01
-1.542002694467051183e-01
-7.010520163266991123e-01
1.192249294775457047e-01
7.283933587047917158e-01
8.921172179228082921e-01
6.295557941146947556e-01
3.818135477668351263e-01
4.469869666471041336e-01
4.172224287252389308e-02
-3.385994829503824466e-02
2.747019034629222256e-01
3.646650884436334339e-01
-1.076722998008708521e+00
5.761599952886879983e-01
-7.175131227432548497e-01
5.087992179523945779e-01
3.059112735002827987e-02
4.269640440369423251e-01
-6.852526359309342174e-01
4.936592587715898928e-02
-1.717403745660591452e-01
-5.374117462048190186e-01
1.339831043342200045e+00
-3.955952506941738389e-01
8.083006435306421267e-01
2.760964346697796223e-01
-6.993632591432571433e-01
7.880096282207900149e-01
-3.570302352165666271e-02
7.644550531703879770e-01
1.184363417294153731e+00
5.376294760191249189e-01
7.649181713209142197e-01
1.344596986303952191e+00
-1.664166756863800334e+00
-1.270799051686479775e+00
-8.962905604721289610e-01
-1.201181482054584526e+00
1.117583677228341621e+00
2.614187207839956950e-01
3.830808466119082767e-01
-7.483863012829186090e-01
4.722060572067006134e-01
4.069874292270520555e-01
-1.009020089372188123e+00
-1.798173043825135320e-01
6.801436165928910205e-01
-9.046453942725080077e-01
-1.032088735660265044e+00
-1.262198114014468686e+00
7.188791472215519951e-01
-2.713673436898362268e-01
3.810890241971179315e-01
1.153406143304584575e+00
7.804336134724269014e-01
8.170903651700206494e-01
1.966380630027322884e-02
2.341834396256386452e-01
-9.303011847497101305e-01
4.135546160497030055e-01
9.886960007359865688e-02
1.246608703315049471e+00
-1.987139690220704469e-02
-5.355986264277460274e-01
-1.291310834949496722e-02
1.012156713677006964e-01
1.267129841234486909e+00
3.551905899421181623e-01
1.008870049662981438e+00
-2.135004040975022610e-01
-3.881340391591278083e-01
2.235562389391725913e-01
9.868100149014074063e-01
-5.398397310240352631e-01
-1.053640272269770417e+00
-1.034845097306576894e-01
-8.101666433689809210e-01
3.979148635526574829e-02
6.062556338280302715e-01
-6.861899875191920239e-01
-3.008535055701047067e-01
-2.595451683865119819e-01
-1.569583031775769189e-01
7.564912447004170648e-01
2.220931073180248960e-02
-1.296015307852104392e+00
4.091303788642349226e-01
2.644628171252118576e-01
-1.150520395210956892e-01
7.926478540812120777e-01
-6.456272684423144392e-01
-5.615953523333503394e-01
-4.804560516091126443e-01
-7.350153273895294603e-01
-6.688481859674281216e-01
4.635171641274019594e-01
3.501857503832192520e-01
-3.715194741044201554e-01
-4.799150471450893685e-01
-1.213685876385857676e-01
-7.220113649916586329e-01
1.317702759213007502e-02
-1.903541109826522582e-01
1.556978375978249340e-01
-1.576690680585611237e-01
2.332056337948900382e-01
1.273120156204784914e+00
-6.162993666180904828e-01
1.029165229335617271e+00
-1.410251374361292998e+00
-6.085563518462445698e-01
-5.874323960473379902e-01
2.112394615456432700e-01
1.442833508710212431e+00
-1.159669899857399544e+00
-8.938153305193914377e-01
6.371670774363487055e-01
-8.957547210131010518e-01
-1.541922709601765806e+00
2.314312362739784912e-01
-3.613441500571384357e-01
3.619200647053933406e-01
1.990252054138724747e-01
6.291390688527867536e-02
1.247188601724560503e-01
2.615828107679355474e-01
-5.862090270793750557e-01
-1.075816188006750052e+00
-7.004561530623895083e-01
-7.034353106240974762e-01
9.634032085652166622e-03
8.993624888803831707e-01
2.659580194230813655e-03
9.685607667676568444e-02
4.602344178740199743e-01
-3.147369701656779206e-01
-8.399034643183458382e-01
-3.564109283297306474e-02
-5.092148871999937487e-01
-7.066343811108298789e-01
3.340333992078599046e-01
-5.727391840519227006e-01
1.116067437319072653e+00
4.987012576734016212e-01
7.766046211275573485e-02
1.909422165148976780e-01
-9.715321799459590846e-01
4.784445356719986830e-01
1.455195605946715709e+00
-3.431276896343069538e-01
7.171229829208930484e-01
-4.499263423074400525e-01
-9.830197507508329213e-01
-3.880695023142768374e-01
-4.317672202054792518e-01
5.359009522736095654e-01
2.019368203482682089e-01
1.556691599084695232e-01
-3.653071356958246252e-01
1.071782107715107402e-01
-1.746415930308965692e+00
9.944218350596335521e-01
5.462394046572741635e-01
6.306143996292425946e-01
-6.404633376456746463e-01
4.044642151431410149e-01
-1.821000650066469662e-01
-7.760213347289497410e-01
-4.131581857252802914e-02
-5.209163925616633328e-02
-1.726125281027280356e-01
2.887724018064629639e-01
-7.546822900652601085e-01
-1.098799887006782328e+00
-6.471956807290158986e-01
3.596144579495611504e-01
1.096921954791498233e-01
5.247179218188939842e-01
8.222480758942674051e-01
-2.281850543902047557e-01
-7.757534490815544137e-01
-7.704697294250354433e-01
-1.842435195151758132e-01
-3.028641638130946667e-02
4.475245693519308565e-01
8.214468675835889799e-01
-7.612416416095725280e-01
-1.501880729847568041e+00
-5.724581853829686651e-01
1.293350382683817190e-01
