-4.379530910745058625e-01
2.496077741125163063e-01
1.690511397239591040e-01
-7.596707971414978777e-01
-9.525714239655176385e-01
-7.914578355859618053e-03
-4.195367801453737111e-01
3.234341609759942004e-01
-1.079752906298382609e+00
5.651795412405267172e-01
-3.161107377471170099e-01
-4.442213463578878474e-01
9.369515515725684862e-01
1.200083155120796885e+00
4.912683926993921535e-02
5.759550883944581923e-01
-1.013189002408620087e+00
4.222738908986997108e-01
-2.804315359820375719e-01
-1.274523266652026754e+00
-3.958641567926363125e-02
-6.364346366963431478e-01
3.480531718395469820e-01
-1.092653174775445601e-01
6.062832709141611209e-01
-1.190532947400259056e-01
-6.928659136634730542e-01
-1.238170063560441736e-01
-1.408050946600731268e-01
-6.927925610472688289e-01
-2.533446466738226155e-01
-4.395700853257323848e-01
-7.160376653346783860e-01
-6.871793153996350600e-01
-3.828675756773138872e-01
-1.179309819661426895e+00
-4.471770262007996877e-01
1.490954192174694382e-01
-1.024151492221163862e+00
2.174976354134285916e-01
7.446282944249726921e-01
-2.919440093414849002e-01
-1.119364320651752065e+00
-9.594233975064703213e-01
1.982170969272366023e-01
3.104502733299672190e-01
-5.102636448968159710e-01
3.833730918364069984e-01
5.537620986297233650e-01
-4.521004461039835332e-01
4.798855680011168134e-01
-3.111360736353441792e-01
-8.510337019268752190e-01
9.055136244054524663e-01
-6.507623773151877122e-01
6.536811500290765631e-01
-1.005584122289180815e+00
-2.688558176007342371e-01
-1.368963810149818605e-01
-3.658107650019966073e-01
1.896537599019154086e-01
1.133329609271248373e+00
-7.381044588264022988e-01
9.995362891159920160e-01
-8.873743162385052674e-01
5.518395452554818448e-01
-8.421304787487747801e-01
5.429421966122971455e-01
-2.636886020898611127e-01
6.510633931605345204e-01
2.031803934769815800e-03
9.229135188248099864e-02
7.497764567960329973e-01
-5.964891512527634720e-01
-4.028083770525142104e-01
3.924151772227569834e-01
3.757126449437833693e-01
-2.272591267386659675e-01
4.683945232811250747e-01
-6.324070111812085671e-01
8.789758837583834250e-01
-3.656859636744109743e-01
4.993741450985386132e-01
1.165009036089605515e-01
-6.681174220620056392e-01
2.355001568254442290e-01
4.529085451453476741e-01
-3.724249528699931089e-01
-2.194729442804042585e-01
9.283544155360710093e-01
1.730831266711082839e-01
5.246154154954478788e-01
-2.872881981155388509e-01
-4.387859760326628944e-03
1.436568587830406585e-01
1.168097502825660161e-01
-5.828722330057538592e-01
1.203104747956330822e+00
-4.680730807464438814e-01
9.194134833529997719e-01
6.787063672220472466e-01
-7.846124504972109559e-01
6.803273414201924663e-01
-5.582546609207386101e-01
6.061765864806234472e-01
5.887367148058529898e-01
5.126846530867372742e-01
3.678430433168327074e-01
9.316689552547476882e-01
-5.713570576395076150e-01
-1.328268938581293745e-01
-7.202247476385578162e-01
-7.311709779022481648e-01
7.761084634572263941e-01
-6.847843452787185647e-01
-5.194944361799275212e-01
-3.481529449990135028e-01
8.310208468001554216e-01
-5.394646807067580152e-01
3.279684822948544243e-01
9.220735028712950809e-01
3.616368773188051167e-01
5.636396924443721757e-01
2.270707977534908162e-01
7.376313200682016458e-01
-4.109788351956084607e-01
-2.270925270803574314e-01
7.284646805828947080e-01
2.005378693765040854e-01
6.374271386598902023e-01
6.942203851313872853e-01
4.087022169555170614e-01
1.387322448721803325e-01
-5.123489741468842951e-01
3.017602649150344929e-01
4.920807055849478751e-01
5.384754728992818817e-02
-2.471692327462664540e-01
6.484877473566991180e-01
-1.334006912763545438e+00
-7.746084166251376857e-01
2.610045550782219559e-02
1.050931154559476138e-01
-2.169536020269325904e-01
2.597674221402294092e-01
8.185669161695072749e-01
4.754330925639185246e-01
-3.946560486056326367e-01
9.991393502210302868e-01
3.010108424417271000e-01
1.749716774941241781e-01
-6.661347901951191197e-01
-1.118899878599312059e+00
6.582838886970245884e-01
9.878344673469396930e-02
6.037487064482072174e-01
8.098113619419788911e-01
5.919948956158689324e-01
1.711370220460922964e-01
-2.133137978837421900e-01
1.317065566383420760e-01
-1.051147248125520184e+00
7.553175825537129517e-01
4.397882889524514782e-01
6.122735195740564018e-01
-1.360650693907821118e-01
7.675325222500259947e-01
5.398063010651228399e-01
6.006407852732584818e-01
-2.290450507733190755e-01
-4.982586155673872086e-01
-8.106107552492630708e-01
6.585045508495253053e-01
-3.779249365498017488e-01
9.781892603075448278e-01
-2.571955154042575020e-01
8.158159375497814336e-02
7.496527696382104811e-01
6.055703585123487498e-01
5.032902399462935161e-01
-6.050324785657297255e-01
4.459686455741168620e-02
7.879302104245344829e-01
8.967107447435189727e-01
6.180197477824587171e-01
-3.107206432064392732e-01
8.786868276217141283e-01
6.362520128522950458e-01
-7.976415434849479791e-01
-3.203164283712970350e-01
-7.374715125752091538e-01
6.074919623264796176e-01
-6.730288598775723274e-01
1.133845649657687638e-01
-4.590502295350251671e-01
-2.950219328762963000e-01
-1.006323862087621590e+00
-7.298511054981592361e-01
-2.262049455550982358e-02
1.791503510488995921e-01
-4.970473218879652155e-02
-8.520281401823226464e-01
1.008027564331661852e+00
-2.594582079759115700e-01
-9.959635049486958991e-02
-4.934947830440833405e-01
-4.877809777031577587e-01
3.175340538514190292e-01
9.530084602812885497e-02
7.319077173689361171e-01
4.639018913906729075e-02
-6.283159279934035224e-01
5.214441110498643228e-01
-3.172706524376159853e-01
5.475503544304320958e-01
-3.097541512748650527e-01
-9.989637484400156753e-01
5.227629044539060521e-01
-2.276407227072153594e-01
-7.224680446755054053e-01
-8.979229844275998795e-01
-8.602468785672838791e-01
-8.354808940174388576e-01
2.532356984924097887e-01
3.710680735702797106e-01
-4.712728652955824327e-01
-6.858880523299379917e-01
-5.142572667063061154e-01
5.763430834281989268e-02
-4.758122400262757568e-01
-6.556382424741530324e-02
-4.466040601918953579e-01
5.788179466111005311e-01
7.407532167874619766e-02
4.583793998928326063e-01
1.187228985101165035e+00
-2.841991016461076769e-01
3.127720883760569670e-01
8.390197366085830333e-02
8.568813609348329141e-01
-1.606065927974621443e-01
3.437136819492502271e-01
-1.353075679712938406e-01
9.109416171815949426e-01
-1.231285692217578331e+00
4.213299590562304964e-01
-2.417240289079988502e-01
-3.179404083210971010e-01
6.040295209650632380e-01
7.630364880157950447e-01
-8.345916496467096213e-01
-9.990342210745734031e-01
-1.062615913119143274e+00
6.008983107193954787e-01
4.437457825125210031e-01
-4.856665221259499621e-01
-2.545615405335228676e-01
1.819755604635376611e-01
1.537147882371985019e-01
-5.738304156392308730e-01
1.424136773001466238e+00
-5.930828317054535059e-01
7.237299442107293368e-01
6.476205857820693801e-01
-1.163598283697256375e-01
