2.456928904637007416e-01
6.900632973728024755e-01
-1.180612759585541460e-01
-1.490908151259400682e+00
-5.332077047794170355e-01
-2.782626208657917877e-01
1.754221724375926716e-01
2.009360392178402011e-01
-1.496882494032419908e-02
9.700129843391344098e-01
2.156599777424589859e-01
-5.979295307070590093e-01
5.599656562728088094e-01
7.397471623602104307e-01
4.051691450748977630e-01
8.714626300409296089e-01
-1.392741340996212607e+00
1.112031029397134718e+00
-4.823410878130403590e-01
-7.933996197174183473e-01
-3.033377629951776178e-01
-8.383249809805617403e-01
-3.653475879797541959e-01
1.093008723514696245e-01
7.758681042495717550e-01
-4.420857052999602882e-02
-6.309960700147686508e-01
4.923976183976064847e-01
-3.011455250298628039e-02
-1.049879613155781932e+00
-6.399555639774469062e-01
-2.870875675646735736e-01
-5.861433548673418148e-01
-1.056007014832536450e+00
1.747599035685543090e-02
-1.125262687369191106e+00
-4.407151729694547826e-01
2.762901044743505674e-02
-2.848249114203226795e-01
1.160598277178545579e-02
2.185404616758389040e-01
-8.487149279482933406e-02
-3.649034724326700174e-01
-8.254912172561870154e-01
-6.658003930286342520e-01
1.017214688683989232e+00
-1.548430336597630408e-01
5.795269555682822649e-01
3.722385265963097378e-01
-3.816538414196699036e-01
4.733915292322335433e-02
-1.029355671117001769e+00
-1.740586178422918184e-01
7.551251770872252633e-01
-6.530598842883738042e-01
5.767156446479324572e-01
-8.000809538329095583e-01
-3.970285135039631208e-01
-6.833727538752426556e-01
-1.636943976483038465e-01
1.395469515126270543e-01
1.324812247977602331e+00
-8.539392150481737165e-01
7.975883783495266721e-01
-8.490407566750854951e-01
1.042349203311383699e+00
-5.592874302984440771e-01
1.693599529420773742e+00
-9.276783127423757769e-01
1.044767998005024623e+00
-2.207403429537082018e-01
-3.822570356894924304e-01
2.458639004851115306e-01
-5.403758892508015999e-01
-7.004858782734137979e-01
5.895339934452407116e-01
-2.451689967629818168e-01
-1.830432183152020387e-01
8.277575337054106086e-01
-8.144002649712175357e-01
6.315700428058174110e-01
-4.405157991512331228e-01
2.151305188999363960e-02
-7.193882156484321388e-02
-7.171435873087426138e-01
-5.533046866260932228e-02
7.178966439890919204e-01
-4.140017283813570703e-01
2.577605924391437320e-01
1.658340508565399884e-01
4.321978051401837440e-01
1.055788201077491051e+00
-6.655636401640598887e-01
4.274271204277357850e-01
-2.658018641553595574e-01
5.261085371003892952e-01
4.174681892205739375e-02
7.001478005533191551e-01
-3.803087434917896137e-01
7.498645564028796340e-01
9.641895694175600662e-01
-1.167721944789228417e+00
1.585503165742842224e+00
-2.557684489463729061e-01
1.275749393219104855e+00
7.972485573253836888e-01
4.897961424128733920e-01
9.740197341245017126e-01
7.767931905940061998e-01
-6.682705483711557370e-01
-2.995074823734675262e-02
-1.005520119509145660e+00
3.461095012415561500e-01
3.324885091932487657e-02
-3.139477239275527687e-01
1.042438661898747176e-01
-1.003376895169867833e+00
6.745673090312103160e-01
-6.794813142812803353e-01
7.488189996044225527e-01
7.406577623814851741e-01
1.774354687270761066e-01
-1.090201579111876040e-01
-4.358966519526543681e-01
8.066335474974734021e-03
-3.750510267861117408e-01
-1.869646931380916643e-02
6.707611563870207183e-01
6.096830893457684253e-01
4.024531025367712456e-01
1.014119328179436508e+00
5.560932351180585265e-01
-2.051442659676545530e-02
-3.615520535317929274e-01
-1.060009958371192218e-01
4.613060202201212379e-01
2.675568657600259637e-01
-1.384045603717260597e+00
2.783067523858630543e-01
-7.851521975841805334e-01
-1.258689909579618238e+00
-2.716601950400707177e-01
4.285719210597254691e-01
2.221993776071016780e-01
3.016295967433278435e-01
7.916888940758741722e-01
9.764911652016963206e-01
-7.058439580241355760e-01
1.120411946466998598e+00
4.978478944871270739e-01
2.156855216073341741e-02
-6.531475995988444971e-01
-4.551719562571520106e-01
7.901825424774786555e-01
-3.994672174597501679e-01
4.265017389167678474e-01
5.242784571015550732e-01
7.726885094416832689e-02
-6.348811346033889080e-01
-2.471611529754432490e-01
1.017431138965374238e-01
-8.258582668237469671e-01
5.143119984971937786e-01
7.125826534475018237e-01
3.558639214681229568e-01
-9.427700596025718749e-01
6.097360780309237782e-01
1.401443341385679164e-01
6.118233596501350124e-01
8.740460266535085565e-02
-5.484649013743091162e-02
-1.028868381455499748e+00
4.315016683590350843e-01
-4.021818558016129197e-01
1.560036300486140393e+00
-2.351363235687971009e-01
1.793947438104603609e-01
7.776637178482208590e-01
-2.083594763300836150e-01
3.939446563005403190e-01
-6.495050175076985122e-01
4.719676636853666341e-01
1.222446465921820241e-01
9.285244352723729389e-01
4.763494079869647346e-01
-8.910742992324616196e-02
8.437139051378765853e-01
3.703343589602933750e-01
-1.222732357930769842e+00
-5.385575197990685181e-01
-3.459113146902414448e-01
-3.403925838568794826e-01
-1.152151896441717893e+00
-1.710243233309672317e-01
-3.479079297991178876e-01
-5.676136515384493375e-01
-7.552993723577138274e-01
-2.637522649588807111e-01
-1.782958988338157191e-01
2.224810465219009825e-03
1.235425851691879517e-01
-1.143114802627274829e+00
1.039385013740607544e+00
-2.942312445590319903e-01
2.161036457822080870e-01
-4.343759452752030126e-01
-1.175469462801849718e-01
2.578116839628969426e-01
-2.514227847830519669e-01
6.479077308759361165e-01
7.118260153387845346e-04
-1.046170598391159334e+00
7.826222945431926536e-01
-2.442035942693479011e-01
6.633683060852180180e-01
-3.143579440761046229e-03
-1.060941503094529725e+00
4.313309240119248544e-01
1.836065728359519422e-01
-6.997100002502999461e-01
-6.473701920491122808e-01
-9.389569716959886847e-01
-8.394308642843525403e-01
6.870218653887437688e-01
6.296011905544377507e-01
-2.065247309342226056e-01
-2.539991751044267110e-01
-7.574649588498837405e-01
-1.673996659908031925e-01
-8.631766329317613895e-01
-8.633870877744338757e-02
-2.134216354113256664e-01
4.637407539354609365e-01
1.064433404999017840e-01
4.917101408876104474e-01
2.201489778259986818e-01
1.762124010905636307e-01
8.734107416449143901e-02
2.631771732798241503e-01
7.718720853266760606e-01
-3.039263270214450641e-01
2.217181840983610819e-01
1.031317036610484017e+00
5.996639138108197375e-01
-8.533056694305033441e-01
6.274916054817915034e-01
-5.253445063427524264e-01
-5.579323482010453139e-01
1.608426685094337616e+00
1.109796798247595140e+00
-1.053885388259677036e+00
-4.485647778211203640e-01
-1.303203991828702613e+00
7.803130971589723464e-01
7.494776950676533822e-01
1.060048024821184098e-01
-6.023237428900166668e-01
2.294864929227799777e-01
-3.577126758497112258e-01
-8.679396109266315218e-01
3.127733740378670912e-01
-3.926253196135129353e-01
7.926741230058703680e-01
4.954347681957304017e-01
-4.058607532038970844e-01
