-1.621812208885922146e-01
-5.138398255870056941e-01
-1.140967115784025099e-01
2.811107976469205405e-01
4.755317565616921094e-01
-1.061189421632160457e-01
-1.765299224160930824e-01
-3.635649582647819678e-01
8.552224369367444901e-01
2.264171903612329229e-01
1.180549582532471220e+00
-7.694870970331377236e-04
-1.164776647476455151e+00
-6.995868301888403806e-01
-7.247746031885783369e-01
-5.781016830537263340e-01
-8.069434396461261372e-02
1.058610673140476743e+00
3.061246248956998595e-01
-4.368301462401815161e-01
-1.818662895837550031e-01
-1.138702617064469180e+00
4.360732450158045226e-01
-3.029346900478575022e-01
-2.243009085589225959e-01
-4.225716505587040484e-01
-5.169634435605852119e-01
-1.481324843391554236e+00
-8.793462129685924999e-01
1.528498538344549851e-01
-1.082493880108327700e+00
-2.164123391489755077e-01
4.224503235034998694e-02
4.769582297010996341e-01
7.096762461638480568e-01
2.118207759799027312e-01
-5.542222163795930134e-01
-6.290756639331742672e-01
-2.646207860901054199e-01
8.875697981985395391e-01
3.205075525242886969e-01
1.047060300460727955e+00
-1.123183651620139889e+00
-2.778724120110883100e-01
2.948976552875967050e-01
2.799941152653308007e-01
4.520733138715730126e-01
1.133031334088060671e+00
6.504801410322225141e-01
8.060714643216196906e-01
8.266623952092826411e-01
3.195535928335341280e-01
6.433241774186903017e-01
8.162333712951129749e-01
1.897990873321788730e-01
-1.017980526561845567e+00
-8.496448948903800868e-01
-1.185276378767336158e+00
1.238230253963222172e+00
4.493099634815329035e-01
1.949242579187326352e-01
4.616177741809829316e-01
-9.371666611637743394e-01
6.082036447854600736e-01
-7.008289309804089928e-01
2.349756428340129544e-01
3.630605270511438332e-01
6.071065876241449333e-01
1.236742391873891789e+00
-8.808835269186919836e-01
-8.330437338808471814e-02
1.334489635865389934e+00
2.293031500011362134e-01
1.033168078747497137e-01
1.501098150990728408e+00
-1.142926104567658641e-01
-5.413795645610657292e-01
5.482933493040177408e-01
2.815981088136293442e-01
1.419122480875190107e+00
3.674286098727103100e-01
1.609449429623801109e+00
3.646078253444991479e-01
-1.577015631643531313e-01
-6.600292736169408592e-01
6.954601815389488406e-01
-5.820448988453378464e-02
-1.854573732232165151e+00
1.151546119828807502e+00
-6.871545259558092811e-01
2.704654170058055085e-01
4.547573867646381163e-01
3.175055625463663045e-01
-5.477637630701978066e-01
1.507765142379642320e-01
-2.933183248947920929e-01
-5.157136606714312066e-01
4.818172721289400995e-01
4.264058420479786005e-01
6.923127192628008020e-01
-5.536236748657711454e-02
-1.896025622537562960e-01
1.097757473997281297e+00
2.072884498520742025e-01
1.153412184341509272e+00
9.981642765983952392e-01
2.127033670418632394e-01
7.138568928786568346e-01
4.967326051318463609e-01
-7.804009456204378248e-01
-7.820295408885981070e-01
-2.088082866884455047e-01
-1.032131827930570234e+00
1.424896908077047275e+00
-2.741589754034421400e-01
5.053303590037812043e-01
-6.169023181826761570e-01
2.701967758029560907e-01
-1.399076671006190820e-01
-1.146725533182106238e+00
-1.421633278560210822e+00
1.041855377197491217e+00
-2.299983620166295428e-01
-1.148400765202786777e+00
-7.984738171428407139e-01
8.017649469800495199e-01
-4.382229432341658848e-01
3.098384655661965414e-01
6.438235963504459480e-01
4.514282348453017013e-01
2.617856884918252636e-01
4.827980663295260433e-01
6.860087089269992222e-02
-1.295208967062005057e+00
6.641954621369972056e-02
2.636450831648908255e-01
8.649340606609864368e-01
1.820381158271477395e-01
-6.954522601388513081e-01
3.507607153774444653e-01
-3.629604191594234530e-01
9.471541324237006121e-01
3.899833207570680971e-01
1.000675697713247825e+00
-3.806285421301166538e-01
-5.479070323287996702e-01
-2.956931445970382155e-01
1.052570377956965286e+00
-3.266396537884748152e-01
-1.263472670464887759e+00
-6.094128517158036162e-01
-9.353895836195545987e-01
2.833321974837568757e-01
3.811019168109056610e-01
-8.194315374366805127e-01
-4.569713678222390163e-01
9.742117003139233455e-02
-2.694785390043140105e-01
9.424660904057312605e-01
3.388752115283170108e-01
-1.279455048322280852e+00
-9.348043102282245498e-02
9.861974278166052432e-01
-9.092486828824052347e-01
6.053425685683084811e-01
-9.953720939576676807e-01
-7.157960417971546141e-01
-1.555668234202279177e+00
-4.467485577064954083e-01
-4.041521793027334497e-01
1.921159581545277828e-01
1.198716409481089373e+00
-2.447150831140050276e-01
-8.361716615037675937e-02
-1.002157714110039510e+00
-5.667148206823174883e-01
2.605278000361178625e-01
1.825976586775369948e-01
6.095984174130438804e-01
-5.574468306853047617e-01
4.210474715765585296e-01
5.988243815458975661e-01
-1.514116759651754185e+00
9.482626894839186749e-01
-4.598949956229765879e-01
-6.888831634739486232e-01
-2.129506941657566821e-01
-3.021328724030443724e-01
8.711421714350692236e-01
-1.357169335733962257e+00
-1.037687200246576236e+00
7.112247878444319937e-01
-2.169506606338121868e-01
-1.571363438918286670e+00
5.790375645053478237e-01
-4.662327056879000398e-01
5.560398968360463767e-01
-2.692150591737623166e-01
5.858841507605225818e-01
-3.923296991320933402e-02
-2.809438299722474275e-01
-1.557138352135237214e-01
-1.048163948981636118e+00
-4.152991237019188486e-01
-7.370138209094101445e-01
-6.509171325226323912e-01
9.304201219094552222e-01
-2.830364002690822778e-01
4.146204019635183480e-01
2.089094770290053360e-01
-8.584996704856329153e-02
-1.186674262043404093e+00
-5.744506885093410981e-02
-6.049084943839794226e-02
-1.228940399811459527e-01
6.867003450137225684e-01
-8.578716580958144489e-01
3.314127208612614450e-01
1.462878667079944517e+00
4.254865849025061264e-01
3.767449394761375192e-01
-1.051670300498040445e-01
7.220451551276241275e-01
8.405602052317624473e-01
3.409101360815468551e-01
7.594629277753430774e-01
-5.827537066960543077e-01
-7.184779994487492383e-01
-7.976793173664867842e-01
-1.001662512377524239e+00
5.272988293222466982e-01
9.810127666615402475e-01
-9.971576519954328255e-02
-7.734430432905747832e-01
-5.425478386469995140e-01
-1.125075951497528592e+00
8.136449030922612291e-01
-6.205171912114443300e-02
4.772730756178284461e-01
-3.175516409218370195e-01
1.063793450949088726e+00
-2.582455702217329591e-02
-1.095343539140609224e+00
6.124771181276116305e-01
-4.437312368151352659e-02
7.911248803932768858e-01
7.621006716189875352e-01
-5.890164304340701484e-01
-1.711892942461255895e+00
-7.974864705739359572e-02
7.927433749422780895e-01
5.739754744286010846e-01
3.372323239974977516e-01
4.762078430736904067e-01
5.105466678273131720e-01
-1.351760699966390478e+00
-9.678830885144216190e-01
2.216736683384694928e-01
1.860279208421203034e-01
5.393370551676740510e-01
8.825825523980126430e-01
-6.932686297351811078e-01
-1.310153986563816542e+00
-6.920194001627514302e-01
4.625296618451771313e-01
