3.963960174866135167e-02
-1.442574236592775394e+00
2.159368491340790119e-01
1.786667274405188688e-01
3.361969246511039566e-01
-2.837289001551487333e-01
3.814234141674311962e-01
-5.969619491505835374e-01
5.073904558540360821e-01
4.289251628321555931e-01
7.738664160789288093e-01
-4.259915305354922133e-01
-1.059046336010003753e+00
-6.690674506026901280e-01
-6.128965845080703856e-01
2.539898703637321620e-01
-1.220836497092069872e-01
1.035690074584377118e+00
-3.082811901246146347e-01
-2.598750426552658421e-01
3.557895317097191368e-02
-1.064984708494145060e+00
4.068527864663857296e-01
-1.077492537532373174e+00
3.060052414076942506e-01
-5.080772159133872812e-01
-6.120035707164668271e-01
-1.462543107590609681e+00
-6.799691830835145057e-01
1.273589528818620115e-02
-8.447043017932229780e-01
-2.029996605939956567e-01
-2.744232776032528021e-01
8.670863103076493772e-01
8.815357589814237782e-01
4.389988813077178587e-01
2.692614364989945885e-01
-2.259772765105358960e-01
-2.646694288027101605e-02
1.948925810427381555e-01
-6.262696261108989526e-02
2.295347682181878013e-01
-7.667634115821200247e-01
-5.561253906000207525e-01
5.265447151978075446e-01
-3.573366187629339885e-01
8.770465880180557949e-01
8.885717634420324806e-01
8.074413581729934508e-01
2.953817001277789789e-01
7.802502996822469061e-01
3.874852988019806266e-01
5.029024550532574800e-01
1.240186527256254445e+00
-2.878345084466396031e-01
-1.166099142661454202e+00
-6.117386802158824022e-01
-7.998704531740421508e-01
7.095717861750191480e-01
-1.285373087845963214e-01
-2.253122004947025192e-02
8.860995600898746716e-02
-1.357038199048703042e+00
3.559291381917107921e-01
-1.334252026837259297e-01
4.897636594021612111e-01
7.719837194185030782e-01
8.460689408053156946e-01
1.327941955706968713e+00
-1.133696175813111662e+00
-4.298070255887266322e-01
1.369152602718966660e+00
1.406249298084599197e-01
2.981182180433457618e-01
1.116430701723829300e+00
6.580299615298648153e-01
-1.292389834988521891e+00
5.024070272168106310e-01
3.741583120738014578e-01
1.613845468864412824e+00
1.401649936578873712e+00
1.887216506588833997e+00
7.966463274848917253e-01
-1.873282269131178734e-01
-4.823665662266725107e-01
1.119021062497233210e+00
3.147981393354309931e-01
-1.324074262702596538e+00
1.635280746535765939e+00
-1.219808577261215499e+00
5.410825603018248886e-02
7.895528798897020195e-01
3.277888848334298277e-03
-1.110309006113507246e+00
1.621249922603911209e-01
-4.441978227464536688e-02
-5.666927690344277790e-01
4.603743185395372528e-01
-1.472426818075801003e-01
7.352484476831118165e-01
-2.621555782206259622e-01
-7.276815753522614116e-01
1.114880662729058169e+00
-3.036462214032661366e-01
6.040901555380443488e-01
1.078715188597367591e+00
4.065380479764402200e-01
-1.006461636878619725e-01
4.938763675532445441e-01
-1.057347034197696045e+00
-6.770212122869632143e-01
-4.910206500107084926e-01
-1.265257154938871809e+00
9.783747502484384517e-01
1.773180115823876080e-01
5.339967553525004629e-02
-2.663886415699724397e-01
8.539786443117505232e-01
2.615758173631352324e-02
-9.003323946318602111e-01
-1.453465743357754025e+00
1.088358054902073269e+00
-3.273101250463655298e-01
-1.350394317390960053e+00
-4.632663632629578920e-01
1.498155105482972926e+00
2.946627617478723149e-01
3.724097250552824701e-01
9.775495655776975656e-01
8.766625364912654650e-01
6.330787038761613861e-01
-8.499197082364898237e-02
8.432300972181375198e-02
-1.894998274432915242e-01
-2.520387880160801508e-01
-1.466634113802834372e-01
7.387853322769395437e-01
-3.165659452605253388e-01
-1.096630316179801445e+00
-9.492548398510505803e-02
-8.203905547054677339e-01
1.284185389311543579e+00
3.493145958293242259e-01
1.405018611327471190e+00
-1.486356023949517158e-03
-9.810756687892228101e-01
-3.830349156962321588e-01
1.334481180181245508e+00
1.879901402499151997e-01
-8.091284515667456212e-01
-2.508482718424181468e-01
-7.040826852028880811e-01
-1.594215119648081380e-01
4.339374831206197491e-01
-5.550153753696498438e-01
-1.128548411687919639e+00
3.149373459447865620e-01
-4.321981756284780096e-01
5.162670727314813135e-01
1.074397338352049314e+00
-1.471245517966036864e+00
-5.032177885023449981e-01
6.144600685194004930e-01
-1.156438373494299343e+00
6.424826781213934801e-01
-3.861455169994437719e-01
-1.433707928446551261e+00
-1.376746123833451296e+00
1.738683588383774237e-01
-7.889642074649824699e-02
6.149119005113650172e-01
6.258455004086489470e-01
-4.740680968227459768e-01
3.907528604351686030e-01
-2.145966225285728668e-01
-1.172705688144941361e+00
2.911389399416811075e-02
9.854173724294901238e-02
1.468719239736987481e-01
-4.114384836647499433e-01
1.044117699371583663e-01
9.042136536621881993e-01
-1.822009046491932960e+00
1.079185657861658543e+00
-5.462824462070754450e-01
-8.612500121989236090e-01
-6.833364228011994390e-01
-5.164291299252496414e-02
8.838988399278292496e-01
-1.116425441720258815e+00
-1.219153923691175034e+00
7.443756148188103161e-01
-2.480083435033707817e-01
-1.772541868028427059e+00
7.273080802715522486e-01
-1.210613350010722122e+00
5.285865543484328244e-01
-7.144994102450015205e-01
4.258846195055844275e-01
2.426046914138605404e-01
-4.582978865371756250e-02
-8.015077965388316406e-01
-1.137089242113809018e+00
-6.945278943765631485e-01
-1.444122239605373004e+00
-5.000692454979025481e-01
5.229224756482609981e-01
-9.092636534154645289e-02
6.731976840146547403e-02
2.998766752790126278e-01
4.382636763849867556e-01
-8.718787826176417344e-01
3.474263326541601749e-01
4.526912699394439188e-01
-4.336455610531217975e-01
3.099722148443183056e-01
-6.319288423256472775e-01
5.931469274314189050e-02
8.765954378669902347e-01
2.907154773850556539e-01
1.913136322201574591e-01
6.600693934308127231e-01
6.295934432945162751e-01
8.217408858786130477e-01
-1.767108206393554759e-01
8.157078569328527484e-01
-7.990113155610495399e-02
-2.017899776402398704e-01
-9.092039805046407963e-01
-6.080334226527129848e-01
3.789233886647788707e-02
5.066582451351472338e-01
9.156280795324738264e-01
-1.093182849447537741e+00
-3.731974286617512626e-01
-1.214197880978055366e+00
6.263174406706026875e-01
2.489327478243939518e-01
7.992863003872849870e-01
-1.963015032224419976e-01
9.076031922735845470e-01
-6.096268658044445843e-01
-1.293468215106347241e+00
5.919653589330460264e-01
4.487683760162409774e-01
4.886555275230384243e-01
4.524711540812792476e-01
-7.034657854530517174e-01
-1.334032323796690900e+00
3.223542959693581622e-02
4.325112935198061059e-01
-3.057353774220454290e-01
1.114613227772143778e-01
2.323427749117407126e-02
3.214832309823613121e-01
-1.430089069970219118e+00
-1.845000338497433168e+00
-6.775712767371350198e-02
2.055986695425123523e-01
1.100274271447788887e+00
6.113341923373336595e-01
-9.272644492644777081e-01
-1.673637238286200368e+00
-6.778958096204573680e-01
7.337447392742025842e-01
