-3.555983602108803154e-01
8.687604165003759427e-01
4.721614991169496012e-01
-6.685028627827268588e-01
-6.514471415564101475e-01
-3.801755892297964956e-01
3.746178058095399610e-01
-1.197642305308882715e+00
-8.558847677086406369e-01
-6.622670638369764218e-01
-5.538337975977814659e-02
-3.429572601665925036e-01
8.670664735624076247e-01
-3.419585343580067160e-01
2.650288437126040453e-01
-2.443797534681360628e-01
-8.631176712348895830e-01
-6.663376576811016472e-01
1.138507171818661234e+00
-1.000945707045643562e+00
7.524342888878378099e-01
-6.643565901980643673e-01
1.836723318074060307e+00
4.628129038146636121e-02
-4.596385958954597450e-01
1.630080891294452883e+00
-6.015470284940885870e-01
-2.353763757922284205e-01
-1.462209219594955978e-01
-1.090586852917792671e+00
1.074302142353585454e+00
-9.199288941224988969e-01
6.349583044323117154e-01
2.674007980616938118e-01
-1.032120470264562329e+00
5.748947424831921116e-02
1.790512649141162149e-01
-8.892592852706793227e-01
-1.277891924082789954e+00
1.055724581775895343e+00
1.301933941532234629e+00
5.159279297198687830e-01
9.517041319317682824e-01
4.075528324894659438e-01
6.585878761969659045e-01
-1.185577010124032382e+00
-8.701444884844224958e-01
7.649821441969728575e-01
9.865286307642209818e-02
-5.930419972055269717e-01
-9.611171563673264195e-01
1.628419779111952292e-01
-1.362346554753441685e+00
3.813693743702555733e-02
5.743949757337071249e-01
-8.600210047178051820e-01
1.168528850884271719e+00
-1.013699490345586707e+00
6.256184490206171400e-01
-2.483902839342277957e-02
-1.061056920659473601e-01
1.276135678084578062e+00
3.970798398863935597e-01
3.102116605351339929e-01
2.459411533672998529e-01
1.560915696615088888e-01
6.572373207586132970e-01
6.676828670336413252e-01
-7.313068266070980039e-01
-4.360787951848968946e-01
-1.518330334922590286e+00
1.011709507605510705e+00
4.448389386683510027e-02
-2.922420655733400929e-01
2.934026663651385647e-01
-1.260768335361811765e+00
2.984384995105062721e-01
-1.310840295335683692e+00
-2.173599094743055293e-01
-2.727214586873031310e-01
-2.943473976795332181e-01
9.030035399761667803e-01
1.887375542103694459e-01
8.141227818794083415e-01
6.604883175180338295e-01
7.129262692964826176e-01
7.811593612782496976e-01
-8.048091382773412406e-01
-5.197855896404937059e-01
1.111477600677734712e+00
-2.893152514024973088e-01
2.392993615711683231e-01
-3.983551981405920595e-01
-8.304885793790736104e-01
-3.702803259945589565e-01
-5.495614556872098211e-01
2.912036446882591001e-01
1.044949907495292374e+00
-1.090445656413365771e-01
-2.640892530957235085e-01
7.620666892825118666e-01
-7.652394386633969425e-01
-7.206671146253682547e-01
1.331842698770235867e+00
1.103462547782028347e+00
-2.057754206122940355e-01
-1.209776693992549834e+00
-1.586096275384459409e+00
-6.761485542601485266e-01
-4.978414225597131426e-01
8.396001865948601872e-02
2.301983461014681931e-01
-1.215973632588801812e-01
1.112790171904517678e+00
3.469044732990817503e-01
-8.733744293509182466e-01
9.179110292045777886e-01
-3.594220753930306156e-01
-8.502623858716377159e-01
-1.072633792814321474e-01
-1.192198891118509740e+00
7.364101129539940560e-01
-5.035485009681835988e-01
-7.509602182980462670e-01
-8.527699501573421381e-01
4.557242890717658201e-02
2.983661692393781428e-01
8.616174944483272480e-01
-5.123502055640779540e-01
-6.146237215328216319e-01
1.932348169031133711e+00
-5.394330801991072954e-01
8.015671713887940752e-01
-3.836256632292855961e-01
-4.791245193625721099e-01
-5.942364661559850214e-01
9.651157580054934293e-01
-1.292562253915728654e+00
1.313145632539019170e+00
1.216358164679443687e+00
-6.813091548595404667e-01
1.042716890278005293e+00
2.353356349709199713e-01
8.747302000128425181e-01
2.808202806095795312e-01
-6.474310157973156565e-01
-3.460651240592843014e-01
-9.478725621939267099e-02
1.705512385096219496e-02
-1.514297808578920712e+00
8.743209878668912749e-01
-1.342977517911323915e+00
-5.811265393588628259e-01
-6.168823379718494371e-01
6.093372588425254310e-01
5.181296533670753934e-01
8.271328460060107801e-01
-6.912353712126904082e-01
1.647271943299484787e-01
1.910977263556971617e-01
-2.505875820045129765e-01
-2.277652755456893441e-01
-2.326049139070033023e-01
-1.250141978926902375e+00
3.026384937366995986e-01
9.617251199510130633e-01
1.469205579363419334e+00
-7.143880933515137643e-01
8.365609936785700640e-01
8.637189455819139772e-01
5.028374210230615038e-01
3.610066592306825917e-01
1.378881393243341566e-02
1.381761117989490084e-01
4.998563890887122163e-01
-7.297528953542347097e-01
-8.113926705043792431e-01
-6.838391817485815760e-02
4.127291907145913541e-01
1.321390822810454280e+00
-2.155124417486394828e-01
4.884325001212979633e-01
-2.131238284831483698e-01
2.538793824359337759e-01
-4.295123376260009396e-01
-3.299346583997095350e-02
-3.456851266971399106e-01
2.636117086378840235e-01
-8.170817934622276457e-01
9.192423738406574341e-02
2.809541362013151522e-01
-5.420571452334840279e-01
5.145124140051460238e-01
-1.073337892111824621e+00
-5.081643652404858047e-01
1.193306971338732869e-01
-7.187946829355279510e-02
2.998433303010364370e-01
5.300046161167884518e-02
-4.814685950662899172e-01
-3.507897356053058524e-01
-1.354737707845064532e-01
1.181327034292657840e+00
4.961652186139256515e-01
-7.027004517253579441e-02
9.953796351592629765e-01
-2.301932339835378039e-01
-2.966472079262495454e-01
7.116534989444561754e-03
-1.220093032917884290e+00
-6.478650348407657411e-01
-4.190761846490020925e-01
-1.502199005623589212e+00
-6.093648502664613664e-01
1.472556124995441640e-01
2.031690290714004699e-01
5.769134433658918981e-01
6.644351804258534777e-01
1.203834554437543058e+00
1.206481067833478971e+00
-6.345109168587795834e-01
5.042194895452546399e-01
9.514219880115520889e-01
7.232923941681235203e-01
1.029107152529606245e-01
-1.858567452427458966e-01
3.422878196846568244e-02
8.165288202838216769e-01
6.602049185878430815e-02
-3.110193553626465768e-01
8.265014864681521356e-01
-7.723343276071992225e-01
-1.197265197007166160e+00
2.308054477969089247e-01
8.268756867220913853e-02
4.754447143002258347e-01
-4.882900893820496524e-01
-6.274746403796915839e-01
-4.897387523276754973e-01
-3.735284863590803694e-01
5.134389096257655494e-01
2.430374824860334626e-01
3.590799158354179843e-01
-1.398134478396591440e+00
-1.277692743092734506e+00
-1.170734892180487208e+00
-6.621730384640728273e-01
7.081406510667364040e-01
-2.170897020248500897e-01
-8.968900285544554318e-01
5.221131928014147716e-01
-2.914146928134060399e-01
9.384965059526920728e-01
7.278317924969190944e-02
-4.830521833473124249e-01
2.119281070272873990e-01
1.134124245244535062e-01
9.430885031364902860e-01
-8.089294223418481700e-01
-4.264922578454048985e-01
-2.207325946212473355e-01
7.367853558425456750e-01
-7.487958285231601785e-01
4.992354296916948764e-01
3.305725505809147674e-02
