-1.240810491518279796e-01
2.533223493758759992e-01
-3.469971717838852276e-01
-1.400172507842792236e+00
-9.437357712754566030e-01
-3.183351071184115089e-02
2.735485254408508426e-01
2.146712592255785867e-01
-1.381137205757603237e-01
1.099904543160463932e+00
-2.036581025079355345e-01
-4.331618255692539776e-01
9.026305338259970057e-01
5.223366720055899748e-01
-1.018024563488637846e-01
8.994018732117319281e-01
-1.210418287452363906e+00
1.041217372572627697e+00
-5.228056866476137321e-01
-6.594860684253800454e-01
-3.813661743094384771e-01
-8.022174524971216192e-01
-5.681392477671404206e-01
-3.361077029055574428e-02
7.575299276937581539e-01
9.309539064106675532e-02
-6.116295089304100152e-01
7.119872400437995408e-01
-1.348172273446970881e-01
-1.249557664005916724e+00
-7.793073331601702014e-01
-1.575904677677152921e-01
-5.099518353142734606e-02
-1.131559095128791048e+00
1.065799183875866529e-01
-1.133565603388953624e+00
-7.226154311146331111e-01
1.179663054011871604e-01
-6.562196154531094727e-01
-7.266636997940573162e-02
2.946211749970625293e-01
1.575499512706373673e-01
-1.383531268203178066e-01
-6.572937909077734009e-01
-1.185903779605246289e-02
9.890652622298778951e-01
6.856340634846511128e-02
3.831142594667297230e-01
4.412291209102872092e-01
-6.702936797886187570e-01
2.513532659531205193e-01
-8.704007559130710892e-01
-7.222277654361314303e-02
1.005267794396178971e+00
-4.602679678184581902e-01
3.334164082852915101e-01
-1.007799451121100143e+00
-3.763992399167672698e-01
-7.509180799928082406e-01
-4.086924040312857054e-01
7.035546431306818338e-01
9.790160243840018151e-01
-1.029872275872971255e+00
1.167027318848610662e+00
-7.972135559565541874e-01
1.281194577869537277e+00
-4.219672577657496704e-01
1.604014078979611790e+00
-9.443079361631085966e-01
7.317292982963765624e-01
-2.200198241757002071e-01
-4.540970317213818136e-02
2.741459710943418560e-01
-3.966712974602501496e-01
-9.420253738551951361e-01
4.463786906361829621e-01
1.044098778764614155e-02
-1.281545706642722715e-01
8.465267409147366751e-01
-5.357604720616110372e-01
1.482320797039179960e-01
-2.717801439771805883e-01
2.982186352910630722e-01
-3.407541522288211611e-01
-6.757496131096574210e-01
2.965075136549327750e-01
5.754187591927883982e-01
-3.934514517357826646e-01
4.176166129110939762e-01
1.799696274726054479e-01
5.641476350530525430e-01
9.325110577536815937e-01
-6.501354758531321387e-01
1.593380781831051085e-01
7.060039191616047927e-02
7.958275497088782569e-01
-3.368764010999097946e-01
2.898086044553915830e-01
-7.120075151276805681e-01
9.857800783291418290e-01
9.857334030946098835e-01
-1.075691703715946801e+00
1.247395735101518799e+00
-5.576469147570184415e-01
1.068120008326070458e+00
6.128301360350836280e-01
8.174207873234238253e-01
7.972722840499356645e-01
4.493525455886910325e-01
-2.388860275050845861e-01
4.007675647386165635e-02
-1.149506790176149984e+00
4.324487092586182246e-01
-1.515936678197556398e-01
-6.378729082885127299e-01
-1.873175148635933263e-02
-9.522126216094342066e-01
9.820813168105907431e-01
-6.471241624720585062e-01
8.413105751266068966e-01
5.107563762674895980e-01
2.664789919651621153e-01
4.230140291548914466e-02
-2.517962717704669284e-01
-1.206905922147629706e-01
-1.014180177799672844e-01
-3.607387061349734969e-01
9.159134878189734152e-02
2.647383201426395383e-01
7.877049139265591693e-01
1.090431215975682377e+00
2.230967907887988488e-01
-2.175600207958076626e-01
-1.733822834997182094e-01
2.219369029193558884e-01
3.471609831216803665e-01
2.177928372641372845e-01
-1.385130953840919554e+00
6.822836291071893156e-01
-4.073233471593264987e-01
-7.273322657894918386e-01
-2.899397796043107767e-01
5.195633337738478352e-02
-5.326883043456147604e-01
-1.300978632970136994e-01
1.086329913637717137e+00
1.048678623193181725e+00
-5.651434841909974693e-01
1.075280546659302505e+00
2.841408239657553514e-01
-2.968023256533092180e-01
-7.523166762421954479e-01
-1.138480329023079829e+00
1.026414806930671997e+00
-2.579113719086586487e-01
2.531008421867743108e-01
5.292158659292258704e-01
1.374780136233920147e-01
-4.236631664975215594e-01
-3.671652742179978834e-01
-3.794381042323036884e-02
-1.012581150839126476e+00
6.541432038584250597e-01
3.832890784738109957e-01
3.733071982500875130e-01
-6.726251527620596971e-01
8.676831678756339317e-01
2.053428752480068731e-02
7.158408404012288617e-01
2.736607153202777476e-01
-6.354949085470801284e-02
-5.488557934199954635e-01
3.330464957549552629e-01
-4.957648605304948997e-01
1.560166752753400443e+00
-1.896680438888961595e-01
7.340018579111087238e-01
4.135018201671477600e-01
-3.436521736834499685e-02
4.516433447817258529e-01
-3.950383747526765577e-01
2.634453972528110755e-01
1.175154774199255736e-01
1.126119630203341826e+00
3.147213803833886492e-01
-1.956054485651455843e-01
9.040213059823862807e-01
2.886131440161370243e-01
-1.250806272663395502e+00
-3.149267130810306514e-01
-4.111208919669943063e-01
7.385243349246442546e-02
-9.249942062250400276e-01
-1.199220432363570649e-01
1.606270655756200927e-01
-3.246523703200547284e-01
-5.583120604920503993e-01
-4.244892144530874600e-01
-1.994022712392011232e-01
-1.569363653412119419e-01
-1.561339766532178763e-01
-9.106186021646880402e-01
1.149558693560260636e+00
-7.141754055190129014e-02
7.706109101985975096e-02
-5.310154529652886257e-01
-2.905844404430332206e-01
-2.868628432383297788e-01
1.322453443513342541e-01
5.953917710482447001e-01
-2.327786019466273615e-01
-1.149426652913255742e+00
4.610334897859048042e-01
8.076248095867932797e-03
5.213211891644236040e-01
-4.305209774916952115e-01
-7.717666486118310853e-01
3.356479628880273958e-01
-1.340662400276076971e-02
-6.800346471025651152e-01
-7.855360088636450522e-01
-1.292509322576790298e+00
-5.481463938911917966e-01
7.202776957896253052e-01
3.699016609675372380e-01
-4.411018899779881597e-01
-2.919385111885608453e-03
-5.305513235987486809e-01
-8.770176027651066519e-02
-6.576846782598240182e-01
2.235560589245683683e-01
-2.749985835448538474e-01
-5.146876693780821910e-02
-6.576721154764114674e-02
4.564688840259914504e-02
3.868252995105692649e-01
1.473440659352940330e-01
1.183959707302794373e-01
1.172183092083763645e-01
5.589040444816905095e-01
-5.144659215776944960e-02
4.439922071266527714e-01
7.722916449280659013e-01
6.964885956437258940e-01
-1.151154572464323067e+00
6.025390341756663437e-01
-4.868239899095498924e-01
-6.309968460775572385e-01
5.771832651745086862e-01
7.477596150822383159e-01
-5.570069187689813406e-01
-7.603073609303998559e-01
-7.985932919188371004e-01
6.600672258749865629e-01
8.292725608110954605e-01
-5.049213858034591329e-01
-7.291839948777669722e-01
1.427653642247161264e-02
-4.074738978530097477e-01
-8.135387532202205119e-01
3.872404109313703491e-01
1.170915384914233970e-03
1.024780479428406110e+00
4.610891954366126422e-01
-5.638058592668490077e-01
