1.562138969984122605e-02
8.572281790588326400e-01
6.612263368687125720e-01
-4.195913831883495426e-01
-5.577235583812901742e-01
-1.278168404216156073e+00
1.019594261092198861e+00
-5.832893244795649412e-01
-1.024000991159608853e+00
3.925688301085272780e-02
-4.021043090497528061e-02
4.129974150189145154e-01
1.077683191177747801e+00
4.704498473310070317e-02
5.223751186467283647e-01
-8.310147609018652126e-01
-1.140879527263989779e+00
-4.836257654177509302e-01
9.318845815415951472e-01
-1.088784525239929080e+00
5.581095156086282039e-01
-7.497612230922434673e-01
2.456886460089608093e+00
-7.492413628290788274e-01
-9.766834413536633619e-01
1.506891167872790316e+00
-8.877074583002355634e-01
-4.527731402069641864e-01
-2.760967025333844749e-01
-7.078538086997917533e-01
1.055363219695613974e+00
-8.408762040127160109e-01
-4.633240619734338428e-01
2.184339446542618579e-01
-1.071012065623767828e+00
-4.579628709257625024e-02
2.393999761688746231e-01
-1.141620902069144572e+00
-2.404531486672212837e-01
1.597928925718211213e+00
1.167774999276186332e+00
4.884208563848779217e-01
1.113269944473619377e+00
6.521916209963947164e-01
1.724685744379025887e-01
-9.309955236062681383e-01
-6.340141425431806699e-01
3.316344680087808805e-01
-1.305182752393477252e-01
-5.404352984390915493e-01
-1.142102313997273244e+00
7.061704528315932983e-01
-1.702653006464575514e+00
9.383365750767497238e-01
5.787477621372459913e-01
-1.286526790986991520e-01
1.658817503886935496e+00
-1.541699481576148001e+00
-2.592754430255276299e-01
4.705517662741685037e-01
-1.132037431931038618e-01
1.392529307425107721e+00
3.846210541211081968e-01
2.037015252948092825e-01
9.649457342198256016e-02
-1.415841734029810173e-01
1.008112374928078925e+00
7.455515988822229989e-01
-6.390150384946924333e-01
-9.443109275724067553e-01
-1.631055055953050781e+00
8.396308055830694617e-01
5.188804764891244981e-01
-9.547702534872715141e-02
5.543157766275452758e-01
-1.217832425686724340e+00
5.016423059723348343e-01
-1.058377362601438998e+00
-2.212916548948000717e-01
3.089531805690465260e-01
-6.178832250947156046e-01
1.047868541917515994e-01
-1.179627117542883519e-01
4.160056285396424580e-01
1.166889965967756959e+00
6.922641537004262657e-01
1.613883444471497119e+00
-5.547244600643459478e-01
-2.835760220877802107e-01
1.024316025052689483e+00
-1.138363330501081627e+00
8.435205204719877781e-01
-1.634820858451386805e-01
-8.628480522980609413e-01
-3.838735935525675602e-01
1.509658580665449723e-01
7.844173133846201740e-01
1.225116177874813417e+00
-4.522977610197639331e-01
-2.929041920181759129e-01
9.752774949917384362e-01
-6.559805872746163891e-01
-4.156903011293409111e-01
1.624404625263871527e+00
9.287505558960834628e-01
-3.027428690001678357e-01
-1.166503568393592483e+00
-1.100140440263717378e+00
7.706188453649678860e-02
-7.321260745344438936e-01
-3.084152672916162796e-01
2.992054462136614079e-01
-1.774917109604889909e-02
1.143320259950628914e+00
2.581056227035991579e-01
-7.106127682315037664e-01
1.832539774845216574e-01
-1.042176873417519190e+00
-1.686832088347056890e+00
-1.633203751994699304e-01
-1.105365521815782071e+00
7.067273652515382310e-01
1.380838048196964263e-01
-9.700316099490874366e-01
-1.360591105045691585e+00
-6.390114985082753774e-02
2.092927655783198004e-01
1.382329523831519857e+00
-1.281872170002820166e+00
-5.501972473228444738e-02
1.592971915565891017e+00
-1.791163937212789214e+00
8.637036076650933536e-01
-5.405376265944616954e-01
-1.641638559641218631e-01
-1.379548967647018731e+00
1.395145612528136958e+00
-1.945895034908974308e+00
1.510897252463986318e+00
1.718473118441659730e+00
-4.838749694234168452e-01
1.589519941844212525e+00
1.706089831291119352e-01
7.610768887783239123e-01
3.935473971218490519e-01
-5.737370092972439162e-01
-1.451215379126018057e+00
5.997571677826175895e-02
-5.221189372689295505e-01
-9.823867204803200526e-01
9.389368020243549218e-01
-1.307933838556352590e+00
-6.385343648267683969e-01
-6.210429771890622064e-01
6.880539578839298676e-01
2.219590429061087389e-01
2.099373516497352044e-01
-9.836292994126655254e-01
-3.125148594127501178e-02
3.605692487640198007e-01
5.083224993039932027e-01
3.892102556902339860e-01
2.350445174352934763e-01
-1.098187789143862503e+00
-3.285972297809796050e-01
1.064864312931026014e+00
7.459039759339791686e-01
-5.904036862623640580e-02
1.004392107607899653e+00
1.668754555150699481e+00
1.379688088748892039e+00
1.067770766155087703e+00
1.227019164524229128e-01
-3.823466783247042033e-01
6.424714373164827075e-01
-6.151058608312521825e-01
-7.564016965112391189e-01
-2.275455727394216365e-01
2.026387255055329961e-01
1.531307088816624251e+00
9.286997181294283366e-02
1.275820769094853757e+00
8.606282549298938100e-01
4.801519099803402968e-01
-4.566667620843797293e-01
-1.853141182261820730e-01
3.592917080753001979e-01
6.576090748352385607e-01
-1.047281303606799829e+00
2.994760076965821693e-01
5.667474926931989065e-01
-3.575060000092122880e-01
9.863083625989256253e-01
-1.232423538465989399e+00
-1.015009384413714022e+00
5.594781598164983993e-01
6.591212400891724270e-03
1.644770911755631115e-01
-5.819614474338835608e-01
-1.601883458453574605e-01
-8.178752227119024942e-01
1.762256402297868174e-01
1.098132867150894754e+00
3.710144037615411006e-01
3.202410017339653581e-01
5.364078752922862847e-01
-6.684127331210580891e-01
-2.012921466091997236e-01
-8.957458143428856934e-01
-1.789269914281316209e+00
-4.703377716433831957e-01
-5.278271356198713793e-01
-1.549347552487784441e+00
-6.988892797253534184e-01
3.173289379259167653e-01
8.399402738040291361e-01
2.020656940780884148e-01
6.254543306123439006e-01
1.253988012670181007e+00
1.944049051983112619e+00
1.949196655469048745e-01
6.152828594241561699e-01
7.733898279282417354e-01
5.550653971284023047e-01
1.684156803796661994e-01
-3.813328857535633887e-01
2.537198639359102281e-01
1.179088616812024481e+00
-8.635571242201478537e-02
-7.578740810251562987e-01
6.374263772361439262e-01
-1.073553624393901451e+00
-1.003019244114853992e+00
1.106115884483853895e+00
4.428837251936570962e-01
1.553137083843552368e-01
-6.193000694259627181e-01
-2.792943081528261318e-01
-7.302265247257574976e-02
-1.203228123317960918e-01
3.419749269990370322e-01
-3.166597257049584835e-01
1.228144580830764276e+00
-1.791288238363237806e+00
-1.482778745958185596e+00
-1.678212850736513495e+00
-1.126215596573137745e+00
7.627025140654836166e-01
-5.067943985322127531e-01
-3.585555069337489908e-01
5.496102852955023765e-01
-2.787463591258853013e-01
1.019356071198619373e+00
-2.376245533052906977e-01
-8.476741703601807787e-01
-2.470882451069347785e-01
-2.850073750252047899e-01
3.501106401403462076e-01
-4.926428862893816318e-01
-1.481282658735372237e+00
1.311630662254485713e-01
6.816199394400077605e-01
-9.340191128627864936e-01
5.083322352070187566e-01
-1.089904820676843994e-01
