-5.506634304006493563e-01
-1.023988859018231112e+00
1.540118462994187754e-01
5.587210846039142309e-02
-3.559942099147589412e-02
-1.925553352714904493e-02
1.079437302576642388e+00
-1.340344989593965641e+00
9.228038395112440062e-01
5.153780914947050373e-01
1.013482891413767462e+00
-2.943474511109466785e-01
-1.269521832156409902e+00
-6.294713151641381232e-01
-7.361843147239783836e-01
-4.058312038529022781e-01
-4.752203803069437460e-01
5.770195197179525115e-01
3.323888291068690104e-01
-8.410944484905598095e-01
-7.639565312670304476e-01
-3.416937984479207491e-01
7.208553320125264952e-01
-7.780253592733740176e-01
-6.836785829396352376e-02
-1.910669386097270106e-01
-8.801704792981974723e-01
-1.912384266484665307e+00
-1.372023035264345214e+00
4.449591317628123766e-02
-9.244773471123433062e-01
4.283028731675694312e-01
-1.749373916796422290e-01
8.606163816189010829e-01
7.712106370820346335e-01
-3.062167927208209184e-01
2.330289942999647923e-01
7.580248010459356145e-02
5.579467042473587046e-01
-3.809792699377770320e-01
4.324369248480808836e-01
3.010217925587324039e-01
-1.686490264018005947e+00
-5.519722335079397801e-01
1.041324358584609922e+00
4.092084278476638137e-01
4.371015722454140162e-01
9.151693294898600728e-01
7.029120841733259573e-01
1.793449422206521704e-01
1.128798598678105503e+00
4.380759574993778882e-01
8.683461064363160453e-01
1.009308664563677960e+00
-1.885685869131659698e-01
-1.300849353553654719e+00
-1.249765869902588422e+00
-7.582698553398048436e-01
5.310956367024631808e-01
-7.081701411141093638e-01
-3.115622471996604137e-01
-4.114461311350201544e-01
-7.146976370204600748e-01
-6.919754693479748808e-02
3.269441064394789653e-01
1.335638851602554411e-01
3.807904575734472052e-01
5.013817999422103266e-01
5.131584692858836005e-01
-6.904411599328341698e-01
-8.032758041278975636e-01
9.416934615290748489e-01
9.424295687790356091e-01
-4.700309751801935720e-02
6.198318572635114210e-01
5.802641729173581009e-01
-1.008361083883994258e+00
1.358228111660260140e+00
3.818225089190728228e-01
1.651210564520025903e+00
1.531874883336955095e+00
1.887632294741803385e+00
5.789844185480911287e-01
1.233995289728107292e-01
-7.801279755719729980e-01
5.684236572803300080e-02
1.318743296001973486e-01
-8.911775786778297626e-01
1.695760421778677474e+00
-6.614626188860350808e-01
6.761264237273564293e-01
6.910845338463915688e-01
-1.721512355574217612e-01
-8.484978187155072238e-01
4.220160062914884436e-01
-5.824476421728346232e-01
-2.640855594528582762e-01
6.667320639307648955e-01
-6.377776578267128071e-01
7.718718249819046529e-01
1.397217792078371268e-01
-6.225148514648954912e-01
1.064345519858296951e+00
1.321725742840605677e-01
1.132448752750739640e+00
1.144738408492994353e+00
-2.614010424190892357e-01
7.609129151565019455e-01
7.267712463922851862e-01
-9.993575130161759246e-01
-6.757836602085512956e-01
-4.031575662291217443e-02
-1.219742154680260038e+00
4.846955320725653826e-01
4.801482932673637460e-01
4.225590770171538391e-01
-3.817477333750274315e-01
8.032498913503861582e-01
3.367849208098411262e-01
-4.612933507505747599e-01
-1.086490790760491709e+00
5.707443848407480758e-01
-1.020208020556915840e-01
-9.737687171519580076e-01
-4.428970857718339538e-01
6.419493264264354293e-01
-6.904884421225774283e-01
5.832498993646870744e-01
7.407794476151090546e-01
7.366826404957008689e-01
-7.099744510147484866e-02
1.851290093564301187e-01
1.062947023975106264e-01
-2.317163377888353804e-02
2.457727229621192028e-02
9.778425313235927785e-02
4.474829604744028355e-01
4.477753158454009230e-01
-9.559569017021174453e-01
-3.176309788875228968e-01
-8.505804674598127502e-01
8.664059282199670919e-01
-1.738875292617026169e-01
6.269825243051618813e-01
-2.605117761783325436e-01
-4.300259296678071719e-01
-2.302047339375562496e-02
5.945405401101612197e-01
-3.751689697058656625e-01
-1.117919382705878428e+00
-4.178113967140478224e-01
-9.858259725846145738e-01
3.383497074827624962e-01
5.832380844525762997e-01
-1.186410550378136586e+00
-2.412835205083762036e-01
1.558973830650556003e-01
-3.668978151970438972e-01
6.994366602515915687e-01
7.920006118965940978e-01
-1.101202461716716208e+00
-4.286119229680056542e-01
4.154011482361863461e-01
-5.209656443469439235e-01
7.063760522160198452e-01
-1.297626705120810797e+00
-1.087055056635381156e+00
-9.227349753069331584e-01
-4.012072077085196975e-01
1.308500741778983734e-01
8.840142453432248137e-02
4.477380281340333501e-01
-8.750174895636526617e-01
7.652135497887782023e-01
-8.496633386049802228e-01
-4.882968527266825509e-01
9.231277061903975234e-02
-3.269409444449624114e-01
2.186272020432621643e-01
-1.295649358818660168e+00
1.437078272199575624e-01
1.444471609791494693e+00
-2.311057843122998001e+00
8.398857946400166696e-01
-4.650681776330667372e-01
-1.200851795796143984e+00
-5.157250919989910809e-01
-8.560835105097158726e-02
8.550154320165552768e-01
-1.683488470106708101e+00
-1.561542346145629256e+00
9.859742799734569907e-01
2.851808033378482043e-02
-1.792819609599368036e+00
7.528563576252507161e-01
-6.676367462569918754e-01
7.485867725681134566e-01
3.185757036914522722e-01
1.079342300227157936e-01
2.999428075242092095e-01
3.723143129427684134e-02
-7.650529645879654561e-01
-1.073330028849544648e+00
-4.232351955971764279e-01
-1.311573508634197749e+00
-3.500564890719658484e-01
6.160186965027214523e-01
1.503572099062443768e-01
-2.238162355316058172e-01
1.387294422814688843e-01
-5.249268521415176858e-01
-8.856269805106924409e-01
-6.340925079150654398e-01
1.770522460518411112e-01
-7.549117487406917792e-01
6.386253319228669956e-02
-1.814836301661033380e+00
1.576525660294905706e-01
1.019819049214849560e+00
7.018161338280510808e-01
-2.559710463469289099e-02
-1.249680562046138199e-01
1.259644899825072217e+00
9.593607535074095694e-01
-4.117136532648341118e-01
1.434821452126309183e+00
-7.143134387390959184e-01
-5.129644809350177859e-01
-6.755198946032927587e-01
-4.783187063122376070e-01
5.957592862162852665e-01
3.291813342700902756e-01
1.240747003414210292e+00
-1.046600271514710023e+00
-4.505896543650715902e-01
-9.755808570678837777e-01
5.315312737720927494e-01
1.204038998460099430e+00
4.333866504003129339e-01
-6.846467397309843328e-01
8.152654144480312448e-01
3.810899308684453368e-01
-1.706388565822373193e+00
-2.040328137647569595e-01
7.709105827519204812e-01
7.690523823210859700e-01
1.073584771765207835e+00
-1.309833080225415447e+00
-1.400475681673506667e+00
-2.025109526154500184e-01
6.687324069284146244e-01
6.517884793324515424e-01
8.686443596855093485e-01
7.253696540929110981e-03
6.641320813661087952e-01
-1.302873561461871610e+00
-1.598716996431045034e+00
4.625827079544897469e-02
8.194588081077951447e-01
1.151933525362294874e+00
9.197546845066812971e-01
-5.057657235060867285e-01
-1.795995244608421970e+00
-7.513183038685096182e-01
5.077925100867365371e-01
