-1.059994217586100740e-01
-2.665554386667152165e-01
-4.664653580117517073e-01
-6.152603746274207808e-01
-3.584685079362583404e-01
-4.031230614121087408e-01
-6.463796299602708739e-02
5.099875066177359528e-01
-1.514856053745647246e+00
1.178143154511199553e+00
-1.853280728668573185e-01
-9.463516682407721592e-02
7.010458295663255512e-01
1.015356013766673504e+00
1.032068214432705355e+00
5.159410222575633309e-02
-4.313034333896828554e-01
6.321640481432623249e-01
-1.103049096139631313e+00
-1.168759699090791582e+00
-2.188761338281799140e-01
-9.944643438354920928e-01
-6.009990387562159642e-01
-1.382658863893437284e-01
1.025184436616342731e+00
5.907309688033750561e-01
-2.209883059103404657e-01
1.679893814448666090e-01
-1.616642040829871854e-02
-5.987582329025225025e-01
-9.266358838026989009e-02
-2.983621462758975773e-01
-1.646822625024401132e-01
-5.841281012154480035e-01
3.596340801049888181e-01
-1.040827117081029485e+00
1.749826690701306586e-01
1.688272742540267157e-01
-2.012093287288604371e-01
-2.616405546721610187e-01
-3.473083781220435151e-01
6.751656505089231874e-02
-5.200461683603709862e-01
-9.572070153141238880e-01
-1.233460546338302072e-01
1.486955849830297272e+00
-2.200412734899830913e-01
-4.654311883179874654e-01
2.588155042635972847e-03
-1.323434815045354318e+00
2.666489949223045941e-01
-8.634395181743089731e-01
-5.872216059138252175e-01
8.741326178002312153e-01
-1.037710076137735582e+00
7.481054321111485494e-01
-1.197882622863912339e+00
-2.205801823543642182e-01
-1.251286886734751080e+00
-8.698372069588780620e-02
5.709402613725380604e-01
1.041799987477674883e+00
-1.003815337284897691e+00
1.329351099568586880e+00
-1.947912424042299584e-01
9.040038463668204072e-01
-2.880787962730237406e-01
1.234885847137042747e+00
-4.179561019517321618e-01
9.391928204494355281e-01
2.345392191560935480e-01
8.063944390316076793e-01
7.195103097510973100e-01
-4.593068185705962980e-01
-2.340257866489655059e-01
1.223215940200914842e+00
-1.606994705664888667e-01
-4.225962440889280969e-01
1.243520691929917710e-01
-8.532559686602945170e-01
4.935330137731318567e-01
-4.731572642022568442e-01
6.878279785501548727e-01
-4.614036078449256228e-01
-3.574432651507148950e-01
3.532790982292146054e-01
6.301306549554982483e-01
-6.027752041911492720e-01
4.132034826809023453e-01
8.854874979704742133e-01
5.164435868589608569e-01
1.709352310077483228e+00
-1.178777533122140397e+00
1.123000024666587215e-03
-8.400500449657974378e-02
8.060693676602673774e-01
-2.396506690902604486e-01
6.408216245910391962e-01
-3.802049693119656237e-01
5.818894894109958305e-01
1.034020523202757946e+00
-1.661265735959033929e+00
9.306544000596443933e-01
-5.041966349453913532e-01
1.490744452675236920e+00
3.814854506570646286e-01
7.471436991657106619e-01
7.616703104620028419e-01
3.734902439450280554e-01
1.732682877846531411e-01
1.793931714563452018e-01
-4.872669880214082760e-01
5.981095567525058776e-01
5.149836024059796236e-01
-3.158446629335748823e-01
-4.130654781531732378e-01
-8.477121946521333218e-01
2.057550419258969976e-01
-2.139399005122575026e-01
-3.243557219350920451e-02
6.019658247040085008e-01
-2.294559133228372128e-01
6.613521295397892241e-02
-2.411136731675783407e-01
1.128945554180202232e-01
-2.810004092326057190e-01
-5.464200216697805423e-01
5.197036196369981820e-01
-2.917890604421195522e-01
1.767844282559210556e-01
9.465680579031446884e-01
7.769035781624390458e-01
-2.176670191941996735e-01
-6.637685363049189435e-01
2.659307410588698795e-01
3.087109751622750808e-01
4.143320200142884824e-01
-1.307947665187675801e+00
8.605019851382456064e-01
-6.763368097570243709e-01
-6.428404174151712835e-01
5.564087431186877097e-01
7.072209315299951005e-01
-4.860659826213967194e-02
5.407464433915729618e-01
3.697303690497971140e-01
7.561714527766536520e-01
-6.149290972285499368e-01
5.311966872966056297e-01
9.650958390244662732e-01
2.095284368218170434e-01
-5.156946675380019718e-01
-9.415457741382053936e-01
1.055276355304737512e+00
-2.830880158851754036e-01
9.924962425188910142e-02
1.726410885433096176e-01
6.484338679732561950e-01
2.985256258370976301e-01
-6.490856306080394766e-01
2.152150947864836517e-02
-8.741082686766961096e-01
6.441119716236498594e-02
7.415127476995811429e-02
5.692957201665247435e-01
-1.574311807526032614e-02
7.764741659647494965e-01
4.575706066624832813e-01
6.704378186525241645e-01
2.684395332127743061e-01
7.138354307343142136e-01
-5.347067731764222343e-01
1.002160966665827546e+00
-6.635815326846355999e-01
9.884495274574761625e-01
-1.963144237111650592e-01
-5.394755724795829988e-02
5.361403320149680241e-01
-4.648932889392799056e-02
-7.021973870241919602e-02
1.579485078125482667e-01
-1.944105408306767424e-01
4.760674246852543146e-01
7.539338830264988855e-01
8.675413051095626216e-01
1.002367609864213693e-01
3.274022346319539478e-01
6.138447523748856716e-01
-7.234747982156974899e-01
-6.393652471438049378e-01
-2.906988153529544983e-01
3.591028958008976035e-01
-8.779159449321614073e-01
2.147922179030540835e-01
-1.065846058945714603e+00
-8.790677690780919207e-01
-7.690199141531859350e-01
-7.128497981790995475e-01
4.876429515899073364e-01
-2.690250311002978512e-01
3.590777052940425929e-01
-1.091269038629548049e+00
1.640302314924110938e+00
2.029160477861234879e-01
2.733067529894658843e-02
-6.325401693485696031e-01
-8.101004112681889913e-01
-5.285786377823806781e-01
1.772559249238650769e-01
6.692840306478611279e-01
-3.333482468024336898e-01
-4.169697199486732675e-01
6.525153633345238680e-01
-6.096869504716700972e-01
9.700515215957049575e-01
-7.275286108383760553e-01
-5.210327224814322866e-01
3.622618760343054856e-01
-4.298908701111213704e-01
-9.791956302058042461e-01
-1.188197082625638057e+00
-6.861877427978282373e-01
-9.071665602529158656e-01
-4.445060935060354823e-02
6.720381795126652014e-01
7.099903779169907114e-01
1.835178433697362554e-01
-3.324943560954118360e-01
-6.767818079795009378e-01
-5.802098475590221627e-01
2.510141246588155628e-01
4.011106169279829992e-01
-1.584442184950177468e-01
-1.174395236835699963e-01
5.353397477102030955e-01
3.427378556350008099e-01
5.837910838766260935e-02
1.297531459345618310e-01
3.304983216271341062e-01
7.171618170506239842e-01
-5.588302604647881200e-01
7.063324571810187802e-01
6.090534232035448303e-01
4.156807798568029622e-01
-1.059996840170216892e+00
4.181824460145544542e-01
-2.721591793842749185e-01
-7.226561674287442782e-01
1.140637074157970554e+00
1.688218795716770249e+00
-8.271065284647671767e-01
-3.625906062840397737e-01
-9.246548151510822766e-01
1.206717518450477256e+00
3.504417922673535024e-01
1.467594200641220148e-01
2.867136482124098551e-01
3.888519338152800486e-01
4.116596680891299043e-02
-2.725966081445898581e-01
1.130258274752068415e-01
-8.192168430305778459e-01
6.702562839332004696e-01
5.845375320008751041e-01
-1.005924790547203074e+00
