-7.274804836219551651e-01
-5.289906860455818594e-01
2.968711648284149685e-01
4.401934397483725503e-01
1.517716067241736411e-01
-1.029399570152174315e+00
-3.079951091263791185e-01
-8.409506119327347928e-01
3.859883987834562546e-01
4.799923103952272174e-01
7.228696178244238268e-01
-2.288191983958100528e-01
-1.196894041643875140e+00
-4.326371500526263181e-01
-1.087902806943519041e+00
-5.007936350838619877e-01
4.029565362936438078e-01
6.936757559380729576e-01
-6.033578901529634830e-01
-1.036942412164624905e+00
-7.218817563247459379e-01
-4.877758278774673717e-01
6.200332955615244224e-01
-8.582870458897325916e-01
-4.487778447983736818e-01
1.760316014811942609e-01
-5.837400087979836005e-01
-3.823232456810752855e-01
-4.219010653334187011e-01
4.303175105527726751e-01
-1.320002891228091002e+00
-1.910054528912138450e-01
-5.557383857980624509e-01
1.414331618901667198e-01
7.225072171888885508e-01
5.686001301592982227e-01
-6.098315542852071891e-01
-3.941087502664084030e-01
2.008053968072669726e-01
7.778543667821372631e-01
3.956742010342668148e-01
4.717560156559384432e-01
-9.756217780306279952e-01
-2.563153366624157381e-01
-4.168633184702963401e-02
-1.277485610624383150e-01
2.548898629750921963e-01
1.660989625521555046e-01
5.126058967110003195e-01
2.533310329554438467e-01
5.746100928288622178e-01
1.186522738233139140e+00
-5.639149647807583515e-02
7.891619057150015548e-01
9.451043525541186208e-01
-4.767000727691981243e-01
-1.030008445311037857e+00
-3.459795612780600660e-01
1.192975910010100948e+00
3.542259000894637522e-01
-1.036495432954882112e+00
4.420485300179197163e-02
-6.937908912694983332e-01
8.140263576938956414e-01
-4.340868776758822767e-01
3.323229950515793618e-01
5.291620077399559197e-01
7.121937117349030899e-01
6.156245573984516772e-01
-5.182552117027932059e-01
-6.742473809405552521e-01
1.010891213377532072e+00
-7.868458059935075077e-01
-6.206084406918914720e-01
1.135146051859681204e+00
4.201789604545534962e-01
-3.664349296503749409e-01
1.026695761250525862e+00
4.842695810094269637e-01
9.893557970462449891e-01
6.890245734640181308e-01
5.063747163245642113e-01
3.586952382325527267e-01
-4.111559568618530780e-02
-2.821962144673759720e-01
4.505464555741815480e-01
7.980185448934328241e-01
-8.681691537572322481e-01
1.085924694649613720e+00
-1.008089956249098806e+00
5.438518668667177147e-01
3.463294194619166433e-01
-2.208621662661262586e-01
-5.876251033903737708e-01
5.239516224460805116e-01
-3.986144752831054516e-01
-9.924801149686535151e-01
6.103131101904220035e-01
-1.539239276151982416e-01
7.728902768977060633e-01
2.291942825997461408e-01
-5.843807558943379110e-01
1.065257026342837809e+00
6.346596332204328395e-01
2.577398143120674945e-01
8.075864611801659709e-01
4.796070290421323989e-02
8.274990702676582321e-01
3.367445283667206413e-01
-8.473764965315787601e-01
-7.228116639419656098e-01
-1.057111393195984794e+00
-1.129165873126184660e+00
6.053651657006844378e-01
5.138023582049102700e-01
6.590818459395099138e-01
-1.673087680356840856e+00
7.219293200133993782e-01
8.199712498276162664e-01
-1.143505848713969542e+00
-9.519114224331886032e-01
6.672328705846579666e-01
-4.215221837935512750e-01
-9.398237908277802255e-01
-1.373486797080033739e+00
8.387910893064071116e-02
3.066735923046476353e-02
5.598504612838016703e-01
1.162775821072034921e+00
8.245930428061315487e-01
9.179434223523519343e-01
-3.755600609518673916e-01
1.236537554587254228e-01
-3.223417724676790885e-01
5.918397115770007710e-01
3.445241824693018318e-01
5.924261693396172257e-01
3.807136742501532889e-01
-3.656855002083311268e-01
8.039326391350252177e-01
7.163712436315841647e-02
1.031167629426801735e+00
2.445053008937883854e-01
7.465535832200663746e-01
-7.089167145654181601e-01
-6.360083214871850021e-01
-1.853734807562561759e-01
5.142647368816301023e-01
-4.983170692866982221e-01
-1.267619824414345953e+00
-1.852419471831324715e-01
-9.480820881294206304e-01
3.039807014042102962e-01
3.495835632756331968e-02
-7.770353936965124220e-01
-3.674638481662680367e-01
-5.273318853711796983e-01
-6.675432714845321858e-01
7.781542924419317941e-01
3.826533159876180923e-01
-6.184988124499832818e-01
5.150827503794648266e-01
4.506016512805368635e-01
-8.293627799577356630e-01
1.366578256217114706e+00
-9.976221366167827842e-01
-8.432443473934478906e-01
-1.002217201252626921e+00
4.534017804581591538e-02
-9.650911837153617334e-01
1.172038822602613273e+00
1.138541523617837337e+00
-3.520240759117335139e-01
-1.154523435450034996e-01
3.087636969365177841e-01
-5.671035069519979599e-01
-6.262803775364891301e-01
-6.160154791914618233e-02
-8.808065475477117046e-02
-3.218008662431097733e-01
-1.185120045522202459e-01
4.810633012538180209e-01
-9.374268280091075933e-01
2.250122503204734226e-01
-5.749147127158351633e-01
-7.109539190099395389e-01
-1.221797716742418993e+00
1.051533506393480949e-01
7.848863194821700251e-01
-5.736291150200740763e-01
-5.859190540586378670e-01
5.827895060877281708e-01
-3.785820007254902531e-01
-7.085755072522570419e-01
-6.813944901284050282e-01
1.004913999745253861e-01
9.390046419810550438e-01
2.495685786972430820e-01
-2.087810013928344255e-01
7.478682210456778778e-02
1.140567175821146417e+00
-8.670892447841388462e-02
-9.029209683805279330e-01
-5.657393830231458587e-01
-6.889655252231179361e-01
6.593152116352528347e-02
1.247302188303202053e+00
-2.407038693018917486e-01
-8.787670910229208876e-02
2.146498748600958462e-01
-2.480430198844387202e-01
-1.145452779029608070e+00
-9.930481775773378206e-02
-5.692298467123948491e-01
-2.223836045397186711e-01
2.749502891842529051e-01
-9.188013974924043037e-01
7.520023728309862543e-01
6.529784458563810956e-01
4.990376504766205756e-01
4.847872603204405051e-01
-7.996687519961573898e-01
1.098653622308930489e+00
8.348560969270442111e-01
-2.915027181492969577e-01
-4.608294595242549696e-01
-1.462296925552009630e-01
-9.927886527329007338e-01
-8.156689670766785749e-01
-5.028116547764179822e-01
5.481499061859640420e-01
8.809800484470385884e-01
1.886836302306314495e-01
-8.296865438594320796e-01
2.178181862717923911e-01
-9.883528516349096016e-01
8.855536788094211520e-01
2.791898373087363106e-01
4.344429544804618848e-01
-6.297120007541615605e-01
3.473701173031779055e-01
4.692324850304495643e-01
-5.390263857228937416e-01
2.605797778173434276e-01
1.596843064725321226e-01
8.109441422557319701e-01
6.785039436988921091e-01
-7.955939737138276735e-01
-8.833928196637276242e-01
-8.431412055390208327e-01
5.671036176131600826e-01
-5.924237791385231766e-01
3.372554933480984007e-01
-1.569211028315552481e-01
-1.275693003308120854e+00
-9.975931617873711188e-01
-7.622234619348848828e-01
6.075334328735024769e-01
3.246949363373377029e-01
8.355042068708619096e-01
5.123706998890098507e-01
-1.125877229651135014e+00
-8.497993820632667727e-01
-4.057491452666060483e-01
4.636053167086938709e-01
