-5.803308404522110608e-01
-9.131015095050274422e-01
-5.009550371735329577e-01
6.323352493100928839e-01
-2.056157926286383553e-01
-3.594797321759758413e-01
1.225998636340007941e+00
3.216836096157753011e-01
-1.734752671686327075e-01
-4.386752635862158911e-01
-6.875447121974284093e-01
-1.348794807818679331e+00
5.170901853918148383e-01
-1.209947950639745917e-01
1.042702023386564703e+00
-8.789682694016826003e-01
-2.546364711836166528e-01
-1.034400774122012923e+00
4.115266894216409455e-01
-3.771634087215803843e-01
-1.921983399601829845e-01
-1.001849173463865705e+00
7.233483634725643707e-01
-9.302679002760461113e-01
4.670446045389081702e-01
2.439392050463377593e-01
-3.485623615898411631e-01
-1.128727322790002985e+00
1.388333753678850480e+00
-1.142572829024078196e+00
-3.984996651095446540e-01
-4.295880478090014498e-01
6.508607904643020081e-01
-3.657750735725501801e-01
3.762192140481230296e-01
-6.862656158244229143e-01
-1.053960323834631785e+00
1.177661240250132302e+00
-2.927743877776746162e-01
5.980461935286601749e-02
9.281040194659162523e-02
-3.964083357370187799e-01
5.435585303542916913e-01
-5.901170060838062392e-01
1.052146157849049191e+00
8.639061336186037998e-01
-7.847444286355531595e-03
2.557110046969990336e-01
4.997028084362516998e-01
-4.217222783847035528e-01
-7.347787815655821841e-01
-7.565389212115728457e-01
7.582174928697389404e-01
1.719638690694436922e-01
6.304458441403582025e-01
-1.101547180729681719e+00
-2.101777112784911639e-01
7.613267077085316137e-01
-7.015558931850475188e-01
-7.233304862012058800e-01
-1.189373873666741188e+00
9.104727442541995508e-01
1.173802337628006232e+00
4.603078206263566119e-01
-1.179321819882015454e+00
-5.406466897257122817e-01
6.692387850633523261e-01
6.891529364227799714e-01
3.564326474337707606e-02
3.681289850931630525e-01
8.048565207356539464e-02
4.305358139901888093e-01
-7.605554608537599126e-01
5.098418203554717643e-01
-1.338892452736721195e+00
1.840146866520698143e+00
8.268399795172194644e-02
-2.715986306077413093e-01
-7.189929805152130982e-01
1.248166093111102048e+00
5.522852920062646387e-01
-9.079712590961632745e-01
9.040480594855412333e-01
-2.668342350160540777e-01
1.086673360394457610e+00
7.244381078865289592e-01
-3.047289779343268501e-01
2.535302302412651976e-01
-4.492099050948403782e-01
-2.375708726071833476e-01
2.885444883329018051e-01
-9.634014616181898472e-01
9.032112205863807031e-01
-1.438757323397149346e+00
-5.584122519035882304e-01
-1.710833497700373851e+00
-9.117896607012453414e-01
3.556496280627323703e-01
-1.751707278902708553e-01
-2.039452966496185793e-02
2.718820105668249276e-01
-7.075385892806460575e-01
-4.700934706016596243e-04
6.433101719336815627e-01
-7.197403682614076370e-01
-3.344595557498866722e-01
1.268361227902932709e-01
-4.612471400133195676e-01
2.819636008371680380e-01
-5.349092469673916161e-01
-5.262403982686593151e-01
-7.886725984324026439e-02
-9.957785602164825889e-01
-3.716893146750913091e-01
-3.932850728285167685e-01
-3.632228788907262973e-01
-4.549806086034107189e-01
5.939486703098869613e-01
-5.387100266981394991e-01
6.159683632480520421e-01
-8.288633263954591213e-01
-3.577120250463105000e-01
-8.438125481843220532e-01
8.775738001496522500e-01
7.009462477894210508e-01
1.588141605887874563e+00
-1.507254747513291360e+00
-3.502565270628432703e-01
-5.289800436806819661e-01
5.483170223188883474e-01
4.660834724252365668e-01
-7.226961551442503406e-01
7.665691398107915555e-01
-1.037462817990856712e+00
5.603228181028108157e-02
7.712985070439759561e-01
5.508292310860181118e-01
4.559450089940589868e-01
-6.839758289410848846e-01
2.208192316466955352e-01
-6.565931115638985460e-01
-5.544278394314453018e-02
3.214908158913308833e-01
4.338428322827259098e-01
-9.817191439215882109e-01
1.366230220947312946e+00
-1.237554821655511228e+00
-1.040471656543224377e+00
-3.516862620633250947e-01
2.693047530835731007e-01
8.534347313929449008e-01
-7.573400467942046355e-01
8.495636407955885483e-01
2.916161900184043310e-01
4.868843696625302919e-01
4.760415296174668742e-01
1.741116843094104305e-01
-8.067630749932886980e-01
5.117727621919748726e-02
-1.269156019680772962e+00
-1.233188222252097788e+00
4.039367426929714178e-01
5.484826437794827481e-01
2.537872466256234638e-01
-2.299720548660716124e-01
-2.007515666685722788e+00
-4.345511637974019958e-01
-9.848480522029922080e-01
-6.898405615670679669e-01
9.320733268606339328e-01
-1.212615966358787434e+00
-7.440700435823808245e-01
1.521644458788596888e-01
7.760415291825678574e-02
-1.468192127254284163e-01
1.480770471257558951e-01
-6.562062276668142458e-01
2.994880700422914432e-01
2.418761872915152489e-01
2.983043270024632321e-01
-1.535158333958422050e+00
-6.578661136382466523e-01
-1.216098244896005820e+00
-1.167171380346002652e+00
4.096038948827319670e-01
2.719151471789292285e-01
-1.100952437086154090e+00
2.036097228066777287e+00
-9.075378717967355069e-01
2.253564240084378056e-01
-5.909871378626075922e-01
2.500237619849957071e-01
7.402108610488268292e-01
-1.189879317563743655e+00
8.634638132884342454e-01
-2.942317874527210497e-01
1.658386405545588804e-01
7.204323779401174965e-01
-6.105755152726002333e-01
-4.901161071230731303e-01
7.720077148039738990e-01
-7.908005583343173939e-01
8.466193943716265879e-01
-3.535136174126731756e-01
-4.817044757078567385e-01
7.123039015105143701e-01
7.907311302958369703e-02
9.080912495760106173e-01
6.148087505870178937e-01
-4.413295376920041702e-01
-4.852372424580531085e-04
-4.495634764055521648e-01
6.584910943734904043e-01
8.619013117968149507e-01
-1.269410390270716338e+00
5.998385127761870494e-01
6.812176859718017674e-01
6.035143015694233171e-01
4.877736593281029043e-01
-2.890788994810450374e-02
8.210537220534082081e-01
-1.979809255248704825e-01
-2.661955681988429356e-01
-8.594697611408640414e-01
-5.532718710985132793e-01
-4.076170795813933712e-01
1.620284225861057248e+00
-7.491114242701955028e-01
9.701358305478477440e-02
7.748536600343249869e-01
-1.296669651628270747e+00
-2.444458525622240641e-01
5.532117855782787696e-01
3.538139046401843069e-01
6.608084173948408635e-01
3.309879723050543898e-01
-1.004160929387619694e-01
5.401323137960419851e-01
1.844908478694561871e-01
-1.320571449495647087e+00
-9.837947352035963933e-01
9.604932102929407411e-02
-2.559335136561892710e-01
4.483680603158904932e-01
2.193331101869780420e-01
3.105713628492730027e-01
1.954932563952578028e-01
-9.352156632143342474e-01
7.505110540398466368e-01
1.016082911953592127e+00
-3.713690130266679157e-01
-1.049421011097778633e+00
2.044138080774110522e-03
-4.270730015772234989e-01
9.830494857347754634e-01
4.444712666049503991e-01
1.731008414818349661e-02
-1.134969884883698654e+00
5.175393190663667431e-01
-5.327644065426373476e-01
4.577094275585035232e-01
-1.965245977786383991e-01
-1.044703377226724683e+00
-5.098393727154227895e-01
7.086847330983860882e-01
