-1.083077634978997672e+00
-2.069640154885163674e-01
5.791822437588056705e-02
8.969245096592692867e-01
-4.382660384527847786e-02
-4.550719766074721728e-01
1.013238364043722806e+00
8.281523526571307747e-02
-1.935457800262724570e-01
-5.417809238904133795e-02
-9.515209977859668822e-01
-4.640509947849839056e-01
1.098925191469869445e+00
-5.514391568918860509e-01
1.360266634635153071e+00
-1.606316152275424791e+00
4.335180318533777277e-01
-3.457640301273254835e-01
9.304686366928194285e-01
-7.521280318906438112e-01
-6.827198667580958169e-01
-9.500990747355364530e-01
7.542071830893380957e-01
-4.396011373544783662e-01
5.689521952739921007e-01
6.357740415390523703e-01
-2.495954119384332093e-01
-9.837167659225314331e-01
1.681689611199220558e+00
-3.405821557199924521e-01
-5.277741745065561707e-01
7.859631828781823981e-02
7.480498200352216909e-01
-6.633283441245274581e-01
3.391420820386343293e-01
1.647616099299525905e-02
-1.032720733989946460e+00
1.062495018820881487e+00
-4.932811638525749220e-01
-7.947918759887151463e-02
-3.701954556306867317e-01
-5.393600093229845571e-01
6.117333976451864164e-01
-9.208620280276268166e-02
8.382275046284640707e-01
7.872596244313656566e-01
8.443827872646986199e-01
2.058850038763404555e-02
3.270866083944636848e-01
-5.362078998835644317e-01
-8.756083009067122669e-01
-9.578200262535294662e-01
-5.404706876727863318e-02
-4.919164870489062258e-01
-1.299348328022897625e-01
-9.115191989022346508e-01
-2.220331850331254686e-01
7.302843455936023354e-01
-8.112489790452450666e-01
-9.250254044114490926e-01
-1.706472563312273705e+00
6.296933875590339236e-01
1.196250712783245351e+00
8.664102979097005885e-01
-1.372521913088336376e+00
-4.274465688949056208e-01
1.025867796873907389e+00
9.028226945838345729e-01
3.042471876996360458e-01
5.121269924052989087e-01
7.761796738800319506e-01
-4.433818417191892625e-01
-5.042569567985885071e-01
2.259475463873297785e-01
-2.143764468245254573e+00
1.782818075136960889e+00
8.389452568949368194e-02
-2.487340326638338428e-01
-1.472959731244895432e+00
8.551113359894705335e-01
-1.212899268642307210e-01
-1.262280515434117678e+00
4.971076309475578325e-01
-8.142639800389521454e-02
1.277580413667316117e+00
6.296640710928070872e-01
1.265292036531082687e-01
5.331457253398996787e-01
-5.213615867228561518e-01
-9.528051897956926197e-01
-3.384057483745506190e-01
-7.130630451417434568e-01
1.177274651812308504e+00
-9.846591378492099977e-01
8.457981761485919292e-02
-1.217286716858398510e+00
-7.400769694623963169e-01
3.646826120436529317e-01
8.146949359146790637e-02
4.608277019890003046e-01
5.495895888917887717e-01
-6.620741500370678212e-01
6.729238780371812889e-02
4.389594269791124992e-01
-6.149748794949803088e-01
-3.910708136237981969e-01
1.142597970411944885e+00
-3.069396087962350528e-01
1.613430959741983584e+00
-5.693672795272722853e-01
-7.281815828762520093e-01
1.616169040440423865e-01
-6.711050272530535432e-01
-4.812995484658823542e-01
-5.436253514963017563e-01
-1.646491343350889314e-01
-3.331555037776105510e-01
-2.551926636508505264e-01
-1.149336316679725023e+00
6.849076832177314333e-01
-1.085658787808094772e+00
-8.301654222545400419e-01
-5.924351639957023963e-01
8.056883318533243354e-01
1.008985856412606852e+00
1.069745219511207157e+00
-1.216567142918759892e+00
-6.675170955169892895e-02
-6.068269050586508895e-01
9.739111579844199618e-01
-1.191901194091211924e-01
-2.360606559635912149e-01
3.612224340545903689e-01
-4.407298563370288247e-01
-3.793153494351495514e-01
1.225097352876352463e+00
4.957658525840100694e-01
6.467439448292104931e-01
-6.774081283884962890e-01
-2.520258129811409065e-01
-1.020911828436794178e+00
2.436344882629825903e-01
1.178555626182471450e-01
9.538699255406929423e-03
-2.376625252368197438e-01
1.200987286417471100e+00
-1.045363174513600057e+00
-3.454712706350090423e-01
-2.993034038310842249e-01
6.695763892856594346e-01
8.185560286209001557e-01
-5.312270317224139227e-01
1.084687065871051459e+00
-2.460119193360965351e-01
3.269447774252842720e-01
1.356125321839288356e+00
1.831228679629482436e-01
-5.841160672875649329e-01
3.977685088526148327e-01
-8.570207580374830103e-01
-1.371585474302979613e+00
5.990309517142496931e-01
6.004350694896655183e-01
4.337335712608534899e-01
-2.010598319432417846e-01
-1.607619828456304356e+00
3.659402025318137519e-01
-1.029537091842262164e+00
-2.625619466906424226e-01
8.316858408532690206e-01
-5.301202014343340263e-01
-1.527110710216326384e+00
2.226259184066368135e-01
2.644546531787779764e-01
3.668216162476306552e-01
6.107121674727382654e-01
-8.223450121802469148e-01
8.855322294295312480e-01
-2.416436923152285865e-01
9.622841988859129891e-01
-1.279480424925657722e+00
-1.548123728386516351e+00
-1.079802839824199889e+00
-9.074818948784009187e-01
9.642315594818495761e-02
-7.434168556926293303e-02
-4.736821114796063714e-01
1.695222456243203002e+00
-1.188824176993190429e+00
-8.533565999912159361e-01
-7.025410321553696713e-01
1.827244695110108452e-01
1.836505749738949200e-01
-9.649838347462967869e-01
3.904862919005524513e-01
8.454549597657513849e-02
5.324280366564365652e-02
9.555157533449113449e-01
-7.494205171137094945e-01
-1.938330334167274183e-01
5.777115343285024185e-01
-1.490006664205642206e+00
7.842931054972188676e-01
-7.107967639858299158e-01
-6.865388173802554617e-01
6.709774256824494465e-01
-9.894810886172769604e-02
4.117845562105304502e-02
1.464297790272706123e+00
-4.968934541612136657e-01
-4.915913964716037698e-01
-2.020708688059213998e-01
3.281758874783348712e-01
6.144740608078426147e-01
-1.488363117177125217e+00
2.605306483004323770e-01
3.079628718168617163e-01
6.635256144932848432e-01
-1.925018897858721822e-01
-3.307796951674573105e-01
1.072467929239327100e+00
8.947448015011436051e-02
3.501414225697542237e-01
-9.009667381491144322e-01
-2.077424293962977786e-01
2.441425433757057617e-01
1.093673266533807364e+00
-8.804772808191593247e-01
-7.793204739911091528e-02
1.097329451458028293e+00
-7.968753722760497649e-01
-4.076391451250641618e-01
-1.396201233918455825e-02
4.673484909793382269e-01
-3.833287073132176648e-01
3.089289728530041357e-01
-9.720675492818833252e-01
2.023044225965760778e-01
3.505048779597305098e-01
-9.018791123825928846e-01
-9.309740160022706990e-01
7.617499089608965601e-01
-2.937599580268990818e-01
3.405310316365998680e-01
5.182702630140992861e-01
8.664697763238831119e-01
-1.053218123526283995e-01
-1.414562384611751433e+00
1.378907231123977617e+00
7.368527827418489551e-01
1.218017512787667456e-01
-8.292010386557514545e-01
-1.194855402068363895e-02
-6.605781798697657470e-01
8.065613510000785302e-01
1.520951032651045587e-01
6.838460970206908240e-02
-9.176492591334497462e-01
-1.913185642902764383e-01
-2.719719648742427442e-01
-1.219421293193047873e-01
-5.458723102437094132e-01
-8.819372454850705756e-01
-3.878283958404051823e-01
5.031191915343313781e-01
