-9.048172715032141156e-01
-5.227891472335146617e-01
7.805970460380273757e-01
-7.425254437567219146e-01
2.352189247611080614e-01
-6.023625094793864099e-01
-3.404055084469738146e-01
1.127647702459565249e+00
-1.290831175053150925e+00
-1.419559487717419355e+00
-4.285969586712995438e-01
5.737641798934420834e-01
9.081266363580509093e-01
-7.939158841079535511e-01
1.288667350261293087e+00
-1.977827044658521105e-01
-2.818692209240153401e-01
3.017132287801593260e-01
7.070803472051143679e-01
-5.652683155654150138e-01
3.565615675776382942e-01
2.097559383088742901e-01
2.603337011111573895e-01
-5.792357915430793591e-01
3.857040342787548814e-01
-1.882646127711781470e-01
3.118068116726882555e-02
-2.905335987741085590e-01
1.674024506506890664e-01
5.396225460882486669e-01
-3.957442047121633166e-01
-1.123947052489564058e+00
-1.129960049912499542e+00
-2.512317379232636982e-02
6.505392650017833844e-01
1.369304817198806479e-01
1.307763510117940342e+00
9.006140070774789619e-01
-4.437288942232039402e-01
-1.161160708247279461e+00
6.643339792346538708e-01
-4.353827087323542955e-01
-7.075088021668174409e-01
1.082651676514379963e-01
1.267528540623362510e+00
1.840506739410415760e-01
-4.508954751134263139e-01
-4.636307453787934518e-01
-8.841686313958964372e-02
-8.283868899445838707e-01
-7.207552122227917080e-01
5.913283590330362660e-01
-1.142418613559491369e+00
-7.381406293178424671e-02
3.712876117333768766e-01
8.392520131148714091e-01
3.426371944601216413e-01
2.824770529859648160e-01
1.129402038361774663e+00
-1.330761988866269618e+00
-9.453187056186801440e-02
2.256120739381410056e-01
-1.114312574931119126e+00
3.432928985841421921e-01
-8.935860952031789983e-01
-3.078603575545879600e-01
-3.773554022898630844e-01
1.287500792709911079e-01
-8.432349790151384417e-01
-4.685247805379020858e-01
-4.818016217667467349e-02
-5.936345956172441873e-01
-1.064984900066063833e-01
-9.818221139355208793e-01
1.561557703266756025e-01
-7.024439297522241388e-01
2.399538221315685171e-01
-7.119805484678281005e-01
-2.732365774608320752e-01
-2.055473915105764382e-01
-4.882693497738803678e-01
-8.212019122891213163e-01
-1.808648366137419194e-01
6.972578436381455802e-01
7.596914590470210671e-01
9.035934253818383999e-02
1.301864716735423144e+00
1.465791335706280174e-01
-4.473097595271063875e-01
-2.914827014358488122e-01
-4.056012962583939729e-01
2.493648876231875366e-01
-1.511061561449581758e-01
-6.036460590663276227e-01
3.818468810848864026e-01
5.417649307951758475e-01
4.845586808888520114e-01
2.196751560889473875e-01
7.148643851630481771e-01
6.691690841510131715e-01
-2.563996169617590581e-01
-7.260284699582462142e-01
-6.328469901541136089e-01
-3.259503935657891427e-01
-1.120744501507345836e+00
3.994762053759007836e-01
5.381622089154838862e-02
8.137108367816371368e-01
5.050499338699470098e-01
4.973054065797578582e-01
-1.184686506019660968e-02
-8.530934160868008931e-01
-7.843703045760026527e-01
1.320326145001853024e-01
-5.966431739448250227e-01
-8.162059851804358557e-01
-3.724122900771930089e-01
-2.312054059931154815e-01
1.047351815078657822e+00
-2.504430458852889285e-01
7.109654869133354982e-01
-1.815325579331129591e-01
-1.049060466914069956e+00
-4.131204289637748217e-01
3.844616213900857726e-01
1.087702960850184919e+00
-1.043085744838920803e+00
3.379063071558142117e-01
-6.129380255779764974e-02
5.700116881112126110e-01
-7.601089536283924808e-01
3.545532796874472092e-01
-1.085696019979919491e+00
-1.181967958595321333e+00
-5.423308517252802829e-01
1.116503276875519424e+00
3.286510639492574160e-01
-7.165512714553516904e-01
1.068791049845537966e+00
9.451263020098790157e-01
8.421842027557737698e-01
9.072666011771507444e-03
2.969402613490707554e-01
-8.712573935541926273e-01
7.060471038787068387e-01
-1.216691374864886210e+00
-9.436462916890008268e-01
-4.843495566428113186e-02
-7.896176125166924908e-01
8.275688257572003104e-02
-2.682501268430937391e-01
-1.236727372324410990e+00
1.563621040941900187e-01
6.940823546862531224e-01
-7.767173593061025283e-01
3.268549636835239025e-01
6.692724300298872331e-01
1.231186978329039672e+00
-1.274071036532328893e+00
1.008755387600819065e+00
3.893965710530389313e-01
2.580578033321852260e-02
-1.992413411775144361e-02
-3.497112874119792658e-01
3.144043320808095343e-01
3.194648600270569294e-01
-9.165344123203694737e-01
2.837253212756296605e-05
1.325063756609321075e+00
-1.761859504149185518e-01
-1.585331290254194669e-01
3.565834509236154859e-01
-8.817909390503188005e-01
4.447795171189652397e-01
-8.531444450260791124e-01
3.632174872566941159e-01
1.054292330818138002e+00
2.805745975979573870e-01
7.638965991951442991e-01
1.172104351593603044e-01
8.018551232196775569e-01
-1.650864489225215836e-01
8.209120754083598648e-01
6.450973421648629191e-01
-3.910763743709040896e-01
-1.700602648456491506e-01
4.590675299550959210e-01
-6.506505933449445722e-01
-8.387855961603968291e-01
-1.858746517408396137e-01
3.022264678940108640e-01
8.214274027038533932e-01
2.428990273548411460e-01
-1.696948429750529119e-01
-5.646817212403337782e-01
1.533891006334913432e-01
-7.418189868540985277e-01
-4.915416056379954268e-01
6.767662827363527533e-01
-8.672084259083623348e-01
9.971442458679016241e-01
-4.970774096723536983e-01
-3.523946525075843939e-02
-9.992314278803704486e-03
5.378103672690073278e-01
-7.058847719276875043e-01
8.578314455725561949e-01
-3.566548846380697413e-02
3.646778840880304795e-02
-3.043839584554318689e-01
-6.331941238534886107e-01
4.990071730297610531e-01
-5.723111087307629630e-01
7.098344615321756645e-01
6.551686408535269956e-01
-1.136037573607086987e-01
8.411317116548759909e-01
-2.931555818319991902e-01
-4.084896348370919972e-01
5.130049066724579054e-01
6.071564891399449104e-01
1.088839200300846244e+00
-4.231194178505357506e-01
-2.482412631776191314e-01
-1.102737860126950187e+00
1.174139636855584312e+00
-4.320906338802353586e-02
-4.528660210913001971e-01
-1.084515868000570649e-01
-1.451177666316061377e-01
-3.597272813287279436e-01
5.835001230776456493e-01
1.194638617367224376e-01
1.238101878026483249e-01
7.129846999359215065e-01
-4.337936873611418775e-01
4.948350541259471380e-01
9.915169401713946895e-01
-6.217112950471778143e-01
-3.268432512485153207e-03
-6.703227261446640384e-01
4.885855424694252602e-01
5.085343289941179901e-01
-7.710125838574088952e-01
9.114003315831715746e-01
-1.776625435001447650e-01
-1.330263727584183542e+00
8.338545827802756882e-01
6.368098798234452795e-01
-8.367425488155331159e-01
2.695724433236377227e-01
-3.359676379825227710e-01
4.676333306695565906e-01
6.094523986748399125e-01
-1.457229177400572451e-01
3.022077513902411972e-01
-6.930041213977033987e-01
7.517243982731923735e-01
1.293029107545612844e+00
5.701849995343993838e-02
1.046253156232829440e+00
-8.702702217275848362e-01
6.251511328905273723e-02
-5.057214126680651400e-01
-3.430961988034654242e-01
