2.331985598370591162e-01
3.014241213446720025e-01
5.742551955485839521e-01
-9.615167259940823330e-01
-8.600505830343194158e-02
1.325901518407794466e+00
7.037881952361270121e-01
1.402578057394801236e+00
2.941680013771727498e-01
5.468248564556179581e-01
8.442658993833855874e-01
6.427422419697551570e-01
-2.630295240835283099e-01
9.514546886806275472e-01
1.099921968888346813e+00
-2.105476514325213544e-01
3.416919644527999234e-01
-4.169314633691243444e-01
-4.294610741269088705e-01
7.169223217706529594e-01
9.521134152921164606e-01
5.872505543800633498e-01
-6.760786949562030967e-01
-2.517902472708516415e-01
-7.843272465245790248e-02
-8.363986210090640361e-02
-8.293471791652834435e-02
3.897329579800063448e-01
-8.062712757046465173e-01
-8.763710566437126204e-01
-1.086347287000439366e+00
-7.157425384736874063e-01
-1.021302462091992380e+00
-1.089951505993614012e+00
4.291837714256087066e-01
-3.772409342941639987e-01
-1.458106045623399072e-01
1.071740917580537023e+00
6.378014147460341343e-01
1.309452966072642610e+00
-3.452752794562338745e-01
4.695872779112596485e-01
-1.166661381897312388e+00
6.048403450066061060e-01
-2.032039630268572816e-01
-1.045259675434983437e+00
4.459982317577527722e-01
-6.889011515579787082e-01
-1.480148150333659984e-01
1.286924741984680209e-01
-3.250377179942243178e-01
-3.085745589414002898e-01
8.848710382432208033e-02
-5.523127475314282275e-01
1.769362353124575293e-01
1.122167136381121422e+00
-8.082576892771875521e-01
-7.212681856076531561e-01
1.409142670679819354e-01
-1.090730103123341177e+00
-1.693197539783221073e-01
1.203381188496378956e-01
2.583434835490905357e-02
-3.941461985578494365e-01
1.262995141233173579e-01
-1.485715311038529052e-01
4.445749783748600970e-01
4.890929070077079666e-01
-2.644342009669868321e-01
3.142829382003818894e-01
-6.611587637963451947e-01
-4.712678720826206091e-01
1.139312405584731236e+00
3.680915592432745242e-01
-4.316789873180864046e-01
-5.282736904657592270e-02
9.998977453600997878e-01
1.200404521208352504e-01
-7.738553673625192530e-01
5.820654425075744154e-01
-3.307830705834510776e-01
-7.541589363619095598e-01
-1.087062612360782721e+00
-5.717261441330776517e-01
7.046623595389573946e-01
7.948739363905695798e-01
-8.456699572913588536e-01
9.912791569793431012e-01
9.891017074679802068e-01
2.176216658866398923e-01
3.730562838103460566e-01
-5.982673881099531688e-01
-5.718660832472766131e-02
-8.903106849895282560e-01
5.963964422127630005e-01
9.749832676052029301e-01
-7.972857087436484580e-01
8.392682592013182008e-01
4.795003353498199505e-01
-8.263369624091060350e-02
-3.382349544545206754e-01
-6.486416243932311421e-01
-1.015417964685279451e+00
-3.149244469741300234e-01
1.733814846592781483e-02
5.095575449649849542e-01
2.672356422152649680e-01
-8.222677986588535770e-01
-6.333432744050402352e-01
-4.145520785278380416e-01
8.315190472207397709e-01
7.224873953506261159e-01
1.044439148398591533e-01
7.380788936389712784e-01
4.963220568267627808e-01
6.844292669106799565e-03
9.114454533141775894e-01
8.650404820840296161e-01
6.560452562865956017e-01
1.570628732107736403e-01
4.805435995993375120e-01
-5.237474573403398947e-01
6.933021318515184550e-01
-4.363813207873815103e-01
5.956928240691203857e-01
-7.571936236048248947e-01
7.799131313914467456e-02
7.272411178843819490e-01
5.792213002703746616e-01
3.852597735733699902e-01
7.120180409387406595e-01
-6.655077676885043370e-02
1.236819973791812299e-01
-1.102375271093383846e+00
-1.090738730453382488e-01
-2.580206625678914678e-01
5.377053883227119607e-02
-5.354597961836116138e-02
3.812406224746362482e-01
7.060424285530251254e-01
1.153629815184727736e+00
-4.162049847455245311e-01
8.061660771696034233e-01
2.186082109374326010e-01
4.618815705182863218e-01
6.791672138596001052e-01
-5.063515139084845407e-01
-4.701542727615293238e-02
3.880110161667087443e-01
3.375067364462969732e-01
5.671245598608566363e-01
5.953510349590920292e-01
-7.041493982869357904e-01
-2.990368188289639351e-01
2.422868112158940712e-01
-6.489502768408650368e-04
1.014936953968133826e-01
-1.844394895708112436e-01
-7.449032582214252241e-01
5.560668336215521812e-01
9.672117035969377552e-01
3.674362085108637266e-01
-5.159458221677408751e-01
-1.027536040813101570e+00
-5.847617512692520059e-01
-5.688440587696957929e-01
6.212300502116422374e-01
8.352519847224751937e-01
1.391014852128141799e-01
5.418138484761135798e-01
-6.400313810878822673e-01
1.466069963026876144e-01
-8.873290572827903233e-01
-5.457427189637170661e-02
1.559477965799059840e-01
3.239549297133255124e-01
-1.202802377367508724e+00
9.846830667915120738e-01
8.006626373536285257e-01
-6.371109175192383178e-01
8.109558225340242066e-01
7.321055420793908253e-01
-3.708439875449077716e-01
1.065780878820177691e+00
1.723178630472039508e-01
-7.925067856873813099e-02
-1.303395730183547763e-01
8.699771151943898051e-01
7.867391662492888571e-01
-5.775114409276528304e-01
9.232884373113069143e-02
9.113867415037189001e-01
-1.463847705054756310e-01
-3.406742775013424929e-01
7.057828897303399796e-01
1.507029674783227358e-01
1.041209501471441534e+00
3.286830609303412198e-01
-4.658688770679944025e-01
-6.273609650842854046e-01
-8.060390632118772380e-01
-5.305526184569557824e-01
-2.496880282278797214e-01
-4.850170163537644852e-01
-8.768288219300256481e-01
4.225687317538457388e-01
3.064407341580834832e-01
2.913730114786718395e-01
5.321920842339613600e-01
7.234485777485981650e-01
-6.183521036181668373e-01
8.471916667834604731e-01
-8.038609102010759733e-01
8.078833253040978990e-01
4.833033402248777533e-01
-5.655732203433903038e-01
4.736214578233555739e-01
5.439102737258605380e-01
7.206107082736827874e-01
-4.759387549279542329e-01
-2.413416315975890902e-01
-2.852150859078008138e-01
4.673172642870961901e-01
7.183643145047675649e-01
-9.723815932171597787e-02
6.416029359944002142e-01
-8.357755107579218912e-01
-1.023528995973923550e+00
-2.298603368465418906e-01
3.607824423264181513e-01
3.251671924940530700e-01
1.060128290669245299e+00
8.282381928572855045e-01
8.761423784371187296e-01
5.159133978575888291e-01
-1.162828459317876817e+00
2.159093254665988004e-01
-3.333745111519393900e-01
1.255265202737074204e-02
4.761900455578428892e-01
6.536181664168732031e-01
4.020264949028887758e-01
-5.721122937516097684e-01
6.135460333303804914e-01
8.958454565560619587e-01
-1.019670459181066940e-01
-1.041240792018925498e+00
-7.298503072122449753e-01
1.294244211338806627e+00
-1.047819321067390064e+00
-3.173329958427720809e-01
-3.081085016139664123e-01
2.067497307889213376e-01
2.370294480268305137e-01
9.312050491766645788e-01
4.037426559559836314e-01
4.130185680518486668e-01
-8.627176968909372468e-01
-2.608093351251589698e-01
1.030366991904402507e+00
-2.763396361356201814e-01
-9.233362959056925501e-01
7.802129189695378164e-01
9.016020784555000001e-01
2.217740202390686144e-01
