-7.355136524374963347e-01
-6.554426970190664337e-01
-3.254852009963739579e-01
6.571240652185693643e-01
6.301446987110365106e-02
-4.095557188586580466e-01
1.032036903014642126e+00
2.142222095826771811e-01
1.561684160179264425e-01
2.485778739902224921e-01
-5.543612605256129644e-01
-8.867880741548092027e-01
5.419226648241981525e-01
2.937340296495254965e-01
7.508371558321609296e-01
-9.290423462936491239e-01
3.100164094353276001e-01
-1.005868124323842316e+00
1.956118674161873017e-01
-4.233287582869998955e-01
-5.169820305643841873e-01
-9.297413991770187014e-01
9.354266181119621493e-01
-8.817967508830820700e-01
5.143405141693798699e-01
4.590910464519336598e-01
-4.098686974846572628e-01
-1.224753003597853995e+00
1.246965712847816654e+00
-5.323304389414011961e-01
-4.575692134503085984e-01
-2.270200403134692013e-01
1.126942381827026551e+00
-3.918174210557512360e-01
3.528035286188072606e-01
-1.275437746125864524e-01
-1.276764203370701178e+00
1.328506240956146556e+00
-1.995654682062100171e-01
-4.899080308151830820e-01
4.010081190086367542e-01
9.213057927428867921e-02
8.383230391695069006e-01
-7.014116855692262842e-01
8.901722759603947210e-01
1.016460030342963838e+00
6.511821795674714863e-01
4.200509505172019820e-01
4.891470738145018426e-01
-2.312043268398895901e-01
-1.531629812381989364e+00
-9.967982890862409073e-01
6.505220893947447625e-01
-2.065782673514881262e-01
6.131946200761825283e-01
-7.425986742412760133e-01
-3.188018532114595960e-01
8.333687527449475940e-01
-5.369593752635596351e-01
-9.639396456274434977e-01
-7.527743720140804840e-01
9.672082053780185484e-01
1.136527124405624978e+00
4.906982441388147431e-01
-9.149072177437665987e-01
-1.010628428939340129e+00
7.545562765603821553e-01
8.755447627153474244e-01
1.576243009697483599e-01
4.479731991444600436e-01
1.268881181504389055e-01
5.071252519311209017e-01
-3.205727317846414626e-01
3.320790751103099847e-01
-2.086675436154413088e+00
1.894509409549274270e+00
3.005483952981446993e-01
-8.645488141760311607e-02
-8.495595715449136831e-01
9.079408535357547105e-01
2.039802370882174698e-01
-1.077648995500089857e+00
7.307295148107468830e-01
-5.498328663970135644e-01
1.058443807344953358e+00
1.004969495339146590e+00
-2.598207577651947542e-01
5.156605995273924048e-01
-8.746549948117645634e-01
-1.030644378603315925e+00
3.811716155831612607e-01
-9.801072655704388126e-01
1.351695482866464904e+00
-1.201667184390265763e+00
-3.352261018314603436e-01
-1.512547329901691162e+00
-8.243875655158906524e-01
5.649912513953692095e-03
7.100029521091490159e-03
3.562030637338355898e-01
9.185770994783143406e-01
-4.329491743427448247e-01
-5.796195058613737849e-01
6.357162531689400931e-01
-8.157523612778717625e-01
-1.135625022107029647e-01
6.983532503689274806e-01
-6.500044862017272385e-01
6.098591266297672675e-01
-7.522509472640263040e-01
-9.378842973660010962e-01
-3.416415926077954746e-01
-8.395433160364464964e-01
-3.355298023724356260e-01
-6.411727369180626468e-01
-3.249142165733907017e-01
8.297522502825416257e-02
1.858228059891125494e-01
-7.579918585763900651e-01
4.914899826504616764e-01
-1.041037084738462015e+00
-8.995793528794959748e-01
-2.760516254719625473e-01
8.044482207398290230e-01
1.058572724972018486e+00
1.308953897773964981e+00
-1.409901213846072254e+00
-1.124536775790465071e-01
-6.428093344311764934e-01
6.554261671745313933e-01
1.429944900284205456e-01
-9.590826934039352603e-01
7.839432006305183664e-01
-4.503499717106140832e-01
-5.779566733734526895e-01
1.113741324255274279e+00
1.116262311885280356e+00
7.021095251719469132e-01
-9.468224424466983313e-01
-3.480681880724396104e-01
-6.610596842381487592e-01
9.326777283636225602e-02
5.960048645448337012e-01
2.646801352829465381e-01
-5.460392908821933844e-01
1.590596189650670400e+00
-1.172385730727253828e+00
-5.521613039388093558e-01
-2.672235706976762160e-01
5.453735666987953312e-01
7.370095897110482408e-01
-1.591927498556536258e-01
9.686868110772561824e-01
1.352167870186183896e-01
1.498962672935073015e-01
8.322574239010414043e-01
6.254874089628746914e-01
-7.011865510305207438e-01
-5.185318360864958620e-02
-9.749194576528720235e-01
-1.165877201736329472e+00
7.293453869383372812e-01
1.381134046684054928e-01
1.153773719252392804e-01
4.369145035078886852e-01
-1.904199013296627330e+00
1.500975704995805016e-01
-6.732529241791334051e-01
-2.121145561466311058e-01
9.079755492562870955e-01
-8.768331827703492731e-01
-6.729281129767152869e-01
-8.530353833886636372e-02
2.002903331530880571e-01
6.796115749451821231e-02
8.796825655892009932e-02
-7.963861301268100323e-01
8.130205887208269422e-01
5.524396573776121228e-02
6.264621934977622209e-01
-9.714870776248754058e-01
-1.481056325090303938e+00
-1.422339477675016672e+00
-8.359715794775897102e-01
1.752230168558783219e-01
-2.607034852054725127e-02
-8.694798527300046098e-01
1.490753307815909201e+00
-1.203028863169191220e+00
-8.013863660535133215e-01
-9.864149837630085127e-01
5.308974918303679402e-01
7.692686548474997332e-01
-1.351816219638856342e+00
6.425811181614053957e-01
-7.575445848633094448e-03
1.462275622317756874e-01
1.126860435503191704e+00
-8.633665510791765918e-01
-3.290136996148055326e-01
1.013662582046219063e+00
-1.261700013063878911e+00
6.179864025433519092e-01
-1.290334994319840833e-01
-1.114139597955275729e+00
4.191679545578491095e-01
3.317813148820113467e-01
5.550898304157841912e-01
1.206238229068602452e+00
-4.167090099988339791e-01
-7.239411904259088204e-02
-1.242554642136968618e-01
7.657592506842365587e-01
6.736904375312087190e-01
-1.336623907703202496e+00
-1.461700479085911164e-01
6.313242425378405853e-01
3.711601371206794120e-01
1.435668874896121605e-01
4.805262276736912419e-01
8.169239345723716683e-01
-1.349280161268663625e-01
-2.059211458842112596e-01
-8.660359607124398229e-01
-3.981454145659547583e-01
-1.637763258956856927e-01
1.391891275303638098e+00
-7.654963684177660266e-01
1.802295232371815270e-01
7.673329177646437405e-01
-8.752659148846595460e-01
7.504382413000443286e-03
1.444409882044778992e-01
7.870816438031396078e-01
7.315274301575069860e-01
1.152230000157584977e-01
-5.174775538308460376e-01
4.037323008475374175e-01
-1.826445428918714864e-01
-1.117860776114484089e+00
-1.737079547470379293e-01
2.115717514813850175e-01
-3.238389328367938247e-02
5.330984406259855479e-01
5.370787321712267026e-01
4.116995850725713724e-01
-2.756262649412496435e-01
-1.000009334687165685e+00
8.239026074034958569e-01
9.084717520540995794e-01
-3.663026362526706214e-01
-1.189710064328818762e+00
9.933236416807758595e-02
-6.529078725236473479e-01
1.115395834770428474e+00
2.390889064935225183e-01
1.699657342501083579e-01
-3.149460953542409514e-01
4.010571718618367032e-01
5.884004956821703436e-02
7.232378820387046492e-01
-2.854012329485871025e-01
-1.037263615465683131e+00
-9.710374866556645834e-01
7.836122353267420682e-01
