-3.741481165218839555e-01
-1.625994551431365065e-01
-1.843839088286682304e-01
-1.411107164006463854e+00
-2.894847032919124763e-02
2.654519068698916184e-01
1.998590630484765041e-01
5.564944504216806642e-01
-5.667408044287772784e-01
3.144271926586524324e-01
-8.279289285402577359e-02
-1.893735439629828932e-02
1.118933644466080235e+00
7.202064517493788065e-01
1.651578620712301770e-01
9.592306797941740903e-01
-9.156142963617180941e-01
5.284644125077656573e-01
-1.654072723408923917e-01
-1.180888200811538447e+00
-1.595243730560408912e-01
-9.448436142838081420e-01
-5.636119780008329583e-01
-1.520218218943109045e-02
6.656125652846750507e-01
-3.440581221903035725e-02
-1.036520517055864676e+00
5.997695594451085688e-02
5.674424867376334225e-01
-9.935820068956433548e-01
-4.919720964820491482e-01
-5.574905899792484965e-01
-1.388622457963799850e-01
-9.164601785883397245e-01
-3.022423341702941135e-01
-7.719635796685926366e-01
-3.567155657331368412e-01
2.778533979643684759e-01
-3.374579140937052912e-01
9.950087620737514682e-02
5.051877814332657035e-01
3.785553047400227467e-01
-5.381613950153099069e-01
-1.187243478580767286e+00
-4.841200970441466023e-01
3.557306410295326682e-01
-7.734584652962826767e-02
5.810015140077311457e-01
5.520977332097745105e-01
-8.832320878274217968e-01
6.483563351260888119e-01
-5.525483121121540497e-01
-3.462800299250656244e-01
8.342847089882201583e-01
-6.865999500163387781e-01
5.723343127837896560e-01
-1.131901317103631399e+00
-4.990782879608087752e-01
-3.554047703706488814e-01
-9.576156857948239232e-01
6.078380702516344991e-01
9.598488679652188438e-01
-6.734304788486829008e-01
1.317135851376818989e+00
-2.694829555501960794e-01
4.668597712904006825e-01
-5.378159179822459279e-01
1.312497643926521018e+00
-1.244001676575634541e-02
1.014788629831144151e+00
-5.096591404612104137e-01
-6.238693180610734024e-02
1.818118610917000277e-01
-1.420224921105852078e-01
-1.303613633083417211e-01
1.184597921246676400e+00
5.476354832817779128e-01
-7.319172648013050342e-01
2.063851862631302381e-01
-6.546636915761063769e-01
2.246821732008723593e-01
-2.694552243260980307e-01
8.893451860509243856e-02
-3.520803772905875539e-01
-7.217514109925274868e-01
2.571503467376975438e-01
9.322743286112300520e-01
-7.309977039533310794e-01
3.340433955327494209e-01
4.550959992915881713e-01
6.561581991516464152e-01
1.447941239373149447e+00
-7.682534608298621226e-01
-1.726298886638515384e-01
6.921745988971198527e-01
4.950140825298225966e-01
-9.734927841756463307e-01
2.563420852168462050e-01
-3.205238811328850468e-01
4.496317295279138038e-01
1.204667778132261002e+00
-1.324790847375607594e+00
1.123221886271559722e+00
1.755850142774268985e-01
1.341163447073813630e+00
5.703421067734376626e-01
1.201925801756098533e+00
1.660089710087660375e+00
4.088382851054109812e-01
-8.197474296528206583e-01
-3.131921735657789418e-01
-1.248944573076087083e+00
4.492364699671959061e-01
7.730062448853144419e-01
2.000975125536529897e-01
-3.292930233656344852e-01
-1.426763581793914382e+00
8.124523868274581284e-01
-5.185463919143328271e-01
3.643669382462634276e-01
1.066010311072017602e+00
5.280171015203275475e-01
-4.509392624928396653e-01
-9.399550895678674411e-01
4.603384089273339086e-01
-3.982771516100834797e-01
-1.699179275821371682e-01
3.183482608663281699e-01
5.887621109958157684e-01
7.767013726914347993e-01
6.009928106190699504e-01
1.530387644012493054e-01
3.233969520329610381e-01
-1.243179228435536965e-01
2.872620885887851028e-01
6.062153692806953043e-01
8.022496262052221105e-01
-1.271710108531061367e+00
2.270468557484079386e-01
-1.480614519903606041e+00
-9.124622328136572369e-01
6.103194463500356548e-01
-1.500553615547578767e-01
-1.318183294336669475e-01
6.346035515043926822e-02
9.746791618789660827e-01
2.193014277550015823e-01
-3.216126664904177257e-02
4.602325751371690865e-01
7.150574888963020515e-01
1.400366565903414795e-01
-3.880259267455918315e-01
-5.402703732726141794e-01
8.842235879967206280e-01
-3.999784230158678344e-01
1.215694202117667405e-01
8.821950998924893428e-01
-7.244623792660914718e-02
-3.648726390360751415e-01
1.963790650748815647e-01
-4.172891909196490556e-01
-3.772381735579580231e-01
4.566544850765341668e-02
5.049023956299368843e-01
1.026906253078988529e-01
-5.543926350177380558e-01
8.141593487507842175e-01
4.980275710805705525e-01
3.313894438958734368e-01
1.784350878435790044e-01
1.086831064179662187e-01
-8.219894525745909952e-01
6.309665294551454195e-01
-9.544650906150875525e-01
1.337981827787605882e+00
-5.550327944030115646e-01
2.631747277678020414e-01
7.624027004347990744e-01
-1.314053652345215095e-03
2.445791721068751867e-02
-2.651180519271081892e-01
-2.475071563459793622e-01
4.261257768617404129e-01
1.016115147059300838e+00
1.681009557154965195e-01
-3.552337915388202316e-01
2.136607104503333299e-01
5.711159577494628881e-01
-1.082444288176167779e+00
-4.693493916944354027e-01
-5.031884469573060237e-01
3.717883109913978634e-01
-9.785172555808102635e-01
7.820052363723278832e-01
-2.988210875071761752e-01
-4.311777299121089535e-01
-1.051593680077865578e+00
-4.182258573868312679e-01
-8.169322036468804060e-02
-4.818646505431650739e-02
-7.788375982703699130e-02
-7.526646438506598980e-01
1.391587367621371696e+00
1.240864869575518392e-01
2.897396383570788325e-01
-5.350318191178453642e-01
-5.329225839874447423e-01
1.914168318355036202e-02
4.437997305648154756e-01
8.449999094031386271e-01
-4.531816542839092743e-01
-9.059577880885441026e-01
2.893917669247952351e-01
-8.321548522235628909e-01
5.772189742585438488e-01
-4.325348375709514026e-01
-4.775009585524983002e-01
8.950579435416152752e-01
-7.507162915466671915e-01
-7.676616981114173788e-01
-1.388714122092746361e+00
-1.405387142940715428e+00
-1.199701383831837553e+00
7.873858295271570773e-01
8.279346512709745420e-02
-9.374887075506624368e-02
2.819494190423235680e-02
-4.961998060498942764e-01
-2.839343970877011847e-01
-5.166273726095566010e-01
2.145605824243614623e-01
-7.927425877787734887e-01
5.210183992401883346e-01
3.693230293807139297e-01
2.383418119756495757e-01
5.000496114190349228e-01
-7.686604008965050028e-01
4.133384972108608002e-01
2.632467437797642584e-01
7.002131243071875177e-01
-5.100897964338019230e-01
5.523210386610100109e-01
-1.459487926705211880e-01
1.113437148392631082e+00
-1.170863398768222208e+00
1.035549385590111449e+00
-2.021460118322498667e-01
-1.930650396126432633e-01
1.592479559069378992e+00
1.136075386510634333e+00
-8.562186289931836836e-01
-1.238493330399617065e+00
-1.071482713077437587e+00
1.080115656704672356e+00
3.338822831419185899e-01
-1.381554127225693429e-01
3.293703028187738857e-02
3.970815297992831283e-01
7.802901787033199588e-01
-7.862657729322622968e-01
7.970800490095654167e-01
4.002055278478012235e-01
1.908439736459642821e-01
3.423757571683428980e-01
-1.336578375371616723e+00
