-7.062364059463697996e-02
5.627891978693395220e-02
-1.703466098624978053e-01
-1.131420166885811041e+00
-7.712169251623485211e-01
-9.672660700762536479e-02
2.278819139753271439e-01
5.162127789389810983e-01
-6.224033697229589546e-01
5.420468473049516733e-01
-1.872405506248169260e-01
-2.589118617728591309e-01
8.215349055177849635e-01
8.810208109889626771e-01
3.449509927307008450e-01
5.847784268834756993e-01
-6.915785593800098940e-01
1.053159668003389671e+00
-3.489445954875427525e-01
-6.390931804826079921e-01
-2.384114090765065974e-01
-8.218028743815306569e-01
-2.825007943706128177e-01
-1.587850908477731748e-01
8.069486160630177096e-01
1.216836928250486505e-02
-8.363411105994781325e-01
5.540736177766194398e-02
2.933734281341004446e-01
-1.116619029060930135e+00
-3.217722791252230485e-01
-3.514230483497362556e-01
-3.347015945366978995e-01
-6.975077228642753147e-01
-1.711223137081571144e-01
-1.006558630009376287e+00
-2.014155058915497176e-01
4.426652329170878142e-01
-6.553041604894830341e-01
3.971250578169360432e-03
1.620025942262720287e-01
3.154200804903977695e-01
-6.887250009548046004e-01
-8.549633323201167867e-01
-1.794375239426841961e-01
6.747155546380898539e-01
-2.206838205152958643e-01
5.349105305843222524e-01
3.713996967933275162e-01
-5.106607405904515229e-01
2.367851315824350544e-01
-5.476064942688276815e-01
-5.333334395658053673e-01
8.017209016161281898e-01
-7.663705273860942357e-01
7.818804573172561945e-01
-1.117701192717116765e+00
-4.268516452337977607e-01
-4.182168916983538542e-01
-4.932599058242732593e-01
2.518435234445700055e-01
8.473705587864130973e-01
-7.119192149649709034e-01
9.386105715451837916e-01
-7.351508073365722318e-01
9.749170421700411593e-01
-4.052664027570526684e-01
1.199908428747031408e+00
-6.777964600434993603e-01
9.112984109242110442e-01
8.670115185354673737e-02
3.465410262815122461e-02
5.483206735802964582e-01
-5.925389922764776607e-01
-3.083087206297593919e-01
9.429545153837248783e-01
2.111274091925396390e-01
-2.138579207501876134e-01
5.641194229529924442e-01
-6.957476350460555237e-01
5.588081703947718193e-01
-3.657896356297677398e-01
1.839449869737936061e-01
-2.049299316420367945e-01
-6.333492441331741718e-01
3.664092759131608035e-01
4.277003651617313773e-01
-3.800359863787333148e-01
2.252553360584893388e-02
6.180559815355481934e-01
2.893487810449044684e-01
9.330051066191544784e-01
-5.215547454380812242e-01
1.231074867471432799e-01
2.236571377651634662e-01
5.989109273422938973e-01
-6.081209484069468596e-01
5.122707049008685676e-01
-2.953203846481768924e-01
8.939426480059573521e-01
9.465279074898703682e-01
-1.174971004876159242e+00
1.193024137013860564e+00
-3.344254808491792241e-01
1.021844760279555731e+00
4.418707679785216502e-01
5.952410180392528893e-01
1.131204026107603511e+00
5.346241300284912956e-01
-4.633297571105571278e-01
-3.124226482535927829e-01
-8.656614990624629247e-01
8.207474393571523308e-02
4.713983139402793676e-01
-2.747500696824334288e-01
-2.487776119468688707e-01
-1.182337950698471030e+00
6.334965904557533500e-01
-7.948841495992798878e-01
6.364781249021669307e-01
7.525246212844416416e-01
6.780737238345244111e-02
-6.457174513001767702e-02
-4.229036500049411784e-01
2.607217167125520652e-01
-3.291993463789084085e-01
-4.465902229430501746e-01
6.576708298594735602e-01
1.559187831986438011e-01
6.362167347603855383e-01
5.740212764239802645e-01
5.222553711627322404e-01
3.090992513023654853e-02
-3.113050204355128914e-01
-5.279694268131657209e-03
6.057926717045204468e-01
3.121976730935467903e-01
-1.288542453360316697e+00
3.876803027382231814e-01
-7.140653384115838165e-01
-5.783960239181570318e-01
1.023683127985231950e-01
1.826485522483163870e-01
-1.809354176701118422e-01
1.640106323042621050e-01
6.689577750264957823e-01
5.054433008636388669e-01
-4.275768725183896057e-01
5.224353519168813964e-01
5.864999311233652923e-01
1.479847657295872976e-01
-4.789168914053585357e-01
-7.226039793517095022e-01
8.995865712206934095e-01
-3.302131275263019416e-01
1.865923540448656825e-01
3.520729975473174678e-01
8.464987964153267153e-02
-1.590782490162758744e-01
5.667481646294440789e-02
7.991032836432739039e-02
-7.842136049451154944e-01
5.563363864095735023e-01
4.132471638705245698e-01
7.679571241683492699e-01
-4.106362516776170812e-01
9.293036936158619588e-01
5.614755600735163998e-01
5.654250012217804100e-01
1.368568385842439117e-02
-2.314078639487140154e-01
-6.437182855577409102e-01
8.587688693146100505e-01
-5.698379245584060948e-01
1.246533823706478472e+00
-2.253033559115434625e-01
4.649007361333017396e-01
9.365004972403033756e-01
2.368745835758734042e-01
2.095831400299449365e-01
-7.301475767062061140e-01
5.499886271825364659e-02
3.674439520195137421e-01
7.258585888044026824e-01
5.260303171312296078e-01
-9.655079321566159556e-02
5.482165134331250522e-01
5.170650447178775089e-01
-9.937544929934407634e-01
-4.313827927686096908e-01
-6.717560097111232587e-01
4.012557081740027454e-01
-1.020025269188543859e+00
2.558050515818035553e-01
-3.462872473807525053e-01
-4.535685075970582458e-01
-8.564910156015933529e-01
-3.756952881075541484e-01
8.409031832464630707e-02
-2.478349836520468696e-02
2.092558966218555083e-02
-7.149118876225268870e-01
9.094689367425973225e-01
7.369574478076557078e-02
1.042249235591632683e-01
-4.393388940422192079e-01
-5.391009905915334910e-01
1.275478006800871977e-01
-1.251357994091321646e-01
8.442873969384423471e-01
-6.393013708250674942e-02
-8.390440905604261701e-01
4.485250698532501912e-01
-4.940813643663212740e-01
6.512117185527063201e-01
-2.631491425349450353e-01
-8.312194037183676665e-01
1.556653217216633911e-01
-1.631985647726111877e-01
-7.353671274560011906e-01
-9.012086582670622015e-01
-1.064064394814296932e+00
-6.863623780194523238e-01
4.789221761647093345e-01
2.725379735546426541e-01
-1.108400067342498463e-01
-2.997496553296861155e-01
-3.174300827852956641e-01
-2.577953917090386460e-01
-6.623638372541332808e-01
1.716316470765844593e-01
-2.696804700934604671e-01
3.547501830599116279e-01
5.229385181133165972e-01
3.332457625210367702e-01
7.361954837356898818e-01
-2.981337852530639987e-01
-1.042898576557280688e-01
6.995334888511342553e-02
5.133067158347780490e-01
-2.245399605849736080e-01
7.113220318077124737e-01
2.980257473749413633e-01
5.048277208995652909e-01
-8.780779755969443379e-01
6.340326547349294239e-01
-4.618739557919439576e-01
-3.583839580147161197e-01
1.085799021388935470e+00
6.922257635569317724e-01
-6.754541190256693195e-01
-7.789735807374159604e-01
-1.098747685937218277e+00
8.118679904556754812e-01
5.777370121174298934e-01
-1.134154943215078537e-01
-6.726766222417078778e-01
1.061049427000280432e-01
1.965120442327832895e-01
-5.488676812810522332e-01
4.749145699907739715e-01
-2.226314082636680625e-01
6.417543625873340929e-01
5.133872993383494787e-01
-7.489561896113456907e-01
