1.864343285094064440e-01
-2.789040231535069303e-01
-6.472347929620905216e-01
-4.840825949777199932e-01
-2.415138651200144926e-01
-1.675377426994325014e-01
-2.113841246540205943e-01
6.076536893552405560e-01
-1.805874206459165965e+00
6.282383768841599547e-01
-8.276653180084809769e-01
-8.490936813970015318e-02
5.008524713384038263e-01
4.795359120809619680e-01
1.201079134611356736e+00
4.774337948333468029e-02
-8.753326994733122424e-02
5.814909687131433191e-01
-1.746766915587634195e+00
-8.532624701115139043e-01
-8.735837191748471731e-02
-1.301580207242787557e+00
-5.756968220174302209e-01
-4.726398006772401100e-02
1.306605898423291556e+00
6.239640089565663406e-01
-7.505556447264097875e-01
1.278686419103562399e-01
9.775687984476097436e-02
-7.776271616000242082e-01
2.446632530932276728e-01
-1.030577071116361709e-01
2.211350493430406794e-01
-5.713125881209141221e-01
6.979481492237138429e-01
-6.962535828407188099e-01
5.669999576487630422e-02
3.136381316460087332e-01
-4.973671286976946715e-01
-2.943659054693261723e-01
-3.711463005723709130e-01
6.875708518390317991e-03
-2.866454244226848136e-01
-6.980708479660434618e-01
-1.556263909783037191e-01
1.440240334748144502e+00
-1.897179484406735783e-03
-2.520843166045770301e-01
1.369082525155627950e-01
-1.552078774146490758e+00
4.135360571349472325e-01
-8.807444634709777898e-01
-6.023568164492573151e-01
2.910275555470336895e-01
-1.146121546653308787e+00
7.307260184421313642e-01
-1.423251227464544133e+00
-3.190216536529644209e-01
-1.025899408427309201e+00
-2.823215812310116979e-01
2.104851752138335030e-01
1.161886290876088745e+00
-1.006518290947952865e+00
1.253459796531193771e+00
-5.728303424388611065e-01
1.046441594294555966e+00
-4.966710680649761844e-01
1.428966967494833984e+00
-8.540310967179326473e-01
1.156657737105977635e+00
5.724391011379947880e-01
1.301256690306622055e+00
5.907767569106121552e-01
-5.696800042844538670e-01
-1.492140338667551636e-01
1.733194793500437259e+00
-2.325595434883184209e-01
-5.669943296038898461e-01
1.587501352247482067e-01
-1.059551560765254141e+00
9.396288348061827556e-01
-6.538307682243156282e-01
4.580853084170314338e-01
-3.934306254096298638e-01
-7.707496436944035745e-01
4.787749095378982522e-01
6.008891116698213963e-01
-6.689340190723866986e-01
5.921397740223397488e-01
2.145167805290793539e-01
7.743495489923432062e-01
1.642808111418204930e+00
-1.409332984238378161e+00
1.232933107145078727e-01
-1.245704052804228745e-01
1.198458235483557788e+00
-2.135260565625285156e-01
9.372080027860499873e-01
-5.090594112277531114e-01
7.088708897382246521e-01
7.619872040487002396e-01
-1.855488462651393444e+00
6.990803943632766249e-01
-3.226316511569471412e-02
1.578910210722497265e+00
5.044247630294845797e-01
1.256043757410740591e+00
6.964393941833296742e-01
4.274654411750566929e-02
3.543502835103679027e-02
-1.664275409292813035e-01
-2.736683232657047826e-01
5.827825577405321145e-01
1.795525871169474375e-01
7.122789267856738382e-02
-3.463999616911546120e-01
-1.117581423739925306e+00
9.109863188662753464e-02
5.172380438046020323e-04
-4.452332408915457007e-01
-2.413653650731326095e-02
1.877848133694083599e-02
1.526790711771974784e-03
-1.521869171065670934e-01
-3.171862322971351345e-02
-6.237022951829290784e-02
-1.145897015782614936e+00
3.021929192725529845e-01
-1.056037649979550685e-01
2.609105684742281106e-01
8.066062499595437751e-01
9.833558958722310450e-01
-2.809914778961922210e-01
-6.915558205030716277e-01
2.116412299855969792e-01
3.116297453145388530e-01
-4.304356192145991633e-02
-1.021959637568178536e+00
1.068275225972962872e+00
-1.849726640783184994e-01
-4.448376928163661481e-01
5.703730804343465355e-01
1.048995468087599470e+00
-4.088545115440930244e-01
5.498051853312885262e-01
-8.297084396813786400e-02
4.878822150612991959e-01
-7.706854577654003169e-01
-6.858208379151731204e-02
1.074768935124372549e+00
5.162954723041436322e-01
-1.128167371716934930e+00
-6.425464137631511363e-01
1.224795059679330667e+00
-4.808481721721741819e-01
-4.047270961197141359e-02
-1.579273605036141670e-01
7.995964415359124722e-01
5.814934666242421724e-01
-3.406223715470123037e-01
-1.397644631787852698e-01
-1.011398966182321280e+00
-5.373240360579308733e-02
3.780620038457924159e-01
3.092315164281435602e-01
4.241705602088626792e-01
1.135481917332678226e+00
2.101490757127052467e-01
4.707457386283943612e-01
-5.659715381177694571e-01
4.373177551531486906e-01
2.403377592740152946e-01
9.942371529936568919e-01
-1.204931074314938622e+00
8.707611667634087560e-01
-1.807480458562432668e-01
9.451022448956609978e-02
4.847957265346760081e-01
3.401024595977037990e-01
1.625042146209470240e-01
2.549529365077445875e-01
-6.084847051087574621e-02
8.458808608792266481e-01
6.001146310363081326e-01
1.225582508123354453e+00
-1.588073939861447681e-01
4.948543335140767052e-01
8.326362468730789113e-01
-6.334874263081843315e-01
-7.230469248634689983e-01
-4.997007837915877770e-01
2.938625166491894425e-01
-7.174397006755802719e-01
-2.251895041664654373e-01
-1.118614618771947677e+00
-1.080704727010407762e+00
-5.934066705753875404e-01
-3.003987958489460208e-01
2.375778145832286303e-01
-4.063782388301950821e-02
1.194954157832144731e-01
-9.652668494476496219e-01
2.032801599176430773e+00
2.804722082526122096e-01
-4.920700991748930275e-02
-2.946403127264443089e-01
-9.691381922668607096e-01
-5.499138798036500297e-01
1.181423049145035487e+00
7.511759644667009850e-01
-2.414910926467449537e-01
-4.725643261065889944e-02
1.116978267365051236e+00
-7.470441753591418044e-01
7.466386200931233175e-01
-1.202050030613573739e+00
-5.365091638320652612e-01
7.684789894948231004e-02
-3.167250946946483792e-01
-1.108181121762684240e+00
-1.395625691888715991e+00
-3.847272493191488674e-01
-1.302593093002311075e+00
-3.906676157532973370e-01
6.300754340752818816e-01
9.393530721256569960e-01
2.322117271485619472e-01
1.014719222877503713e-01
-7.759127230100865136e-01
-5.887785888836561954e-01
4.252078673221624250e-01
6.430367832710522924e-01
4.327427947563243782e-01
-4.251074970899471617e-01
9.205817564776607176e-01
2.765151721755432224e-01
-4.754917319888415372e-01
4.413777414581078473e-02
4.354452169912873538e-01
7.473698225454817878e-01
-4.638770173166207877e-01
9.097615264162471904e-01
7.860164138262101252e-01
2.642208283901727461e-01
-1.354278753665077994e+00
2.731943287362048056e-01
-1.173875728501468096e-01
-3.752274780238002982e-01
1.095522792834730197e+00
1.498527887293838567e+00
-3.573765401025841837e-01
-6.895376900295542288e-01
-1.241371748598200764e+00
1.235351637340479147e+00
-1.047984495803460092e-01
2.540968594310417661e-01
6.460166493157022405e-01
2.324380449723726372e-01
-3.544723069900233003e-01
-1.095012947521543101e-01
3.924893808982424792e-01
-6.755358323976973223e-01
9.228104426793393156e-01
6.001508312212917584e-01
-8.194472596652766505e-01
