2.503599150378041371e-02
1.760954332520543453e-01
4.823765311167578784e-01
-1.598840895313730748e+00
-6.444458434618226539e-01
1.083741046143373854e+00
1.963165239029171782e-01
8.758903673471947204e-01
2.964791056969590111e-01
6.796843840526819447e-01
1.125339823795864280e+00
1.762623526528983020e-01
-4.135968139462222193e-01
1.980083703391476435e+00
1.010211414071208624e+00
-4.764092548812152994e-02
6.965157920445854689e-01
-5.008429659433069059e-01
-7.656034263765808534e-01
4.818741567872572573e-01
1.332625050529904431e+00
8.233301971977438072e-01
-1.019245649359427963e+00
6.558401352649129157e-01
-9.273966848528786278e-02
-7.936788876868228204e-01
5.799870706053115998e-02
5.505003019759000527e-01
-6.915413162925071466e-01
-7.143199635866521735e-01
-1.211544261161137559e+00
-6.129877083117907244e-01
-1.760877052965614142e+00
-1.120094367642739730e+00
1.095869774378517292e+00
-4.085123212337337106e-01
-6.569019787367280649e-01
8.192762213089204160e-01
9.390114180730644300e-01
1.092939221303947495e+00
-5.927713926324336136e-01
7.301499901285424254e-01
-9.936738574107617517e-01
9.134470652362852716e-01
1.810809978956205712e-01
-7.646980328483172773e-01
4.527257190772601136e-01
-4.940338687568839315e-01
1.724261953286043703e-01
1.235191293070721785e-01
-2.352749470881990435e-01
-5.396571273107735323e-01
-2.264170925676139146e-01
-9.181234043064170347e-01
2.209368101123275752e-01
1.460048369423616599e+00
-4.719213838377152026e-01
-2.954768714069012092e-01
2.298136921765815965e-01
-1.722945985676709757e+00
2.197222370784721046e-01
-3.451373972929972500e-01
2.568014790089809818e-01
-1.681495917097091120e-01
4.469640332767874646e-01
3.138073292878522380e-02
8.765012373535928658e-01
2.119852144907577451e-01
-5.300766223782676922e-01
2.221185588755426321e-01
-5.855284628574082273e-01
-7.161770231666712005e-01
8.753914759079159946e-01
-1.427869187051583333e-01
-6.313476638668802376e-01
-8.392530635486068757e-03
6.759580804072566895e-01
2.470770940291844298e-01
-1.397461361866080498e+00
8.101719492217782648e-01
-5.876464765628595099e-01
-5.006221426650776518e-01
-7.901755844682560870e-01
-9.784553228793069213e-02
-4.093296579155020209e-02
6.819652327927427926e-01
-6.367847042092995569e-01
1.145802013278315767e+00
9.815082172296901719e-01
-2.228420112290481481e-01
9.379814604800063016e-01
-7.340434735943683897e-01
2.365443494488819187e-01
-1.417187918706600991e+00
1.064252527202926180e+00
9.772034400114051333e-01
-2.532781174263101232e-01
1.014920488493145090e+00
2.641275359397394773e-01
2.433116979987980377e-01
-2.349823376561526178e-01
-4.611327495216953065e-01
-1.214799663682348374e+00
-1.896751519866207714e-02
4.387642373078745051e-01
-9.030135898699038766e-01
-8.765174640256800931e-02
-5.528034296378794288e-01
-5.011635093521819018e-01
-8.474104761886686044e-01
1.196144845486821096e+00
8.886040042748966084e-01
5.150885692731660415e-01
4.431427203701195916e-01
6.870028232589991957e-01
1.933194879770334662e-01
1.356581745344455303e+00
9.167963557644237538e-01
1.069440265454879135e+00
3.751462228690563561e-01
4.653543681360287620e-01
-7.760410454253743318e-01
9.537253014221627190e-01
-1.842411534509388882e-01
3.866359933279097660e-01
-9.484069205868050911e-01
9.734552476495778039e-02
5.652896228296838688e-01
1.019876193488309823e+00
7.339897586581733968e-01
-4.901193244315787956e-02
-1.587988740356885975e-01
-1.583502033953079757e-01
-1.429019678472648547e+00
-5.954656222343388539e-01
-5.614782517965581921e-01
2.000904886268602689e-01
1.188040968231202643e-01
8.060510720505232873e-01
9.155301963564944634e-01
1.714282088277762517e+00
1.433021283136895474e-03
6.148904033734360342e-01
6.670634455245177952e-02
3.248761434455950114e-01
-8.494470036647497335e-02
-5.234009851199991070e-01
-2.079071613846813493e-01
8.985182557030640949e-02
2.928387997963702305e-01
7.108900980190191454e-01
9.880892980221133159e-01
-1.046489427685368456e+00
-3.161693668758662756e-01
-1.413712821194198221e-01
-1.245922802273144031e-01
5.960007198636831927e-01
-8.547575946682367531e-02
-8.779044686411553444e-01
9.383746248968093395e-01
1.376445086449513910e+00
6.974584098104865681e-01
-2.204189345923735499e-01
-9.430511705100776965e-01
-2.067422038614462054e-01
-7.841022002114306222e-01
5.689700181997733308e-01
1.136748386153225487e+00
-4.507283596445282869e-01
8.160334083984057685e-01
-6.151763159288963223e-01
-1.582906266687348351e-01
-1.267130943657109432e+00
3.628098970101335530e-01
-3.434382070759351979e-01
3.647908504898014770e-01
-1.341694333638075110e+00
7.617015608253873138e-01
7.266908543326431325e-01
-7.182652269098637188e-01
9.985115788715859253e-01
2.528301244796892222e-01
-5.282121830363821768e-01
1.866520261290056659e+00
1.043428034136311966e-01
-2.027887413821983509e-01
-2.419848867674277981e-01
1.148136987207063253e+00
9.550404437980795080e-01
-4.768079156315668254e-01
5.747959457424584029e-02
7.929663447125281373e-01
-2.503209557131873542e-01
3.452095156239351481e-01
4.817930347732260477e-01
3.134430533436283195e-01
9.076802607196828854e-01
4.496148190297030722e-02
-9.942689170973982860e-01
-5.964727613913425319e-01
-8.194533545615673154e-01
-2.696890772638984579e-01
-3.062712790144839214e-02
-2.565516956424362949e-01
-1.012591073418438015e+00
8.480858439067253673e-01
2.504918736531114298e-01
2.689573460601217825e-01
5.355375080468408600e-01
-6.081060305676350142e-02
-1.124578984062713172e+00
1.247395826257536200e+00
-9.493321205556172204e-01
9.989084528192015977e-02
6.923352136435902970e-01
-5.580105482245013571e-01
8.708172641528372226e-01
9.415620678461394943e-01
6.321904222319919553e-01
-1.835558030196857149e-01
1.260557943880227794e-01
-5.117121258921819571e-01
9.112437818434605541e-01
9.767015077353606856e-01
1.813077361517760888e-01
3.070042823694199008e-01
-9.724921916552654588e-01
-1.206460842010718570e+00
-8.554250307930633124e-01
4.333832180865242467e-01
-1.099982553926174278e-01
1.506809122408523827e+00
5.791948870500388535e-01
5.513283035168984325e-01
7.713975248452473732e-01
-8.659308485096164354e-01
2.538743714498406523e-01
-4.298193541499558679e-01
2.656656397685983606e-01
3.416716126493912764e-01
1.131923865090641801e+00
1.550783941482696271e-01
-2.951667468278419415e-01
1.542099453127441677e+00
7.529400360636311351e-01
-2.467771376530104588e-01
-1.111412844264667132e+00
-3.118340954866810066e-01
6.033592078525393809e-01
-1.234181434351732332e+00
-3.673892864503425781e-01
-2.875788584436938522e-01
4.163256454980639454e-01
7.509733413512726941e-01
1.270810553860122427e+00
1.208128655700951626e+00
3.325912526394677604e-01
-1.107496606463812761e+00
2.433570993403942617e-01
1.593100145224159547e+00
1.926858636346548068e-02
-1.060974590364456516e+00
8.536880548355838538e-01
1.291053009420294995e+00
-2.146786102442802269e-01
