-6.864945256587290379e-01
-1.171811158099442585e+00
6.241964377719997348e-01
-1.532016289751778615e-01
1.075566582161888440e-01
-7.220495436345833462e-02
1.316453320025631424e+00
-1.621982794007266193e+00
7.402191346423319107e-01
7.194061888083141953e-01
7.951247625040289702e-01
-9.920187551853976160e-03
-1.438165760369989110e+00
-5.845517986990257375e-01
-1.009723639711803456e+00
-5.047521254972581195e-01
-3.803308989169204013e-01
6.902262902969994451e-01
3.191232598087810901e-01
-1.278327777980306834e+00
-9.108584243802856362e-01
-3.656614420501435592e-01
1.041419502471550684e+00
-1.351298169363002177e+00
-1.804159874203805081e-01
-5.280147872494678207e-02
-6.941365586469793181e-01
-1.873834941189869374e+00
-1.258760935105056378e+00
-4.641936529341604833e-01
-7.013831534827710268e-01
8.461648646328587819e-01
-5.695021819675734065e-01
8.478140297334221254e-01
8.465087810709217564e-01
-1.896629621234311169e-01
4.096936157391762312e-01
-4.394691451697325946e-02
3.348556364142974417e-01
-2.963052178140208048e-01
2.467511834041030139e-01
5.202795160450697232e-01
-1.610476652143563614e+00
-6.055729643057498057e-01
8.444492976512397719e-01
3.336212852875576340e-01
5.675335015179689968e-01
9.611959459608502288e-01
2.664397048297613146e-01
4.477438886813695507e-01
1.146355611251031137e+00
8.259007174458882217e-01
7.991345705746748518e-01
9.083196058428802955e-01
-1.797103760109603487e-01
-1.409067735345019612e+00
-1.105897927490487653e+00
-1.133743873893497511e+00
7.618374032115805550e-01
-4.837868398089953947e-01
-2.646043928700093639e-01
-3.755832723546644325e-01
-4.572506508821829740e-01
8.236986507842988803e-02
5.586317223469025040e-01
-6.139825026791742579e-02
3.303361498560623000e-01
7.738540204693566960e-01
3.842303747769092448e-01
-5.093881487613992620e-01
-8.857228382554942492e-01
6.866599742519077232e-01
1.102388144540787041e+00
3.082263767137259913e-01
4.553879435939964804e-01
1.056584385291226669e+00
-1.389994436782216347e+00
1.220609080913133582e+00
5.959330947992519389e-01
1.439612321657840699e+00
1.451089925729353247e+00
1.501857064187750890e+00
7.711345974883785370e-01
2.914299754726035196e-01
-7.313761197609673914e-01
-2.766017646904013194e-01
-4.548088363709981707e-01
-1.002567468781377036e+00
1.610338740657297762e+00
-5.611117659179323258e-01
9.535030163427916650e-01
7.449442831902260975e-01
-1.844286912542712209e-01
-1.064589188612032888e+00
3.653487705559990140e-01
-1.217448556895806000e-01
2.528704731085995583e-02
6.930366471917626114e-01
-5.567056684198415928e-01
3.798648878040798982e-01
2.939723075360638482e-01
-8.126088215897231404e-01
1.052252562454901730e+00
4.316883504170552222e-01
1.355827136774792052e+00
1.053840959825997237e+00
-3.408719343817519509e-01
8.738284562444872394e-01
3.704540909441381702e-01
-8.624845930232203361e-01
-7.940136489731494107e-01
2.282658207132262362e-01
-1.545213081337069694e+00
3.948927259491259445e-01
4.272886472497960941e-03
4.515746305143326089e-01
-3.702595305009540594e-01
8.694523930995675665e-01
1.912070039166408331e-01
-2.891542131148371331e-01
-1.351062415729235688e+00
8.922034420557787282e-01
-1.313664711030141097e-01
-1.078528033458638236e+00
-8.656362876832116582e-01
5.948476276942216145e-01
-1.204989359991803344e+00
5.523797322337705706e-01
7.054163655626219942e-01
8.260978286675013660e-01
-3.399095201896907836e-01
1.261833996797551150e-03
4.447216198338010962e-01
-1.355311237162373783e-01
-4.257514010393049358e-02
1.687562948180167111e-01
3.368842164861963195e-01
7.941179615860542995e-01
-1.058594752102784309e+00
-1.255971991643091146e-01
-6.632506576482699590e-01
1.190722445895620041e+00
-5.337965077646809886e-02
2.841129336600820010e-01
-5.756744258542476622e-01
-4.046551202383096846e-01
-1.186993206414965335e-01
7.979457019696468700e-01
-1.344895585182888098e-01
-1.159321162029640861e+00
-3.005606059033530952e-01
-1.176913509320731910e+00
6.788355289803051917e-01
3.578260178111419831e-01
-1.192018090305205114e+00
-5.748724114925222173e-01
1.816767870658944906e-01
-4.101928503551244276e-01
5.507921774988627783e-01
1.207497572486365023e+00
-1.481783207570809724e+00
-1.433477300859521408e-01
3.662146248388756797e-01
-2.948111029668654126e-01
7.683125680159046400e-01
-1.062513434254657607e+00
-9.930155617727489670e-01
-8.569154659585864753e-01
-3.419219052156918792e-03
5.986376755932932836e-01
7.153534134901953778e-03
5.399655740522957270e-01
-7.725103547020973904e-01
8.411189270872351242e-01
-1.061083731379451001e+00
-3.629710824744410425e-01
1.458222098040696801e-01
-1.387975859968391401e-01
8.830134835938099891e-02
-1.774084925501721477e+00
3.379982244991937002e-01
1.898929743864924635e+00
-2.174461392597664577e+00
8.725727983783715391e-01
-4.764644688542112871e-01
-1.071886058072198056e+00
-6.427904673542081948e-01
-4.168654880792031503e-01
7.875112813219795616e-01
-1.349860942110186368e+00
-1.623536961545174018e+00
6.827409874483436614e-01
-3.487570507845237644e-02
-1.613724344955257628e+00
5.048217723542844926e-01
-5.070483712939761745e-01
6.038244775152842303e-01
2.960505403270251024e-01
3.858053823297297180e-01
2.422345738327296716e-01
1.854866113564181684e-01
-1.002751023883133197e+00
-1.247594875204680820e+00
-3.911761117796055398e-01
-1.678131483614505814e+00
-4.080768859090500023e-02
6.078697771288323892e-01
1.951556912566234647e-01
-4.682861663232966709e-01
3.005890839935710379e-01
-7.171895132956620511e-01
-6.070980230011282508e-01
-8.408994281395607562e-01
4.228104747624451543e-01
-5.640856038572386044e-01
2.951038128110579639e-01
-1.866961793785683499e+00
3.200718285494924542e-03
8.560396991688411505e-01
4.352473072172081126e-01
1.771191159720539310e-01
-3.964119134265540190e-01
1.237376044503133654e+00
1.064236791141448535e+00
-4.731508160144930475e-01
1.489521393666153548e+00
-7.280592375546910411e-01
-4.989426030440173299e-01
-7.998195161051305790e-01
-3.145042715673168621e-01
4.566400525405445721e-01
5.424188770125756287e-01
1.070295463284922421e+00
-9.828872742945659047e-01
-2.942400485005801647e-01
-1.012204844484671407e+00
3.344977016102182454e-01
1.085295743813104341e+00
6.296315460013586218e-01
-6.627665159900406611e-01
9.135021133611705979e-01
4.461396902904665174e-01
-1.594845500250344106e+00
-3.848922376690517844e-01
7.773858602811050122e-01
7.103368266618677040e-01
1.126126001170753232e+00
-1.480449436794118556e+00
-1.684819372727331288e+00
-3.527033780611453784e-01
2.816789079765395498e-01
7.526000601267039958e-01
9.043877329791448760e-01
3.458746461935455208e-01
6.295178583677312201e-01
-8.869519691002559769e-01
-1.704718312156275228e+00
-4.254979421365941150e-03
1.056157944756652478e+00
9.200376654038232571e-01
5.889655707633216775e-01
-3.786367024938109838e-01
-1.311845873244080085e+00
-6.615658764183928175e-01
3.842987281814189693e-01
