-1.927923262840382235e-01
-2.783032217774329964e-01
-4.162322407187229456e-01
-8.049841660747408811e-01
-2.984184956981619230e-01
-2.616210352792513461e-01
-1.225082004160426286e-01
2.576831413161757012e-01
-1.445705332831082046e+00
1.176014303217949530e+00
-3.553598773463333971e-01
-1.318972806890746363e-01
9.856372406524204210e-01
7.602325082029274261e-01
8.519357411534580482e-01
3.523212815962629696e-01
-5.300924801959807642e-01
9.715160221268316354e-01
-5.566207646333992676e-01
-1.059804705805420300e+00
-2.748898657382705668e-01
-7.930938160725833352e-01
-9.700899297315255243e-01
-3.035068083829994823e-01
8.058171677982524095e-01
5.034625538387945687e-01
-3.229378261889656043e-01
1.073070876563178289e-01
-3.208924071380669929e-02
-6.329602101804291392e-01
-1.145817114907730916e-01
-3.526631173911143335e-02
-2.388840057030762465e-01
-7.035274169472223171e-01
2.651689090731564891e-01
-1.032219663138475463e+00
2.190757460543096002e-01
5.604148011126356410e-01
-4.287037249694665708e-01
-2.031108192796544920e-01
1.554487276204788992e-01
2.525258465277259168e-01
-5.229788181505155009e-01
-9.147559808437327744e-01
-8.254820221361092170e-03
1.017093469275576201e+00
-1.344229120020236645e-01
-2.640202819255871858e-01
1.073233025276873198e-01
-1.128012005982460098e+00
2.221045072559575673e-01
-8.638021584529547159e-01
-5.586379522456924596e-01
8.154087700605063826e-01
-8.132076083280134204e-01
6.925642398136938604e-01
-1.040449667138522605e+00
-3.191992736351072502e-01
-9.590957296573122681e-01
-2.679544836785688333e-01
2.989929234741041109e-01
9.430820973797302553e-01
-9.722647237406439880e-01
1.377318653913908397e+00
-4.023033962601521574e-01
9.222485688363172285e-01
-5.160561715292724116e-01
1.162762440302858025e+00
-2.084541268307270601e-01
1.213616162549921773e+00
1.021995074792403230e-01
4.096521184268461235e-01
4.329206246929501734e-01
-6.043367513788380219e-01
-3.167334956046389260e-01
1.308777127504259896e+00
-1.010243679519836624e-01
-1.842636384005562900e-01
3.023718339654710707e-01
-7.810018560970178880e-01
5.593128238597127044e-01
-5.035987548148597170e-01
3.072843250961183603e-01
-6.485811503914330478e-01
-3.062063102070471388e-01
5.711707497590270410e-01
7.624459756668552357e-01
-5.793971056150071242e-01
1.457774951367160898e-01
8.538527024791207065e-01
6.147830487953231948e-01
1.885934356117491717e+00
-9.006053057175315013e-01
2.069268717685859293e-01
1.852662019791912751e-01
7.984542938265755119e-01
-5.352352013651988649e-01
4.206231997797405531e-01
-3.652273234913119282e-01
7.112491140309510351e-01
1.006987774996752849e+00
-1.582021584569441863e+00
1.053720633047987798e+00
-5.961373815874662085e-01
1.353879186042274529e+00
4.216516973860511275e-01
8.590292514681331371e-01
9.004089716476724181e-01
3.075831178375427188e-01
-2.263582529146064837e-01
-1.631718308260040051e-01
-5.249748466732447882e-01
2.799538029908871239e-01
4.665242127246869153e-01
-2.996364011927179355e-02
-3.455045467124087666e-01
-9.258695565067706079e-01
2.411658794920082949e-01
-3.615144693826479183e-01
-1.524548403736487034e-01
8.877711392195618556e-01
-1.655736470806183636e-01
-1.449164765560559676e-01
-2.974383547499458436e-01
1.907916045020652540e-01
-2.366433813221294202e-01
-5.790533936745998478e-01
3.158510509492754581e-01
-3.387593573102141153e-01
2.044573359069961627e-01
9.802790415269809765e-01
6.551557425836915804e-01
-4.426273754437881625e-02
-4.178568059202850127e-01
2.286650181002936044e-03
3.986202451757468457e-01
3.116240081698841702e-01
-1.099460787053769373e+00
6.382691326748075600e-01
-9.226679670302967429e-01
-6.300941326001340270e-01
4.622509420928964108e-01
7.671170176687717168e-01
3.247868779977035325e-02
1.576061130381106179e-01
2.100312841485802440e-01
6.246200102885492988e-01
-4.651308772747529963e-01
2.816535101973888233e-01
8.541310645951694092e-01
9.680967012602273436e-02
-6.400136501464492866e-01
-7.899898442587541814e-01
1.116062870140705598e+00
-4.386144276897717686e-01
2.249120425054161876e-01
3.808330841917970111e-01
4.480641709978159248e-01
-5.981986816396064888e-02
-2.084133708183042999e-01
-9.194261945457249396e-02
-7.689162473570845258e-01
5.349623445579692049e-01
3.326304073793923122e-02
6.927303748801957317e-01
-2.516030786196074009e-01
6.911532108415008313e-01
3.409289963257859934e-01
1.109437543717429087e+00
2.751029320477648143e-01
3.949817625818148881e-01
-5.568897884962968892e-01
9.458641939326741799e-01
-6.112447470385403703e-01
9.053555915090638617e-01
-4.850507890185595805e-02
3.729231025827680623e-01
3.476337284704583697e-01
-4.876072943203108023e-03
-1.602493495463379602e-01
9.027055157371161043e-02
-3.393171126576969843e-01
2.865815062712971373e-01
6.973655334486316137e-01
9.349334483114652983e-01
2.090101568386415476e-01
2.116846578760307462e-01
4.997092251323307366e-01
-7.823618659941273812e-01
-4.880569443366585269e-01
-3.893833881560014865e-01
3.053674594590971569e-01
-1.004554269079890538e+00
3.467892664427825178e-01
-5.034857877414938843e-01
-7.795280500234992305e-01
-7.708959049697798882e-01
-7.669233523303173872e-01
2.768743338853498215e-01
-4.489330208365461816e-01
1.500494096605555494e-01
-7.780899149335194220e-01
1.381893238248398159e+00
1.852103552109135021e-01
2.591792174311557395e-01
-5.179687332054278004e-01
-9.513839311094054452e-01
-2.887041427200723875e-01
1.887858997186687426e-01
8.378800394389522843e-01
-3.743870679715709526e-01
-3.457975891230768983e-01
5.166015782222430630e-01
-5.608619387519574451e-01
9.890532902318709407e-01
-6.307963625235792904e-01
-4.666529182753096361e-01
3.603305240932801468e-01
-5.885439733033126508e-01
-9.427662686601752107e-01
-1.036439166550999991e+00
-6.828769240292852372e-01
-7.482414470939799944e-01
2.214978188494513278e-01
4.434921546357671884e-01
8.321719883477014523e-01
2.812012799016141429e-01
-2.328125448749960580e-01
-3.419611174268111231e-01
-5.585686115699732834e-01
1.917132046862456141e-01
4.377682201864329659e-01
-9.662872272686073849e-02
-1.633570253117579696e-01
4.197144010678255377e-01
4.906430698788328826e-01
4.873916807469691470e-02
8.421428939745893849e-02
3.603267839834310982e-01
6.874319902711446550e-01
-5.729848457153519092e-01
8.969447908308110229e-01
6.693356452536609602e-01
1.990224584967564270e-01
-9.934589024144692138e-01
6.308530942776710004e-01
-7.664697453740537680e-02
-3.721134084974143663e-01
8.257032279704541455e-01
1.215101206885505825e+00
-6.186774271162359673e-01
-7.930867924855340423e-01
-9.020020000958950401e-01
1.434502901896413052e+00
4.467377460818300339e-01
6.596545574463166806e-02
-2.661238306222947214e-01
3.485259473386290163e-01
-2.846713118954425914e-01
-1.576771832704964016e-01
4.966403803574526848e-02
-6.056692274296295864e-01
4.659761671721446286e-01
9.132625718988551800e-01
-9.804501905410759610e-01
