1.017627064090877997e-01
1.709472725096621737e+00
9.753419943753969257e-01
-3.752640797736541689e-01
-1.288918341163588721e+00
-8.371827264829084791e-01
-1.458340240863852388e-01
-1.879476657787220173e+00
6.099447991487350063e-02
-7.705321049152171753e-01
-2.552684299125916878e-01
-7.127409723708137967e-01
-7.117736886306254007e-01
7.229904624521465983e-01
1.313935936225123946e+00
-1.541437479911313524e+00
-6.478216929995505025e-01
-1.463165111421337095e+00
6.661882193160527654e-01
-1.032757926810030202e+00
-4.910330542498364537e-02
-4.488968691924447585e-01
9.677435503555049667e-01
7.939708057463623625e-01
-1.555361323062182555e+00
1.178136555188626700e+00
-1.319357778538122306e+00
5.209055597099849777e-01
-3.088785744460176286e-02
-7.829377563243390403e-01
5.593891049814895267e-01
-4.609240110505590238e-01
-4.688273682038335832e-01
6.819108769283862559e-01
-1.538342637692908799e+00
1.442147997793438996e-01
1.433762679781717675e-01
-1.006598101697112835e+00
-9.904549602689547427e-01
1.417937035363494802e+00
9.732484111992008025e-01
7.671904518497320025e-01
2.115801069151994174e+00
-3.356358325293434253e-01
1.650838644059377636e+00
-1.617712363020742838e+00
-8.673807229850283296e-01
2.878164198487278558e-01
8.596498013697742024e-01
-5.173956394125749370e-01
-3.309694878862373124e-01
-3.063503853048256398e-02
-8.952792269988230078e-01
-8.600403405904520904e-01
1.239239280100546070e+00
-5.177005610930034418e-01
1.991627888944103031e-01
-1.359383272979005408e+00
5.014099866275165684e-01
9.932087968396810518e-02
-6.481368803739682161e-01
7.711855239645255544e-01
-2.170135045834853671e-01
-8.869967472205076975e-01
1.237286620868636611e+00
-4.126094748830712033e-01
4.752019089071841673e-01
-2.655120867611375779e-01
-4.347281301139112597e-01
-1.328019718916230163e+00
-9.311909227199560712e-01
4.577244129840858933e-01
3.161844513108663657e-03
1.301082308466178228e-02
-7.306178519330617238e-01
5.412732570748979288e-01
-3.841771057662102251e-01
-5.808226812028605135e-01
5.315384845559706362e-01
-1.432061301942178400e+00
-7.148969107290708003e-01
6.392726348399799807e-01
3.476511073437855981e-02
-1.636835875266609563e-01
8.576976989760158876e-01
2.981155492729434808e-01
6.933075768002160411e-01
2.862280617188568410e-01
-1.289551464501840661e+00
8.052950642173575257e-01
-3.169595187272108427e-01
6.557603556951070445e-01
4.819769965989457727e-01
-4.573369213113159804e-01
-3.604795190214495904e-01
-8.457452925532177659e-03
-1.393115317246220175e-01
9.908853231531962180e-01
-1.058181240392503941e+00
-3.328936582281750156e-01
3.277461387839164519e-02
-3.574332507045179241e-01
-9.928149985729530780e-01
1.068500784525492575e+00
7.413262429852105484e-01
-6.469600584072302540e-01
-1.207309194372653272e+00
-2.288723636783017046e+00
-4.526519497828622174e-01
-8.183718209891784889e-01
3.143412823390748234e-01
1.187269449164551460e+00
-6.838581889635617639e-01
2.980111551415023929e-01
6.093197265014899111e-02
-1.106767167030002996e+00
8.629091163043254298e-01
-8.988210786008415942e-02
-1.284495597358532137e+00
-1.502828430778590629e+00
-7.023921266992575463e-01
1.562689723589185675e+00
-6.864186594378796080e-01
-7.080587611585322794e-01
-9.446501922070964508e-01
9.464609450263528068e-02
5.628748421927282086e-01
6.553562953422731319e-01
-9.276431108790470503e-01
-1.189601008664892268e+00
1.657671577395523510e+00
-4.033118676829604010e-01
2.144500959564804798e+00
-2.205419791061777879e+00
-1.620906950994022377e+00
-1.691269182769375545e+00
8.798739465550604599e-01
-7.917755500400277535e-01
5.042581832237206241e-01
6.125135855595713608e-01
-1.822173341680034309e+00
9.811645981289349727e-01
-5.592805040510016035e-01
8.553794424501105498e-01
-1.012749822096017105e-01
1.303207497273068116e-01
-7.764056680523993004e-01
1.733997323380266575e+00
2.346098437508738754e-01
-1.407850027559137462e+00
4.814334915560326000e-01
-3.388038414219807226e-01
-1.104574808256117979e+00
-4.591484586955588143e-01
3.891589039396675664e-01
-1.054228340183989698e-01
-3.281115182095564187e-01
-1.164803176519520589e+00
7.839058850532064637e-01
8.251426695919291676e-01
-9.114318254027914401e-01
-4.132053134968631247e-01
-7.525276296531129283e-01
-1.287992810234586671e-01
2.635621094322085911e-01
8.383435891275277108e-01
1.491024859587911644e+00
-3.478322790792223729e-01
3.237576359011230531e-01
8.909751566135594159e-01
-1.008882522195493570e+00
4.133759033829887963e-01
2.655383865151936251e-01
-5.802616771717727939e-01
7.555267587467237034e-01
-1.680623391770080577e+00
-1.703290891219718217e+00
-9.889298095694302182e-01
5.699281773117422789e-01
1.851986244059300457e+00
3.015774809697268077e-01
-2.922849595607113216e-02
2.328738910714946431e-01
2.391446883262303147e-01
-1.033827855755646397e+00
-5.922219981618471740e-01
-6.435402073475815499e-01
2.474596462469356994e-01
-1.319627227188928664e+00
1.296552017425720571e-01
-3.207735588439195040e-01
-1.904355528702460276e+00
3.219206767264644053e-01
-1.122871543558445762e+00
-1.137776362994153301e+00
7.285600467454539375e-02
3.747086509216435157e-01
-4.349110771657163643e-02
-1.367878737268194977e-01
-1.881440966671743542e-02
-1.230484436049228858e+00
4.339843123283279591e-02
1.281076753482427222e+00
9.367173020343931844e-01
-4.125916949560203273e-01
-1.142679460285861565e-01
-8.927531162668627118e-01
-1.302192437774816636e+00
1.626794975141600541e-01
-3.856436827018705493e-01
-1.079706408484276459e+00
-1.029557695815504603e+00
-6.200356095395267442e-01
-1.524717218818367970e+00
2.022593536668760628e+00
5.604540069455125062e-01
1.271228575696278895e+00
5.872857166908611593e-01
-7.061606287127308867e-02
1.157995989368588274e+00
-5.349596602791595323e-01
3.152999209416716964e-01
1.792550960964276019e+00
1.794628617928080150e+00
-1.058703248207937042e+00
-1.041302220667210454e+00
-5.073316563820503555e-01
7.140059186623775034e-01
3.548769647832460405e-01
5.595551669939267114e-01
4.237024028942367737e-01
1.093083415570107464e+00
-7.165506157992767022e-01
6.979946800549662322e-01
-3.789017863455085289e-01
3.926417272830002303e-01
-1.795686881557466141e-01
-1.512762084834904819e+00
-3.162428155734962609e-01
-1.167627165614346929e-01
-2.505873029670252494e-01
-1.184073854770262835e-01
-3.878086414735006926e-01
-8.615646615021708143e-01
-9.906401740098561559e-01
-2.390368417783504673e-01
-1.414187976606053054e-01
1.579647103769970418e+00
-2.441254946045764707e-01
-6.053920317595224976e-01
5.067584804301638046e-01
-5.799166736392300514e-01
1.788206148214495750e+00
-4.952616627604756183e-01
-5.482416709427394563e-01
3.228792944880821691e-01
6.604605446707653149e-01
9.999964767977140845e-01
-6.660965788739106053e-01
-1.343079430509311334e-01
-1.117879837864069081e+00
-2.295617104792719299e-01
-3.127198154992225088e-01
8.134608440424635489e-01
1.581022972840438356e+00
