-9.529371442094708433e-01
-7.549962408772209477e-01
5.283614037918642481e-01
-7.721912371160785105e-01
1.498536719204965617e-01
-6.315606048572411924e-01
-8.104782461435744434e-01
8.539352308118286494e-01
-1.337287740194557095e+00
-1.421716853014699078e+00
-2.016693402518117961e-01
5.760422532736531043e-01
5.978568869127900420e-01
-2.913833104122603990e-01
1.189669956197775047e+00
-3.557252642841562396e-01
-2.120249458531875408e-01
-1.301599549209779827e-01
1.120069460749173906e+00
-6.298790713051241053e-01
7.723293205088596070e-01
3.786327818159188618e-01
1.916034475912588297e-01
-5.024406714899112281e-01
6.107774703417859774e-01
-2.637488665238936214e-01
1.391287058848398317e-01
-3.781975138232035460e-01
-2.117829977549656739e-02
8.922033037066318117e-01
-4.244174685577119521e-01
-8.112509086476002995e-01
-7.624749772027461514e-01
2.114121682584342854e-01
6.146094209258313734e-01
-9.258959879472812918e-03
1.583887763172702634e+00
6.182363146608196303e-01
5.762300200190473981e-02
-8.255712142620048599e-01
4.890259876916031034e-01
-8.046140793694041005e-01
-6.155569078696043750e-01
8.389233209456553597e-02
1.347438128221800202e+00
2.577066477259177257e-01
-2.077298918033945174e-01
-2.017137837461197847e-01
1.288340465121176615e-01
-5.429603337995942969e-01
-5.854242628562202899e-01
9.846296561542823289e-01
-8.340806137610830007e-01
-3.373701268660850294e-03
6.336657085634288533e-01
1.152771648358152490e+00
3.452331247903722145e-01
5.424102625050647442e-01
1.356761484874072776e+00
-1.113937855211056593e+00
1.769578017843359552e-02
1.012380084978524303e-01
-1.012431284114512442e+00
7.813135613389138312e-02
-7.256774802722119055e-01
-9.155010856880533288e-01
-5.368097833901301907e-01
-6.835085693653075722e-02
-4.112243364795656886e-01
-5.459717544393518640e-01
4.729767222598616483e-01
-3.985584706614284656e-01
-1.391404572172395826e-01
-1.130481367408505022e+00
3.710396034035098323e-01
-6.469494934831382382e-01
7.591647998630673966e-02
-1.145195280292809370e+00
-2.581392659831038272e-01
-2.358696598791884536e-01
-5.741292817798606674e-01
-8.606043884579244185e-01
-5.359324380706187441e-01
1.222092877192988869e+00
5.499558756030371587e-01
1.058178512971285623e-01
1.016560264673983527e+00
2.279642096428006748e-01
-5.665200083978210177e-01
-3.223890310468123799e-01
-6.387562750431879932e-01
5.550406195573891477e-01
6.571213344484345964e-02
-8.050543205914379996e-01
1.204623146227712382e-03
3.397312191628235611e-01
5.545513546539982963e-01
2.992585888527959370e-01
6.943082080557654301e-01
1.865028556434610296e-01
-6.742205917392121162e-01
-7.808448818500179911e-01
-4.745002446246417427e-01
-3.158520066106108581e-01
-7.626082171965921086e-01
3.999976090557386121e-01
-3.789359697348759770e-01
5.465814375767249489e-01
9.052959593603998600e-01
3.532707802553022858e-01
2.372443787357532419e-01
-7.347703831873104718e-01
-6.595463226702340531e-01
-1.323363841457513290e-01
-1.384545979952785055e+00
-1.102293907432098763e+00
-1.156236141768062775e-01
-2.170388730791007470e-01
9.882624512581259513e-01
4.335070438581584140e-01
2.766656373830089777e-01
7.898830053893518555e-02
-9.082682690569006123e-01
-5.650082722692203463e-01
5.646703047150373189e-01
1.126191460603604311e+00
-1.639930882277707003e+00
-5.295906578001560033e-02
2.126374452536402837e-01
4.976261245739959094e-01
-7.252478638402984901e-01
6.501494914757083299e-01
-1.518727489812967901e+00
-1.121140859496293718e+00
-4.321615628017537736e-01
1.054465341503159292e+00
2.593279584280765854e-02
-1.071782481336763571e+00
1.028324408216125141e+00
4.539836740224256206e-01
9.806230464716170214e-02
-5.301059976161925924e-01
6.959489916337631144e-01
-8.968905289462099084e-01
4.692424709131526872e-01
-1.305409067329098782e+00
-4.815770492747216691e-01
-5.044464271372979536e-02
-7.928222093036396689e-01
4.237867052790098565e-01
-8.954996142647175805e-02
-1.416734414284493759e+00
2.270724706191001863e-01
5.040309679383350172e-01
-6.167535141494262518e-01
3.003585919713328556e-01
6.591179948996830351e-01
1.095884809505000002e+00
-1.956876033396531600e+00
1.179041658710997975e+00
5.293962070980562373e-01
3.923255629400884681e-01
-5.877461864333168862e-01
-1.754185578063058026e-01
4.916624503439507299e-01
2.008415907071842144e-02
-1.207730255568491229e+00
1.669016954154615706e-01
1.048156158500053170e+00
-1.059682148086568687e-02
-5.767637046511369103e-01
6.051444578545297492e-01
-1.519202167419279492e+00
4.698364239299677725e-01
-9.998801240794621403e-01
3.405715839486009311e-01
1.348107749074602735e+00
4.324732487901050693e-02
1.167101961566097135e-01
-5.698469097185877852e-02
1.118337080175022757e+00
3.862876577432444725e-02
2.902687327532366135e-01
5.277210142423993666e-01
1.272910973999049067e-01
-1.122846709523674658e-01
5.268086611450074619e-01
-9.168143990515131847e-01
-7.533732541037774233e-01
2.306754470370070420e-01
1.267626679928889333e-01
9.942849548821339756e-01
4.583364281347599989e-01
5.417199601761990557e-02
-7.111391715748993647e-01
5.042598278882785001e-01
-8.448906166649563509e-01
-2.499045569681651591e-01
1.127166822429952031e+00
-8.422423033289373473e-01
9.023058093607010388e-01
-4.906591678109590848e-01
-3.790972495033183565e-01
3.963573082269661318e-02
5.712060128781729640e-01
-2.401943953844272728e-01
9.435991104665999440e-01
7.978788327635100153e-02
1.142248702240635655e-01
-8.215849550483169672e-01
-2.829855856369424272e-01
7.625930901366322345e-01
-4.432512669243575121e-01
5.938035145127196213e-01
4.275723360366630033e-01
-1.621845660286858615e-01
1.156676946408210505e+00
-1.272867642877099081e-01
-6.387857166032568923e-01
3.384753999531711077e-01
7.357123322945400279e-01
9.393489801602084022e-01
-4.103896316257558130e-01
-2.659666598860383480e-01
-1.424635819598396358e+00
1.201554436614196808e+00
4.825361563839350443e-01
-4.355460054974726880e-01
1.949502297347288637e-02
-3.855536665779385475e-01
-6.444222493761375681e-01
1.505187988248897213e-01
5.803543320366293806e-02
1.339186477534236308e-01
5.688255538660718091e-01
-7.463987984904068007e-01
5.335677567290995071e-01
1.203611830376864811e+00
-5.034419889475291177e-01
-4.956452071144014093e-01
-1.026887476317687620e+00
5.223600792296563267e-01
1.795825732274536068e-01
2.703333776337761285e-01
9.120968581971216071e-01
-2.140773516763293527e-01
-1.118752712888343659e+00
9.639366093042438521e-01
1.762474790128470969e-01
-8.630466927727982185e-01
7.006476906066929633e-01
2.067996049428362237e-01
5.956764576480146900e-01
5.416238345732624637e-01
3.430408194254431775e-01
3.437355166409060692e-01
-6.484387126999718864e-01
5.021447515026750130e-01
1.327945418464040905e+00
1.078034860265761341e-01
1.421354335596446195e+00
-9.057496263805489001e-01
4.280446655553443724e-02
-2.255390265640783709e-01
-1.909970796769507873e-01
