6.076622148673257451e-01
9.015437695880228475e-01
2.682135082253520597e-01
-6.221663153443259819e-01
-6.934632638878012179e-01
-8.587811544918251272e-01
4.343422084267380412e-01
-1.485125230509199312e+00
-6.649225587851766983e-01
-1.401943058938581732e+00
4.087218107677137446e-01
-4.767472805918949175e-01
6.050965618200248031e-01
-6.312275527399158204e-01
5.045999549928131822e-01
3.053278430613871608e-01
-4.008449951899301089e-01
-5.397197671471479774e-01
7.680783748097732566e-01
-1.221190287014328302e+00
1.144484030752279669e-02
-6.794863777848979547e-01
1.819416744601807245e+00
2.281356625754623890e-01
-3.500660951152680944e-01
1.586513017397544356e+00
-9.267932727160961281e-01
-2.998914742397466027e-01
2.416224877656229786e-01
-1.212481064841238965e+00
3.741639965375377352e-01
-6.073163574187238067e-01
8.371913917556425555e-02
-4.478094349036541855e-02
-1.055974328101406456e+00
1.915657521596842716e-01
5.498120946939633047e-01
-6.736412127924860105e-01
-8.188894303792634277e-01
9.990980204643553630e-01
1.243311852579734866e+00
2.610601912607340425e-01
1.923037171700158476e-01
-7.761237360607536884e-02
1.425999967477975749e+00
-1.295932815420844708e+00
-7.860672077196703134e-01
3.524503269237080350e-01
-2.060042810724869444e-01
-9.949688534251801553e-01
-1.287572124009598973e+00
4.275588836716517904e-02
-8.178704689364888480e-01
1.990696018412210777e-02
4.726512597944961258e-01
-9.040338550748061586e-01
1.152855836262399958e+00
-7.070137465015117195e-01
2.409297112047752987e-01
-1.915503749484503415e-01
6.839125096146149441e-02
1.540197325974089537e+00
3.744471756442188104e-01
5.605505973149191856e-01
5.159295709006670450e-01
4.411487154780393549e-01
2.082704432309292475e-01
1.123175866139287882e+00
-6.256643682653466598e-01
-3.916306113999407090e-01
-1.722583921032329268e+00
8.789365396031899591e-01
1.901663487512100792e-02
-2.242063350385275766e-01
-3.637137792936639968e-01
-1.143886048862050586e+00
3.484718636826664162e-01
-1.227682947805333491e+00
2.404784864283091850e-01
1.235034987364021369e-01
-4.316864453510537158e-01
1.419883377032052030e+00
1.410879798813951744e-02
6.952142307385081876e-01
6.983269388130303179e-01
1.449005982613307708e+00
4.195625966312057642e-01
-1.265732731815993661e+00
-1.237744750608941846e+00
1.289994437499637048e+00
-4.023627190348674221e-01
4.764858494247812271e-01
-5.132515359036946556e-01
-6.430659697531028174e-01
-7.935214258872944626e-01
-3.682617990889538451e-01
9.320972642376365580e-02
1.751051285966528592e+00
-1.037729360607232976e-01
1.733749879370776736e-01
5.515432802973474491e-01
-1.314387536067783913e+00
-1.403524460067129720e+00
6.848340692962101572e-01
5.965297816062790082e-01
8.029195594135468683e-02
-4.988263707137154390e-01
-7.532490343039839331e-01
-1.081449758272489570e+00
-2.836599769595768428e-01
-2.144922397893212485e-01
5.549550787798817053e-01
-3.060919249907156914e-01
1.069586797059449923e+00
2.134984896164172641e-01
-1.082642161323552621e+00
1.053728644099657386e-01
2.528679673283852347e-01
-8.606135204507363579e-01
-3.015739010036499468e-01
-1.272862454247468911e+00
9.660525718531380868e-01
-8.180963132757613776e-01
-9.404479394002630555e-01
-1.044718154632624518e+00
-2.091300802293416528e-01
5.559676987697788064e-01
3.584350941665898072e-01
-3.911908257085907614e-01
-8.872095615991736350e-01
1.361780834409989760e+00
-7.457546226399865974e-01
1.166731091831969991e+00
-5.762970649356309316e-01
-5.990590717319815850e-01
-6.519889725833887262e-01
1.306793008394133704e+00
-1.039312341413801688e+00
1.173923617030268041e+00
1.084877414398391249e+00
-6.771918728737313931e-01
9.374104337145150456e-01
-1.871347225232728451e-01
1.117552534968503153e+00
3.908295341785987809e-01
-3.409927308443310157e-01
-8.766826249237497093e-02
6.605941016952554534e-03
4.313698153455354234e-01
-9.476696551660600543e-01
1.482192504538232036e+00
-1.110914810198752489e+00
-9.760951922831635763e-02
-9.521964271510879874e-01
5.734484501910332988e-01
6.324613008955166649e-01
1.232662606853363929e+00
-7.037738599111929005e-01
2.689232943349766369e-01
8.058507019348857270e-01
1.025686214431271726e-01
-5.155079474974644249e-01
-1.539774238566334608e-01
-1.260354529840291171e+00
4.479096836968914919e-01
5.726560241746279090e-01
7.606639469733742498e-01
-1.258584430818936006e+00
9.574656732301909390e-01
6.361044910351220105e-01
1.819877771066265582e-01
2.565181078333048093e-01
6.400914067674380592e-03
-4.126483919579901349e-02
2.670797253794842119e-01
-5.087306902139840936e-01
-1.315638047438421276e+00
1.044178263811120638e-02
9.181376033028341155e-01
8.610627012111362610e-01
-3.540695518919623197e-01
5.356721107013597827e-01
-4.537886913176092940e-01
5.216849350596601820e-01
-4.970683484244028394e-01
4.521975993555746864e-01
-1.229493361322438472e-01
1.389311706161101001e-01
-3.167732386733249639e-01
2.856026977911907405e-01
2.423268339529657256e-01
-2.936894460501133786e-01
9.751031338048341546e-01
-8.823679208537200669e-01
-3.939973205130356537e-01
3.726841868163541793e-01
1.082094387265358115e+00
2.837219419915374963e-01
-4.009729980792590132e-01
-7.246436876703290508e-01
-4.196794935981431052e-01
-6.607514036277424285e-01
9.622021129399815909e-01
1.038414851424142693e+00
-1.959268044065750891e-01
1.084876877775433401e+00
6.562463144110397550e-02
2.951521236129454051e-01
3.308490965413254381e-01
-1.867644381724391511e+00
-7.847730288533337761e-01
-8.510102269499854044e-01
-1.455078951259558773e+00
-1.149772554672866542e-01
-1.554668734672891017e-01
-3.105715193447085576e-01
8.729986113103787027e-01
1.021367820738013688e+00
1.246352189281028977e+00
1.200744470118929819e+00
-5.307889402011353175e-01
6.024991250244374763e-01
7.520810051711330768e-01
1.052113313236458847e+00
1.227949356161695676e-01
-1.965649118540735429e-01
-6.856114445430590010e-01
3.515724192338747223e-01
-4.238653830741732076e-01
-1.016118871270565771e+00
5.093286135442861573e-01
3.029775832160452875e-02
-1.342749694067911559e+00
7.537555549863586557e-02
5.394938631373287219e-01
4.586868207267291719e-01
4.545870558261833061e-04
-7.887583740465592408e-02
-5.007435740792852696e-01
-1.123365929796703355e+00
4.561524390800731910e-01
3.580349357378045244e-02
-1.738981383243609069e-01
-1.436517380747154959e+00
-8.167122073900966450e-01
-3.917899792001465764e-01
-7.762202653630976279e-01
8.523301522752162462e-01
-3.257056773026853480e-01
-1.150299396998138324e+00
8.418909047692164638e-01
-2.946357906416838257e-01
1.652858727866320487e+00
-3.349409135512839697e-01
-1.014215847119544489e-01
4.878529419278996304e-01
1.636621386175646231e-01
9.027493398270689529e-01
-1.971872126315718787e-01
-4.195901958541711219e-01
-8.283452468902199328e-01
8.247954075711002586e-01
-6.169889317992095501e-01
6.472422957032430979e-01
5.194539164107744300e-01
