-9.993617506990775112e-01
-9.552435561444353462e-01
3.432114289514170968e-01
4.575676830139815410e-01
-8.333820730896865925e-01
-5.310491042468601375e-01
5.364590101497831443e-01
-1.002045446827116715e-01
-2.954099766843236718e-01
1.551663182052352430e-01
-6.927826892065219733e-01
-5.108665479287219924e-01
6.655528138576611852e-01
3.686085585635057171e-02
1.174863114288100530e+00
1.865429023163256983e-01
-1.965681492205009762e-01
-8.912031822361262678e-01
3.117371571439393474e-01
-4.365563754966881316e-01
-1.760593341492132369e-01
-7.747234058545044988e-01
6.749743469541511498e-01
-1.006529338067992274e+00
3.558035348026020728e-01
8.016253565153703686e-01
5.167924106454974131e-03
-1.093189092817906882e+00
8.379302991204784501e-01
-2.848585570030955361e-01
1.286828317568619318e-01
-2.787732089047144646e-01
7.640809910397596827e-01
-7.601121457015591609e-02
2.156070858272646773e-01
-1.960426381632776327e-01
-1.160787496181336476e+00
1.222510117308943212e+00
1.893989853363384213e-01
6.153118324667805616e-03
9.095792947219794033e-01
-2.738794682471094588e-01
6.508236603136984266e-01
1.350889303822530030e-01
1.069146663927695640e+00
5.615410477052622529e-01
4.640522197826525974e-01
4.076270874148263390e-01
7.881897859575764942e-02
-1.743633916156009378e-01
-6.427300194676879297e-01
-1.298535774395308762e+00
1.188638341394736120e+00
-2.404085293630545683e-01
4.209463003030100015e-01
-7.171469273650930010e-01
-1.365140605908320981e-01
6.699117365385571787e-01
-3.563013232532198371e-01
-1.006578275339726991e+00
-1.902576574580893132e-01
3.566207701562799648e-01
8.925733987706261363e-01
7.922276288406955302e-01
-1.493605294951343421e+00
5.320592237653903878e-02
8.890012236589588390e-01
1.537129132073841387e+00
-6.323319568078122899e-02
7.053007618486353270e-01
1.569212701807107813e-01
-3.830228014166105477e-01
-4.238563936676748023e-01
5.276062112843982188e-01
-1.535626239230021506e+00
1.748885049212987486e+00
5.205298463892211736e-01
5.051314886983597763e-01
-1.340734073884519262e+00
7.003556397466270678e-01
6.024631121280660251e-01
-6.415871672136488346e-01
1.219371563630009536e+00
-1.589290390268198738e-01
6.107437358187244314e-01
1.189943851712313094e+00
-4.908118810656486586e-01
7.103657148646156383e-01
-8.310146417869261892e-01
-6.250198034392538959e-01
-5.942491390486677461e-02
-6.542725889496421310e-01
1.512851330358765178e+00
-1.795690340835098819e+00
-7.371757162892235149e-01
-1.969168542144601464e+00
-1.229005533802930872e+00
1.409761019106307023e-01
4.464170740533541376e-02
5.584148019478755165e-01
2.746377396444582009e-01
-6.036462314668964435e-01
-2.145863595159888948e-01
8.750670882216666779e-01
-5.322849411071667314e-01
-1.348870580807596253e-01
6.974631781112969886e-01
-6.032887103220514469e-01
4.095072682784584028e-01
-7.740441292822546338e-01
-1.626875282518536747e-01
-6.044281078972197907e-01
-4.670754686342754591e-01
-2.302442426881030346e-01
-1.195181619775068205e+00
-3.672129359675798677e-01
-9.058204099888840233e-01
9.137987940256409036e-01
-1.194364618734942152e+00
2.107259198918179088e-01
-1.317309126923757345e+00
-4.318974375101474195e-01
-3.208737516887128494e-01
6.018957861486908811e-01
1.091362559208222782e+00
5.414785093965019946e-01
-2.140027800899518606e+00
1.014439818976728691e-01
2.813457824808435898e-02
7.453636285245257564e-01
1.074660018424833802e-01
-2.997291581241061653e-01
6.961451902404640624e-01
-3.672527084605244907e-01
-3.908159840022160658e-01
1.057529257195516159e+00
4.116956142630016635e-01
8.505814343689643842e-02
-1.040234774417585495e+00
9.423253746128262831e-02
-4.950518507378632305e-01
1.000297805369138593e-01
3.204873280587481887e-01
-9.176295667518923060e-02
-3.927150789685142085e-01
1.767171460007153305e+00
-1.067818023393855231e+00
-9.526226103634033437e-01
-9.221552862307670351e-01
2.852911623486984460e-01
6.134862183705684924e-01
1.972671544539739141e-01
9.912310828201034152e-01
1.129988023865551028e-01
6.238315111239555177e-01
1.223805642389126813e+00
7.365392106142203410e-01
-6.668370917039044832e-01
1.125142317857517615e-01
-6.146863701074123387e-01
-1.355468305220164149e+00
3.444985700631507664e-01
-1.062537641224170770e-01
4.428045751226439286e-01
3.119329815798446148e-01
-1.675931810328036065e+00
3.607419053484213212e-01
-9.600936780451325703e-01
-6.220918647736628504e-01
6.492235633207509293e-01
-9.928826247623387946e-01
-4.038651906475287934e-01
1.960694668620417969e-01
-2.347147798983867106e-01
3.227280386769110776e-01
4.816666226274325391e-01
-5.665152965583857281e-01
7.815520976425316402e-01
1.799980577173489193e-01
5.090118214900692939e-01
-1.590979188878488326e+00
-1.604493209715877722e+00
-8.779106490316611611e-01
-4.202126421190239824e-01
3.268356703230647364e-02
3.701780455017943949e-01
-1.192245183495533212e+00
1.209426961644353815e+00
-9.762380951100895210e-01
-4.992093768946655463e-01
-1.141896480256201940e+00
4.082301399117260199e-01
6.158467374497095248e-01
-1.444955931822396566e+00
7.771948836939700511e-01
-6.096221245496288854e-02
8.630870603307398969e-01
1.035404946623887268e+00
-1.193325187083071226e+00
-3.868843471405669643e-01
8.264593940430232655e-01
-1.546668557798897448e+00
4.048560029391131687e-01
-3.710300241827695356e-01
-2.810897259020990746e-01
1.075681187595551869e+00
-9.128665304029986993e-02
7.927918489227939736e-01
1.384268745110903698e+00
-8.451088417447255585e-01
4.549814399779623653e-01
-2.665229553585012345e-01
7.954621080868490290e-01
1.186579647811384364e+00
-9.192461708729873227e-01
6.775577193120288499e-02
3.580725763051973431e-01
5.076709626394957375e-01
3.063489091015050292e-01
2.971449532912663893e-01
3.458940455219945975e-01
-6.303782733733084287e-01
-1.605888214811579395e-01
-8.441701307957389933e-01
-9.846030410879580419e-02
-6.613080804906897037e-02
1.297890452467300282e+00
-8.713537643813570321e-01
-1.506847068455892946e-01
1.007890581895493742e+00
-8.556311801940531536e-01
-4.938731968525196803e-01
1.122785875131728991e-02
2.554800782088699762e-01
-1.775241068400540134e-01
-1.835812913480619479e-02
-6.486803310941577361e-02
-8.189151405661915240e-02
-2.686847691174007458e-01
-1.259312172027297283e+00
-9.116383226189530564e-01
2.840634943853520000e-01
-5.023862681184813050e-01
4.913206163908642732e-01
4.802053236381519929e-01
-9.870050572854602300e-03
1.735805045387329992e-02
-1.961265198479581695e+00
3.267971012725641167e-01
1.015609643640883686e+00
-9.901744072827847187e-01
-7.845621368636012116e-01
-1.136153339523483796e-01
1.291620982982560339e-01
1.492590557847490951e+00
3.519218194477273798e-01
4.175423704029333494e-01
-5.679456268363817228e-01
-6.739363305588014219e-02
-8.229920927363740257e-02
1.681525893210561173e-01
-6.468240598890425685e-01
-1.459688880505214170e+00
-4.553956667591849139e-01
5.465169205542426134e-01
