-2.003071891492844703e-01
1.999759206434381875e+00
8.367661635200511761e-01
-8.435788841560424300e-01
-4.922320433827284125e-01
-1.054618426290825806e+00
3.613033037386164104e-01
-1.033569584102288941e+00
-1.484068798777800291e+00
-8.085102943867968905e-01
1.141735453040235715e-01
-7.559237771536372330e-01
-5.242992828915254977e-01
-1.945607888395771701e-01
8.149359509212196206e-01
-1.233795503065257648e+00
-4.247617227716448118e-01
-1.381797694965248846e+00
1.875455136563487279e+00
-2.467721413618108706e+00
4.384055860923830594e-01
-6.487422439997880819e-01
1.391190328519223751e+00
5.590733410949116911e-01
-1.731120730956921205e+00
2.268597384063586908e+00
-1.768826498385611679e+00
2.454707390577417214e-01
-4.164838084671667606e-01
-1.935201830638839882e+00
4.471305439431020323e-01
-8.442386406396692466e-01
1.768760702036718646e+00
4.183404311083930294e-01
-7.752499184527537057e-01
1.720263112691453600e-01
-1.705340866943663158e-01
-1.350877155064387658e+00
-7.195984802089421262e-01
6.343195832882712049e-01
6.581669289240866805e-01
5.649416586827198383e-01
1.336107429697002358e+00
-1.670211345552309545e+00
1.391042122147409632e+00
-1.962912143802314713e+00
6.974132365634680419e-02
7.943359819662452193e-01
2.043164284882557358e-01
-4.771885132067396063e-01
-6.941047489208096444e-01
-5.363156190922485633e-02
-1.393910204738446623e+00
-5.229802835354256940e-01
1.176489468179248377e+00
-2.509208828166387684e-01
2.292653348340477848e+00
-1.547301558275735678e+00
2.240112396620000668e-01
5.572563227971349953e-01
-1.831320267798591805e-01
5.883602113110959764e-02
9.347684480324141010e-01
-3.512812540460985566e-01
5.191115273660380502e-01
-5.849555859434693028e-01
1.307394242550070862e+00
1.143497515888599381e+00
-2.127346425558923060e-01
-4.215326477902590629e-01
-1.159385731587409873e+00
8.972983126672072762e-01
3.101021895903803838e-01
-2.078036563928396807e-01
-5.534635331949114834e-01
-8.090237280941031672e-01
-1.489046143785191234e-01
-7.199917930959678358e-01
-1.014998188663328027e-01
-3.541503435417956980e-01
-8.125685264138098329e-01
5.424020877599450285e-01
6.682962714380068225e-02
-9.741714174198065623e-02
8.405143014166776005e-01
-1.894232245614877186e-01
3.695959865609883543e-01
-7.749512968574321370e-01
-3.714378928702404270e-01
1.686778017273657060e+00
4.746861973483501029e-01
3.075915769874745243e-01
-2.831956269063287679e-02
-1.491434340043111817e+00
4.340105805307072073e-02
2.380130337798086471e-01
-6.639622441835590916e-02
2.014948986826023969e+00
-9.384691742624655664e-01
-3.066874313920843476e-02
6.602278875869920238e-01
-4.264483613502768611e-01
-1.430203709119652888e+00
1.506293042905545221e+00
9.335552943153240246e-01
-4.975653581893757504e-02
-1.214189885547349412e+00
-1.539538629167030992e+00
-8.803129798428467323e-01
-3.964054483550413233e-01
2.622698721293920121e-02
7.921851009278408906e-01
2.561385487013590478e-01
-1.629970754662746213e-02
-3.896402162797632518e-01
-1.550201032933923306e+00
1.260938296278329318e+00
-4.086414054466452894e-01
-8.346290189705496410e-01
-1.232609982187944153e+00
-1.293571376439543341e+00
9.061865466267635671e-01
-4.024269256740585221e-01
-9.444494183262451825e-01
-4.863943234380930236e-01
-5.768445015965466549e-01
1.853786043729220845e-01
1.153883212495363936e-01
-1.765612847044578659e-01
-1.070500262262745750e+00
3.098225116786763045e-01
-1.558841363952657488e+00
1.583518194698562365e+00
-2.466006508126816321e+00
-1.861544416459071538e+00
-1.376676706204157608e+00
5.902328830713887697e-01
-1.252272154993791187e+00
8.477075839656418310e-01
1.107794305742209051e+00
-1.329440898638374613e-01
6.599727229775698145e-01
7.098704744220517282e-02
1.049595071090269949e+00
-5.177161508934552403e-01
-7.193848859070004487e-01
-6.954827258594025174e-01
5.318144458022255883e-01
5.678448792308961046e-01
-1.429948107279597647e+00
8.817493328218375948e-02
-9.125148554230324560e-01
-8.862977483264735667e-01
-4.654937140632601222e-01
4.131142254237495925e-01
1.005414101700590424e+00
3.726144249615561121e-01
-1.874472212850265107e+00
4.303711146307621638e-01
9.848943648504172588e-01
-5.815153035628171097e-01
-2.259975366443064404e-01
-5.525285121402313537e-01
-8.580925941234046617e-01
5.918265537228146744e-01
2.673521237272605822e-01
1.185475164176625462e+00
-1.442509911974203973e+00
1.036144796190219042e+00
7.208841745812917257e-01
5.617509394788002819e-01
2.971167627739210726e-01
1.800187213813185250e-01
-4.573792299571917130e-01
-1.169702671778263675e-01
-1.473177002043175809e+00
-5.444411041211865143e-01
-1.638882600524092514e-01
2.688937801328916133e-01
7.921856333718588772e-01
5.525605431055269356e-01
2.117073772513339280e-02
-1.862490093868966745e-01
6.260609241783632317e-02
-1.562792824366646238e+00
6.554326230591303593e-02
-2.811994481845265237e-01
2.450794681837824285e-01
-4.009051074518355517e-01
-9.369654817122928803e-01
-6.217021806114511606e-02
-1.614594566302109513e+00
6.100989219907486660e-01
-1.579369336086288378e+00
-1.959702590528151767e-01
6.605072239060191808e-02
-5.504259141042300296e-01
7.288037119376747364e-02
9.902815063444911914e-01
-1.213080167075674787e+00
-8.647255496346348824e-01
-7.900934760540349044e-01
1.426776942632459910e+00
1.484192630429688187e+00
1.775425019173150765e-01
1.774437271949969031e-01
-6.665126798121251417e-01
-1.190265419227334087e+00
-8.709081644359939478e-02
-3.487325461358942169e-01
-6.491342330472240629e-01
-2.990636003783491703e-01
-9.089166156268084773e-01
2.829473919600636322e-01
6.351656163998478100e-01
2.956122347980308374e-01
1.763616114898117981e+00
1.531960304101747994e+00
2.686679056280926181e-01
2.139352692248461807e+00
-1.331898157896915791e-03
3.970089331212779404e-01
1.390107103733916993e+00
1.600940850614660738e+00
-2.216444034313048705e-01
5.237877355659891210e-01
-3.765737765767542267e-01
5.379984684998826427e-01
1.044849152086438249e+00
-1.919726905047747234e-01
1.197675755564117317e+00
4.557835778504498170e-01
-5.700585308225930570e-01
8.587131061355237627e-01
2.685744160546460479e-01
3.768399675421530426e-01
-4.063272492136266179e-01
-2.073802623965302350e-01
-8.376564895932561150e-01
8.187625219762221240e-01
2.415633873950971122e-01
4.315175229381473798e-02
-1.342361151435558231e-01
3.382137903521041933e-01
-4.374008831170129730e-01
-3.032389856263237871e-01
-2.753256766796066124e-01
1.232920963114342294e+00
2.168260190650714292e-01
-1.514247678922393092e+00
6.797775935727123908e-01
-4.503316849357771323e-01
1.916112269542418201e+00
1.738988443440897536e-02
6.331936887375630985e-01
-5.609273228869616768e-01
5.004883287909898115e-01
6.454194560118025059e-01
-1.025982519931997627e+00
-7.300291177451049274e-01
1.516533350022197801e-02
-6.245539168717777478e-01
-3.730648266098159915e-01
1.492408462957666160e-01
6.427810849349018252e-01
