3.183600292475792237e-01
1.067072332941548352e+00
5.492765108773598470e-01
-9.149632811881872607e-01
-2.590550851478317651e-01
-7.444002092118620073e-01
-1.717155615226291232e-01
-7.077820294866032924e-01
-3.428594725712149072e-01
-3.498547219971633315e-01
4.585468483065795464e-01
-9.901824961440042205e-01
6.144949198671737500e-01
-4.065687310248117803e-01
3.170647595080268166e-01
-6.032430677565777666e-01
-2.718083233512770813e-01
-7.744549203952465488e-01
8.132338364701212630e-01
-4.301899179813253316e-01
5.533936434042091568e-01
-1.229855776937550382e-01
1.066511516112755631e+00
-9.271500577331215354e-02
2.311855932296600358e-01
7.129832818612454881e-01
5.206118563401216370e-01
1.693643056414503856e-01
-2.266890248786900264e-01
-7.922976540600620288e-01
4.355729406050092845e-01
-7.900638728073783312e-01
7.613348819271710255e-01
-2.133777356553242244e-01
-9.557254020678088713e-01
3.612543460475962087e-01
6.698580769848724303e-01
-5.327763778040490728e-01
-4.176386485423422834e-01
6.322412855449415225e-01
9.851414333058676753e-01
1.296481992599117228e-01
8.964942742197775649e-01
1.847077096772936911e-01
2.354355303900369512e-01
-6.275260754857377998e-01
-4.038696798722822834e-01
3.561109162134619144e-01
3.473465233728753598e-01
-6.843688383899975136e-01
-8.075083804767574369e-01
-1.523351101931363916e-01
-1.336851515521472855e+00
6.031009479437048348e-01
8.128092702988515272e-01
-8.082418708865337642e-01
9.515974363686937609e-01
-4.858265153040737250e-01
4.672111444174826822e-01
1.365707257447445755e-01
1.024818144213057725e-02
3.930508601367596055e-01
2.911745531927123487e-01
3.535758384719940306e-01
7.290391539053743264e-01
4.059811896855983759e-01
2.005612722448488205e-01
8.957317793398259509e-01
-9.126478155967698846e-01
-2.372962368637684116e-01
-8.372158199367093490e-01
8.748007709078766680e-01
7.506369553498576375e-02
-8.575535038886443473e-02
-2.495338881399096209e-01
-5.734089440348083544e-01
4.100283531019691674e-01
-1.348593463215066901e+00
-1.942855804029061662e-01
-1.760661257821625192e-01
-5.135605895725484649e-01
8.291247296983815795e-01
1.403858776610709125e-01
2.654792958541120351e-02
8.993857258224999818e-01
5.122645477277837367e-01
4.546984457631654264e-01
-5.743394535271117984e-01
-5.538029424548702728e-01
8.141910687849528427e-01
8.939164101884911062e-02
-1.033270533325460483e-01
-8.012497705508043744e-01
-7.161011368238507924e-01
-5.052748913415694432e-01
-2.190541852772559528e-02
8.328660288028869596e-01
7.749547672547755228e-01
-2.634716569980330991e-01
-3.627226975277949017e-01
7.252938065470868612e-01
-9.138627749290714197e-01
-9.742984993952203965e-01
6.087842897021984445e-01
7.888514780093954792e-01
-4.196032763241684393e-01
-3.002465952529912996e-01
-9.070513492118618126e-01
-9.321658643507370057e-01
-5.642447315012537601e-01
-8.036550839845160721e-02
6.635878059945725660e-01
-5.230426014889888453e-02
6.757145905080256254e-01
1.931421963678172371e-01
-5.097701226459431245e-01
6.426558207814183632e-01
5.238228387859541479e-01
-4.809885708577477659e-01
-2.817364335480714299e-01
-8.799891617198047911e-01
1.980180461708600237e-01
-1.992606868233283146e-01
4.755731022149400911e-01
-6.700550968678020691e-01
-3.197188154049497855e-01
1.975511149369745256e-01
6.358522300595106369e-01
-8.726620286423943940e-01
-1.137016865605733340e+00
6.734154396927153341e-01
-6.931649249006862634e-01
9.086735362141509231e-01
-6.357699359357059654e-01
-9.474871821878153577e-01
-1.226775506209702771e+00
5.962365905896378493e-01
-6.619110174115188094e-01
7.213964849290440684e-01
8.644089547725358758e-01
-7.855268115186502254e-01
1.111862283650884464e+00
-2.271482530004436673e-01
5.806718818145223393e-01
-5.441466327582620277e-01
-2.980770870568761888e-01
-2.944549224939271292e-01
-6.805280776337404580e-01
9.898020481988778485e-01
-3.947272009105289858e-01
2.533190672511366204e-01
-1.000224493356968614e+00
-1.849819754643974301e-01
-4.569128720938125943e-02
2.404236201509689363e-01
1.203294977184923287e-01
6.013937472221907443e-01
-4.383159494565160297e-01
8.609540648443640698e-02
2.287060415841815908e-01
-5.132778380952982555e-01
-3.659229206445911986e-01
-1.836522302582910271e-04
-2.964985719598521863e-01
7.092493626985234556e-01
5.206648973861960350e-01
1.323221187421661948e+00
-7.360927884350593198e-01
1.431929900364004027e-01
3.458638551574702569e-01
2.824801423517463439e-01
7.033256895992002766e-01
4.196608396633266236e-01
1.006982714032336051e-01
5.488463875337677988e-01
-6.560664849993781411e-01
-1.203977339518723877e+00
2.398795096297613033e-02
6.240886486977610392e-01
9.049033905049881366e-01
4.653262492036858156e-02
1.596119594452757029e-01
-6.296278997138803346e-01
2.543884821365847149e-01
-7.462073215285968120e-01
-4.977197218715645466e-02
-8.552250431486261295e-01
5.588596254391324791e-01
-8.643790925561845029e-01
-4.270207852585803376e-01
1.335839841296414532e-01
-7.653952683127306367e-01
7.225131677295802968e-01
-7.533970775742876436e-01
-9.444332809333363388e-01
-1.586896569621587816e-01
2.227186688219901234e-01
1.627668933772652149e-01
-2.679886763596410759e-01
-1.890953271424310467e-01
-1.584289349040030048e-01
-3.323249449720468429e-01
7.743845520106180658e-01
1.040832615846477793e+00
2.638732625839150803e-01
5.641638970473814574e-01
-3.577131083785585752e-01
-9.250706299967595969e-01
2.354537040472793330e-01
-1.339391833653399644e+00
-1.303014115224862546e-01
-5.853882222473320018e-01
-7.460629402776447483e-01
-7.125933763582116276e-01
8.484921206149083073e-01
6.420160657438895857e-01
7.916529335585201776e-01
4.864296205930696004e-01
3.987098731237344040e-01
5.893692335687242823e-01
-6.244756785565329649e-01
8.143025627044220283e-01
3.998272949223647954e-01
1.078513482118391931e+00
-4.975901703604956872e-03
-4.482712354658913156e-01
-8.353040437631966686e-01
6.387252113088164318e-01
1.788001788119949753e-01
-2.810864828733982690e-01
1.690055047621026874e-01
-6.657770801660813920e-01
-9.997072527993131619e-01
1.041084681857594507e+00
3.212796878752284813e-01
1.324481351483006719e-01
-3.163361478504740365e-01
-4.199991463211312226e-01
-2.736920398575237723e-01
-2.336933420432181774e-01
5.626782817322344421e-01
4.962782160205366777e-01
-4.436700926461932815e-01
-7.368063274949055996e-01
-6.600337900913769706e-01
-7.201348031209475753e-01
-1.711866586945055280e-01
8.041259981766154530e-01
-1.733181039308905325e-01
-1.013146899646938826e+00
9.850976003511642265e-01
-3.230732056657137363e-04
1.024023668992589231e+00
3.038121097703326556e-02
-4.548389536962350876e-02
1.493219150190750744e-01
-2.608347762166722816e-01
7.427986738931962041e-01
1.401031963761624755e-01
3.100158618288101353e-01
-5.489253381065194448e-01
2.522912738092633611e-01
-4.351947837230160099e-01
8.384341215992795471e-01
3.743488260044658400e-01
