-3.369124822625834126e-01
5.793960493604434214e-01
1.447821724085379402e-01
-1.125359907970132411e+00
-1.237312866148703616e+00
-5.117900422165810176e-02
-3.843511922908726675e-01
3.854348286696948067e-01
-7.529020424029241321e-01
6.860136857714104197e-01
-3.368004945484953661e-02
-4.773061334257503452e-01
1.097579261533694561e+00
1.242124344184586837e+00
1.966497242726841232e-01
3.038933978100680222e-01
-1.356714985359040337e+00
4.632295180273915958e-01
-5.974470021555648991e-01
-1.376983270782750957e+00
2.182706463013008302e-01
-6.441597678479797917e-01
3.065900247710837134e-01
-3.002018341078049879e-01
8.564101448232377400e-01
-2.215369752558649097e-02
-7.805253631043560514e-01
3.402363234826627503e-02
-1.107894422826448261e-01
-6.819173336769188687e-01
-1.974123088822995198e-01
-5.554048386472449916e-01
-6.979401944347800590e-01
-8.435015280692110817e-01
-1.189711631818858861e-01
-1.388392568996261067e+00
-6.871621234294931213e-01
-2.003936431065816981e-01
-1.285548455282893965e+00
4.974631597402396910e-01
8.329483188432740270e-01
-4.746391079414488123e-01
-9.066094120642410603e-01
-7.101198207422902975e-01
1.831259111275093943e-01
-2.832007474031522642e-02
-4.095540757815647748e-01
3.907874602923840368e-01
3.492876378990219521e-01
-2.535233412609773085e-01
5.646441473297845182e-01
-2.663690470183611714e-01
-1.013046017065243998e+00
5.020326356412512236e-01
-7.468647636735000761e-01
6.783363180593624531e-01
-1.280204139764245852e+00
-5.932708736795964111e-01
-2.300439590934468259e-01
-2.795684844753596465e-01
-2.624854546028574931e-01
1.228163954992497198e+00
-8.060498904745249105e-01
1.276093788298403364e+00
-9.307419334559563495e-01
4.986016071773592406e-01
-1.268357078247272618e+00
4.169771256023103723e-01
1.672653159880477802e-01
9.012021182107716744e-01
1.752262109696952341e-01
3.025652667858585998e-01
7.112806380287145513e-01
-4.468849989788559185e-01
-3.478882809654299524e-01
6.490170188020472075e-01
6.746502473844432357e-01
-1.580053213247146759e-01
1.114509986150536980e-01
-4.226672903114948032e-01
5.154799657605837471e-01
-2.481094860759411880e-01
7.615526882967867950e-01
2.995450161373527931e-02
-8.143703283376382274e-01
2.129988140819099041e-01
3.938294112353959431e-01
-6.405759971079774129e-01
1.978102423476291172e-03
8.281612923012338090e-01
-1.585245995147926690e-01
4.930598758021587091e-01
-4.695786432339468797e-02
1.094393621972053060e-01
2.978497255089158635e-01
2.312056668426561712e-01
-5.708443998121858209e-01
1.266693026817401924e+00
-4.475824985285626334e-01
1.332372542953613737e+00
1.024777768073080519e+00
-1.121995737481088051e+00
3.288911175087687044e-01
-4.853888638880368700e-01
4.602840150863121704e-01
7.578721315942389403e-01
3.497901185562091175e-01
3.061592108246830590e-01
1.064657038716366078e+00
-5.252417636995425632e-01
-4.207108946203076405e-01
-8.051467188563682376e-01
-3.233953660016712917e-01
8.196416736493302713e-01
-5.858186735808356138e-01
-3.692230542286520367e-01
-2.128069910936279951e-01
9.912931683976436981e-01
-5.940252981214901862e-01
6.708996452322280035e-02
1.004064185004186704e+00
2.826547144265450506e-01
2.998392958456345125e-01
1.068318811839552573e-02
2.100015761701239381e-01
-1.563430493339557636e-01
-3.374161166609506157e-01
4.697980278838454482e-01
-1.276804359998195415e-01
9.583335763183224998e-01
2.266558124036467392e-01
3.091818795711537282e-01
2.481802184635342190e-01
-2.529320529374856075e-01
2.702208509388164814e-01
4.701886580641638225e-01
-1.406389206702143013e-01
-1.930204635873658814e-01
5.987753490444038817e-01
-1.161551117266008237e+00
-7.058647776126947271e-01
1.393445777333894853e-01
1.949239510107009521e-01
-4.637012250313242712e-01
2.633303568676397810e-01
9.979273548058248400e-01
3.262463938704888156e-01
-1.777743106152184505e-01
1.046172690486773638e+00
4.390829355629899400e-02
2.786236199545089054e-01
-5.694584008087568705e-01
-8.257072112500094541e-01
5.021861807077350193e-01
2.587912306847922617e-01
2.997413509858890546e-01
8.765419895805256489e-01
8.040139372960513064e-01
-1.237204277264225272e-01
-5.230135410929138695e-01
3.127891555374068266e-01
-1.067863948362333781e+00
8.428054122526743575e-01
9.256172750267471772e-02
4.640594440535756871e-01
-1.692980042375291927e-01
5.882839910293894414e-01
7.072389678587189810e-01
6.984997507896577584e-01
-2.196463011024723799e-01
-9.407316636802834919e-01
-9.937262068320134034e-01
1.126172472302650940e+00
-2.312162820938123420e-01
9.880626658130937656e-01
-3.645834035526046568e-01
2.879847117126073108e-01
1.077094366454022234e+00
5.873267011114619018e-01
4.261244448524796335e-01
-3.925891044893042858e-01
1.359678806152940789e-01
1.012576762365923866e+00
6.735397572098693608e-01
1.024570708628562254e+00
-4.610209374190585296e-01
6.520398154180730987e-01
6.137166434771704759e-01
-9.289941212005025095e-01
-5.589577066515925008e-01
-7.462727685302583680e-01
3.253990395695106064e-01
-6.965830452459308431e-01
3.358908026577401840e-01
-3.829016055738864166e-01
-7.203340852883785561e-02
-1.392715802431759187e+00
-7.119034546445248690e-01
-1.944504855987751746e-01
3.262136233306804911e-01
-3.333975762044363855e-02
-6.837428921531507608e-01
6.912851785079572320e-01
-4.422933420460561371e-01
3.391426154294710504e-02
-5.885894622473288873e-01
-5.825675689925916556e-01
3.668169979934927105e-01
3.521029438498218811e-03
8.715578033818432990e-01
-3.438069687062917518e-02
-6.773999798555425667e-01
5.040809204449251402e-01
-4.940334665486658117e-01
4.894287106659662157e-01
-5.635510144965270030e-01
-1.133425007674202289e+00
3.180815993428628974e-01
-3.248492070364256135e-01
-8.560445252431760910e-01
-1.143636933303532999e+00
-6.219306556907274741e-01
-8.917377689947053598e-01
1.219067024364733076e-01
6.905668331603298515e-02
-2.528170224275841926e-01
-5.856404430534147831e-01
-5.911975590333784503e-01
3.911850533624007809e-01
-4.473602757508645666e-01
-3.297570763232028357e-01
-5.750855421641085652e-01
4.352698610521270606e-01
-1.649957617466230042e-02
5.028866058665015792e-01
1.108926942724139719e+00
-1.005048574575207743e-01
1.200596509399281253e-01
1.900303070410052364e-01
9.858484166918002334e-01
-4.343260063394169257e-01
2.211847916821471360e-01
-4.032938748053847555e-01
8.934132515419128673e-01
-1.157531028094122449e+00
2.599569028475126053e-01
7.129141005554864852e-02
-6.318186158917395989e-01
5.169266410466055728e-01
5.520812767169716029e-01
-6.819494366821687859e-01
-1.144337311205326779e+00
-9.890829357007792089e-01
4.724374353220539002e-01
3.617461116921720787e-01
-4.318286882173038022e-01
-4.240003858753756960e-01
2.883527809679443665e-01
2.486665812183379565e-01
-4.662264145634031909e-01
1.043975289607967483e+00
-5.983932924636937711e-01
8.664724344700436287e-01
9.286734519863585335e-01
-1.733147577047573495e-01
