2.224091580669624868e-01
1.224914515353422662e+00
8.106782501188288803e-01
-4.605597138594988982e-01
-8.693980476628766496e-01
-8.436537890772061177e-01
4.446005150003302098e-01
-1.138564886216214989e+00
-7.188269007637229091e-01
-1.627578754254365712e-01
2.552242449741507491e-01
-5.549097420140020054e-02
7.933422920041600657e-01
-2.957210776818350317e-01
3.559904309954639579e-01
-2.497819214751614281e-01
-6.518584353764506067e-01
-1.586440463952784596e-01
1.053687591476073493e+00
-1.201015025108934653e+00
3.007131653922625603e-01
-7.486701378490865366e-01
2.267603905208131820e+00
-2.439763968701322838e-01
-6.207684586198443100e-01
1.697554439590879261e+00
-5.976739570934807011e-01
-2.701498044747296934e-01
-4.187294638798304547e-01
-7.607920470364590848e-01
6.058076299065884296e-01
-6.948923616865818609e-01
-1.109094173152507801e-01
-1.642087639201338656e-01
-9.125822702236401351e-01
-5.893298315382344138e-02
2.587423112257470903e-01
-1.202017646185785216e+00
-5.955932168581976605e-01
1.268159031080829946e+00
1.194318257598304456e+00
7.037077233046996616e-01
6.724353427109646120e-01
1.319301580114743966e-01
1.806867544078720744e-01
-1.014856559925171764e+00
-4.544802897365367023e-01
6.840823290021151859e-01
1.454581977171647000e-01
-7.074272940261492337e-01
-1.162378522292063288e+00
2.508609513539066249e-01
-1.125991378958770106e+00
6.714294842301793409e-01
1.004358101248927104e+00
-1.444913820083949529e-01
1.434522839676936945e+00
-1.412315090514567828e+00
-1.128934388698997759e-01
4.172715685624265869e-01
-1.858620800712849908e-01
1.036972715121575517e+00
1.835515373267721517e-01
3.902082562276800171e-01
-1.585393429803523269e-01
3.153454023059092948e-01
7.070706436667059114e-01
1.117992766291813655e+00
-4.665574398175594828e-01
-5.790522752376197069e-01
-1.833649471392163832e+00
9.589177790222733755e-01
2.187538229407551826e-01
-7.775482602909944418e-03
5.257524071639483321e-01
-1.128142779517732119e+00
4.997322978519549430e-01
-1.156454354369895521e+00
-3.906039140903136975e-01
1.653026684962524695e-01
-2.108436893851537153e-01
9.164311451834721289e-01
-1.815943172384809623e-02
6.187308390912945599e-01
6.679531487662783151e-01
6.523552797542097048e-01
1.294918735799031051e+00
-9.240911347901855644e-01
-4.185389288592820667e-01
1.348322216547628960e+00
-6.863588504776416688e-01
3.765091581430561329e-01
-4.072945778961238883e-01
-9.012699614574943840e-01
-2.340470955301323097e-01
7.206225940259214369e-03
4.758245559261348734e-01
9.822004778917526879e-01
-7.656342887884025616e-01
-3.114159094909484393e-01
9.974545514937417368e-01
-7.019983861002431214e-01
-7.455529736472719105e-01
1.428384790890764755e+00
9.956583420914661975e-01
-2.976562309057828593e-01
-1.790834780251923775e+00
-1.538851877134544077e+00
-2.852053450194535489e-01
-7.060445088711498896e-01
-1.835374033497392254e-01
4.374160889869306290e-01
2.174638948904346336e-01
1.060176086561859909e+00
-7.743480186457496472e-02
-9.465753256196366427e-01
5.069986591973292267e-01
-4.375985634684435022e-01
-9.020274433517472268e-01
-7.568603580954474941e-02
-1.325698316059039872e+00
8.167342853979123740e-01
-2.519879356990284425e-02
-1.072937912952417916e+00
-1.128669827742988518e+00
7.621520035965276274e-02
4.951556292652555813e-01
1.270768372925777934e+00
-1.073676614944853114e+00
-2.923192711328734816e-01
1.751771370147637175e+00
-1.133552121583366601e+00
7.013582486168383756e-01
-2.147293019536168912e-01
-4.956658499759668546e-01
-1.009173275806366732e+00
1.560478807783431288e+00
-1.610800796030695814e+00
1.335924650058113228e+00
1.587187551485650605e+00
-6.907625218020416735e-01
1.173604382995536266e+00
1.001684784191208821e-01
1.177388913049561614e+00
2.974408842411878084e-01
-4.180029081825004100e-01
-1.029392544039728241e+00
-2.075804821581449799e-01
-2.346154445535973132e-01
-1.478983533007449447e+00
9.955446010739199547e-01
-1.331863013796715567e+00
-4.622969261370151184e-01
-8.050530847836978587e-01
5.413927691782778329e-01
7.008918369544258065e-01
6.445480320637289040e-01
-7.981885249249007774e-01
1.539992617443884937e-01
1.760915579767100003e-01
2.321028638230597241e-01
1.923991704137147096e-02
2.271696563881873965e-01
-1.159227120886221707e+00
7.857419931920664458e-02
9.889282955832066069e-01
1.306800668084358907e+00
-9.383975215298483441e-01
1.155535949464507883e+00
8.303780510664876546e-01
7.441950361674398717e-01
5.433177457618080242e-01
-3.075701172129552963e-01
9.967341674829774401e-02
2.335338284887340243e-01
-5.434407934901612780e-01
-7.835715871374964170e-01
-2.142716746556216079e-01
5.598264703325837033e-01
1.362085133066712528e+00
-3.325436031025674199e-01
9.472686925333216879e-01
8.795377358166074633e-02
3.667001877990164194e-01
-1.542874601771547782e-01
9.852005996526552734e-03
-1.791744103866785287e-01
3.597556049329271866e-01
-8.637284085497946018e-01
2.501930482947204576e-02
4.212800029003430091e-01
-3.994342815727237039e-01
9.486278978077691271e-01
-1.113687695754899343e+00
-7.778206891927730293e-01
5.165926611437358096e-01
-4.615275318668884963e-03
4.704193129817870744e-01
6.191216777042446440e-02
-3.177188487290273367e-01
-4.236889466370331592e-01
3.750822413287389634e-01
9.011036530783226306e-01
3.810641885690378428e-01
-1.634495686249693158e-01
3.334820217518850716e-01
-4.266592491118523789e-01
-3.971692867395770765e-01
-3.382398091742540025e-01
-1.397954709504179327e+00
-8.333132282078132835e-01
-7.052816610257245378e-01
-1.873009373143280198e+00
-8.624503098433520254e-01
1.948557515030757692e-01
6.829188047544862972e-01
1.219637728965191625e-01
9.033804711433710555e-01
1.019139326986328919e+00
1.834086609905494658e+00
-3.441385768800375722e-01
8.356959844197373588e-01
7.996111185461709514e-01
7.342877531545124459e-01
3.226370054293954404e-01
-6.024024924443964757e-01
-8.031268248643502750e-03
1.222925989002934033e+00
-3.058426687793147636e-02
-4.391248453538271757e-01
7.280706807245397316e-01
-9.048761308060685460e-01
-1.115293757945557074e+00
1.110635889743191607e+00
2.210252877711140485e-01
2.068394666230741752e-01
-6.158375614438468260e-01
-4.866555314316836078e-01
-1.621019682164176745e-01
-2.443992654464967051e-01
5.199703479236993386e-01
-4.627206507783357403e-02
7.286914728780056194e-01
-1.671415967729663166e+00
-1.860559796511562780e+00
-1.657553080492010666e+00
-1.013637076729730024e+00
7.808726555529723612e-01
-5.623399045091796999e-01
-4.998776966893341278e-01
3.595183271406810488e-01
-2.913447985832360865e-01
6.938975093448527254e-01
2.889357668140530855e-01
-6.905965332333597884e-01
4.352512999614520373e-02
-1.387709353739975671e-01
4.096512502990403704e-01
-1.009240001757529148e+00
-7.822281911795099241e-01
-1.638216473299123344e-01
8.384481464125553840e-01
-5.452059746753067371e-01
6.191290481533330281e-01
1.598022823624915267e-01
