-1.380206628226282317e-01
-1.010687973246827687e+00
-3.603887117049768551e-02
2.199783652416535118e-01
-7.528019115192791100e-02
-1.599879913892618410e-01
-6.785812449743411356e-03
-5.161184454482125039e-01
7.253938728273645609e-01
7.949915264195106523e-01
9.327318597353712049e-01
-5.558473706718601859e-01
-1.173934936990634004e+00
-7.451355453680290619e-01
-1.274185216379978502e+00
6.111541120434382801e-03
-7.157414205221940273e-01
1.299606201758714219e+00
2.537259904710527092e-01
-8.756813688123293860e-01
-1.622781532611239919e-01
-6.410595641997394178e-01
3.549232607589216659e-01
-6.408800976025974538e-01
4.043568283690258669e-01
-4.412262136705125126e-01
-4.409351335804872485e-01
-1.890541584865892633e+00
-7.932981805996542901e-01
-1.448500381093753009e-01
-1.003421257008586753e+00
5.977034239636126456e-01
-5.352296249471172329e-01
7.642555071886498741e-01
1.298018702164041471e+00
1.615938570413854025e-01
-1.878770875167434795e-01
1.194146760865872070e-01
1.128774175565074381e-02
6.501449535576397931e-01
1.669228631912247907e-01
9.111451804150830780e-01
-1.179464638806210885e+00
-5.902886408625611647e-01
7.233005031910210159e-01
2.564403245385156738e-01
4.686108567469470798e-01
7.433697043213983724e-01
6.099912183874894867e-01
9.156893601251631098e-01
9.669801049447629415e-01
4.717192367235956141e-01
1.107848798881222452e+00
8.445925801499125640e-01
1.858209599131981360e-01
-7.408733845476180857e-01
-8.703725183479920080e-01
-5.773143217149184769e-01
7.712092697445518397e-01
-4.863152224601667850e-01
-2.829462738840873293e-01
3.880411895114326271e-01
-6.930117812866899429e-01
2.206925649745289653e-01
-2.341968582959798872e-01
1.247470324724893331e-01
5.937686706820006766e-01
3.216147857947036504e-01
1.460702351311043978e+00
-9.640789107523133339e-01
-4.802710710276296147e-01
1.117235496005160034e+00
5.832885977539303823e-01
-2.248211195638741833e-01
1.687354270968273173e+00
6.662403490112009941e-01
-9.844908830636938113e-01
9.045052083348544825e-01
2.356401053348996522e-01
1.707778893678458809e+00
1.748405389288266276e+00
1.595944972226286396e+00
5.482013647638639409e-01
-2.832359440379418336e-01
-4.294501148189340811e-01
7.207062695764681060e-01
2.019672982605755784e-01
-1.307701443584719625e+00
1.383629373414594577e+00
-4.982257904516760316e-01
5.430566417357062248e-01
6.811846095935621959e-01
7.028854635989778554e-02
-4.129260951846236427e-01
4.638603242354035761e-01
-1.787732475936538445e-01
-4.560495088135756436e-01
4.404228518586632002e-01
2.420493001563023827e-01
7.102570698085911571e-01
-2.519297941880428993e-01
-4.190011099810427297e-01
1.241254042812187430e+00
-6.581947502144849804e-02
1.160512401423839712e+00
1.166443277620040186e+00
2.151415335266755602e-01
6.118497377838968410e-01
5.210651546964887304e-01
-1.113854554533249885e+00
-6.733934571449544659e-01
-3.693690690841898716e-01
-1.343244984576114742e+00
1.563245148940174634e+00
-2.073466301742269979e-01
1.634507444589589076e-01
-1.385482912680362499e-01
6.221666273505277456e-01
3.301150343813966659e-01
-1.120510582556025536e+00
-1.186245780709618725e+00
1.330533298721054747e+00
-3.393043902279480051e-01
-1.160248645749631935e+00
-5.576994348560884163e-01
8.438826239320724731e-01
-8.323233941042013084e-02
1.770553629892261394e-01
6.987827829411465963e-01
4.132015192328993280e-01
7.167797683526508368e-02
-1.148544816634197996e-01
3.373823876724725834e-01
-9.276508989917530146e-01
-2.709040550144022896e-01
4.273493796029068093e-01
6.119981194768063792e-01
-1.619924652521397557e-01
-1.206034120758390449e+00
-1.017035349740642164e-01
-7.528431311891601307e-01
1.163550985823911699e+00
8.814323702357504398e-02
1.378251221834664308e+00
-3.161418351831053464e-01
-9.897228087621734449e-01
-5.784152325044266130e-01
1.281256942053085268e+00
-2.655641886231648874e-01
-1.230203045421994101e+00
-4.894322715353106590e-01
-1.356717607993024322e+00
-5.199212541664829379e-01
6.005783540719906721e-01
-3.199183364951949660e-01
-5.513537992450201486e-01
1.261928552448915442e-01
-4.154086580815892771e-01
9.508705450069421250e-01
7.399282671515049481e-01
-7.791473667199095843e-01
-3.790558998494349408e-01
9.563949377662763762e-01
-8.342577159533033360e-01
8.434963672748928554e-01
-1.090006482913936647e+00
-7.389189719946948065e-01
-1.392184860582585726e+00
-4.242791287060271865e-01
-2.176332758685779190e-01
1.825857593019702407e-01
9.991228896022507078e-01
-3.189454929392727123e-01
5.472602006245975703e-01
-4.519966523526847690e-01
-4.950572736745001978e-01
3.553581168085869213e-01
-4.933657719354433979e-02
5.770443584362517919e-01
-7.118150411759759377e-01
5.206716862307679827e-01
6.894459421980054792e-01
-2.194534492224641475e+00
1.326968256233415522e+00
-6.321464256760769285e-01
-7.536026891452745069e-01
-3.596773130391278661e-01
-3.895523526531594616e-01
9.635765844301622529e-01
-1.156441274697051158e+00
-1.088924000017035043e+00
7.185125896087778408e-01
-3.806434066544279737e-01
-1.284416568897499111e+00
1.715697043424374846e-01
-8.477248641753492020e-01
5.111274288501906904e-01
2.499844180072399724e-01
4.293627484219942891e-01
-2.700953873654620696e-01
1.340506243460783398e-01
-2.520888269713021379e-01
-1.304438800025203848e+00
-6.731787165858047484e-01
-1.257654598144447800e+00
-8.923469094618752262e-01
5.082726492940531360e-01
2.132888085049916005e-01
-2.576923465756111864e-01
5.445174803466583668e-01
-1.906753030272895499e-01
-1.161084439657257716e+00
-3.150649271104867533e-02
-3.026789141474255374e-01
-3.459821808402842036e-01
4.123034660003597751e-01
-8.405975393514130145e-01
3.700785393647710309e-01
1.207924720575552779e+00
9.180842757270372134e-01
2.184514426534411302e-01
2.903149086262489242e-01
7.094721415274993781e-01
1.295671399821570979e+00
1.599436108378035626e-02
1.149766480696285731e+00
-3.569648190288102207e-01
-3.707575586422798275e-01
-1.274753349484180731e+00
-4.674657044304794118e-01
-1.608458639050747152e-02
6.173754240669071525e-01
6.637678268936612058e-01
-1.163183241694554004e+00
-1.495878774254266741e-01
-7.652092279821177678e-01
8.036189198811169998e-01
4.470138286144510475e-01
4.306006816504537316e-01
-3.043267349423547374e-01
6.900132673900665203e-01
3.203050899600444756e-01
-8.146359831453843237e-01
3.493920152637789434e-01
2.853906406713493382e-01
4.980709223803794217e-01
8.710068581284222677e-01
-1.208134137681398101e+00
-1.861584688310316649e+00
-4.770232166234095184e-01
8.511988762372175721e-01
5.979523917300912927e-01
4.434773789884925432e-01
7.094064088845404292e-01
2.339267709101842674e-01
-1.377225379037283703e+00
-1.410729567580219168e+00
1.285737289977087749e-01
2.290851417898329967e-01
2.017165683988002001e-01
1.100402527235995853e+00
-8.362384627071054455e-01
-1.417691524140953341e+00
-8.063345100408159105e-01
6.827909232256430538e-01
