-1.080808008569740686e+00
-6.559700404987639510e-02
-3.138073612510255961e-01
5.445379069220627199e-01
-1.754506762591818703e-01
-3.448181107386900091e-01
1.072752969463617756e+00
1.359175143816220843e-01
-7.675581617277599245e-02
-2.085590431828994173e-01
-8.048282004693492198e-01
-6.152652299407616043e-01
1.053596176983718991e+00
-1.781143161574191280e-01
1.117125014257176918e+00
-1.519167843663216777e+00
3.372972181142357417e-01
-5.012003372339496332e-01
4.710243111434069263e-01
-9.914846847842700983e-01
-7.017880049820278687e-01
-8.632097574292111331e-01
5.648603449730469350e-01
-6.390710237088466084e-01
6.384578764366983794e-01
3.605101906925258781e-01
-1.643485215114850462e-01
-8.098637355121210968e-01
1.280212813362199498e+00
-5.665452880191343965e-01
-3.994913113217029577e-01
-9.737655943956916027e-02
7.978006509896796716e-01
-5.163230200957249494e-01
3.531604428656049399e-01
-2.221999328326040302e-01
-1.177329596318760663e+00
1.052157665277305920e+00
-3.855712434334087613e-01
-4.112876591762415490e-01
2.536945483253283951e-01
-4.166650016099673892e-01
4.567631456355569775e-01
3.108532403307551206e-02
1.080320687430475601e+00
1.081961851181824308e+00
4.886502970714552974e-01
2.990037608667239222e-01
5.853447428694311672e-01
-7.203321025570076364e-01
-8.811813748890789944e-01
-1.070265265292784873e+00
3.799647055604610246e-02
-3.157967211831270160e-01
-1.232004402041564917e-01
-5.112726647121906831e-01
-3.252065762642991631e-02
1.025130987003278538e+00
-5.569929281085173045e-01
-1.133667136193283298e+00
-1.430600637495773153e+00
5.322258657026104345e-01
1.059873412679073423e+00
6.247348600152210496e-01
-1.067182668307055993e+00
-5.831337610564051310e-01
8.384252657246203944e-01
9.093254547158964307e-01
2.540339720289536141e-01
3.895190059020301465e-01
6.302688612801827794e-01
4.404422880358471737e-03
-4.803016648378835018e-01
1.993035032317521382e-01
-2.041489834892723731e+00
1.786204512149861978e+00
-8.440168042231888101e-02
-1.079217992242803570e-01
-1.355177170636232553e+00
8.361459548956278187e-01
-1.009226633780145321e-01
-1.197013754243524186e+00
6.848283442586425851e-01
-1.719257953850254483e-01
1.265602957384573735e+00
7.451510822238356369e-01
-1.746580736141052359e-01
5.890578775722601357e-01
-5.638755783599737059e-01
-7.874817732208135856e-01
-1.635117564225122000e-01
-1.132338532097117101e+00
9.063930193155551596e-01
-1.081263760394002515e+00
-6.577837218882148784e-02
-1.208607740597997804e+00
-7.573814084130309210e-01
2.728871879350918683e-01
4.295744402177998494e-02
4.498220571120672417e-01
9.979810539307478745e-01
-7.157707843664684599e-01
-1.179247988349764742e-01
5.115663591707559910e-01
-5.241800041378584796e-01
-2.366805379987993729e-01
7.492416598992787113e-01
-6.537839372355886969e-01
1.236108632193622325e+00
-5.952863776951953234e-01
-4.332206941043263426e-01
-6.216107180682439726e-03
-6.903015316599917517e-01
-8.287905724041007005e-01
-2.996903244551594181e-01
-3.655914355890341194e-01
-7.249550351974252127e-01
1.887016199050531862e-01
-9.788576486041484781e-01
8.245978905972810580e-01
-1.169551760837474808e+00
-9.527461402215569031e-01
-6.939660457384639880e-01
7.848995787560562043e-01
1.059624757342745527e+00
1.297132520048019710e+00
-1.104488146009791283e+00
-2.860316677756351011e-01
-6.053864652415763548e-01
6.112703588007116773e-01
-2.283056506553707843e-01
-6.437433854354236429e-01
7.793358164596564386e-01
-4.522889218947693801e-01
-3.750856228360218703e-01
1.165248720286477857e+00
4.477144035667787181e-01
2.678157811003522015e-01
-8.883381392261984200e-01
-3.811869438415196321e-01
-4.547093533166362000e-01
9.396673901115015770e-02
4.363827809489474463e-01
1.964555518628558206e-01
-6.293608722591643723e-01
1.096029720050261336e+00
-1.254954201232763022e+00
-4.584511019237699769e-01
-5.968712257018177203e-01
8.746873867650867274e-01
1.195677770353745561e+00
-4.143595971142843837e-01
9.469640138352113379e-01
-5.795133661125634328e-02
3.396061273621594490e-01
1.433535967251610810e+00
5.355968071288529364e-01
-6.120728557601464725e-01
1.517437116519179119e-01
-1.056850534263782393e+00
-1.001249001670077243e+00
5.148901648348861437e-01
4.653827826504837173e-01
3.718284985080371752e-01
1.784302411240280828e-02
-1.676297992807910697e+00
3.162145880728164382e-01
-1.067445451290384151e+00
-3.080343039019171059e-01
9.666318331891325943e-01
-8.753382269423461981e-01
-1.132948896007727857e+00
-3.118838033659937503e-01
-5.975476747383825366e-02
2.414235362887587333e-01
6.334338761900026871e-01
-7.387803610408743005e-01
7.018293749992789987e-01
-1.151498937901082875e-01
4.776267391730244505e-01
-1.187115948685151023e+00
-1.590778840122660354e+00
-8.478326239256188668e-01
-6.008396456214493142e-01
-3.800114252413394622e-02
-2.294865989408016449e-01
-5.633290417117757798e-01
1.352596252510713581e+00
-1.230176872240106078e+00
-6.168240738411600033e-01
-6.181409728801395831e-01
4.197805293387365522e-01
2.988125601773797824e-01
-1.015477658527886851e+00
4.626678664994137158e-01
1.606514443929588920e-01
3.253178681153979790e-01
8.669230331879576035e-01
-9.132569766719272897e-01
-3.531020961610253361e-01
5.532981199670413686e-01
-1.460815417769080193e+00
9.119821440146798075e-01
-4.512279447836310409e-01
-8.256328410380360250e-01
5.746908151337469794e-01
4.667612947363017351e-02
1.732171400798733218e-01
1.274972849539136144e+00
-3.856034115047202726e-01
-2.008249508778632841e-01
-3.719786000885271782e-01
5.611032451706075008e-01
8.492335608547355585e-01
-1.641087645075688828e+00
4.570870350797068271e-02
4.158389341054264943e-01
9.294441335995308195e-01
2.973436794832547136e-02
2.521968803181867669e-03
8.807265936933772466e-01
-1.097885160806764959e-01
1.888921275240389719e-01
-8.571210575199925685e-01
-1.234280987807417074e-01
-6.818193138705794243e-02
1.400924430292111111e+00
-9.093244656730881115e-01
1.694208836810887631e-01
1.215408407996440454e+00
-7.543559639089825186e-01
-3.746875839473235992e-01
-1.166038039074696053e-02
4.445104772341519350e-01
1.525027629801247731e-01
1.379759949824297116e-01
-6.608768783863357976e-01
2.193122843875121297e-01
3.984087551256476067e-01
-9.950312890980289593e-01
-1.034094929385973582e+00
4.529302774569500256e-01
-1.264968446061518759e-01
3.905836522314142800e-01
5.310472696713693930e-01
6.366262611444010178e-01
9.637151448091439698e-02
-1.071060026579266689e+00
1.187260924677590701e+00
5.482722914172408757e-01
-1.274588783154702032e-01
-1.145006851959618599e+00
1.271984652757895962e-02
-6.673184125427769064e-01
1.138435401776521916e+00
2.374796832903283694e-01
-5.477718148798021991e-03
-7.393740099442781544e-01
-1.288131021514380414e-01
-3.214477905246952982e-01
1.181506365968290617e-01
-4.221753864222805852e-01
-8.093442424121747303e-01
-3.565822079271446232e-01
5.231160684253746140e-01
