-4.827027799188661761e-01
1.310020949075177521e+00
9.218035552252830112e-01
-3.953186831561790737e-01
-1.067630154412024135e+00
-6.066028503012894646e-01
8.292979511639433365e-01
-6.794644238686629034e-01
-6.985857595386357755e-01
-5.195069845971004296e-01
6.332208966125990601e-02
5.662968204239460235e-02
7.045700235789259525e-01
-2.499401796973655387e-01
4.006869867065397939e-01
-1.172915218715920721e-01
-4.303519333336355279e-01
-1.977145413962650422e-01
1.216064179359783282e+00
-1.099689303646766980e+00
9.185886738499549065e-01
-6.371840005091756742e-01
2.272773447993742924e+00
-2.215797732632186490e-01
-6.075993160128072557e-01
1.960091732625831140e+00
-2.811341641993412299e-01
-3.852131728819857548e-01
-4.987309753523878619e-01
-1.199045592400187932e+00
5.164637599176242766e-01
-1.099248100544526929e+00
3.808564768923740074e-01
8.191002391391399851e-02
-1.129098426812753519e+00
-1.580696543165723833e-01
2.900478923339602222e-01
-1.064400115680471437e+00
-9.297574465305407099e-01
1.163859799994977573e+00
8.514986967619890823e-01
5.432837822131868499e-01
7.429183336872697829e-01
3.372764258857425812e-01
4.311137173692515256e-01
-1.303840329030924616e+00
-8.332426276469619975e-01
8.281285948668345442e-01
1.287359086975368716e-01
-1.048559389349187576e+00
-1.019486971932600960e+00
1.144820340693075700e-02
-1.239135054463304630e+00
9.385450905533043731e-02
9.964385817783916188e-01
-5.378553351075301414e-01
1.321223541574016558e+00
-1.304500436998611068e+00
7.192963599663041441e-01
4.231183389552910512e-01
-6.799925855913021566e-01
9.383861443682380843e-01
6.556763056939581835e-01
3.177801289987405853e-01
2.095474757025702905e-01
2.477247865501845392e-01
3.714034003680353191e-01
7.684333414495603254e-01
-6.890389321721970273e-01
-1.037796149404342616e+00
-1.880707477028774610e+00
1.509815159282740460e+00
1.737887368489777762e-01
-4.150096995969221880e-01
3.683244629783400392e-01
-9.553822393470430274e-01
3.668256098907556328e-01
-9.990899877983226984e-01
-1.734405678386211624e-01
1.873506694445484233e-02
2.030672981028788793e-02
4.631484375863821334e-01
1.321627279378919662e-01
1.004613634216326767e+00
3.509153284084057245e-01
4.466586355751707149e-01
4.825903614238032935e-01
-4.129544317337780490e-01
-3.607984408664553500e-01
1.430424775144880645e+00
-2.837944517795111254e-01
1.618234858390886488e-01
-5.129504629054492115e-01
-7.464534867350605118e-01
-2.732391128302958938e-01
-4.525758308489271076e-01
6.163788719849655484e-02
9.863524897924138557e-01
-3.223431340212549734e-01
-6.435723243070117228e-01
1.304019116469786965e+00
-1.113421769653232474e+00
-6.920954952875640886e-01
1.301969679100396293e+00
7.635370735172459788e-01
-3.300825450379601400e-01
-1.469164675738373615e+00
-1.518848801171555518e+00
-8.984005347372283623e-01
-7.177585466111829904e-01
-2.036691760574406707e-01
4.499185906170944937e-01
-3.616020717990514055e-01
1.351706581942146101e+00
5.203460994615390911e-01
-7.254409383214763807e-01
9.947343773461306826e-01
-6.270514272648599619e-01
-9.493059242491723726e-01
-4.064899008279992954e-02
-1.193772239240988409e+00
6.733250389363468758e-01
-6.454843237450260673e-01
-8.502563670856736477e-01
-8.315417941137237534e-01
5.574174631278074055e-02
4.597459695581562755e-03
1.148984366093778409e+00
-8.394930356841578956e-01
-7.088774087845404193e-01
2.301123608311548274e+00
-9.788194899709217189e-01
9.742684968888091213e-01
-1.961335927013894143e-01
-7.187526252286198236e-01
-7.383383272612058512e-01
1.128724011536279770e+00
-1.810989159855776576e+00
1.455539820086014569e+00
1.702503049584811690e+00
-7.737751180205922896e-01
1.207950244916244475e+00
2.648186576089840982e-01
1.224339040642689280e+00
1.739798281536991675e-02
-7.702302591490297612e-01
-8.126536716458914178e-01
-3.283939196802767024e-01
8.891982956309947561e-03
-1.895914927910066661e+00
8.958313456230323490e-01
-7.224146558428986564e-01
-8.804078080255857142e-01
-1.740182218256196012e-01
5.594283282908211197e-01
8.817546742851188890e-01
8.084887186529031711e-01
-4.497103483927857859e-01
-2.857550041959981968e-01
1.456616419019898245e-01
-5.036249392887162113e-01
-2.753217554070180872e-01
2.017598312421495232e-01
-7.815779780049811887e-01
2.493335345274045323e-01
9.439271304706768895e-01
1.349077510375005007e+00
-8.876444990816634295e-01
7.368267260109738759e-01
7.021639229929883541e-01
3.100976407233069776e-01
4.636180876692349018e-01
-3.655549100033310683e-01
2.202429996785093269e-01
4.246183112363437484e-01
-1.095623779658013941e+00
-8.197527113319053038e-01
3.233326633554409191e-02
5.232663892509632486e-01
1.884611730626186032e+00
-1.150211595121324037e-02
9.446653884169230464e-01
3.437238200767502860e-01
-7.296325655116425724e-02
-9.028085598176754933e-02
2.138804998077967756e-01
-8.104621917950358134e-02
4.416908832457670520e-01
-1.003004597023139821e+00
1.156186643413628506e-01
4.429436990351372505e-01
-6.767172409636750263e-01
3.681708464068113029e-01
-1.070883096239207743e+00
-2.969930974530379797e-01
8.698275901884097716e-02
-1.169976680323313312e-01
3.785616234443609507e-01
1.074491588187309749e-01
-2.830861268815723086e-01
-2.567199267687469977e-01
2.089093949184454568e-01
9.364222960529062778e-01
7.964978604919966676e-01
-5.330882996087720205e-01
5.102761012048180334e-01
-1.721872830319271797e-01
-7.969243462617071616e-01
-5.554902436723905268e-01
-1.028265200017350001e+00
-8.126266415068539306e-01
-5.407364134054907234e-01
-1.544784356853343033e+00
-8.817367566594888073e-01
2.899042111418123069e-01
3.950006426736935028e-02
7.437438271806900980e-01
6.325891435395162299e-01
4.824251071801585189e-01
1.618101639424313287e+00
-8.445390017919967018e-01
7.123835330723375936e-01
6.690759179551937219e-01
5.582394320076775607e-01
5.640278905402533738e-01
-1.434514862730171258e-01
3.522935530728565912e-01
8.649017787869929252e-01
2.017144260604011308e-01
-4.092466207817103130e-01
9.557346771178338862e-01
-7.320981174944583003e-01
-1.511847240102280443e+00
9.629520892732689186e-01
1.249063401081027536e-01
8.687393177712954273e-02
-5.049270633846272283e-01
-5.705808004076884377e-01
-4.440163719654394159e-01
-5.123749934305137366e-01
3.259923172819839121e-01
5.203227707357320764e-01
7.683245206844533381e-01
-1.401768088771917276e+00
-1.355227155876354672e+00
-1.590402433312912756e+00
-8.608159446308312202e-01
8.936445589140544765e-01
-1.843003038997378384e-01
-8.621868878133238656e-01
5.397832659481391904e-01
1.231280662543065008e-01
7.647831683309950224e-01
2.951956685432041705e-02
-3.864624153905019677e-01
1.141331255442178949e-01
-3.524948442792332770e-01
6.683822132816376049e-01
-9.293213969601172852e-01
-4.329469665905567588e-01
5.349970259984350440e-02
1.329415126383076906e+00
-6.866850380965565659e-01
6.510151944750456332e-01
1.690899297175976757e-01
