-2.106841733607809353e-01
1.377274338810495102e+00
8.915414088254736136e-01
-7.382404970518487985e-01
-1.615414739820705270e-01
-1.081307745673050436e+00
-1.247450007702678998e-01
-1.055582640307121345e+00
-1.267728704584539345e+00
-6.338470639071005497e-01
4.736829593585012432e-01
-6.936060274207139775e-01
-2.307829807087490304e-01
-2.539710075549769797e-01
1.302716051814412745e+00
-1.459913747518863492e+00
-6.200357923183325015e-02
-1.237601768041509676e+00
1.794230370138536923e+00
-2.662960863345997353e+00
7.682296829101504798e-01
-4.969143161197036584e-01
8.847216413836391791e-01
-6.453820055344592355e-01
-1.776983486007505109e+00
2.428595363009290242e+00
-1.206021302408542439e+00
3.921866482538511889e-01
-1.326971724782666229e-01
-1.528998405279559769e+00
3.837993203824577870e-01
-8.559319190760806828e-01
1.382333182580013586e+00
2.370156724598467268e-01
-5.987217971357559065e-01
4.612610406766521343e-01
4.702358521095525434e-01
-1.549624070526201880e+00
-9.534070902416793558e-01
7.603044110423338164e-01
2.924589071972039100e-01
4.126868203065450214e-01
1.170454977574269861e+00
-9.178940091589899986e-01
1.091209722554687289e+00
-2.569376984215574922e+00
-6.192810044897173460e-02
9.900568430338893000e-01
5.281781415583959305e-01
1.150375158598511138e-01
-4.886886764343691403e-01
4.488714403839035028e-02
-1.424229599231236598e+00
-7.176261906509053823e-01
1.041997455182971377e+00
-5.544434084872635893e-01
2.880512186421358756e+00
-1.497042401667068257e+00
1.615807792775213192e-01
4.888745206004816435e-01
-1.454957205658820862e-01
4.128700455261984370e-01
4.035888837917515071e-01
-8.076430813306201273e-02
3.419774445149188491e-01
-8.146425537565538111e-01
1.038186860165736691e+00
1.170797559634467966e+00
3.129958535826845578e-01
-5.260102236613224402e-01
-1.305359884039930529e+00
8.169103537851422070e-01
2.832438374803895043e-01
-2.545636886018134426e-01
-2.053445989174256248e-01
-9.917879241182561145e-01
-1.801080222850988122e-01
-4.745834551403824153e-01
-1.725805002502479313e-01
-8.446091891418914255e-01
-1.115196799385719917e+00
7.469516604906569768e-01
3.664743144152425858e-01
-5.547140986751348812e-01
6.848179691785442058e-01
3.630143132526200134e-01
3.281852063852929158e-01
-7.831758961264161378e-01
-4.044920821065225436e-01
1.611022212516284302e+00
4.071540020504373913e-01
-1.187468787904882445e-01
1.349577462401544414e-01
-1.475621371574826979e+00
-5.371073725991991621e-01
1.057424895032548495e-01
1.495109501165239607e-01
2.039898507835601116e+00
-9.260441544976536488e-01
1.701446751758206588e-02
9.164101838921877574e-01
-6.375181310141797564e-01
-1.191532361314358912e+00
9.421069591676123345e-01
7.109513318490264799e-01
-7.515925302167788535e-01
-1.022050977618007783e+00
-1.779682891014279233e+00
-8.375280256059099981e-01
-5.540596229102360271e-01
2.661682501390483790e-01
2.738106545505993306e-01
5.840681040403273849e-01
1.921390112837496611e-01
5.993988230513461191e-03
-1.291796056439411533e+00
1.537382848510686850e+00
6.568578974155192540e-03
-6.191682179566170285e-01
-8.517750914375299409e-01
-1.436129255241824110e+00
1.273381582999408179e+00
1.353407746035993064e-01
-1.104216638332810474e+00
-4.515056622653270124e-01
-5.323653988062996278e-01
2.224557869284298772e-01
-5.486352056436741287e-02
-8.232189866214356666e-01
-1.278362720674359299e+00
1.931397329782401084e-01
-1.505118594611714267e+00
1.547354251980856965e+00
-2.378644157912322310e+00
-1.507020043771329476e+00
-1.214878030623780303e+00
5.717228968507241937e-01
-1.196202688167043338e+00
5.132118468441495551e-01
6.820888709330534816e-01
-3.979504131070276673e-01
6.877385727837932450e-01
1.421402920890494914e-01
8.676558918200985016e-01
-1.132096646078261326e+00
-5.076750546356778582e-01
-7.992981696384349188e-01
7.118984484032603310e-01
1.195395116298020532e+00
-1.713587145835452130e+00
2.880849555597566614e-01
-1.003610474758869664e+00
-7.355828113757506559e-01
-6.244016228818736192e-01
5.925715107000530946e-01
1.138706158885472997e+00
7.519602194834918985e-01
-1.576400234266508882e+00
8.332307950452181311e-01
7.447663621747069307e-01
-3.682677149236501246e-01
-1.481946034290111402e-01
-7.873017323579092341e-01
-2.097579680729798057e-01
-3.699979147832122006e-02
3.652788426468935312e-01
2.131934166936286790e+00
-9.957907349352224102e-01
8.435883456812494074e-01
4.712893952691371569e-01
8.004958658104062152e-01
3.118986778101940915e-01
4.655570885208328014e-02
-7.120825076994183878e-01
-1.861021654680770077e-01
-1.797927157149865618e+00
-1.069588682463347151e+00
-3.259908764563517192e-01
1.505027101803446676e-03
6.778019418792478046e-01
3.676074407949775913e-01
-9.193628833041400661e-02
1.580574692222296851e-01
9.783801678296094595e-02
-1.163964101741617130e+00
2.257735532872887918e-01
-7.437674779137017911e-01
1.354738941586586809e-01
-8.301873859595718663e-01
-1.023490784144728272e+00
8.921614591486476398e-02
-1.608156033320589762e+00
9.468872445673337523e-01
-1.331304679424188064e+00
-5.115918953885039144e-01
-5.400273186216063975e-02
-4.392851029843556354e-01
2.489680325401313898e-01
2.990979887004421856e-01
-1.195104685626932728e+00
-9.659906642312493519e-01
-1.322637845820356262e+00
1.399557471799766084e+00
1.517840600578750365e+00
2.346963129020874228e-01
2.973527254885103277e-01
-7.152592666174090175e-01
-1.162602324847248791e+00
-5.679797578555813020e-01
-5.658637400937591710e-01
-2.113301830030582806e-01
-2.828766198077970473e-01
-1.324858323825290451e+00
-3.444556909297071812e-01
3.411029163247480400e-01
6.621987773066470018e-01
1.615268996510395461e+00
1.378443919967075937e+00
2.311078180196595167e-01
2.120638047729908937e+00
7.324388201895136452e-02
4.264217490286538736e-01
8.817487357072386622e-01
1.447345003611163472e+00
-1.851832592435744274e-01
-9.307052504557705719e-02
-1.568979628154885120e-01
6.821673395940259788e-01
5.131895582976284675e-01
1.099445859607467713e-01
1.615551193517013484e+00
4.489069535771665898e-01
-7.586549419543844319e-01
8.606561714094805859e-01
5.077201742272147156e-01
2.851267733584145203e-01
-4.845039213406557854e-01
-5.859749610771113337e-01
-4.184123855814185777e-01
7.068861057357052058e-01
3.143905034341609728e-01
1.600876865281145589e-01
-6.804985147303058701e-01
3.734850158181600710e-01
-6.612641262867923198e-01
-1.165595633871689407e-01
9.464353746574150072e-02
1.149521912343132390e+00
-7.571575656370316265e-02
-1.205398850480446260e+00
4.466304032883843256e-01
-6.152520466888062867e-01
2.011623942714897417e+00
6.594466575239910089e-02
8.823851916726920264e-01
4.722180716992840921e-02
6.917794905500280755e-01
7.413490009899911248e-01
-7.337194554047046235e-01
-2.761418491574546552e-01
-7.579318844844968872e-01
-1.679890538967509506e-01
-4.062801453972846311e-01
7.329638057037915488e-02
1.463209437444047412e-01
