1.738209560822208122e-01
1.610279553296273480e+00
6.987121073569084739e-01
-2.129609324754753175e-01
-6.247393727127348306e-01
-7.142644857234029532e-01
-2.843959008501555363e-01
-1.184882142676963124e+00
-7.019012420163378563e-01
-1.102374895273132704e+00
2.384468298522044172e-01
-1.340069684994442678e+00
-7.531093522466165702e-01
4.875635552703078135e-01
1.078268792248771923e+00
-1.461200969888801326e+00
-1.199500231424188018e-01
-1.417289277359417232e+00
2.665161480949899131e-01
-1.939250355272445825e+00
3.903285563464846675e-01
-7.725668524558357841e-01
1.562688916605735390e+00
3.171527218568201967e-01
-1.272973839056247058e+00
1.013103871735881123e+00
-6.757087874765671520e-01
3.636183804094197392e-01
2.339687102272807184e-01
-1.060503231742820240e+00
5.547556556924077009e-01
-1.094612346270718017e+00
6.204600848701794513e-01
7.514296820399606336e-01
-1.216962523525871420e+00
3.917775801621720122e-01
5.355292695643907308e-01
-5.114437939146220247e-01
-1.973976343951023282e-01
7.797813919865994592e-01
7.752824634881000376e-01
1.435382163963043745e-01
1.200451471548105165e+00
-7.845465364426790211e-01
1.235530047427629619e+00
-1.321055549955217234e+00
7.909008531502442763e-02
4.318362971729443611e-01
3.391361645206127928e-01
2.512983584339965604e-01
-1.352668642516498654e+00
-5.822286155062063318e-02
-1.365625177608984719e+00
-5.511792893463760556e-01
9.998129375773738836e-01
-3.661399156422496248e-01
1.549740388006711989e+00
-9.974924411719471307e-01
5.931875082684050504e-01
8.242399045385473411e-01
-1.097263928551148737e+00
7.959295908846643064e-01
6.815757257156900284e-01
-7.519875879115394124e-01
3.479749465683036336e-01
-1.599358723399990079e-01
4.889184048789916304e-01
2.823218158907844222e-01
-1.145406719285918251e-01
-1.300160353011095671e+00
-1.364378440846008234e+00
6.611911135051909971e-01
-4.285921762319636064e-02
-1.134698616289378847e+00
-3.650509238286170355e-02
-1.856110807331866064e-01
8.618122206736672508e-02
-7.447570678353812035e-01
1.837884813514847893e-02
-1.329815760328127316e+00
-6.583351899400323726e-01
1.080729964869973747e+00
-1.900812426070369598e-02
1.162781989065252569e-01
1.083759231681501900e+00
3.422095079162793541e-01
9.647773092624302160e-01
-1.019369447649063620e-01
-9.255982289126274409e-01
1.738760966986733658e+00
-6.448186831794180396e-01
3.889519217707814169e-01
6.197505449666687594e-02
-6.466034556731488081e-01
-5.045465325683059499e-01
1.390841063562693325e-01
1.564565760516503368e-01
1.267469385223956024e+00
-1.160627943635939463e+00
-6.049407154030539413e-01
5.191243958552299587e-01
-8.924474567157918425e-01
-6.724822887089679790e-01
1.419691837018990821e+00
5.889711524196319381e-01
9.236355472407045686e-03
-1.477475978110021071e+00
-1.730522088338776854e+00
-8.540288339042886312e-01
-7.965393969752061487e-01
1.099300960726593279e-01
1.050407103247965379e+00
-5.414337187743607088e-02
5.401272705334765334e-01
-9.589333641871705671e-02
-1.172732034314099892e+00
7.388814608405644968e-01
-2.451474423581697371e-01
-1.454224397899711141e+00
-1.046191032558841494e+00
-1.288422512131530251e+00
1.116161058546527585e+00
-2.697525814407286116e-01
-2.086728754515201900e-01
-6.566892444322794953e-01
-2.269022705714781873e-01
5.920602488391346618e-01
8.433380674329493676e-01
-5.254479079692047083e-01
-8.257611821576726907e-01
1.265040171532131552e+00
-7.602157028497329438e-01
1.856512865676246182e+00
-2.058925274591543175e+00
-1.401063048693977686e+00
-1.441496026189764246e+00
3.877335847662169432e-02
-8.673960148943944404e-01
2.864162157111507789e-01
8.344303466853364437e-01
-1.641031911351512829e+00
1.137442736041902380e+00
-1.071117113574762136e+00
8.057743244154368378e-01
-4.042546924895635274e-01
-1.716692889290137025e-01
-4.160372843750452798e-01
6.766834677158457545e-01
5.510260398373826307e-01
-1.416790119650187973e+00
1.124642266446616468e+00
-4.213028351992323395e-01
-1.089190095308485873e+00
-2.619309815119271745e-01
7.993979530112131915e-01
2.575386224390224243e-01
-3.151410683056175555e-01
-1.950176815726771373e+00
5.642914846423997544e-01
5.454856188568351083e-01
-9.825499501023531312e-01
-7.030775760511740469e-01
-5.917268739927026289e-01
-5.694769123626052254e-01
4.011256023112180769e-01
3.529957003766980295e-01
1.374169313687447325e+00
-1.306746115045352541e+00
6.294232693510541932e-01
6.970272181903192088e-01
-3.759709253923981809e-02
3.563484474967576476e-01
1.113821887293524882e-01
-3.425830665775364547e-01
5.137408953271441758e-01
-9.211228662516981469e-01
-5.852349403957934904e-01
-1.573383965788326400e-01
1.811047112337468290e-01
1.137192634349578624e+00
8.468017614021861039e-01
3.416279935425602932e-01
-2.599818508114924986e-01
2.010880443673265794e-01
-6.421414161777808660e-01
-4.649220578032313700e-01
-7.657728032747630476e-01
4.456172071532162049e-02
-9.300674059577324071e-01
-2.363884947436774575e-01
-8.833857136551626077e-02
-1.859960951299918896e+00
1.198304129743623242e-01
-1.428731073597069523e+00
-8.307578853601662594e-01
3.889980460495763293e-01
-9.958236618074718660e-02
1.143900151356390255e-01
6.473861218071353951e-01
-6.402039559908045963e-01
-1.368340866943522416e+00
-3.473153346877942416e-01
1.854462887549773065e+00
4.170919884989117143e-01
-2.668726820769269370e-01
5.022757358395545102e-02
-3.057310764899394684e-01
-3.667002067103322660e-01
-2.729789946860154415e-01
-6.743161390486055451e-01
-7.109478386667088534e-01
-1.286970258234521491e+00
-1.495224046179866706e+00
-4.139649752233735547e-01
1.106896848699602032e+00
6.075798171779422940e-01
1.740124172004662739e+00
8.367071289977457971e-01
2.190877371743502056e-01
1.105291237463207343e+00
-2.372285988351845454e-01
2.279827018568208463e-01
1.419946281032242519e+00
9.553415000828336945e-01
-1.261646981042314319e+00
-9.134567200249358310e-01
-1.388255297767561958e+00
7.198873338279038192e-01
2.191636414920524190e-01
3.444483583303969976e-02
2.214766727926907319e-01
5.735140090123390655e-01
-7.547154873026511446e-01
4.492509733820037598e-01
3.578707322926262258e-01
1.922143620926297647e-01
-4.287964696598133840e-01
-1.086756020413134793e+00
-6.849736889116824212e-01
5.554599609546756467e-02
1.641231685151198771e-01
3.372059652209803970e-01
2.642303402393463840e-01
7.722726445863015154e-02
-1.105474286207200230e+00
-7.216035533072904240e-01
-2.960313826397411585e-01
1.786029817303517619e+00
-1.050888541968387768e-01
-1.128702982030894253e+00
3.090455783777241172e-01
1.087997709815012315e-01
2.207512718680645136e+00
-7.525148812571580414e-01
-7.630666290948576180e-02
3.037353822340217446e-01
3.211783132801665497e-01
1.069821831793230649e+00
-1.202013650801919020e+00
-3.607689074202116153e-01
-6.182906239811527538e-01
-7.198258201563519088e-02
-6.508133633215884561e-02
4.857413956931376786e-01
9.482986782765073785e-01
