-3.981215283939080196e-01
-7.121499610968172744e-01
9.256362695080355696e-01
-5.410279536422792912e-01
3.028695089878968849e-01
-6.529685107751133089e-01
-1.388574233302110883e-01
9.777393436848537123e-01
-5.955631261927063491e-01
-1.008488826175351516e+00
-5.084018143384999577e-01
9.892382054120170132e-01
6.037036148486761844e-01
-1.063313299401079437e+00
1.108740677007859388e+00
1.323635029236097660e-02
-1.152777531667724675e-01
-4.069227280420090187e-02
6.926774330363165699e-01
-3.716939554018127145e-01
2.174972180646536080e-01
1.794840251348510107e-01
3.449449811955519474e-01
-2.342648678303571597e-01
2.492847676935280032e-01
2.646906349760458355e-01
-2.256821715152924068e-01
-4.305584005434685557e-01
9.592190527903227126e-02
4.432933113625446842e-01
-2.638780276626364607e-01
-9.143553211187019913e-01
-1.024510349135438592e+00
-6.966432937909905476e-01
4.898132291490747692e-01
1.888982150516147762e-01
1.049010337773142565e+00
1.191347626903797918e+00
-2.928121363845656022e-01
-1.159978653761919887e+00
9.881163977848775315e-02
-6.767521683833130908e-01
-1.122335302974189597e+00
1.314874618252862559e-01
1.069640900929254901e+00
4.614034187400827686e-02
-1.032307668891801478e-01
-1.619320465132850773e-01
2.626915062738975348e-01
-9.825903212588265045e-01
-4.591122168800857994e-01
9.935604923432734825e-01
-7.409939472896509560e-01
2.738986699003678194e-01
8.092137450073151328e-01
6.740914657783482200e-01
-3.938475252898727685e-01
4.302673462883420674e-01
1.197209561909211351e+00
-1.079874073048107563e+00
-2.557065596829406484e-01
1.846571806364659951e-01
-1.132782956885082459e+00
2.336989287778283575e-01
-5.728161804263123269e-01
-5.726694071943394526e-02
-5.701246592847668548e-01
4.800340094715410677e-01
-3.473093376724341041e-01
-3.504317481242746890e-02
-2.301683810333655933e-01
-9.150271555140873092e-01
-4.152047663662700172e-02
-8.922559587213949595e-01
-5.362443994441827844e-01
-5.589298692467528085e-01
4.468110188801689420e-01
-9.783846321086968612e-01
-6.489312708103063265e-01
-4.214719820434686959e-01
-7.136812337903885028e-01
-9.149919738473386577e-01
4.170241540162895610e-01
7.129837588792751202e-01
5.376679863896058897e-01
-2.876790782715142325e-01
8.694044350632226248e-01
-5.902664123571357280e-01
-5.150607964941675831e-01
-2.857236561108550399e-01
-3.123783364268252205e-01
4.806985101678398764e-01
-1.199356846621637412e-01
-7.562203257490369701e-01
5.990233562454720939e-01
8.616041680717566598e-01
8.036571035603214952e-01
1.734101381440392164e-01
8.250655550849235187e-01
6.007398016208185254e-01
-1.818380559626086024e-01
-5.267402239668171893e-01
-8.845597329261821740e-01
-2.407020257594528340e-02
-7.786673469672628078e-01
3.066713604820505701e-01
2.504183108176016859e-03
6.857278973670601907e-01
3.252120243212064943e-01
4.509071835053067856e-01
1.551599661172607669e-01
-4.226005067390776748e-01
-4.809580465907389857e-01
4.802283996678735623e-01
-5.533868424115844231e-01
-1.032856942991130289e+00
-1.919894064386834520e-01
2.317258040995723301e-03
1.513758053195788933e-01
-1.220397901786798023e-01
9.015216945051347519e-01
5.646987922338880805e-02
-9.255706793127957965e-01
2.096968078975696148e-01
9.608694278502505348e-02
8.678027563557283441e-01
-6.293638631375434445e-01
5.918142550588634254e-01
3.299931242604034476e-01
2.324321280002098478e-01
-6.473179903673774716e-01
5.910013474800079880e-01
-7.648718119104841451e-01
-8.481422069751008985e-01
-4.087980406016396007e-01
7.108079522119139515e-01
3.548301476302768154e-01
-4.253069544572266047e-01
6.244477466167207558e-01
1.023084672757773816e+00
1.195479809194424536e+00
1.418073341301475387e-01
5.407024947215888222e-01
-7.162412650680346493e-01
4.981677954527600760e-01
-6.347580081564210275e-01
-9.919663555988271764e-01
3.795768906813382637e-01
-9.723731531730761546e-01
-6.947282788601372161e-02
-5.922812123028595721e-01
-8.202427478848339781e-01
9.907425261486349499e-02
8.160947669121647596e-01
1.831101305149799297e-01
2.222516470830276925e-02
1.208453611774256142e+00
1.322657144283488684e+00
-1.002369935238643484e+00
8.380061708668095077e-01
6.323242132348941835e-01
-1.771552124239327286e-01
2.753542166846748018e-02
-3.110643992009178849e-01
3.890276715834242172e-01
2.564358453558807094e-01
-9.782268184754442375e-01
1.482483546062648150e-01
1.168158703050918623e+00
-3.340265718744206969e-01
1.961072045745271275e-02
5.917960083393647430e-02
-1.268639812593809646e+00
6.471049058237672291e-01
-7.607954273581674087e-01
1.653054907074240354e-01
1.170166506790805805e+00
6.655860119316636681e-01
5.969017826814211336e-01
7.235027922503509679e-01
1.923638856662044927e-01
2.471087187914174088e-01
4.686055038658026861e-01
6.087805210483091534e-01
-2.285748445924078442e-01
-1.757969795180178985e-01
5.695426317056972998e-01
-5.589222008989525037e-01
-9.050706137523516492e-01
-6.211405324869531119e-01
2.736608291758824141e-01
7.480999057331430002e-01
4.673154318366002924e-01
3.552558150801898851e-02
-4.050368875784126077e-01
4.484724392604201582e-02
-7.773274970425456676e-01
-5.969745263105398214e-01
6.970394963796469057e-01
-6.808526486532533450e-01
1.107168100403419730e+00
-1.922783797788768234e-01
-3.397457791087319379e-01
-6.218549748774407915e-01
8.209563422384152931e-01
-5.792389703071785245e-01
9.855378772880967198e-01
-3.123551689616760330e-02
2.695373626787623267e-01
-4.776320540012274352e-01
-5.521348440721687290e-01
4.719482498470378151e-01
-2.596317912858899790e-01
2.893802219323414748e-01
6.753061860405138450e-01
-3.814692551185657754e-01
5.466123978110775106e-01
-5.508219307767620032e-02
-3.789248024382655400e-01
6.185155849656289728e-01
4.957955569002706064e-01
7.927898892890962168e-01
-6.814913091341666673e-01
-5.042849255313407442e-01
-8.895247330303144295e-01
3.473524802156179314e-01
-1.414922697084710634e-01
-4.275876276967323086e-01
-4.551508988728693028e-01
-1.075929193880659773e-01
-3.194822433824725527e-01
6.190453762049703546e-01
2.086406820870243539e-01
-3.428434491070512791e-01
1.020812795002658202e+00
-3.571756748561982775e-01
2.558868025187256978e-01
9.306380465068563312e-01
-4.942988067823828602e-01
7.541964599117439993e-02
-5.931604553166961447e-01
-1.910340902959257181e-01
4.831239780116757254e-01
-8.648262917086247947e-01
4.452380649110712074e-01
-2.456314475235188977e-01
-1.285698101403295990e+00
4.936378818046141537e-01
1.079294343006974355e+00
-1.217459161797177281e+00
4.653753564247148367e-02
-1.313864285591792025e-01
7.079203261601263453e-01
8.493998862584281051e-01
-4.101992558995234961e-02
2.128435931738293652e-01
-4.962906846785177239e-01
5.178564457065414350e-01
9.107050296646326260e-01
4.022582189296582955e-01
3.551650225356465795e-01
-1.069291495507336709e+00
-1.425575594370992460e-02
-8.102537255034418795e-01
-2.006338405982462381e-01
