-9.778573368957318435e-01
8.071718820575927156e-01
-6.902654431070570640e-02
-6.946700449828098201e-01
-1.232582205319067814e+00
2.176461955640313084e-01
-8.180458717051346529e-01
3.904558250819173404e-02
-1.138232072862171540e+00
3.788532280596330626e-01
-2.906973004932406068e-01
-6.863483767508009592e-01
1.681150140211500332e+00
9.917358182853626136e-01
-2.843376187004539868e-02
6.033095981627929483e-01
-1.226550293698850602e+00
1.272331891621347300e+00
-7.814959875580088644e-01
-9.135067818598352485e-01
4.003594787386141052e-01
-1.829435122481019249e+00
4.178643829440198409e-02
-1.168916618209754066e-01
7.325789450058786123e-01
-2.630465186197747940e-01
-5.319242055353869958e-01
1.203857831567233805e-01
1.952139782914944777e-01
-1.102597896858040327e+00
1.092317341384491103e-01
2.710429241798774092e-01
-1.074555091865846634e+00
-5.743147710329544742e-01
-3.240584805467190410e-01
-1.959272459162944680e+00
-3.983038522130862846e-01
-3.855627401515429042e-01
-1.426021644208030903e+00
-4.307844143970167572e-01
4.008328900598757683e-01
-6.352035851524854282e-01
-1.378531743081980787e+00
-8.477943908335923151e-01
-7.031713976917797204e-02
2.552769848079011750e-02
-6.329742671201716853e-01
6.139284643897888749e-01
2.004227594592000450e-01
-3.057026742707351086e-01
-1.227216937340309122e-01
-1.812072233749360550e-01
-1.833544353008671246e+00
1.455891312494327572e+00
-1.236098904987542602e+00
7.748815498326595552e-01
-1.297537622306671690e+00
-5.290988168327452890e-01
1.172835442172915354e-01
2.048744004693059395e-01
2.777697573316595947e-01
1.433076971874063243e+00
-1.356032348465673332e-01
9.834232904176495316e-01
-1.096717129984912997e+00
1.035486895691010378e+00
-9.288214257287744635e-01
1.136131949605344582e-01
-2.480798280058701122e-01
5.370850140849368071e-01
-1.085696985274977322e-01
-1.369248376961323954e-01
1.193309562699993664e+00
-1.045320672800410744e+00
-4.151553838807531260e-01
1.051789340220004920e+00
7.249414000942642211e-01
-6.723831231252618279e-01
2.372726530518404209e-01
-1.165851471821916174e+00
7.045334923522372783e-01
-6.453104005504892715e-01
2.831498966352289370e-01
-5.091232126238391942e-01
-7.178630345646319633e-01
5.228805742761457598e-01
4.946269290469282320e-01
-1.273212138189725229e+00
2.643482523443151933e-01
9.536647427158760904e-01
1.960388509101461951e-01
1.072595169193904630e+00
-8.018316023819325178e-01
1.041331791502480453e+00
2.533946485408533067e-01
4.847043863942762654e-01
-6.281349178860662352e-01
1.334982685861788365e+00
-7.689608092347552937e-01
9.819397978861966747e-01
1.196451971103675849e+00
-5.770748304251264171e-01
-9.224154939935202968e-02
-9.143650372720123487e-01
3.454621996163952380e-01
3.370295250602062254e-01
6.311696295262366752e-01
5.848271578440815688e-01
2.733190842620576988e-01
-7.653073506246893531e-01
-4.238137699954364068e-02
-1.203652268408339054e+00
2.794401445450184207e-01
4.020352827891898739e-01
-1.002938253164196158e+00
-2.539758257034060440e-01
3.005349283459643472e-01
5.962985797633685303e-01
-1.894532523443681615e-02
-8.154821374956500168e-02
1.781713311392824961e+00
1.167743887059327079e-01
8.748524980364669190e-02
-1.661896564395950182e-01
7.224307136677481367e-01
-1.531286450830385837e-01
4.858253327564598933e-01
1.061642081361614531e+00
1.989795992762114218e-01
4.118626992070361093e-01
5.829580391365191128e-01
6.465692685188937361e-01
-4.684914536312760891e-01
-2.519100429742689995e-01
6.679243923621433487e-02
1.116964468891988416e+00
6.927533582372438214e-01
-5.571212114526169490e-01
1.777191531836781746e-01
-2.166981074561292520e+00
-1.082579830652190100e+00
4.812119236987397186e-01
3.212239218635364879e-01
-3.482516579864231021e-02
-3.345884896679609533e-01
1.400319705169041251e+00
1.173683375653370303e-01
-3.321798138622549246e-01
1.197827502858426429e+00
-1.155363958651092482e-01
3.657933766010584842e-01
-5.054267720407594755e-01
-1.455537077290070203e+00
1.305427787920645732e+00
-8.082380737695047390e-01
1.075786721830812809e+00
1.394679027457363496e+00
1.246386787389397899e+00
2.635087667869332462e-01
-7.019231002663259278e-02
-6.341603909120085980e-03
-1.170007261434502288e+00
5.600105634469563221e-01
4.883174139034445749e-01
4.552413184249766709e-01
-1.409031733162760536e-01
1.765105058108628278e+00
1.779935659541805326e-01
9.120441391413243171e-01
-8.919936308370448597e-01
-1.899777224038296519e-01
-9.544324075443610944e-01
1.024582398639352743e+00
-7.122853269078630589e-01
6.881636510540699581e-01
-2.240473732932769801e-01
2.415682442489429649e-01
1.167035907688249496e+00
2.578845453419276179e-01
1.045732467257831644e+00
-5.825201588548333254e-01
2.188394224221290318e-01
1.211388001559743355e+00
6.842990306560209346e-01
8.806706237005886839e-01
-1.056679522038290742e-01
9.996676353922970826e-01
4.205616474280712280e-01
-4.806706213969989538e-01
-6.547630696481173684e-01
-2.358010070371146516e-01
3.441299812262519908e-01
-1.022840395885859177e+00
6.410041928592268290e-01
-5.176287287348322330e-01
-1.009345538926331942e+00
-8.682761005060701809e-01
-3.622062507075921034e-02
-2.494428715277466624e-01
8.212726575751113645e-01
-5.043920686978904389e-01
-1.314419306031700430e+00
1.239408758096830043e+00
-6.599812526109020139e-01
-6.076346567272685739e-01
-9.546091695445613201e-01
-2.165269905617946411e-01
-5.022675256775833708e-01
9.207468588007887700e-01
5.510147395743277832e-01
9.668870675603052911e-02
-5.691993091916716097e-01
1.545941895480908546e+00
-5.177859670563045302e-01
2.972672763468282575e-01
-7.240840838389689393e-02
-1.477846213404647446e-01
7.600623004046656028e-01
-3.265670553949570620e-02
-3.246633142381429304e-01
-9.770001057064143790e-01
-6.847568529948488969e-01
-1.440484760649823670e+00
2.997860436507507886e-01
6.772887271823168076e-01
-7.135676520908729170e-01
-5.047870729828356495e-01
-6.204814669252056020e-02
5.344946078749468477e-01
-5.583625409505793558e-02
-5.731311300459143165e-01
-5.467017884095902724e-01
7.134572416217558333e-01
5.939759161985989078e-01
1.468945692306921069e-01
7.926254396716413408e-01
-4.229407676125189752e-01
7.648432957707160806e-01
-4.429836616807395488e-01
3.212837239336605033e-01
-1.711902552502295727e-01
-2.873595492129107365e-01
-2.071392627400241715e-01
1.122486001315427195e+00
-9.158301341175199006e-01
3.860008210744099166e-01
-5.383628646960945119e-01
-6.079779831260792022e-01
2.989861913803693594e-01
5.902531955148448972e-03
-4.137744325565498316e-01
-8.394596441030037770e-01
-1.653189277583161809e+00
-8.182034875764598869e-02
2.871895469405453261e-01
-8.511353252220738019e-01
-3.522684031911770819e-01
3.051288675713033083e-01
-1.957934269475175015e-01
-2.682381751755296695e-01
1.379311560242438173e+00
2.321931259226474586e-01
5.034942417024135253e-01
1.376799081864219954e+00
-8.552578905167712575e-02
