-3.389216895992730461e-02
1.137306767299490984e+00
2.824108263458038892e-01
-7.588305788709660549e-01
-6.414070776899737369e-01
-7.847864373238381264e-01
-4.098019264929531058e-01
-8.147885791405111711e-01
-1.170092572028026134e-01
-4.345871416032415779e-01
2.360537793557222763e-01
-7.201062809090820194e-01
4.743759031988202257e-01
-6.100511806084454314e-01
5.372425946038636990e-01
-6.865304348276004553e-01
-3.055883915751197444e-01
-9.294680171585401052e-01
1.025821585428909000e+00
-8.509925404893325940e-01
2.637166160914251600e-01
-2.354888220026688794e-01
6.553557478332652231e-01
1.648141938007170737e-01
4.090363309325514285e-01
7.984879565038062177e-01
4.977837031284945146e-01
3.023337340117099314e-02
-5.782267865835470921e-01
-6.718686948242826862e-01
5.066631634812165386e-01
-9.088199535825371989e-01
5.089651238479195872e-01
-7.484254572433325370e-01
-7.691335089351127863e-01
3.812284664518310606e-01
1.064752606032716375e+00
-5.859725094967326298e-01
-5.043509795501728288e-01
1.182462057147183554e+00
9.242962440000795921e-01
3.320918299802446683e-01
7.338598766699578890e-01
7.166145419020466534e-01
6.054381840904887735e-01
-9.456825552496002096e-01
-6.678556590510992264e-01
5.024374734425962608e-01
6.810589330973146893e-01
2.028576020932254531e-01
-1.018316965871548740e+00
1.125205475279575373e-02
-1.222759044317249799e+00
-1.001202584547746660e-01
9.830050628534279245e-01
-6.197258741033928597e-02
6.891976089297180419e-01
-6.153961467806803309e-01
4.775427979968493442e-01
-1.489072295439305416e-01
-1.122312515081086981e-01
3.537008574148122753e-01
-7.612069839106361258e-02
5.159781945549207771e-01
8.273244151614932429e-01
5.351528125204642050e-01
6.243755905014481966e-01
5.950677822818996043e-01
-1.075938409251404826e+00
-4.133685670805086199e-01
-1.091269134565088006e+00
3.005577626263119528e-01
5.744560531318163576e-01
-7.061783299365553823e-02
-1.371232814670498290e-01
-6.006557169940646146e-01
4.937559556742529554e-01
-9.226440323014538647e-01
-2.824538002188423658e-01
-3.197725520489861917e-01
-7.151021644938626576e-01
1.367561561906457168e+00
4.984525708318287424e-02
4.730346641598266455e-01
6.509510090522553361e-01
3.166207777684252322e-01
2.726500726039386424e-01
-6.488323676357531378e-01
-5.003538440670460830e-01
9.918039749457917553e-01
9.592813960450397026e-02
1.537504421631349927e-01
-8.826026469911782968e-01
-7.398245860932931572e-01
-1.133496902284143459e-01
-1.249539966172741601e-01
1.058798997470511205e+00
7.006037019967319424e-01
-1.963737467005598203e-01
-4.853847033944118372e-02
9.287362039744393449e-01
-6.287782781271743504e-01
-1.179456725262794325e+00
1.090534948612120303e+00
4.439642181364653051e-01
-4.812579320571230834e-01
-2.844916554952419685e-01
-1.084280536425236585e+00
-7.673029040440700888e-01
-3.220684671461846449e-01
2.253749618241972508e-01
1.000323137787228589e+00
6.900343294879512923e-02
1.098655363200197854e+00
2.800612021634234228e-02
-3.835614972463435302e-01
1.203184381601781983e+00
4.800716456719484881e-01
-5.361331086589697925e-01
-2.114649331511889996e-01
-8.511419271845248602e-01
2.278130375235943583e-01
-1.095072785187571895e-01
2.014236883681570500e-01
-7.757070592098121997e-01
-3.368606124686590597e-02
5.741525895169938831e-01
8.152387517183827814e-01
-8.814932903978540679e-01
-7.484824708965707174e-01
6.665176224288761331e-01
-7.864017169137056396e-01
1.068211066935387699e+00
-7.604177959777399520e-01
-1.467375095200531554e+00
-1.317459134462803272e+00
6.709941036959861105e-01
-7.565443435513866666e-01
6.506406205042828406e-01
1.079992705610870463e+00
-7.093551056276452549e-01
1.005510904153908314e+00
-1.112148381740419856e-01
5.312341291506318397e-01
-4.823754247343113866e-01
-1.498096007123142503e-01
-4.518327876187709924e-01
-4.047210938288203774e-01
5.431449530306186047e-01
-5.849844278982252455e-01
3.893475861408252636e-01
-1.447884611192300053e+00
-6.569650857206552619e-01
-4.877794383863515160e-02
2.608549194574837915e-01
2.508815365561135602e-01
5.432737632714691456e-01
-6.925323354096322159e-01
-4.958625300611734787e-01
6.146342521958914062e-01
-4.282138294754717633e-01
-5.893097697779725586e-01
-1.854265828975812380e-01
-3.123347487630933061e-01
9.741881610164749850e-01
1.304306202132047066e+00
1.342612672835947318e+00
-6.647759866446119048e-01
2.837036819283873523e-01
4.456307141112573200e-01
1.410687718525415191e-01
2.020033875609954510e-01
6.341552909344011502e-02
2.613149539187229475e-01
1.656387295154119477e-01
-8.778877826259894324e-01
-1.030095868108973134e+00
-4.547561883066230520e-02
1.031086680323113791e+00
5.007689360145741730e-01
3.461395284748010059e-01
1.343599748356045787e-01
-6.961333040395564220e-01
3.016688113641874947e-01
-5.580559702806235922e-01
-2.868899400190286775e-01
-3.813301895994408719e-01
-3.578276809628250232e-02
-1.096608882161409948e+00
-7.257094347409519530e-01
1.897121895955588833e-01
-1.089514236680871218e+00
6.525995013949061896e-01
-7.535699008752091421e-01
-1.098570619536309412e+00
-4.612714266936304153e-01
3.393692983115502160e-01
5.005282586166525105e-01
-1.551406443958255887e-02
-3.832058037634233916e-01
-6.006710887552731970e-01
-1.591792006087218436e-01
5.202380287492183175e-01
6.064763091784582949e-01
5.409402525145702301e-01
7.037974745274354627e-01
-4.413749021612237700e-01
-8.893292019375373947e-01
1.414348318730669907e-01
-7.789531681639358940e-01
-5.917155939873851578e-01
-2.838875618617093255e-01
-1.006102590587119483e+00
-2.656248038877419559e-01
5.977943732301684854e-01
4.553158322570737271e-01
6.067383676374116241e-01
4.399077149783142682e-01
7.603324602952541422e-01
7.544908112403799771e-01
-9.513774735468966126e-01
6.321237204483322047e-01
1.066237506237925237e+00
9.626944128112129295e-01
-3.563053382942937830e-02
-2.063432979447443194e-01
-4.028121097439131271e-01
5.815779436196448771e-01
-1.091009799685586090e-01
-2.162961165130866947e-01
2.067136575565023393e-01
-7.627372810760942867e-01
-5.959794181202042740e-01
2.339310046874617521e-01
6.858316367275918424e-02
1.769946409657870423e-01
9.563566301388687352e-03
-1.776096010302039008e-01
-3.365903795928517628e-01
-6.031605388531504630e-01
5.606833095387234733e-01
-2.618435495518356415e-02
1.158764322729708973e-01
-6.899369090467961652e-01
-7.167194409121371290e-01
-1.053802827660261565e+00
-1.623841356956504944e-01
5.398363152327289027e-01
-2.952004366989415818e-01
-1.211518597896847682e+00
6.443440989082022119e-01
4.052869016284782466e-02
5.771323492890568785e-01
-7.545942809049827060e-02
-3.962937422248766217e-02
-7.147731574101490182e-02
-4.036190234942920174e-01
7.071845190477970000e-01
1.125868437606250272e-01
-1.702127797206684778e-01
-3.405531986698421831e-01
-2.884528469447492638e-01
-4.829456631013511747e-01
7.107163037609625089e-01
2.003397498440563085e-01
