1.935956894305976006e-01
1.962142391176236345e+00
4.066723791729227599e-01
-4.591723453331654770e-01
-8.610492509686877849e-01
-5.993965004785501982e-01
-2.307978437859144194e-01
-1.429452105238217641e+00
-6.933854184137879795e-01
-1.371040891057905275e+00
-4.146141199776611219e-01
-3.290571489960917861e-01
-7.359472054925348949e-01
2.179268517923494408e-01
9.461411907301292556e-01
-1.409622091112838982e+00
-7.771694824276920155e-01
-1.433012600831340189e+00
8.335993836105811683e-01
-1.709891233518194387e+00
6.913924514494002027e-01
-1.074834411112235655e+00
5.987659056903510413e-01
3.956366684339338580e-01
-1.560727468349223379e+00
1.213255542906095608e+00
-1.208445781199143587e+00
8.257513710867139256e-01
-2.051158270771941128e-01
-1.363148894899075314e+00
8.071473191326897778e-01
-8.658463544719481320e-01
7.251456753075478101e-01
-1.366836497030569086e-01
-1.191288437316662119e+00
1.056566184303691758e+00
-7.287641797536084654e-02
-9.493024495157741383e-01
-5.979707121549852067e-01
9.380705638263688861e-01
9.026931361205637883e-01
2.554688094363126716e-01
1.342829501347037269e+00
-4.203180772686269107e-01
5.236263421788225347e-01
-1.261251827607514642e+00
-8.388612713770506879e-01
1.021873722980514376e+00
6.796978575349148510e-01
-5.261850854965578056e-02
-1.037810821049625298e+00
9.515536169740310135e-02
-1.663722009927683709e+00
-7.980180216135386306e-01
1.201494912991837527e+00
-5.726154471110387334e-01
8.403174035695899491e-01
-1.034370494486471559e+00
-8.237577760098147017e-03
-5.899918712407832277e-01
-1.140414991268392741e+00
8.714457404519839745e-01
-4.494195793528015237e-01
-4.941638293126653370e-01
2.828145076030140204e-01
-3.003586436388995251e-01
3.935676325396934572e-01
1.341638447863023054e-01
-9.524766182248536883e-02
-1.497746591426945884e+00
-6.257481414494950878e-01
8.320079585048103521e-01
-4.423900835291987299e-01
-5.492584966149518522e-01
-6.168959638699098580e-01
-2.127834226992178224e-01
-4.974217388595211786e-01
-1.550516894105187005e+00
4.166715644370217464e-01
-1.428924232853948872e+00
-3.328464209182809275e-01
7.067447771901415043e-01
-1.332438039272440533e-01
-5.654887040006337240e-02
7.845701522417968254e-01
5.510321099058306249e-01
8.051800870535273935e-01
-5.474680623109420829e-03
-1.071042262523739019e+00
6.572968752618356669e-01
1.631583448093752997e-01
9.528582351504771841e-01
3.392097120732694981e-01
-6.412760787984608246e-01
-9.262363485697193421e-02
-3.577559961955040224e-02
-2.635106510671411661e-01
1.220154480668747876e+00
-9.234186373551563909e-01
-7.390928476225500088e-01
3.556197300579586607e-01
-3.236707372333389454e-01
-7.808289308832965236e-01
6.431145343958228899e-01
5.892372299557926407e-01
-2.061820344445180753e-01
-2.061168278488124450e+00
-2.158719390626584911e+00
-2.971212664551878824e-01
-4.314732405471114474e-01
2.811294911973327704e-01
4.664869139855523095e-01
-6.843556704556414960e-01
8.668499597683138047e-01
5.257953914639876825e-01
-1.172962519998113740e+00
1.276765927056776606e+00
-1.560973435143103716e-01
-9.214227684797058338e-01
-1.253905461732629067e+00
-7.510358689857170589e-01
1.454097909659102683e+00
-5.415118312366820064e-01
-7.601340798114016861e-01
-6.614797696988363729e-01
5.894293752947756815e-01
5.161750264945359490e-01
7.556757227246209130e-01
-9.633161323453922620e-01
-6.819895302278623506e-01
1.766062628159806636e+00
1.531426008877401213e-02
2.487864309843707211e+00
-1.899667702317666462e+00
-1.966366607359968155e+00
-1.143689307465162397e+00
7.375203908309370116e-01
-4.268691823179212030e-01
8.139199816567220802e-01
6.309134687782816941e-01
-1.479041319100147689e+00
1.899854985733542501e+00
-8.255926031716237512e-01
1.308660721343620104e+00
-1.594223104013470782e-01
3.628751879111268286e-01
-1.929901265008306388e-01
9.477889448579210896e-01
1.408634019258539483e-01
-1.797543253199191060e+00
1.022358547984732802e+00
-4.074150058830035004e-01
-9.425287880508184113e-01
-3.714985700368436117e-01
4.081277452727286037e-01
6.241113616372113704e-01
-2.204496123715964373e-01
-1.391005011314731643e+00
1.809237127061449901e-01
9.436827236602302049e-01
-8.516355687987050560e-01
-6.453080249765597021e-01
-6.607224695053490748e-01
2.300156756189459528e-01
7.048371573306428939e-01
8.335903128911985593e-01
1.256773049324914515e+00
-8.014357123758304446e-01
5.104408884871425300e-01
1.376595788329133541e+00
-6.682699056189507214e-01
1.181882253465001975e-01
-2.831764554442239845e-02
1.397387609568955247e-01
6.804757285182028159e-01
-1.039248115626564717e+00
-1.784069160147860433e+00
-5.778395856220632787e-01
3.435407672371664223e-01
1.707321070740333457e+00
1.365254815087062479e-01
2.929033872721217846e-01
4.285477077130389612e-01
-2.451958244052038216e-02
-9.077226574029099160e-01
-4.184726497027795311e-01
-7.168520892909636677e-01
-1.841141022674805117e-01
-7.101523090293855311e-01
8.163834958766584549e-02
-5.590313498052400520e-01
-1.774946736886529708e+00
2.927580782940058524e-01
-8.909656544477827511e-01
-6.508040219426609596e-01
-2.143428050030010690e-03
6.881347782744020591e-01
-8.901354035507200169e-02
-2.509774713251500255e-02
-1.630473059986857487e-01
-1.462391838960115820e+00
-2.256330289908241582e-01
1.949122960111608904e+00
1.255334959085864899e+00
2.338567134280951088e-01
-1.827482529757467333e-01
-7.638016412747123951e-01
-1.002190930694457416e+00
2.935609874674139919e-01
-4.570790253478044796e-01
-9.632810749949503037e-01
-1.303288128603469209e+00
-7.207908827957402176e-01
-1.012548445824342780e+00
1.222466582997834950e+00
5.356533472548861141e-01
1.704792598099691414e+00
6.050247912779527226e-01
-1.562335425312837145e-02
1.320426154068592428e+00
-8.963406271529178460e-01
3.912079870127285197e-01
1.405951136289672831e+00
1.408957125254179044e+00
-9.153703151316648912e-01
-1.079930801214318725e+00
-1.411006216310878303e+00
1.200904419237571075e+00
2.480579608614415787e-01
-5.520054392823298128e-02
1.696679956774353737e-01
4.760119813120025078e-01
-9.752737056693644435e-01
1.110623340923273972e+00
4.231592501304110021e-02
2.087326679854882017e-01
-2.537390585014772659e-01
-1.327779489108582123e+00
-2.013815905015369778e-01
-1.106756726340779040e-01
-6.032868182204799146e-01
4.314637560888922030e-01
-2.614786630799685319e-01
-9.070332016987685542e-01
-9.305315459088511210e-01
-6.064434795266996359e-01
-8.859597796022098404e-01
1.839137724563630005e+00
8.603404232498958193e-02
-8.166398711958717804e-01
5.487596825657039545e-01
-5.443532565300197579e-01
1.510284397595718087e+00
-8.814129999028332829e-01
-8.451699414444172054e-02
5.577994545703910401e-01
9.027138980211653063e-01
2.124510771614730453e-01
-8.112857903415504612e-01
-2.550567290361450690e-01
-9.017779743829260619e-01
-2.428669798320191309e-01
-5.728305408205048854e-01
7.443329357798622592e-01
9.299460606867249179e-01
