-1.789093467041404095e-01
1.646595235163907933e-01
7.277115250515868716e-01
-1.355318119166093904e+00
-5.076129029774659740e-01
1.303976147547434739e+00
4.242189296032079504e-01
8.028038814243816379e-01
2.841020818431898576e-01
5.795434156823334737e-01
1.108024162565448334e+00
4.686157312778123085e-01
-2.908348009135193202e-01
1.661199207792231736e+00
1.162552302147511041e+00
-1.215321505063376994e-01
7.172098633797459044e-01
-5.287395137879564722e-01
-5.750076374886545771e-01
2.455869194301433800e-01
1.094405408360139553e+00
7.705866002429693218e-01
-9.359427584527393318e-01
3.093591473753564136e-01
-4.780182895807916221e-01
-6.889281298471616743e-01
-1.982275534428164232e-02
3.170142638863160944e-01
-7.289816161186054577e-01
-7.456594052247662585e-01
-1.283430997284748409e+00
-9.550869226776064203e-01
-1.413882042073872913e+00
-1.190234735903385133e+00
9.418783639655766704e-01
-2.183022802040113508e-01
-7.445109549094556245e-01
1.004524259478083437e+00
7.617899954636496718e-01
1.356159827620789349e+00
-4.411431111419759077e-01
4.028921359532289803e-01
-1.413387049894178960e+00
6.402034485208453196e-01
3.216169571268429617e-01
-8.270539389157596233e-01
3.180337117080158649e-01
-7.042507656329792809e-01
-7.880306042585744075e-02
1.515945359760720867e-01
-1.688414786245732713e-01
-4.507918491831285346e-01
-1.004480754706411905e-01
-1.039433872300991490e+00
1.252920195037079965e-01
1.621308520762702488e+00
-6.709642266639029851e-01
-3.061033615477998238e-01
4.019426003076061460e-01
-1.676763732739587898e+00
-8.548609637247928106e-02
-1.220739505424774524e-01
1.181717123160377636e-01
-3.944067810825162557e-01
2.611692595548790741e-01
-2.679929967245353595e-02
8.021760506021631265e-01
1.406587445847828910e-01
-8.221170778986981453e-01
2.325362381054755789e-01
-7.058194991500167381e-01
-8.229235056091791511e-01
1.174780998654548103e+00
2.145697659818698588e-01
-5.148305826441974542e-01
-5.728555317725335383e-02
8.708965108462364269e-01
3.801357261438935708e-01
-1.161400496105948976e+00
1.004118139599720072e+00
-5.123684333247113809e-01
-5.287876548811358823e-01
-7.375073150853990178e-01
-2.757037948076659362e-01
7.830322687526858338e-02
5.134754168024892040e-01
-1.046244709729874378e+00
1.118674773963459934e+00
7.900681721681701575e-01
-1.814057810635921753e-01
7.847607416804769365e-01
-7.428024443260020648e-01
2.950320841406783301e-01
-1.317988053751339983e+00
7.849400274816200618e-01
1.051263039991982673e+00
-4.442069305873928564e-01
9.121965693302476197e-01
7.699337931486279762e-01
1.516186004163331824e-01
-1.650227613156226569e-01
-5.023110511014280410e-01
-1.172050746979259594e+00
-1.514776069337618047e-01
4.337091640095449563e-01
-4.157026558304691144e-01
3.132833871716383944e-01
-6.953829429600342227e-01
-5.717614231398744362e-01
-5.721390251492579626e-01
1.134742049459697810e+00
5.230391364309663338e-01
5.738063135455532260e-01
4.049639683559537739e-01
2.986964297831679049e-01
-7.893982397868770651e-02
1.147300472654530834e+00
1.066225243480669160e+00
9.870535787145503503e-01
1.094160179587405080e-01
3.226889403960490621e-01
-9.171399324550005838e-01
5.706123492312563661e-01
-1.117147483573208977e-01
4.197464450728670138e-01
-9.589591365831853231e-01
5.091118644385350667e-02
6.693891324752204719e-01
8.637015714072355799e-01
8.375120593178614348e-01
4.058027610343202252e-01
-2.681946488555414509e-01
-1.174045601618135537e-01
-1.103568723955848263e+00
-7.568814475432961153e-01
-6.255128128567128964e-01
5.586984802186603649e-02
9.351331303133215977e-02
7.287688646288448258e-01
7.894758746711126873e-01
1.460108717602130568e+00
1.118243928866753112e-01
5.466731103135666903e-01
-1.639682454436514059e-02
5.398530931787772769e-01
-9.539122578162573252e-02
-2.039649382409908784e-01
-4.638604134036793392e-01
3.908699028869829784e-01
-8.959603798686766041e-03
6.333088412551971524e-01
1.020844885098059152e+00
-9.898821155371160252e-01
-5.362294186067722013e-01
-1.920086928424207251e-01
1.169518782813137175e-01
2.409686249999143381e-01
-3.154118374052020668e-01
-9.456682669765152927e-01
9.513077272503555060e-01
1.001948929634411289e+00
4.152119763316292622e-01
-4.026623150829692355e-01
-1.072322260754329237e+00
1.205931599147580524e-02
-6.586040737500661324e-01
5.510574363257156882e-01
1.143629458302419355e+00
-3.823539918762854928e-01
5.157748436033966488e-01
-6.420913890337490715e-01
2.361997207119782005e-01
-1.321990355190898692e+00
-8.520499101693010391e-02
-2.713829626779219462e-01
4.629443855258034146e-01
-1.381533081564803922e+00
5.062617289963978751e-01
8.954804702221268453e-01
-6.300176582211259868e-01
1.072049611588599127e+00
3.486788031462039750e-01
-5.085594387443410636e-01
1.504253009009349773e+00
1.998977315067496652e-01
-2.686001985400610637e-01
8.973104026774837705e-02
1.270200433065689971e+00
1.315001788826718032e+00
-5.586993620353398748e-01
2.730336398786616936e-01
8.249551478690693163e-01
-1.559568240156377072e-01
-1.329815105598318170e-01
4.697858223855239657e-01
1.820057921790987909e-01
8.226862384719255683e-01
1.490038861311849816e-01
-8.405575697485206943e-01
-9.438460623518920567e-01
-9.032194569178451093e-01
-3.032246345561945278e-01
2.536987373764583165e-01
-4.074688057475033820e-01
-1.219466943249966295e+00
9.052592986815926057e-01
5.962808896863399655e-01
2.260922449174093130e-01
4.908291810818138368e-01
2.081340619069577680e-01
-1.066092209657212297e+00
1.343347559245934741e+00
-9.201925496447241892e-01
3.584764392795942722e-01
8.383673118883344655e-01
-4.448009501377610531e-01
7.835945977834223308e-01
8.989203730382451241e-01
7.204685789362407222e-01
-5.234552476152833922e-01
6.112802135432782169e-02
-3.066358552562810647e-01
7.549809937204056132e-01
1.013680492377255993e+00
1.159534515562878065e-01
5.631776257266324359e-01
-8.199128986205233005e-01
-1.142325330487834467e+00
-4.910154774313462145e-01
2.186331629371923158e-01
3.367086551457705856e-01
1.292298927463207070e+00
5.116711672703178060e-01
6.807910132417084315e-01
3.217396333295347022e-01
-8.713991658625577230e-01
3.001998849826111870e-01
-8.019530274629052546e-02
1.798954315613248145e-01
3.768350425381332136e-01
9.853297916560229686e-01
4.589064414508339240e-01
-3.882596095918539048e-01
8.853835994602086146e-01
8.094116058571944050e-01
-2.489157086106404682e-01
-8.846316207755251515e-01
-1.367340886963938351e-01
8.562024456319535792e-01
-8.945495843887247833e-01
-4.619402127600082952e-01
-3.514456418646840774e-01
5.707721887691923346e-01
3.604316138562915772e-01
1.025083651266496476e+00
8.327649541699214675e-01
5.080858419265130710e-01
-1.353075435606045929e+00
2.420392070434203013e-01
1.325723445141005596e+00
3.791484493874341943e-02
-1.151812292988060316e+00
1.219478953105512797e+00
1.342541641127218632e+00
-2.888755719338089167e-01
