5.918259919460250318e-02
1.471120514816415703e+00
7.328926942042257586e-02
-9.287751457861070925e-02
-1.212956477263048782e+00
-1.038919233602505932e+00
2.841621302614671940e-03
-1.723193833568761324e+00
-7.398642327466118385e-01
1.724919596037043645e-01
-1.232328640358985039e-01
3.280179244233708546e-01
7.101239371134615563e-01
-2.943410898930781672e-01
8.523362079168355088e-01
3.552102708338078507e-02
-2.567555111601532158e-01
-5.493418882296993155e-01
8.186412280146714293e-01
-1.758270068956046428e+00
-1.431764139209909525e-02
-4.804494350549285975e-01
1.862494571436457802e+00
-7.165116687216276370e-01
-6.324422754058819374e-01
1.540899026312502862e+00
-7.713874731685522734e-01
-1.019872284537840096e-01
-8.302685463964443180e-01
-1.062987543852494055e+00
1.020945968412583227e-01
-9.174664905683604932e-02
-1.940895749271204229e-01
-4.203743522644498021e-01
-1.357935701661278527e+00
-1.168677164435548421e-01
4.902059333300309851e-01
-1.135788707207190606e+00
-2.110981439074686439e-01
1.360405343926771593e+00
1.169031193904995325e+00
8.643879382762436059e-01
6.799292433214214615e-01
-2.383570031052890670e-01
-7.232682411357740926e-02
-1.843455655584944619e+00
-6.829054269897323615e-02
8.705717410383733146e-01
4.073669766630963474e-01
-4.960752408215555187e-01
-1.269470816290583004e+00
5.098010706118882851e-01
-1.736047444418275632e+00
5.070678230631909811e-01
1.022474015157491145e+00
-4.160490903412548125e-01
1.867133418220443986e+00
-1.629695468337898134e+00
4.946856938842830731e-02
2.558618035998588836e-01
-3.090888094753937443e-01
7.999898775650000626e-01
3.275739597888149279e-01
5.671007973660231460e-01
-7.355344055418550075e-02
1.893056540041303248e-01
4.373527011798822861e-01
1.107390079594750221e+00
-4.161785365231389089e-01
2.297523356957711371e-01
-1.797953032842582122e+00
8.549916327419182505e-01
5.434908871193481206e-01
-2.541824043645569686e-01
6.258396227009832558e-01
-6.956603084484977995e-01
1.163481515012157352e+00
-1.003151873534164684e+00
2.192024204905977380e-01
1.573375997633575940e-01
-5.372621791619778264e-01
1.044998226565780897e+00
4.745985373133867480e-01
7.229576415024986380e-01
9.257661592870681799e-01
4.078181483764569681e-01
1.942474347357133757e+00
-5.428981527307067401e-01
6.558060000979250292e-02
1.922308241680126040e+00
-1.074696473197701341e+00
6.161938814067396963e-01
-1.649701931513280484e-01
-7.622816053914738266e-01
-2.085131087222087121e-01
-1.236946654602781026e-01
7.185990558555815921e-01
1.166405164991231258e+00
-4.355799165375255910e-01
-1.042317114597917316e+00
6.696656773737601487e-01
-5.691553257724344395e-01
-9.929735401955319674e-01
1.453070746955027470e+00
8.274776327193964498e-01
-6.657454902750978842e-01
-1.809648544352126853e+00
-1.850685621982335327e+00
-5.052985648478098835e-01
-8.265655699970069215e-01
-4.123686134326323693e-02
3.705977281756156483e-01
1.976819240230651142e-01
1.039870106526218141e+00
-1.564557224966391796e-02
-8.540644608730695309e-01
5.015576334200771980e-01
-4.627561395569577685e-01
-6.621478606551285395e-01
3.212090937751405084e-01
-8.402820950531941779e-01
9.470787902971332661e-01
-6.202998593218649326e-01
-1.823920766354652834e+00
-8.883844002353117331e-01
8.783995161230442883e-02
8.197988050982479846e-01
1.129241039969968385e+00
-1.103178672824960405e+00
2.295565304799018769e-02
1.632638206835355099e+00
-9.680224080644902473e-01
8.275934353276365174e-01
-2.681405715332398909e-01
-5.872572383329248413e-02
-8.243826321943428237e-01
1.786644059863482070e+00
-1.223600817223902570e+00
1.185364584813607625e+00
1.742366248233002679e+00
-9.281750948675906443e-01
8.100090372708628195e-01
1.545235023500488580e-01
9.449413558385839629e-01
2.230978108453521014e-01
-4.999134489427128347e-01
-1.379809519456540068e+00
-7.282844772893516394e-01
-4.790145954490131475e-01
-1.619190525848716700e+00
8.824440812192030359e-01
-1.335402552024012257e+00
-4.241019640160482718e-01
-8.551198422706575153e-01
5.713923320384513005e-01
3.212083704267872375e-01
1.587645414007658462e-01
-4.163831927956866963e-01
-4.277942390034322750e-01
1.434855995100325077e-01
6.002352920216484922e-01
-8.215863063687371681e-03
2.350560422695414653e-01
-9.284160605436572178e-01
4.912268928850428984e-01
1.654233144565022462e+00
4.958841469236591193e-01
-1.362547870312575515e+00
9.833594696054359652e-01
9.380397572239327353e-01
6.499467273538415135e-01
7.581578174972312123e-01
8.401272669141011118e-01
-1.852206460393095444e-01
7.641184061862704713e-02
-4.241581285328982487e-01
-9.411121412325262892e-01
-3.735930864914117078e-01
4.667831915624998662e-01
1.656150895972266612e+00
1.659594944648461745e-01
8.545130253721889835e-01
1.954819895285148101e-01
1.026238280125559399e+00
2.779985381743232398e-01
-4.909560158312095135e-01
-7.858043090172339706e-01
6.186065677180290212e-01
-4.495630045882518799e-01
2.033317022142151487e-01
-1.187240695141013186e-01
-5.112657165773016876e-01
7.707600504797338381e-01
-1.733839171048107808e+00
-3.257817987693565343e-01
1.002905830476167326e+00
-4.233455236996803983e-02
5.704474143793041296e-01
-3.445722046445498510e-02
-4.181156503975123062e-01
-1.000335914951304250e+00
1.818344675731002891e-01
3.448064359921461097e-01
-7.851547240674283668e-02
-5.541300843987907732e-02
-1.428122532140573553e-01
-1.655244161899040445e-01
-5.716707767018667230e-01
3.850478418908415690e-01
-1.985308982326783767e+00
-1.201675732074114933e+00
-8.263882263786249682e-01
-2.073552873294028487e+00
-4.307116122463164887e-01
9.555169672898516930e-02
1.169850430990011958e+00
-8.988661480401650972e-02
1.346884013138935021e+00
1.784825146067430479e+00
1.812719105624912341e+00
-8.967375017114073699e-02
9.897055846506160881e-01
1.158896269283800518e+00
8.982829426426074404e-01
3.328257131331326946e-01
-1.069018041323989587e+00
-4.601288074585786481e-01
1.023466407844911608e+00
-9.374802644906629623e-02
-2.318956174284146909e-01
8.747166479592056731e-01
-1.188610712994486507e+00
-9.174437455593782431e-01
1.268255787927964118e+00
9.037284847546681044e-02
3.629685434757409235e-01
-5.548249556101370050e-01
-2.850526572408591530e-01
-2.714651932496863762e-01
-3.325542724471014511e-02
1.104537161845617010e+00
2.446574138041413271e-01
8.861766964022956827e-01
-1.669120255313760293e+00
-1.914157983239528571e+00
-7.892588853212619826e-01
-1.009266902647636188e+00
1.030321082080760897e+00
-4.889631413084812861e-01
-6.631031766968353836e-01
1.569115832985816250e-01
5.113636082167966057e-02
1.328491248766114241e+00
3.663972632798825901e-01
-1.012351140294608376e+00
5.902993802945708524e-01
2.261693654396065012e-01
2.167566582885437076e-01
-9.530058292466834224e-01
-2.287068331743557503e-01
-9.180589776907699395e-01
1.094293328434515766e+00
-3.318349524181599119e-01
7.175927172149805244e-01
-1.092382322084346075e-02
