-7.078410790610869530e-01
-4.947412948976276925e-01
-2.943042739836365662e-02
6.578853538365794229e-01
5.731707255236395682e-02
-3.241188641504990642e-01
1.051018406998665444e+00
5.751473081303773438e-02
-1.858695401964238769e-02
2.634905840970773183e-01
-6.457024847066556994e-01
-8.856940003402402617e-01
5.768174348744148361e-01
8.614900992664147050e-02
8.360463187130990903e-01
-1.071873946006717482e+00
2.022155013726765205e-01
-9.004997578911062561e-01
1.990795417329104811e-01
-6.126079274456210921e-01
-5.188576749899297402e-01
-1.052846824914456469e+00
5.449946708989610311e-01
-5.667566191247086493e-01
5.199121336183618602e-01
3.242881993157989973e-01
-2.777092535023102382e-01
-1.134099097702561565e+00
1.177771328655776051e+00
-4.939640184599776718e-01
-3.794522108170602093e-01
-8.855460097579589962e-02
7.925022286394833859e-01
-1.974777192680141069e-01
1.849512844057977778e-01
-2.886522274180277625e-01
-1.095956257946776757e+00
1.066646634579492936e+00
-2.843625413063513019e-01
-2.870903029804918738e-01
1.639330286607364739e-01
-2.457319009767998733e-02
5.336336421058285318e-01
-4.280932122761397229e-01
9.645726529751494915e-01
7.641379148573600455e-01
5.892940214083233208e-01
3.672822137758722238e-01
3.335282918539790864e-01
-2.914521476815307710e-01
-1.138852415152979969e+00
-1.048288173884530439e+00
4.786698908951205200e-01
-2.579455173016644842e-01
2.311265631052391023e-01
-7.404837819866019188e-01
-4.683403576881554065e-01
7.909789389539416682e-01
-5.978981261963860483e-01
-7.885059532344738109e-01
-1.072445750758868721e+00
7.280087512899013902e-01
1.109458180534830696e+00
7.027586706058563948e-01
-9.794747844002380521e-01
-4.319525856838070110e-01
8.525000695514047822e-01
9.111615009605856796e-01
2.768646093139388586e-01
4.656930060889374889e-01
3.176371689669480469e-01
6.528006641352538386e-01
-5.038130482563937251e-01
2.074284407518097451e-01
-1.736234164579844252e+00
1.626026226942949737e+00
1.727615928915532950e-01
-9.517295054594310244e-02
-9.893534335892272269e-01
8.550978756871642217e-01
3.690863287001888149e-01
-8.287955818110066541e-01
7.448188951027669980e-01
-2.303852226496820033e-01
8.730137581611455699e-01
9.997024764551204479e-01
-2.604237841143370313e-01
3.626291994953588782e-01
-4.261886506818750586e-01
-7.733387943021292621e-01
1.358259465610805461e-01
-1.260751660501759686e+00
1.026190644502897431e+00
-1.321564133251033724e+00
-4.298114219096994537e-01
-1.417821103187114185e+00
-9.603570549907675113e-01
4.966270425242097497e-02
3.956701687346472762e-02
1.198643640837035729e-01
8.931475315228522005e-01
-4.914634952754726172e-01
-1.795322183948299677e-01
6.658225404895505850e-01
-8.335258380975003600e-01
-3.015663561091461720e-01
5.880960634462653047e-01
-6.188290463490516702e-01
1.001774523063303501e+00
-8.998364809315233526e-01
-7.096669823884051986e-01
-1.401937120257170100e-01
-6.027893905102805761e-01
-4.745934206657229648e-01
-6.526907116038388468e-01
-5.815626415840553509e-01
-2.576412368536061259e-01
5.112633136524997735e-01
-6.983518899135321423e-01
5.854696639056030660e-01
-8.979671012777407091e-01
-5.546851133258604571e-01
-6.545993624126095201e-01
9.343747980972597622e-01
8.587448775351749219e-01
1.470804509228125889e+00
-1.340841955402025221e+00
-2.811909690117788685e-01
-4.537549308623900490e-01
7.152438170323437427e-01
2.030299835709973855e-01
-8.003263924130349372e-01
7.852447763568652928e-01
-5.200691488211270919e-01
-1.821348815619066031e-01
1.148097638150687105e+00
9.507153915239174857e-01
4.075625210907836693e-01
-1.014636705881506007e+00
-4.454445888115451391e-01
-7.762179121905314894e-01
-7.538564428430122311e-02
6.926293823177983588e-01
4.104219409849884093e-01
-6.725292362326207307e-01
1.326362859753449808e+00
-1.106215517824003403e+00
-8.717242050097807615e-01
-2.476116534709863481e-01
4.361516221185133269e-01
7.114408912957514985e-01
-2.638183461490823944e-01
9.462653347653504632e-01
8.933234040277410193e-02
4.605042503447050461e-01
1.184974274104765746e+00
5.256529819143785920e-01
-5.443019839042647634e-01
7.398366858364369136e-03
-8.764722404238389775e-01
-1.127098299787772095e+00
6.018504093724171833e-01
4.047948241996289775e-01
4.918436263925813345e-01
1.371780839665656115e-01
-1.941932541087391551e+00
-2.908102732394485246e-02
-9.725424766085428718e-01
-6.438114867580014833e-01
6.756846499014937946e-01
-1.000671640516001215e+00
-9.631285332264613031e-01
-7.315954963515403087e-02
-3.951938548002509322e-02
1.044184464830905101e-01
4.188652634941747444e-01
-7.519970004440491573e-01
7.972921438939837291e-01
6.992859152247549170e-02
4.706683358988046906e-01
-1.126285450670148069e+00
-1.410476759485899567e+00
-8.763787633176555181e-01
-7.691995391669708138e-01
1.943054271670188737e-01
-9.553183513879118238e-02
-7.422270109834450125e-01
1.498771554559567232e+00
-1.224202276105734510e+00
-4.680146112146676973e-01
-6.448897688358928848e-01
5.955390187075586539e-01
7.160094674451283892e-01
-1.074679428871826437e+00
6.671670936229979754e-01
-1.289037111596944840e-01
2.882958282046526044e-01
7.412837850185457489e-01
-7.724765789732250809e-01
-4.549156327407199996e-01
6.139998827503987400e-01
-1.348929383774740254e+00
7.715455176056160713e-01
-2.634608311477543152e-01
-8.726769058224130848e-01
6.043917143453680918e-01
1.436668076443352038e-01
6.389473297491182757e-01
1.160186486611721079e+00
-5.146312871794616051e-01
-6.452327072882010905e-02
7.085728939440445739e-02
5.469196766163897383e-01
7.833963775107737337e-01
-1.283506275286996345e+00
4.463298707374331320e-01
6.048853054530533013e-01
7.423841407537736803e-01
1.407209965178822797e-01
2.452032642775391069e-01
6.434706301013224383e-01
-3.094558138610757902e-01
-9.020579723568403208e-02
-7.486950122219599990e-01
-3.341910878202437596e-01
-2.716403294969866877e-01
1.275570866707836259e+00
-7.509947245207131417e-01
1.005006971771738450e-01
1.086995831097123721e+00
-8.672573387726669747e-01
-3.246303858793825325e-01
3.556262373052149206e-01
5.360629933354936760e-01
8.155151676357187407e-01
-1.898116008555470746e-01
-6.176886672693151503e-01
3.778284046675925989e-01
-5.132288072563512965e-03
-9.662763638034592706e-01
-7.112492716051137531e-01
2.049660450980879955e-01
-1.755605026258901802e-01
3.114561526135466440e-01
4.780703048950805112e-01
4.776511607599278619e-01
4.100658536047124825e-02
-1.129492483666144187e+00
8.638742317479572996e-01
6.620875113826537595e-01
-2.302162366609422639e-01
-1.205941373592075649e+00
-1.640504129130608557e-01
-5.885913544371783601e-01
9.673826799466085369e-01
3.321974295437333247e-01
1.822896542098077222e-01
-5.856246062656597084e-01
3.861439397943005059e-01
-3.813719995629069048e-01
3.713251157197010599e-01
-4.841871837690205904e-01
-7.885214484927252077e-01
-7.525430964888938368e-01
7.237012706498856529e-01
