-8.672199071823741834e-01
-3.958322403419574087e-01
1.267080814271358546e-01
3.800910169287456952e-01
6.239958851489508795e-01
-5.119274290025865870e-01
1.248124192833797608e+00
4.402776193960040996e-02
-1.076753921548912613e-02
-2.414805264828647213e-01
-3.773522331698010990e-01
-5.832590563496278246e-01
4.620083643166704723e-01
2.051106798241315587e-01
1.163929811624297317e+00
-5.622235798862375011e-01
2.403738852778065094e-01
-9.252591995772346811e-01
-2.950036502233118196e-01
-5.382877042161903214e-01
-6.935994880011407959e-01
-1.434348534700372824e+00
4.025144898200062049e-01
-8.445955690113986503e-01
3.379504928951999609e-01
6.263449102898203114e-01
-5.647259265704016595e-01
-8.169229035621400348e-01
9.094705954163317951e-01
-9.571657004126128410e-01
-8.414490339989921797e-01
-9.367700279478761993e-02
8.964876461620355785e-01
-1.019076059202026041e+00
1.009518468740382979e-01
-8.217849675597217463e-01
-1.033008778907646086e+00
6.658943872349072368e-01
-2.581934208304977885e-01
-1.095692732671842695e-01
-4.601249784088319861e-01
-2.323663859720126179e-01
4.748659774906588416e-01
-2.462539981488485186e-01
1.595739302210039234e+00
1.349797527007734477e+00
5.242708630350267907e-01
1.194130981113032730e+00
5.647358751291706724e-01
-3.389323083609980802e-01
-6.111624404264665023e-01
-6.879138741524981615e-01
9.416823898920476665e-01
-5.352225025447506779e-01
1.103940782435133688e-01
-5.560192634662053379e-01
2.773740804349405509e-01
7.175007038229680445e-01
-1.032443730259673620e+00
-1.242684861946198538e+00
-1.450304129552925092e+00
5.446417913437502367e-01
1.236377200519586106e+00
9.068928834728046118e-01
-1.127425451316703908e+00
-1.433766255926964550e-01
1.037505894006375939e+00
4.746488356846697565e-01
9.830559328026195615e-03
9.731224183410656092e-01
-2.656478675479131413e-01
5.129238545243428593e-01
-2.536511957138833928e-01
3.677366013734169603e-01
-1.519993506746854850e+00
1.010565041534813746e+00
7.493914120792194433e-02
-2.255370387955366596e-01
-1.197995329952929788e+00
1.222276779318086870e+00
-4.019080482078651873e-02
-1.141246873659486294e+00
7.371706967273030653e-01
-4.550582129523910169e-01
5.997801171706438339e-01
8.303569350363779744e-01
-1.718430372021999553e-01
6.210131003759464807e-01
-1.115097049365247228e+00
-2.515582568140353192e-01
1.391636511343906646e-01
-8.816141475790499893e-01
1.121486629865995344e+00
-1.530919896646300904e+00
-8.995600346903467326e-01
-1.594059803051596225e+00
-7.538210448773631223e-01
1.236291336788853806e-01
1.605564003692573349e-01
-3.794414151707855010e-01
7.416238036019191515e-01
-4.701618065181249473e-01
-6.439721670838391421e-02
1.414446682269242805e-01
-7.425152191939872193e-01
-8.659071360704587161e-02
5.673352658116450620e-01
-5.155716439103179560e-01
8.674618529483806295e-01
-4.765880828868497288e-01
-8.295247822932152459e-01
-6.019038565104212202e-02
-1.122291294316096311e+00
-5.457712826796756733e-01
-1.034426155348320830e-01
-8.680940486555224211e-01
5.764300206443884189e-02
2.803977364367867264e-01
-6.218887915948024814e-01
3.406772358395818157e-01
-1.363386654096236050e+00
-1.183797016041664985e-01
-3.927232035433461665e-01
5.165964181687249246e-01
-9.355007462714975963e-02
1.330546852894039400e+00
-1.514078365543226834e+00
-6.021722070064151611e-01
1.224585727743356112e-01
7.230513695688964848e-01
2.818551117197393152e-01
-1.082851936886725319e+00
1.111490961867462213e+00
-8.233884496321616231e-01
-4.981640998722295377e-01
1.037212398107222544e+00
4.508422367482261550e-01
6.162793561267441156e-01
-1.780664104333937514e+00
-2.787770009036659169e-01
-9.143807459330705045e-01
-3.204896896729276801e-01
5.141351365086296310e-01
2.500916396395939101e-01
-8.530432059424396529e-01
1.147065446590357363e+00
-7.360628689004080627e-01
-9.377521631554956993e-01
-5.489326178331267458e-01
3.474944800805169765e-01
3.638490545868958703e-01
-2.756282199452338433e-01
8.130503421291463972e-01
-4.390652594371576845e-01
9.536117402849692004e-02
1.010861650307262272e+00
6.219630305548662363e-01
-1.248306092803476597e+00
4.205277773759024673e-01
-4.748886634478683422e-01
-1.614474651405300776e+00
4.673928622312920056e-01
4.903200759289441657e-01
3.993857860061359455e-01
3.160816519045456241e-02
-3.084214054123887827e+00
-5.168515424121175039e-01
-9.291507431207639556e-01
-1.414134800158342031e-01
8.774950469091803429e-01
-9.374142657871644690e-01
-4.828547923910967432e-01
2.667414385953449929e-01
-6.807313079939236733e-01
3.590241654473003696e-01
3.458197173734316454e-01
-9.739526461879517427e-01
5.429288404257153200e-01
-2.816991222850092624e-01
5.146645809320093967e-02
-8.987134615794738490e-01
-9.001617283899852051e-01
-1.484444701952021051e+00
-9.843473894809741109e-01
4.239225703162068370e-01
1.889859751379125430e-01
-7.165091944535932900e-01
1.960484099358989152e+00
-1.004421376732083981e+00
-3.935508995804291033e-01
-7.834182532395113085e-01
5.718099831031886460e-01
2.152878599466397924e-01
-1.577146008241086861e+00
1.444400387476008074e-03
-7.197927480967469815e-01
5.123457757110905231e-01
1.312767550282136764e+00
-3.115963008465275075e-01
-1.263233468624065658e-01
1.164868763457488354e+00
-1.358040520521895278e+00
4.294016817378723538e-01
-6.186839427765227217e-01
-9.919306973990863474e-01
5.099232316857272851e-01
-3.420985193032945459e-01
8.720863322289233999e-01
3.659135936704110414e-01
-2.369888499837778661e-01
-3.094574057078920692e-02
-2.481052861659907849e-01
6.322620955439087753e-01
6.411819909798602835e-01
-1.060061248463896932e+00
5.532250837224459428e-01
3.841035333713557764e-01
8.321864788240425082e-01
-1.000695343544442534e-01
3.245318581102853983e-01
8.505066247748002128e-01
-7.771224550888446991e-01
2.799116526187111487e-01
-4.786385787972147754e-01
-6.395292694195918726e-01
-4.584411835851966988e-01
1.335724796109371670e+00
-2.554919940520698485e-01
1.165982341798366961e-01
1.352579987021048202e+00
-1.435091420125852224e+00
-9.348359171904354614e-01
-1.765556301146868901e-01
1.949272891715293221e-01
7.070930653459028825e-01
8.094744978080956610e-01
-6.143424992604880064e-01
5.836723724812227232e-01
3.252223004811047868e-01
-1.330876762283295101e+00
-4.452172836887956509e-01
6.886292263703944760e-01
1.379169396754523491e-01
4.461315074832502003e-01
6.915956058606852197e-02
8.015688311514123088e-01
-1.041148717460262940e+00
-1.455620292660671389e+00
1.329653952317141563e+00
1.077778326181082713e+00
-2.169064636246709754e-01
-4.766211363733292017e-01
-4.288551561311912952e-01
-2.071487265268473488e-02
1.221194095917153888e+00
-6.615173865460924341e-02
-2.789185704397990073e-01
-4.155747051034420214e-01
6.030687793898897864e-02
-3.689279210565439282e-01
2.675178653258376560e-01
-4.055072064750869787e-01
-1.537016420805001893e+00
-9.274429309810601207e-01
9.478695621302564156e-01
