-1.051692132990119433e+00
-4.609400146300240975e-01
3.544650977320020768e-01
4.614537592270800959e-02
5.130451857062547083e-02
-4.191048973810597433e-02
1.412210058870060125e+00
4.144989433602637163e-01
3.979090060413434937e-01
-9.006684947298793098e-02
-8.078810592793528311e-01
-7.853263671686600000e-01
8.362422777047021638e-01
-5.862322888738935589e-01
1.065473877030685523e+00
-9.150941041426118305e-01
3.537714366922685705e-01
-1.004144217776532733e+00
1.276390897092045396e-01
1.074455152623341181e-01
-2.613501923535980209e-01
-1.084665494480067327e+00
4.866109472068065878e-01
-1.028581933197789233e+00
5.527472550034294718e-01
6.343595955685866761e-01
-6.008937495038972898e-01
-1.480136657320590743e+00
1.149052913074849247e+00
-1.089520951785217129e+00
-4.733341993051440877e-01
-9.944984400753158205e-02
8.175629802789377010e-01
-2.677553554559827242e-01
2.876399592626334711e-01
-5.866264024529271870e-01
-1.348404315915913809e+00
9.293194341797860192e-01
-7.166773332050007106e-01
-4.987052865017034264e-01
1.452854405214752953e-01
1.079978721802464792e-01
-4.427278886626570542e-03
-2.061650653396907562e-01
1.434451073120622144e+00
7.865695573950240993e-01
2.330614989120280423e-01
-2.328803796718073582e-02
4.869774736560578132e-01
-1.600698595142829583e-01
-9.656301944903165069e-01
-6.658216904410410031e-01
9.781004181275846365e-01
1.401024158139647924e-01
2.020971991542409862e-01
-8.517896625389489440e-01
-2.084306093815288252e-01
4.768840094020257991e-01
-6.747305337055723440e-01
-3.684541911576684203e-01
-9.507678527847048811e-01
7.536113559809539675e-01
8.036759975421041702e-01
1.024178818440922845e-01
-1.112197763845594434e+00
2.151468221809837988e-03
6.302587627861888642e-01
9.803324073994046373e-01
-3.446619136553588647e-02
8.595613888829465310e-01
-1.776586225807066932e-01
4.963790927950949006e-01
-4.382287091922801858e-01
3.334267013697700399e-01
-1.236236323668142179e+00
1.452886024847188429e+00
-1.318962832959151288e-01
-4.370629652302965851e-01
-2.647805565122663962e-01
1.383619058574709459e+00
1.168985640305615803e+00
-8.130919189482794796e-01
1.170687754986219797e+00
1.149399485588083053e-01
1.165786601744890350e+00
1.017821785839754245e+00
-4.128162817211641911e-01
6.356528110537855714e-01
-5.983559313640507415e-01
-7.103263286857169900e-01
4.449520466942934183e-03
-1.309487031709875016e+00
8.114899383224796203e-01
-1.282087078586275464e+00
-5.141668990613535994e-01
-1.378556282094530516e+00
-1.030650936590906896e+00
4.815365814272745681e-02
3.839436892986335115e-02
-3.063243613446048341e-01
8.331271382153336846e-01
-6.446533119244360899e-01
2.026529125187473135e-01
2.563414813482172150e-01
-1.432993373555171646e+00
-2.602268993520557849e-01
2.344533682931213558e-01
-4.617620628882194711e-01
4.789009970053245135e-01
-5.776449961583425274e-01
-5.778919063955358926e-01
8.216797727418884145e-02
-7.674668196363394479e-01
-1.222068817451966993e-01
-6.140422208265065018e-01
-7.682829077066344325e-01
-2.958607096463593544e-01
1.906220965072500939e-01
-8.508311327605931895e-01
9.588348733352902720e-02
-1.043526249208680756e+00
-4.281794430963074549e-01
-3.767706718747912964e-01
9.951783832575847866e-01
9.200136597961356966e-01
1.444595849219463268e+00
-1.348632699538929947e+00
-6.554923154501017812e-01
-6.831242464775554302e-01
3.974982977950552443e-01
6.503041169469603311e-02
-9.972160788635707762e-01
9.654837281748305244e-01
-4.852001754308606363e-01
-3.447430119006243965e-01
9.868775245900327509e-01
1.196428986669066941e+00
1.694738220410084706e-01
-1.488260316674363093e+00
-3.932135145889123495e-01
-4.894765964578595696e-01
-5.238360346272069590e-01
5.190512255914208062e-01
-2.476923813115308737e-02
-1.399603918846948236e+00
1.156416725519108457e+00
-9.756980903359127044e-01
-8.527692725264186535e-01
-1.017198847279543017e+00
5.532281234985800822e-01
5.213777071641474414e-01
-9.622429345436038783e-01
1.453886212923311660e+00
-2.005843776461602723e-01
3.771359041703289949e-01
9.996468084683718391e-01
4.087152939422861175e-02
-5.245121429107365563e-01
4.556758699301343141e-01
-1.739367493601598369e+00
-1.293437910089405118e+00
-3.440269922345305376e-01
6.892590413798023175e-01
5.188669852467014953e-02
3.610893345064668525e-01
-2.342244418567750674e+00
-1.798861107433584738e-01
-2.731376570165398032e-01
3.038554681509687549e-01
9.310367487639590323e-01
-8.804949994223230103e-01
-2.704989264746063826e-01
-2.026855860345297411e-01
-1.386870862675897847e-03
1.385177147403423015e-01
8.331715006093942666e-02
-4.993276461796268273e-01
1.177650479652706528e-01
5.983556127396740809e-01
5.571028207389510101e-01
-1.690733221838938372e+00
-1.011779866511616222e+00
-1.326689078250914644e+00
-5.539896189639730295e-01
3.454503490779932406e-02
4.308079375523889976e-01
-8.208083513537054454e-01
1.583639128462980050e+00
-1.262313362833903607e+00
-3.709974935284035547e-02
-1.824648244592815827e-01
6.564856805010546026e-01
6.046575065881952815e-01
-1.408715876264574618e+00
4.264054785497996547e-01
-4.292337001868518631e-01
1.238568911649547410e-01
1.124602707035824878e+00
-9.909766399660850933e-01
-6.237866781379172165e-01
1.097973959897902363e+00
-1.219201931992831778e+00
1.025414248713201859e+00
-3.616990361653606989e-01
-7.480642760911062616e-01
1.286073372145364602e-01
3.507263152720190846e-01
8.165776273186416967e-01
7.354294886878843807e-01
-2.513193066207428661e-01
2.003910984086844094e-01
2.351124478920327832e-01
7.070492298970720846e-01
2.949421562678855580e-01
-1.157200423917587706e+00
8.183851826409770380e-01
-1.667278036392921825e-02
7.487232847507447886e-01
6.942135282136363550e-02
-1.484997471279640435e-01
7.262672863123574851e-01
-9.145284821143133680e-01
-6.082922500695108203e-01
-1.121567724212327199e+00
-7.624068368854485245e-01
-1.521603667190142006e-01
1.418433492722360745e+00
-9.745382251890317704e-01
5.055126264504087308e-01
1.496464883027412096e+00
-5.933383858771628105e-01
-7.951005211472190748e-01
6.136972603989284680e-01
5.095668223729507007e-01
5.529380915360394555e-01
-5.273424271064552915e-01
-5.973645114891626973e-01
7.181272627112791351e-01
-8.556423937802362656e-02
-1.241216120783832810e+00
-5.792721170457912905e-01
-6.918153539521156720e-03
1.908837889524839238e-01
6.173391856808829736e-01
3.598654450147422690e-01
3.522901104823271679e-01
1.852954795063126991e-01
-9.323069431042158017e-01
1.168333325569432812e+00
1.128879152295787947e+00
-1.311028006642328547e-02
-1.091875266620709661e+00
-2.169466594364183321e-02
-4.833576596162552641e-01
6.999984968860988310e-01
1.791323553515422606e-02
-3.198100884159801316e-01
-4.873788208261567445e-01
9.904500164891938407e-02
5.698640234150681438e-02
4.403598442082226061e-01
-1.421878533629727104e-01
-1.171821051782291345e+00
-5.046709654752336016e-01
8.325558739693060817e-01
