-6.390977354024796053e-01
-4.854475280591312725e-01
-8.874618284408192226e-02
8.508517131215581619e-01
-3.459635397381636279e-01
-2.393327053639843216e-02
9.785220383416715073e-01
2.777846658095425303e-01
-3.698824606114553548e-01
-4.059932731943621809e-01
-4.376307555156319085e-01
-1.061019888404626021e+00
2.637702310238509984e-01
2.081261786211041631e-01
1.483343726533871809e+00
-8.780016519303572853e-01
-1.175540995127280774e-01
-1.389198237121240131e+00
2.323861450215008451e-01
-2.259192962145817052e-01
-1.230126041505265333e-02
-4.522036252345718044e-01
3.055989064659354604e-01
-1.234887274445563676e+00
5.074438423537113163e-01
2.855408371607487950e-01
-1.580000581430700268e-01
-6.082231119461614099e-01
1.181300600242707555e+00
-1.442654879013975933e+00
1.065523238902892078e-01
5.366027862605293741e-02
1.872312820278635992e-01
-5.834374247267870572e-01
2.155854168012562577e-01
-7.632171998972610005e-01
-1.358739916512614165e+00
1.030556633696489088e+00
-2.996778621699389689e-01
-3.059393221357842307e-01
1.153310788486437422e-01
-3.481080832875402264e-01
3.124260892462432659e-01
-1.381939816265038257e+00
1.371030703773946646e+00
1.110720137505487370e+00
5.377337279895018085e-01
-1.430032099245054922e-01
3.942676338816231141e-01
-4.986431735464871284e-01
-4.732654631762044373e-01
-6.460424012106991132e-01
3.381726630370002207e-02
-9.415787445736366335e-02
5.879420582385654903e-01
-9.821383520954336532e-01
1.447195929687463134e-01
5.001366511943052817e-01
-2.066061906389113911e-01
-7.999786556548821315e-01
-1.120024172243964333e+00
1.167373636414396731e+00
5.676839551812110640e-01
4.159889076814394793e-01
-1.002073165330937821e+00
-2.400753284776442065e-01
4.197097528036335401e-01
6.923955806950680136e-01
1.961746245750365381e-01
5.050460040712109744e-02
4.932265903526175665e-02
3.556988074417304357e-01
-1.067360629043129228e+00
3.917075560696768877e-01
-8.613095547668726537e-01
1.646013397246832710e+00
1.003136811414015589e-01
-2.097829464196732108e-01
-1.027280822115283820e+00
1.511212106062273630e+00
3.963533952807020144e-01
-1.269405412417686785e+00
8.721063180686103866e-01
-5.019110622515901010e-01
7.816676427326703092e-01
1.244208111353299451e+00
-6.214452624249777735e-01
5.426710359318075438e-01
-3.428668038554150144e-01
-7.462959132977178278e-01
3.137278660329506086e-01
-6.800894811682771657e-01
1.242331319755167307e+00
-1.697925924620786509e+00
-4.937380800795295732e-01
-1.606103614869777596e+00
-1.206448654516240504e+00
3.811266397178741383e-01
-9.444875824486675953e-02
-1.770535976061196615e-01
5.878258670605582825e-01
-6.519445523466336212e-01
5.060348941514079824e-02
3.762257293450599338e-02
-6.915350361273523427e-01
-2.894624073241486295e-01
2.343601296178239590e-01
-1.098218054079131090e+00
1.987465410812733757e-01
-1.804825272800464619e-01
-4.709451334010804624e-01
2.830656667581094577e-01
-4.328824884946764762e-01
-2.095742157176649634e-01
-4.984327312442594082e-01
7.576762525972391416e-02
1.577077768289316118e-01
1.110936926552706705e+00
-6.013546231357940197e-01
7.120211983128220679e-01
-6.738595812254001283e-01
-2.343201019280652941e-01
-2.860034334823712832e-01
7.332126964324998664e-01
4.666468018795121853e-01
1.256021068937378304e+00
-1.944492771560076383e+00
-2.470140410877105785e-02
-1.057989985750786843e+00
4.553160053061582335e-01
8.782512374070824412e-01
-8.722636717190621614e-01
7.660913206690805888e-01
-1.240712467142211617e+00
-1.245545488217538743e-01
1.281846658948951667e+00
-4.380597348375223077e-01
5.285216602168065769e-01
-1.001062988407431131e+00
5.587600805544973293e-01
-1.019705165545750747e+00
-1.630260714182902027e-01
6.051181994353620475e-01
9.295902565485663072e-01
-7.440687376666977881e-01
1.401934075407797797e+00
-1.426507360361739973e+00
-7.842201563955941701e-01
-1.752729427284905050e-01
1.278547780321643290e-01
6.012034216360233607e-01
-9.242759520235896975e-01
5.659143829062535103e-01
1.847322914749925382e-01
4.865868975731411084e-01
4.480451905254219658e-01
1.052453445927801073e-01
-1.293901703551564975e+00
2.228128709202251700e-01
-1.208263208293965496e+00
-1.259437516163802062e+00
6.256021338395690856e-01
1.132726814350853983e-01
-1.716560917776626949e-01
-2.679203390985292477e-01
-2.137531813208167097e+00
-1.648103644840401005e-01
-1.219857651271479160e+00
-6.767072425197184771e-01
6.909623544233405301e-01
-1.730707211634700649e+00
-4.705679397284302512e-01
2.067712329889893064e-01
3.887259992496721051e-01
1.673101175947948049e-01
3.427974399822610874e-01
-9.162867500529975340e-01
-1.623290990913986431e-02
8.803628445553046689e-03
3.343532196172993576e-01
-1.774476485067265186e+00
-9.268969713031283142e-01
-1.355263452501426436e+00
-1.369366077930404879e+00
4.352016159224287861e-01
7.501363888343977049e-01
-8.190265779660358403e-01
1.806640376148058280e+00
-7.252360665074673030e-01
6.133187624109701641e-01
-4.407068298374412496e-01
3.591323725747929685e-01
1.100012624749525214e+00
-1.083594106213864539e+00
6.325951099790720900e-01
-1.516925421360463544e-01
3.697917075959928357e-01
9.002384361708024585e-01
-7.111161840887977315e-01
-1.178035955887881403e-01
5.495755956490132599e-01
-9.746536311429889743e-01
1.023492271917125551e+00
-9.765989020447505276e-01
-4.195011372192140042e-01
7.599412263170427506e-01
-3.584167411063973185e-01
1.073664951514466281e+00
1.023920995963785163e+00
-8.282711159148750113e-01
-9.001007755627218887e-02
-8.205349906852108521e-01
1.991361822393729053e-01
6.702576763447229968e-01
-1.721143771351994145e+00
2.745094193726829723e-01
7.854526035284034036e-01
5.533156089408326483e-01
3.280144964142832631e-01
-3.683637428227389821e-01
1.013687353554919568e+00
-3.511085376267267799e-01
-1.637700507786662985e-01
-5.189894503479441923e-01
-5.831222831026969811e-01
-6.934330945420614789e-01
1.630627752960743138e+00
-4.719450828271541665e-02
-1.745642943697482685e-01
1.156981849144101737e+00
-1.291129798713553711e+00
1.265273662886516326e-01
5.699039910948690002e-01
2.576332244676859951e-01
5.730105132197113038e-01
4.732628840138057846e-01
3.289117202435992704e-01
6.892117441201034422e-01
2.067347581287291847e-01
-1.577068608678306116e+00
-8.571277219189029628e-01
-9.168874145986403990e-02
-3.221949413658882211e-01
5.974645118716054304e-01
2.597713577980909627e-01
-4.011930086962403608e-02
-5.086691810745916920e-01
-6.996569995945405296e-01
9.775608276210400183e-01
8.009655558459959357e-01
-7.646508203081220367e-01
-1.082587758332859362e+00
-3.734512794813610315e-02
1.125206462198641288e-02
8.651877506072045421e-01
3.242452464368330567e-01
1.665554483360739968e-01
-1.222292347683312297e+00
1.099624915887176924e+00
-4.400635624256599709e-01
1.454839374225706528e-01
-5.344860694000643786e-01
-1.309899305684096404e+00
-5.386773527787376281e-01
8.395674431070137000e-01
