4.922800806358775261e-01
-5.212594006279454018e-01
-2.401287476867874360e-01
1.398906189003521705e+00
-8.206299988842342685e-01
-1.230334132418117621e+00
2.633785552529857577e-01
7.132952381512281947e-01
-4.814307146750669286e-01
-2.755556530408356242e-01
2.928227554892550710e-01
-9.289510695901589399e-01
-4.156159972946679160e-01
5.873877046145909997e-01
-1.402651652986648123e-01
-3.107320551246632867e-01
-7.822861767814857092e-01
-5.675223687024568697e-01
9.028424778361636704e-01
-1.242615551026016618e+00
-9.511581936047424080e-01
1.347038273633911709e+00
1.823411909023604727e+00
8.024720827271429879e-01
2.040732710622807922e-01
-9.446320232917766457e-01
-6.048564146112059836e-01
1.066884023712487695e+00
1.321436582896212131e-01
-1.154925468640679020e-01
-5.869276668531735464e-01
-6.502664228603525221e-01
-1.406315641699529273e-01
-1.272265934756857231e+00
-1.730222242757763484e-01
1.245098539962683715e+00
5.175679526282667142e-01
-1.089365615643729912e+00
-1.101485380694107841e+00
1.141592996916332536e+00
1.132730445163269151e+00
-1.099958803379077033e+00
3.799638531987666878e-01
-5.924710124565413238e-01
-1.592807154712441609e+00
-1.355445996973662526e+00
-6.809874429475970548e-02
6.476993142995999264e-01
3.106764455178680495e-01
-2.299249092083433532e-01
6.850732907577213870e-01
-7.304224787584878698e-02
-6.309103051343392110e-01
-8.106621996358092108e-01
-2.444928459448282299e-01
1.669028021749792978e-01
-1.267418096556365503e+00
1.136734068075902826e+00
3.971458193288943672e-01
1.155112443174778791e+00
2.420357798426298057e-01
-1.798128194198961305e-02
6.325031593821991427e-01
-9.649445519397876758e-01
3.280237084721095431e-01
1.187446396021608619e-01
5.077448368216110897e-01
-2.433108572670822090e-01
-8.587661369211910256e-02
7.719467116574576515e-01
-6.742343809703177371e-01
-3.788780477359177667e-01
6.295764032741685279e-01
-3.523363917262681833e-01
-2.884396668924014973e-02
-2.112471473215294937e-01
-1.271639467567222681e+00
-6.058232037434766459e-01
-1.152891692178062533e+00
9.563012267009216583e-01
5.516686894212767811e-01
3.928369296132772637e-01
-8.262018333752950694e-01
1.107628662858542584e-01
-7.974685097268734424e-01
1.373446084932249178e+00
-4.135373352015400683e-01
-8.177606810857018793e-01
2.660533969572858037e-01
-8.042754428795565458e-01
-5.339328024438729781e-01
1.104916796799433998e+00
-7.111077573641724214e-01
-2.277821869815109812e-01
6.446152505827869028e-01
3.911573852386639460e-01
8.655804028633414804e-01
-1.446953342583616742e-01
1.214750262604944897e+00
7.997611038309262455e-01
-4.190144870509916464e-01
1.743429152269936888e-01
-4.990584825939266556e-01
5.119945094674169250e-02
7.821754424551002893e-01
3.837754557750361339e-01
-2.085519267095566898e-01
-2.407033774724331998e-01
1.054522729666913961e+00
-2.893587212910999074e-01
-1.053640361898172007e+00
-3.136740473831611808e-01
4.511039917424625179e-02
1.501270298970689421e+00
-9.022194278848602034e-01
6.579544698743902686e-02
1.400124787089969680e-01
-2.944107526967357225e-02
-7.173960148649773938e-01
9.095729864172655832e-01
-1.380202963773041969e+00
-1.222409983178390558e+00
5.332119320168475785e-01
-1.468723968582179129e+00
1.856937840186029809e-01
-1.008934256627382009e+00
-8.412291735834782624e-01
-5.551206493114535512e-02
1.399332460584610249e+00
-3.276008483712200547e-01
-5.450790038010810967e-01
3.074755383369509043e-01
-6.280133552335194214e-01
8.518865033594779090e-01
-3.973931485836637023e-01
3.502389572098530968e-01
-9.691356911919263295e-02
1.291317791775192125e+00
1.804440592385900377e+00
7.063296753717146492e-02
1.272172976559753810e+00
2.089092050996721461e-03
1.669425736366905444e-01
-5.249844299004655657e-01
9.698561907508433944e-01
3.193886938375430917e-01
4.013673304950599041e-01
4.520813354091238190e-01
6.709699947375540319e-01
1.071728829799059174e-01
-8.217356620411897516e-01
-3.008091647335374708e-01
2.743234768760979270e-01
-8.690614249014996240e-01
1.789738619410963238e-02
2.608977649320377012e-01
3.689914727251139559e-02
9.078980261006660557e-01
-2.781725945195776539e-01
8.077715140632683033e-01
-8.211941063459180512e-01
-1.656907964298869329e-01
9.319361261359034865e-01
-3.615130770855759512e-01
4.440504047056333947e-01
6.338640701405298117e-01
-6.572614174245841046e-01
-1.484700602241188827e+00
8.092626629091915769e-01
2.433293575935730479e-01
-2.148830224434779279e-02
-1.017820676942627234e+00
-6.778939128057753782e-01
-4.522250490823125912e-01
1.765976705856865836e+00
1.548472223953512028e-02
-4.149532607035201770e-01
-1.005135308910635850e+00
7.762413044893683445e-01
-6.845950098056460265e-01
-1.188617995646608083e+00
-6.734196945354316011e-01
2.312099548539912064e-01
-1.411798644667353608e-01
1.056778542500655282e+00
6.206190993409912426e-01
-1.383818763741120894e-01
2.444954440644341864e-01
6.145950069823886697e-01
-9.126160336543670537e-02
5.068272563071880565e-01
7.958141851961002544e-01
6.711542081227315215e-01
9.126719513973391429e-02
6.818594121601817548e-01
-1.734843777917083996e+00
-4.448602916139365870e-01
-1.002607482010466455e+00
-1.775203721978081128e-01
7.407644420637610194e-02
1.590537204895869916e+00
-8.292797051338882675e-01
3.710390963331242076e-01
-4.796833744563104296e-01
9.269417014099000651e-01
-2.242089403774354117e-01
-7.259921659246346692e-01
-1.750911303295234756e-01
-5.152388893851661544e-01
7.597064628919748541e-01
-9.723554233584679185e-01
6.884090306888531741e-01
-8.093488096645187202e-01
-8.443022777713923843e-02
-1.446873232748805138e-01
1.055129191023698398e+00
-1.072320569225396314e+00
-1.387635360493698899e-01
-1.079174736775145416e+00
-8.222539872072140432e-02
-6.023147537620622272e-01
9.104561070293495373e-01
-1.021737777331068298e+00
-1.052772758637655404e+00
5.557028298984545422e-01
-7.824915777335490763e-02
7.096080883770181646e-01
-1.968960317390492376e-01
-9.531469334863376663e-02
3.741841119384249348e-01
-6.540766070729437942e-01
2.480632061614732042e-01
-3.507611144805435066e-02
4.970303843985536263e-01
2.353545494774358926e-01
-7.374952671609095178e-01
-5.529167815216209370e-01
1.369148695461862575e+00
9.105371727446578412e-01
-1.638011493604394075e-01
4.199965681094146586e-01
1.431622300692485250e-01
9.032780790310196428e-02
7.270887523278619646e-01
-6.983978326662481084e-01
-5.344902204647521415e-01
7.161042921278159001e-01
-4.995113371339257036e-01
-1.564648190599629007e+00
4.388355235426125156e-02
-6.123161029342734096e-01
6.917239937474303213e-01
7.958625692595278078e-01
1.050980701653337235e+00
1.271335859852173789e+00
-4.961314465154512687e-01
-3.202703111394401558e-01
-4.613439815504618569e-01
1.146173893552751011e+00
4.970127084987224220e-01
-1.486714645274577751e-01
-9.502165920058600612e-01
3.641938450138543226e-01
7.646102654363595708e-02
-3.039850249136431537e-01
