1.310566206538271994e-01
9.160337460079731597e-01
9.542355404129766461e-01
-3.708114950382708774e-01
-7.592784662741418611e-01
-7.431262083141639829e-01
9.996601700301748217e-01
-7.045973400252873997e-01
-6.453343102776354367e-01
3.965109051888184855e-01
-1.477030807870635676e-01
1.624593685676629373e-01
1.234435110713013373e+00
4.058958148561079837e-01
7.380751420429455811e-02
-6.327251470113088860e-01
-8.852004226239122975e-01
-1.783296954938159984e-03
1.161996814982503290e+00
-1.002312285328570862e+00
6.457726050627412562e-01
-9.395586669706350591e-01
2.064681823803766747e+00
-1.264152037514656712e-01
-7.008118763571936638e-01
1.733856280742444467e+00
-5.996496614608826103e-01
-1.192640965321775520e-01
-3.771311125690733346e-01
-9.352954793737305872e-01
8.414020276035572010e-01
-3.741432374417701379e-01
-1.702199773087822998e-02
-2.195248172956286992e-01
-1.125928352914706387e+00
-7.127471217712179063e-01
3.549751124401743230e-01
-1.339892009963619346e+00
-2.360859795226958324e-01
1.361815246401356205e+00
1.040455076886833474e+00
7.508131455740418847e-01
7.865134767925269221e-01
-2.985460868465376061e-01
-5.008788856603413331e-01
-1.276853226917332496e+00
1.355222814772668039e-01
7.581898163440623506e-01
-3.669836333687415131e-02
-1.226643909815749556e+00
-1.316267351206281022e+00
1.099237547903306966e+00
-8.186211912684318026e-01
4.040652996014142406e-01
5.905257446277196731e-01
-1.887369830474478205e-01
1.773941416980338914e+00
-1.734098246743134508e+00
-2.471749641649703955e-01
-6.418926848204310753e-02
1.672303621372334681e-01
9.401276356229243403e-01
3.109886232720820987e-03
5.910696019549719349e-01
-4.484157547098303054e-01
-9.737022141698953304e-02
4.464624690060498002e-02
8.768254431109994140e-01
2.774221984895496318e-01
-2.404294429541489198e-01
-1.992589545524919625e+00
1.310570932998988525e+00
-8.788746847615462598e-02
-6.430543735206931122e-02
5.183775223513953367e-01
-6.687030613688406122e-01
4.056610905504273168e-01
-1.818578587395632606e+00
-7.753164330667566828e-02
-1.865959965046023739e-01
-2.043990581029161147e-01
4.721383151126046229e-01
1.806854731460934282e-01
9.101453549254129305e-02
4.220939388054550934e-01
3.573676363312821569e-01
9.659589715002092625e-01
-9.494529605927123361e-01
-4.306681628732091371e-01
2.803544990867690712e-01
-3.215214850749442688e-01
1.426596146015706168e-01
-3.103097032869225336e-01
-6.864936668363782468e-01
-4.417433142316522510e-01
-3.630620960693978216e-01
-6.911562373520110936e-02
7.789436621545257067e-01
-8.075007401269753693e-01
-8.161529268835927553e-01
1.272368553367813293e+00
-1.869148032968096507e-01
-3.809100666558281056e-01
1.422181643945928942e+00
7.829320460094573164e-01
-1.816274134722804523e-01
-1.944661710184062642e+00
-1.428210404252155508e+00
-5.187757156242718271e-01
-5.423732813707007328e-01
-1.257940940443992850e-01
1.037678378137337903e-01
5.162725659657684263e-01
9.954363566071071645e-01
-1.807392982078878940e-01
-1.164701939425388577e+00
3.599025717414634506e-01
-4.675402276529543877e-01
-9.964106093085145499e-01
-3.916523978433937847e-01
-9.199075600345524295e-01
1.209834389892796791e+00
6.273983091483903429e-02
-7.255920925197794080e-01
-1.042676003750955260e+00
-1.609920571004316014e-01
1.708903188338793955e-01
1.302975537647283133e+00
-1.074581981641144379e+00
-5.504325054284232577e-01
1.714471815103421726e+00
-9.865586549420269913e-01
9.395696390338588166e-01
-2.011700681706151961e-01
-6.985791999793318219e-01
-9.444841712980069914e-01
1.676831738216168821e+00
-1.469710492201311336e+00
8.812238471231093051e-01
1.708277654047024807e+00
-6.602321823653035660e-01
1.227635370385949498e+00
-6.261247883784605284e-01
1.542887954553273655e+00
-1.843498407191390687e-01
-3.061008341015283851e-01
-1.364575913633931492e+00
-9.424933332117924056e-02
-5.736069836656737531e-02
-1.603982935433557078e+00
9.226774294910093932e-01
-1.194233394816610838e+00
-3.513867696854098277e-01
-4.725258772490377179e-01
5.831730972771315136e-01
4.298793342337851042e-01
8.883514106801082555e-01
-9.022063992943043509e-01
-3.936832137590978720e-02
1.253137775707592327e-01
7.161797820553894578e-01
-1.481617402550677309e-01
6.492875783640988940e-02
-1.152431315957964664e+00
2.852119075055350450e-01
9.143487020398406440e-01
1.224684880195384240e+00
-7.216106002743580827e-01
1.066482526436352885e+00
4.493065350246164269e-01
1.006066470690853754e+00
-5.371484739521642515e-02
3.802168775113509147e-01
6.563076623687139621e-01
-4.091686146766279619e-02
-3.538264411535766985e-01
-5.040026922701310585e-01
1.220055509183859410e-03
8.903828664147502847e-01
1.514916839390109349e+00
-1.159469371309945207e-01
7.574028537129580130e-01
-3.991795740074168264e-01
2.751721702915425061e-01
-1.130565755706025299e-01
4.403153783402143917e-01
-6.017294014792474999e-02
2.153910574291890700e-01
-1.020324840977787639e+00
-1.158965279656679198e-01
8.518388148794144854e-01
-3.902691996383335082e-01
7.277528618063691113e-01
-1.243291964958005202e+00
-1.526193066381622554e+00
6.160877982865400337e-01
2.203519568062883849e-01
1.619567768016870746e-01
1.151361088922536746e-01
-3.840252372932866365e-01
-1.009568097357107508e-01
6.413169669791091154e-01
5.189684235909028942e-01
8.027212024493886044e-01
-3.568465559938414078e-01
4.594632343818099707e-01
-8.445084506866359364e-01
-6.728075607587470364e-01
-2.213876837198831826e-01
-1.321465514187717849e+00
-1.097007038881940844e+00
-1.014257128528227803e+00
-2.156581732470410628e+00
-4.717391537656531186e-01
-1.018018471717036244e-01
5.042596723249221924e-01
-3.109203329887394104e-02
9.564740348301050687e-01
1.164667510997329458e+00
1.675929098741723022e+00
-5.447311877128271362e-01
1.043840246257405679e+00
1.002300423871181456e+00
5.119804185170582222e-01
3.871825270201444402e-01
-7.111868007733157526e-01
3.067172398787381127e-01
1.205546872545666615e+00
4.580489985678365406e-02
-8.964439636821087687e-01
5.190038409925696872e-01
-5.034524715976667064e-01
-1.415309360419465090e+00
1.258285024172397515e+00
-3.457645715704257272e-01
3.059028592648050937e-01
-7.852518753167352372e-01
-4.583371446579173059e-01
-4.237587972455905128e-01
-8.548379782462190990e-01
1.024121942491037496e+00
-3.113561628795605274e-02
9.137112920148919848e-01
-1.691144647517730748e+00
-1.996118388008009115e+00
-1.556247740636237165e+00
-1.253209896322710293e+00
4.798216888112129541e-01
-7.582854969930946654e-01
-2.594571885211020001e-01
2.129741348784692512e-01
-4.426647435264698949e-01
6.947272066506519073e-01
4.747801649683898173e-01
-9.614801064122038277e-01
-6.754209189348203690e-01
-6.552925435340990756e-02
4.710911098866110147e-01
-9.383191943128816881e-01
-8.122954943390598981e-01
-3.937229360472144779e-01
1.270576992651870629e+00
-7.416367240810336492e-01
9.321448691737718173e-01
3.666229653577607328e-01
