-7.740926950296349585e-01
-1.296633674218965471e+00
-5.585845391481408795e-02
1.233281143212648368e-01
2.162297895971488498e-02
1.524056718436876123e-01
1.531759566095735270e+00
-1.405989942074362897e+00
1.183574149443252566e+00
2.786556129166511964e-01
1.134387557544635827e+00
-2.294258737161651018e-01
-1.408748684115630923e+00
-2.988433373978411911e-01
-6.693392953261589895e-01
-8.313138242441880932e-02
-5.942480778243913742e-01
8.003008620427907172e-01
-2.646983863912473756e-01
-4.896780270387517398e-01
-6.778313148790513498e-01
-1.618988243410156014e-01
7.514204679057406855e-01
-6.079855719740014930e-01
-1.170327521494864964e-01
4.173251475255557175e-02
-6.954543605307134113e-01
-1.958446194614174685e+00
-1.432493926877749457e+00
3.999985465732211476e-02
-9.182055481182187506e-01
5.936652231824552928e-01
-7.701944389399936752e-02
8.005071556082992146e-01
1.111471063595939945e+00
-1.394236944940847600e-01
3.192730668519422332e-01
-1.202450530479086399e-01
7.575249567506242565e-01
-8.190042420915214505e-01
2.856938893610065922e-01
3.320701818768587166e-01
-1.639620236943284848e+00
-5.098141714104306166e-01
1.134576674949524522e+00
4.316848823142799274e-02
6.731595218851124107e-01
1.077426215479826199e+00
4.410233489067506563e-01
2.763118253292793369e-01
6.172123924822010554e-01
6.828427336557760796e-01
9.792336291267783599e-01
9.830171361992551260e-01
4.471036652060983441e-02
-1.699673921808932509e+00
-1.369581166355035684e+00
-6.968921609290901209e-01
6.208479638481618768e-01
-1.048175559024943526e+00
-2.561862613246394527e-01
-4.953048925169638017e-01
-9.484158835730132076e-01
3.831948539668538212e-01
1.794860949582350595e-01
-1.818890276321047106e-01
1.671818751523899416e-01
2.944515653469289562e-01
6.707604317566604468e-01
-1.135360606403717165e+00
-8.054607741761534712e-01
1.343436395115248594e+00
8.876976454176017661e-01
1.765561037618981755e-01
7.428396484415107359e-01
3.322496510178825635e-01
-1.128088252390453849e+00
1.415506876674629044e+00
4.282516288672262861e-01
1.715202464535092286e+00
1.417454856625390835e+00
1.955122585760904474e+00
2.658278345742953186e-01
7.095889717367191707e-02
-1.167423175039886907e+00
-1.388723451101634976e-01
3.222074750243131835e-01
-1.118614438031642733e+00
1.692849838300842125e+00
-5.297581601812777485e-01
6.970242660009812186e-01
7.761996927941855473e-01
-1.665526943674540405e-01
-1.206885101386384829e+00
4.278825542796161341e-01
-6.331639513895215288e-01
-7.160529558748092160e-01
6.962138284060799265e-01
-1.556016251624069979e-01
8.445433157037058880e-01
1.992099360774436945e-01
-4.639142451261535349e-01
7.841197831996606915e-01
6.141945066044085522e-01
6.670990974052265488e-01
1.198459028271943172e+00
-5.981438656897358763e-01
4.557319465152647187e-01
3.797965671720292535e-01
-1.156240412492824721e+00
-6.589062728909194089e-01
4.047400770856236507e-01
-1.645764595732372326e+00
3.057495297681199764e-01
5.132799334335660379e-01
5.984438667966361924e-01
-2.839244797978266455e-01
5.203522801462412417e-01
3.892154308194454848e-01
-6.263337432663131921e-01
-1.015802574302870909e+00
7.835662416922235529e-01
1.337157051730761825e-01
-7.771427237345571726e-01
-1.897190539349846716e-01
6.313804486423991724e-01
-3.756923865824997599e-01
5.159639897929249042e-01
6.568822036895574090e-01
6.864978631890455985e-01
-5.241196923104914779e-02
-1.090298757565363319e-01
3.066479497312458724e-01
-3.066754239671371507e-01
-2.032083165063435504e-01
6.222740225986457263e-01
8.599721938223594542e-01
7.907865197532133461e-01
-5.807668423006489000e-01
-4.980481015865911854e-01
-6.374146286121663563e-01
8.641065121119690939e-01
-3.628863964060651259e-01
8.526683547396425311e-01
-3.263404504620806001e-01
-3.185122896111898805e-01
-1.244334894092170435e-01
4.500465444532388282e-01
-4.003202119122553637e-01
-8.940029819799726329e-01
-5.839369947029811048e-01
-1.059355941120789346e+00
4.547729823780558567e-01
1.012679484289749965e+00
-9.505614178276788895e-01
-1.474590385097669376e-01
6.721869763134366571e-02
-7.801488666864946353e-01
1.990523938970166773e-01
8.792289935934631817e-01
-1.049316067622481752e+00
-2.307401204327990119e-01
2.857477106930947919e-01
-4.663760691330949837e-01
8.119624357751751287e-01
-1.059677708538387275e+00
-8.595297558150619688e-01
-5.757356606706738322e-01
-5.681654504464047628e-01
-2.892197559027478992e-02
9.636503471279669886e-02
6.686303077526876137e-01
-6.418021741312713857e-01
8.622298301131025022e-01
-8.366262647995709179e-01
-6.084288607018316641e-01
3.435751546388368660e-02
-3.719507735967862994e-01
3.716725153537639992e-01
-1.353284821439972418e+00
1.243258584161466285e-02
1.512552928309355948e+00
-2.336571741605266261e+00
9.798840588058146395e-01
-3.448020702577710983e-01
-1.120682354317400264e+00
-1.208655233407284757e-01
1.302329525457699422e-01
6.258090228668894417e-01
-1.583269829971357012e+00
-1.571093806527883885e+00
8.377471198728840829e-01
1.167287550577181671e-01
-1.788682811075209989e+00
8.247406372339436409e-01
-1.027041110314803607e+00
6.049970976116526566e-01
1.811981402916796602e-01
3.283664150138519700e-02
3.251593007190201057e-02
-1.748760722218626884e-01
-6.262266071746692697e-01
-1.037191018936469034e+00
-3.807765666099825475e-01
-1.520642308575110846e+00
-4.298233249886338481e-01
4.620709655341722621e-01
3.047836623270288037e-01
-5.836611920874204551e-02
3.851060013663416548e-01
-7.823915441080755429e-01
-8.259964496294174285e-01
-9.663017784808878297e-01
1.833222944157287815e-01
-8.012699286483377925e-01
-1.359651404204617609e-01
-1.786351021823438190e+00
5.079706113813158286e-01
1.174403385037947611e+00
2.081228375005840792e-01
1.247809263344321073e-01
-6.535232342112604065e-02
1.529284537605199557e+00
1.066795102481327806e+00
-4.047790495463985949e-01
1.488822834753644742e+00
-6.548475671264843978e-01
-6.381480525648259849e-01
-5.712185227570465429e-01
-5.803176099464438797e-01
5.445336718782789465e-01
3.905971490245681021e-01
1.030822136086135155e+00
-8.879790112489660547e-01
-9.605749269854494399e-01
-9.640536769459019384e-01
2.777606195559579882e-01
1.002542037209548820e+00
-7.500154666913011470e-02
-7.301385426615722984e-01
5.216782726367360512e-01
3.643875104234092777e-01
-1.737593576651516036e+00
-9.830109791895749738e-02
1.048409063232315086e+00
8.708270567904139448e-01
8.163262550648576754e-01
-1.242237483839995660e+00
-1.325248030704904822e+00
-6.794075655931675062e-01
9.411636073008800007e-01
4.023487416783442239e-01
8.112534256574291947e-01
-3.366644375125699695e-01
1.058175918344484101e+00
-9.964961769404054870e-01
-1.692274566581039918e+00
-4.563042406079806379e-02
9.123014265822729785e-01
1.453931394579222713e+00
9.194523440840016715e-01
-3.551701351025913223e-01
-1.674922869120025748e+00
-7.659422374265867361e-01
5.945061465017457136e-01
