-1.364959243862960525e+00
-5.567010887311713008e-02
2.312828762421314382e-02
5.108837843230832343e-01
1.745895575879957140e-01
-4.475666071481732011e-01
9.759675100001573567e-01
3.160660959632082823e-01
5.697917291953338847e-02
-2.036155480678890073e-01
-9.044448938962150741e-01
-5.236219108763027208e-01
1.164393111775330780e+00
-8.791090686642606400e-01
1.265726612829952025e+00
-1.522135317664648824e+00
7.224865652131972071e-01
-6.390365923042309326e-01
1.178682921828935637e+00
-1.068557103577327139e+00
-8.452872772336039731e-01
-4.475917254916689236e-01
4.874281488485457392e-01
-7.879769408355115079e-01
8.025955732308730495e-01
5.293627058465038004e-01
-1.992249134821377776e-01
-1.152292671986650863e+00
1.579119380558009267e+00
-5.090572782527398310e-01
-4.415418980064744203e-01
2.761159304683165061e-01
1.068727918811325672e+00
-9.154478606069615942e-01
4.235300102570604963e-01
2.176259165076890045e-01
-9.900014762313829042e-01
1.419233939337997796e+00
-2.365867908661259955e-01
-2.201541752059409107e-01
-3.677880719874163651e-01
-6.622153705909950006e-01
6.304211135873284411e-01
-3.144972136056579104e-01
9.762694846254241776e-01
9.227576013255771592e-01
7.353882515807091957e-01
-3.443932332044669781e-02
3.054661385365028958e-01
-2.998889002238126489e-01
-7.284891277284367694e-01
-4.293168018792422602e-01
1.212767783993898563e-01
-5.202357329643405581e-01
-2.418026836598336504e-01
-1.039845085014166948e+00
-1.417215286717657674e-01
9.464660528768199521e-01
-1.055108302373711560e+00
-6.414133366429939365e-01
-2.073942171461536255e+00
4.998728377217040997e-01
1.835455512937624434e+00
8.076929493235354141e-01
-1.290410591411419228e+00
-3.300560199617786350e-01
6.965284825784329170e-01
1.183936827317622953e+00
1.744367434038440745e-03
6.653039578839496926e-01
8.796729472540611994e-01
-5.075359296302621726e-01
-6.811700054852217745e-01
6.627314516018856239e-02
-2.408672880483531564e+00
1.965465623374098358e+00
-1.434727184795610566e-01
2.096154833816174512e-02
-1.573804577245505154e+00
7.893572424966500689e-01
-3.830531469157671953e-01
-1.182706105158666254e+00
1.038979431273082121e-01
-1.469496766151417444e-01
1.545394531168235108e+00
7.595399361197134880e-01
1.337283047304487216e-01
5.888070028883742868e-01
-2.923027013608755498e-01
-8.174224433780543642e-01
-4.818842546185874154e-01
-7.592507704635302890e-01
1.333842850877929420e+00
-1.122684850100091003e+00
1.639366213469750366e-01
-1.247613683431052944e+00
-4.382357450335802596e-01
4.239620870110949458e-02
1.833033171798605920e-01
2.715424312385867345e-01
5.610099272013143734e-01
-7.750629928251491219e-01
2.528751087610174864e-01
1.391697451169673916e-01
-6.574074542693684187e-01
-6.644576879074048925e-01
1.102605543990079262e+00
-4.208070162954552496e-01
1.199099601649723068e+00
-4.258370631659914585e-01
-6.441297953201541304e-01
1.779402908299180242e-01
-5.319696948878722687e-01
-1.587194592325258391e-03
-2.078364643321160554e-01
1.129746376399833885e-01
-3.986280793027682789e-01
-2.908461685630445159e-01
-1.221956405726214001e+00
5.421562453780325308e-01
-1.002005391263703915e+00
-7.762316278176643047e-01
-4.112669700092582703e-01
4.491444189235198059e-01
9.340737765663656988e-01
1.260032042771545235e+00
-1.187582325393383265e+00
2.108143664263781303e-02
-1.993120440391649151e-01
8.554089808740344969e-01
-3.073833219542566608e-01
-1.750831306067033577e-01
1.277445390854727858e-01
-4.246373473515771546e-01
-3.234001968848338460e-01
1.306357149722228383e+00
2.830706430247484362e-01
7.785243238675478850e-01
-6.723775313572220025e-01
-1.607395883411255055e-01
-1.097993749876713165e+00
4.784082359537559226e-01
-1.721705735886495670e-01
-4.420621760180289128e-02
-2.655141706609045471e-01
1.020015758985709287e+00
-6.354472961976614931e-01
-2.913850374946437838e-01
-3.102056486832430737e-01
6.576534061941978759e-01
3.806505252187355470e-01
-5.004255090986642340e-01
1.488287565048697747e+00
6.644047429969338059e-02
9.025750023415884948e-02
1.452974819658404471e+00
2.435559373866818256e-01
-7.842860558750450739e-01
2.769959890641066069e-01
-8.271603201454839072e-01
-1.570999658756632167e+00
4.673713056543399302e-01
7.152136654690797180e-01
5.470454000586159049e-01
-4.633421338331921158e-01
-1.267145274158803847e+00
7.474299538173460045e-01
-1.063286573798585488e+00
1.238813775834911590e-01
7.137570306052970492e-01
-5.811775008779729301e-01
-1.467434551582932123e+00
1.285233414968897370e-01
5.348658154635810291e-05
3.292164298803847422e-01
8.979875793539739970e-01
-7.322975382338972050e-01
9.615702764808472525e-01
-3.470890340571743393e-01
6.387136392807986063e-01
-1.324332174722391731e+00
-1.388138950707443531e+00
-1.221961816532333156e+00
-1.041968106830998053e+00
-8.889525752616797560e-02
1.272888101371412450e-01
-4.085148191435426512e-01
1.530579547393907447e+00
-1.165773757565485180e+00
-1.054367401228222256e+00
-7.150623387603202152e-01
2.177946983000773606e-01
-6.768266458689764509e-02
-9.918891260747481065e-01
7.480230336024559223e-01
-1.019533495873384266e-02
-1.312796630316281910e-02
1.045572165412879784e+00
-8.649471052689067241e-01
-2.390119530418687854e-01
8.449781840546571887e-01
-1.279875793675314899e+00
8.686891718795346495e-01
-7.080427208543628170e-01
-6.577798631023920040e-01
7.916024385275585162e-01
5.786379066831136564e-01
3.822213029321658295e-02
1.682673280031353746e+00
-1.101609528415949946e-01
-5.871704970734435980e-01
-1.920109228221480724e-01
5.330707033103805337e-01
8.559645456858722135e-02
-1.213161451665915047e+00
2.911314117677081814e-01
5.137683367830742087e-01
4.941753264030002146e-01
1.848245876600539961e-01
-2.425776401934171822e-01
9.055973596317462571e-01
-5.324761876187632526e-01
4.276746535395046789e-01
-1.062317913264626767e+00
5.899887323567698516e-02
5.008348457690799949e-01
1.173630217654941799e+00
-8.728691491283786519e-01
1.864766604415699081e-01
7.446773126044662350e-01
-7.575590843236501559e-01
-5.440213770347589461e-01
4.828659737677835073e-01
3.056264600722091718e-01
-2.715496858020324811e-01
1.413859444101693008e-01
-8.006739326373830679e-01
5.459810485069824249e-02
4.610235589478535734e-01
-8.884978742460187817e-01
-1.097955035496915643e+00
9.184675755511143569e-01
-1.068777542817689885e-01
7.015424595924329987e-01
6.728444760209280062e-01
7.568346966510293150e-01
-2.096032636058462462e-01
-1.201520457955432386e+00
1.500228862847432065e+00
6.577373831706248009e-01
3.640761616770699094e-01
-5.341589294901067930e-01
1.058173754395347749e-01
-5.750350555632420813e-01
4.086321558607619586e-01
-4.408873955451864113e-02
-1.734900426936883677e-01
-7.777653964014566990e-01
-2.505516394137900504e-01
-4.117379898507874669e-01
-1.685832214672815244e-02
-5.013823848774788816e-01
-8.312073417935595954e-01
-3.276189362526604754e-01
2.365488284748327730e-01
