-5.498487003871149748e-01
1.236241712818792360e+00
1.012332684853519904e+00
-4.552352952624716953e-01
-7.675079210037765165e-01
-1.000905756660046775e+00
1.459631235829618179e-01
-8.469981566398585571e-01
-8.691169882935028124e-01
-1.084062821383542929e-01
5.759716915577320351e-02
-1.051968187283560952e-01
9.024378387503867449e-01
-2.923219674650148758e-01
6.672060654481986042e-01
-6.833356909647755328e-01
-7.511781551368122978e-01
-4.745309847674331061e-01
1.527702084246297387e+00
-1.350969501254551064e+00
4.505466559124262083e-01
-5.696138420685852299e-01
2.022363863100943515e+00
8.497703011280349772e-02
-8.412280476524456319e-01
1.484170987899953609e+00
-7.250878708355834590e-04
-2.123066307430647726e-01
-3.393614925841996754e-01
-9.850960026931694369e-01
1.103196819948879526e+00
-1.163333032465348804e+00
3.763924394827196096e-01
2.840515983242694054e-01
-1.107243314847383031e+00
-1.810211296664349656e-01
2.632718597947120709e-01
-1.096222033730261725e+00
-7.546600466549002739e-01
1.337654885988766917e+00
1.303678297829959698e+00
6.241378712600427203e-01
9.491349917608440379e-01
-4.410084521794049861e-02
5.046584255672993402e-01
-1.223903286390411571e+00
-7.397409660659162167e-01
6.334295210283245048e-01
-8.142895424342053157e-02
-7.941158151128200338e-01
-5.755203284034697830e-01
3.737052536128526725e-01
-1.376293760989665715e+00
3.367161812971135593e-01
1.147935214722267894e+00
-3.501948989652179933e-01
1.118286478773988790e+00
-1.330420118156870002e+00
4.232153959360931417e-01
6.217705158681081645e-01
-6.596974865765046214e-01
1.347503158315366045e+00
4.201873525960935218e-01
2.204926439417322359e-01
9.664189298173488096e-02
4.071362128390696999e-01
7.961117239070644169e-01
9.324968755485333327e-01
-6.560836427529859183e-01
-3.557366938083994512e-01
-1.888350780524356454e+00
8.561562129706942192e-01
1.238023148975630761e-01
-3.664900607353303030e-01
1.175284641544573627e-01
-1.013505132255887675e+00
4.784275965646404005e-01
-1.255703332191792088e+00
-4.955287426271993145e-01
4.233876105794597278e-01
1.307306095103307753e-01
1.172869711762963174e+00
6.184169613366069518e-02
1.314426785387427410e+00
4.140696336627811003e-01
5.813147527426347771e-01
6.245400667776668246e-01
-4.348780724461772662e-01
-5.707652354145522633e-01
1.364677358141129337e+00
-6.062297896335889780e-01
4.632233861901012828e-01
-6.966017121518695010e-01
-5.047805286262161406e-01
3.709918466774589363e-02
-5.469182092316227095e-02
9.713873599378572421e-02
9.931880891621094332e-01
-2.989580393600879682e-01
-2.272243502616846655e-01
1.073773589701289000e+00
-1.032606094479032954e+00
-6.027050775071920441e-01
1.364905729268490520e+00
1.023023054817226996e+00
-6.007785119195441226e-01
-1.636386240834241779e+00
-1.602477765075686511e+00
-3.949078585408165587e-01
-4.362739222795264382e-01
-2.277798353678095467e-02
1.441171213737317269e-01
5.896981673597809781e-01
1.050903659487745223e+00
2.935880738800585865e-01
-9.851131501954135672e-01
7.667385515578636346e-01
-3.877820657012363004e-01
-8.784615648699974910e-01
-1.044368680781455339e-01
-1.146838562488942781e+00
8.043008242331752822e-01
-1.228585650173980859e-01
-7.707506513121896718e-01
-3.647243720104398346e-01
3.306522977160221144e-01
6.209781635249838061e-01
1.249595801545373197e+00
-9.741060210274838926e-01
-5.269819013294589904e-01
1.905051565621105336e+00
-9.962432129411824544e-01
5.659460668093624358e-01
-1.520310562492874218e-01
-3.845236619404822642e-01
-7.440508857526775266e-01
1.210345708394622521e+00
-1.670353672012635737e+00
1.487934791321307015e+00
1.721876816940550947e+00
-8.704344489495228210e-01
8.990011561252351235e-01
1.598309696214361697e-01
1.059972372581232003e+00
1.107851150340019020e-01
-3.781502729085342018e-01
-7.504511679216299136e-01
-3.325653936685036838e-01
9.227846322439786642e-02
-1.318631400317909819e+00
1.496771327732561163e+00
-1.080366874566092372e+00
-7.189818413048394419e-01
-1.123383700417096565e-02
7.269211975095573042e-01
5.119645047145909844e-01
9.886182456443979305e-01
-6.149858146195619213e-01
2.749566312017222569e-01
2.447272620421870326e-01
-3.336393411375180862e-01
-2.776123785194289928e-01
-9.803340696172505031e-02
-9.328624637279315790e-01
6.073857811129863560e-01
8.052361755671073595e-01
1.781201714962380001e+00
-1.071578106926159846e+00
5.622107687329882530e-01
7.008410772078610407e-01
3.623949973992402485e-01
4.838504213263031262e-01
-1.725640618881653654e-01
-6.510600896328949672e-02
5.151975952710603490e-01
-5.746144072652492607e-01
-7.603748056602663841e-01
-9.319982475153049811e-04
4.662432846523813512e-01
1.886994561899113521e+00
-1.580926445929157209e-01
8.769423959821944781e-01
2.039819444654527025e-01
1.809543816105905756e-01
-1.135625181162233654e-02
6.928602218649476674e-02
-3.327116089390731446e-01
2.076679862612504368e-02
-1.317429155270696040e+00
1.325256145169538824e-01
1.223503598523569269e-01
-4.568919905891810074e-01
3.430705834601095461e-01
-9.000878709072364092e-01
-2.624989579833242881e-01
2.524314219413797966e-02
2.931615654887023692e-02
3.804238997379712495e-01
-9.913534876380697414e-02
-1.920448079073825975e-01
-7.228938402044580158e-01
2.029788807183513510e-02
4.856999209980440990e-01
6.710650493091676605e-01
-3.475575590376884239e-01
1.195167642063182933e+00
-5.778540759204891381e-02
-7.075459238063280809e-01
3.807869482957715324e-02
-1.455318650205164710e+00
-1.211372777970720183e+00
-4.171976065991905291e-01
-1.615981140363781376e+00
-8.051202259494320002e-01
2.503425079184000146e-01
3.228606057563942477e-01
9.601015799997243416e-01
5.943331219970826584e-01
7.652703020883463436e-01
1.666755099109236138e+00
-5.635155268180082055e-01
8.490198224124199111e-01
1.023900911092088695e+00
5.920273787212094740e-01
3.264930314331335182e-01
-3.743447354169258112e-01
1.807238994841479929e-01
8.143667007760428955e-01
4.124272906283792950e-01
-3.176943006297918703e-01
6.904570954701175767e-01
-5.752739346920248131e-01
-1.425116786794980328e+00
7.186498732778197063e-01
1.241070329697362973e-01
3.953750201443284595e-01
-8.260064774058615278e-01
-6.877826439762270150e-01
-4.107193063398458799e-01
-1.727899967813634752e-01
5.175092929362073990e-01
3.186021985861430816e-01
6.386612589253957140e-01
-1.581396820675264436e+00
-1.135026900590237808e+00
-1.136735471534356279e+00
-6.017902350025658986e-01
1.026331119124266777e+00
-2.307496852196753157e-01
-6.988898017170600552e-01
5.910268089393541091e-01
2.128009219247495309e-01
1.236895047451981311e+00
1.910372600478724980e-01
-4.054256569903440521e-01
3.577262337068262132e-01
-2.206591521249521293e-01
6.364482457082097921e-01
-7.253924568797643913e-01
-2.681127137839584007e-01
3.172472636348482311e-01
6.422629366915282301e-01
-2.395171983617971345e-01
8.349086154964778794e-01
1.090071661882804077e-01
