-2.865281345718272143e-02
2.190470581499877611e-01
-1.798646276402016408e-01
-1.383629760796209140e+00
-8.535922666557502758e-01
-5.264566368434921845e-02
3.618357180614847346e-01
6.848092155480947629e-02
-3.716608880749922017e-01
1.049808539813276820e+00
-2.040132015657207532e-01
-7.038198335195096078e-01
8.932984333966650370e-01
6.090867462403581900e-01
-3.976679370496220001e-01
8.493962469947662353e-01
-1.314824699444309353e+00
6.337313146453171786e-01
-5.067587240036564022e-01
-7.748433288264746643e-01
-4.778446894953246593e-01
-9.532469015710516302e-01
-5.329519983222659185e-01
2.050657338047703893e-02
5.637903620729840526e-01
3.594058349156044052e-01
-9.141242075368498643e-01
6.530626044852828604e-01
5.397759833453635858e-02
-1.214643645350242274e+00
-6.594865055649991037e-01
-3.785309780151463466e-01
2.786503228363149676e-01
-1.135936511193798459e+00
-2.102412157382716751e-01
-1.230191601992771444e+00
-7.584049970658195416e-01
3.676902894445697179e-01
-7.792425689445764414e-01
-4.169290302715786822e-01
3.301122065121028237e-01
5.252716329759807290e-02
-3.691255501326493604e-01
-7.982086798116553306e-01
1.239854530325136261e-01
8.823874613830162694e-01
2.297742680921741054e-03
2.764264241129507083e-01
9.213788386669197195e-01
-7.350781651133105887e-01
2.171013726678861500e-01
-9.010305921883231539e-01
-1.986771556112273684e-01
1.239696407978702286e+00
-7.654745192269337695e-01
6.695295700527963412e-01
-7.301356845949891206e-01
-2.778301194014172193e-01
-9.518212262209888586e-01
-6.124452462545769693e-01
6.926374283913708796e-01
1.008918126131070236e+00
-8.055460118657364887e-01
8.418818446133000677e-01
-8.370548373089565786e-01
1.077021596243838752e+00
-4.140646489999768587e-01
1.637563729043511884e+00
-1.096498812672765055e+00
6.328771543462397009e-01
3.801684908639885174e-01
-3.350164523451944903e-02
6.880621078911510757e-01
-6.963470737010974965e-01
-1.283307212217623450e+00
3.407763591821384441e-01
1.564710060872754882e-01
-2.894589890888901174e-01
6.916104225763884950e-01
-5.871345553481868151e-01
3.029383089546774377e-01
6.844897530771265615e-02
3.468594450418585051e-01
-2.537187628991884325e-01
-6.585630551851389125e-01
3.518825734506289549e-01
4.853256096661496821e-01
-9.229452151158568096e-02
3.132060831412428747e-01
1.549367587843852034e-01
5.365146898335073633e-01
9.368071482354678459e-01
-5.132779882122199266e-01
4.674160246272776598e-02
2.841612218813249768e-02
6.999040621890126879e-01
-4.161008823101048915e-01
3.718565296834571710e-01
-9.047190146538062194e-01
1.149028700074888221e+00
9.403063889714842194e-01
-1.052063642284355449e+00
1.494370753747288338e+00
-7.478302023881184812e-01
1.019138814879618105e+00
1.675469840184728443e-01
8.699582715857018256e-01
5.905535016361922462e-01
2.425573519982275328e-01
1.011945917126118033e-01
8.094739712458190461e-02
-1.070469016764879822e+00
5.800219365009063877e-01
-5.427640217205504936e-01
-6.495774074102597107e-01
2.422010695226012589e-01
-1.136774788861778740e+00
7.078073067460189938e-01
-3.128088765176879615e-01
7.978584363618511643e-01
3.900249710995837837e-01
-4.156793054283502986e-02
-1.367336604478305850e-01
-2.521944502725947945e-01
-2.804606553563575577e-01
-1.485763198906544236e-01
-3.420666919145247675e-01
1.677108913538966073e-01
5.572353235675495120e-02
6.203062749941987697e-01
1.092997644922322431e+00
2.425141321874058065e-01
6.147581293955889370e-02
-7.960793366411457461e-02
6.346484712440986220e-02
2.341037017700886014e-01
2.546901187713651593e-01
-1.364666819278652632e+00
8.022368973505306089e-01
-7.638120726566197671e-01
-1.067329859045240248e+00
-4.607152412722089752e-01
3.429092645308293719e-01
-5.521609887884094681e-01
-3.614135623345517967e-01
8.737938920203354165e-01
1.074076538409044046e+00
-5.255135436324073206e-01
1.028409964877799565e+00
4.735850312258683137e-01
-6.679157413984462277e-01
-7.848599401390212726e-01
-9.647342428886442889e-01
8.995236274614064609e-01
9.534123566942098726e-02
1.684435028771893994e-01
6.166241803218197592e-01
2.870485710687631364e-02
-4.777980229760723785e-01
-5.855228555336156049e-02
1.344248823806008242e-01
-1.336112095794907750e+00
1.105152520663841287e+00
9.771221547092323600e-02
3.700733678829920548e-01
-8.651923868034505638e-01
1.075381712300716330e+00
5.351431934913665200e-01
4.696812304860171761e-01
6.169026575425895498e-01
-5.375302991575969802e-01
-8.142152038444805395e-01
4.922849187700592544e-01
-4.203730271407538632e-01
1.465169591287089679e+00
-4.137057910024793950e-02
8.709306741471239954e-01
7.363969594915001915e-01
1.758922656952029429e-01
6.757760340292026102e-01
-5.422428463412607424e-01
3.360629228736998764e-01
-3.183345725770831969e-01
1.280934279766329897e+00
3.240715049179370144e-01
-4.215518166345685880e-02
6.089164605414010278e-01
5.120403264275213973e-01
-1.541021015805676520e+00
-4.400135054174334481e-01
-4.643650739382967352e-01
-3.079042679105244984e-01
-1.121295376660656817e+00
-5.463539648756834954e-02
2.707583824053014232e-01
-4.978558722475578957e-02
-8.459493072159827154e-01
-4.952554579476323715e-01
-1.813563325179523844e-01
5.497087183716609093e-03
-7.702786433821177947e-02
-7.381854826088115606e-01
1.262656447021711870e+00
5.838912415210006923e-04
8.163493245843631008e-03
-8.747947692921942409e-02
-3.719319154003268846e-01
-1.914831979088488789e-01
3.033008869602596413e-02
5.864808469542046598e-01
-3.161349830363989200e-01
-8.887024573793647075e-01
3.476402314725570708e-01
-1.255957678008993161e-01
7.534296381054660374e-01
-2.535415402709355615e-01
-5.167734189687107627e-01
3.918719944102270758e-01
-6.418094515387288979e-02
-6.961324023036378206e-01
-9.784311346033747192e-01
-1.157605487392956878e+00
-9.437010024575995804e-01
7.478300521021311598e-01
5.154888368633868678e-01
-1.488764454570276619e-01
-4.433653392840898599e-02
-5.542522424314092477e-01
-4.832104430815835350e-02
-7.543081809133134197e-01
4.301278916643178074e-02
1.052990596838636606e-01
-2.062456155968499238e-01
1.722768675946260986e-01
3.629850129275997705e-01
8.601824992746114340e-01
-6.574786537640495143e-02
-2.024902890356346241e-01
1.479059825187749033e-01
1.195940329773267141e+00
-1.133626379703790710e-01
4.892638817201635515e-01
6.956298739093055294e-01
3.817276067231558656e-01
-7.569215305853996822e-01
7.668388647499558841e-01
-4.029874075974368974e-01
-7.337518464819369202e-01
6.668754896459238024e-01
7.987518522217750272e-01
-6.976265062773699954e-01
-9.067721886000290610e-01
-7.981861481677986481e-01
5.441994271920355120e-01
9.201999945014962545e-01
-6.249771121059157775e-01
-8.392068771672558380e-01
1.372716133011278317e-01
-5.015025692706273075e-01
-9.075949915613253927e-01
2.819650070251247254e-01
1.385418433005151939e-02
1.320238971596462418e+00
5.011059357071566689e-01
-1.751850536482154053e-01
