-4.943838134423858555e-02
1.270863849521440159e+00
8.972526926584001306e-01
-6.562552437428780250e-01
-9.706010056332823321e-01
-8.637523035989127518e-01
1.135837669648836479e-01
-1.567530800234065103e+00
-9.417593736534077831e-01
-7.557503972674992632e-01
6.705506786126286256e-01
-9.542833556097144454e-01
-7.951634668274680795e-01
4.957946982500289757e-01
9.730748932065620416e-01
-8.995716803405024997e-01
-2.714608119366049288e-01
-1.000236169150477084e+00
1.038990728136775843e+00
-1.836895198182528111e+00
6.671507348337460952e-01
-6.878552241777117215e-01
1.485288298311526312e+00
3.077580893257299000e-01
-1.616302345461439138e+00
9.737127524632569475e-01
-9.901729080747735390e-01
7.156221454953508587e-01
2.562851367951456405e-01
-1.488697032425784439e+00
3.918889232590365146e-01
-6.570687468575792112e-02
8.439415510723483616e-01
3.080199370398288838e-01
-1.244147319162610010e+00
2.123607784664438836e-01
1.209392908876599559e+00
-5.520433359463656764e-01
-1.059508785658286767e+00
1.575594433732647515e+00
3.797464472194402862e-01
-5.060041995415458932e-02
1.554207874681450718e+00
-1.299600872000429952e+00
1.026408743198585771e+00
-1.075366594704933343e+00
8.435374112118620982e-02
5.100105177384278710e-02
-3.712378960648662352e-01
-5.130234822815999962e-01
-9.358072956844765145e-01
3.064727012326141919e-02
-1.164308220037618025e+00
-3.495810861075340226e-01
1.342058476147225843e+00
-9.219200517774900350e-01
1.178267686733811326e+00
-1.821915589191030804e+00
7.568137226994573474e-01
7.174077491023755915e-01
-7.137312781142122198e-01
8.025996320427021269e-01
4.959065223326188931e-01
-1.998403917224995385e-01
3.694147856824814280e-02
-7.620727612019891906e-01
9.843704512183821809e-01
6.265429099501069743e-01
3.859982100756721435e-01
-8.670260979433599413e-01
-4.478875523053644780e-01
1.749893351578224177e-01
2.265542120083572364e-01
-9.008861106740021496e-01
1.231505450350874331e-01
3.300112635450697107e-02
-1.982621418436821825e-01
-3.725848569759132589e-01
6.298235108936928173e-02
-1.188062210493636695e+00
-7.637326710726038970e-01
8.566246125257412913e-01
-5.933061557949880216e-01
5.833673968363427553e-01
1.323961721597028518e+00
-1.809222137264941688e-02
9.079434527795163801e-01
-3.179316642154760286e-01
-6.108902028562170905e-01
1.136609198690053724e+00
-9.660124424428337964e-01
6.437682027075017355e-02
-6.067298635070084156e-01
-9.006518296461052397e-01
-6.848696849971422917e-01
-2.499945797883577903e-01
1.659062608652601412e-01
8.612735906309151312e-01
-5.963905077257176668e-01
-5.637578935580781492e-01
5.963846931227489989e-01
-8.951004332512739747e-01
-1.120179209444022383e+00
1.461863711433305069e+00
3.195462961978223770e-01
-4.878301804435138944e-01
-8.886704366997149052e-01
-1.599354347630022932e+00
-7.307742361531637254e-01
-5.130539987643457644e-01
4.421916474692868526e-01
5.780071166849335418e-01
-1.308528001098311910e-01
1.278567164311300353e+00
4.813712922040533360e-01
-1.234632376348239191e+00
5.328353890047173858e-01
-1.633044943143119321e-01
-5.331665665720053404e-01
-9.183550053989028017e-01
-1.307189160501707637e+00
1.054307430992598826e+00
-2.546057708256695973e-01
-5.331276285431658657e-01
4.774117735280070107e-02
-4.700164769540617904e-01
1.041282250918345031e+00
1.257401593439888332e+00
-1.102848232900810022e+00
-5.756182479726518197e-01
6.758607427114036170e-01
-4.055046718322320998e-01
1.824870619739796362e+00
-1.602162814592191564e+00
-1.403893473615584142e+00
-1.203977723790894627e+00
1.522264421697440140e-01
-5.699178775808777520e-01
9.287894808199478325e-01
1.032935161755715869e+00
-7.370531294887734397e-01
1.182208233825160715e+00
-7.077657116836773010e-01
1.050019821874041970e+00
3.443533659802484603e-01
-2.426945335024165984e-01
6.530557278015564071e-02
4.738653226802622132e-01
4.208537782214512024e-01
-2.083343782573965797e+00
5.255562257849458740e-01
-9.568781948241175117e-01
-3.789282994560733697e-01
-4.380022215098274274e-01
2.822792603365214537e-01
2.950576156701855135e-01
-3.802773255682803666e-02
-2.051948705873065215e+00
6.320917366629119627e-01
3.517626110659082816e-01
-5.301055679123606312e-01
-6.619236529282239712e-01
-1.444190595902149210e-01
-5.078815518222524750e-01
-4.970758002450213486e-01
1.088396257117447252e+00
1.539894810815322534e+00
-5.672664673009280012e-01
7.783911386096969975e-01
1.287788850073568359e+00
3.128377632409939380e-01
7.326739823038880273e-02
-2.708782501955936395e-02
-2.873666692534898592e-01
1.166400132592723349e+00
-9.222334059503789483e-01
-1.028158148195564170e+00
-1.776032436205074727e-01
7.004702909710945891e-01
1.709370062644641530e+00
2.602637692401575387e-01
2.971955344566589718e-01
-1.956024565773310520e-01
8.090808065817624295e-02
-5.355852659898399093e-01
-6.599739642716784260e-01
-1.041463969987066029e+00
-7.151043149785335507e-02
-5.060816198142932265e-01
1.519644862896770143e-01
-6.543369548643925837e-01
-4.990286953635032496e-01
-1.957716411419949676e-01
-1.140093160967457164e+00
-7.747888462043230895e-01
-2.115633744013086792e-01
6.989722979710102924e-02
9.426209331827369864e-01
-8.842856180588903880e-02
-3.521793283726458723e-01
-6.872738795214446972e-01
-2.606011405996921937e-03
9.416427585106905696e-01
6.462362483422510184e-01
1.539269139123266295e-01
6.450029221144510938e-01
-6.399609009660454095e-01
-3.897010730500812259e-01
-5.979991203031504998e-01
-8.997374090560184001e-01
-8.664529311629332042e-01
-7.501870005234365646e-01
-1.453885633405274103e+00
-5.288990003261565542e-01
-2.564893525719300627e-01
3.197143134518430907e-01
1.931758006908203207e+00
4.931297478912023968e-01
4.192700522312731160e-01
1.543466364179752359e+00
-1.283443228564506711e-01
-1.671973197040088621e-02
1.545598800003763040e+00
1.412323999412477216e+00
-2.174084919359663137e-01
-8.638248278509660372e-01
-5.442619995202943040e-01
6.198081211349730779e-01
-9.990124191530280751e-02
-3.639180826567253724e-01
3.447348784535594901e-02
1.878189354634886565e-01
-1.366359743730723109e+00
6.820339854096189036e-01
6.180905540015261268e-01
2.392193389288862770e-01
-1.106377719792139835e-02
-3.180386056584436627e-01
-1.530554660850024784e-01
3.611191882896183647e-01
4.856960794800055381e-01
-8.975457721712298831e-01
2.203283341356140901e-01
1.653495244590606483e-01
-1.318416729406175936e+00
-4.003548968181093182e-01
-2.066631892943343596e-03
1.199424169180514976e+00
5.554453677850557103e-01
-1.269937439268642221e+00
-1.548002406925799157e-01
-9.855229939397220917e-01
1.701161659412883109e+00
-4.008528726484505977e-02
-1.756362834104892579e-01
-8.547285741020334005e-01
1.608777390064160540e-01
1.063365602984676972e+00
-1.262650243097951819e+00
-3.736605702616226932e-01
-4.931251174858416464e-01
-3.101347732565248871e-01
-6.386173081846969746e-01
1.295206420754927201e+00
8.915932804808723855e-01
