-9.825588237728564156e-01
-6.333712043903513278e-01
-1.757351199570285627e-01
7.137511758745390678e-01
-2.017336719714778737e-01
-1.633885443535937343e-01
1.200057239219962213e+00
5.799058732597521804e-01
1.167070268492507445e-01
-3.163659700198726554e-01
-3.495090324849647878e-01
-1.362217304435380250e+00
-1.359397704556073727e-01
-4.887666503004606255e-02
1.051724413548041692e+00
-1.203609029163682509e+00
-4.037888560912413771e-01
-1.007847531425918319e+00
1.394986974461296103e-01
-1.293787702296855247e-01
2.393728150394010545e-01
-5.681125511054785360e-01
4.259338686565601328e-01
-1.062956167939758334e+00
2.060299373250187027e-01
5.240025487760638367e-02
1.404301370697677576e-02
-8.483148913714607664e-01
1.368139854992713289e+00
-1.284389460377735270e+00
-1.766415970264813562e-01
-5.184117648393847810e-01
5.968963307173339450e-01
-7.007810867782414688e-01
9.646869296424334661e-02
-5.821266720406454986e-01
-1.288537411342776995e+00
1.084316626265741323e+00
-4.295239075041602517e-01
-4.942676386772008185e-02
2.730029184901720529e-01
-8.699526637479434443e-01
6.663460638527364255e-01
-5.598756411962663160e-01
1.379042532978031144e+00
1.024591976750660605e+00
5.823614666764913572e-01
-1.121638306931885959e-02
6.016649684129811160e-01
-2.969222828423488947e-01
-6.702484627865439304e-01
-5.742799749883465976e-01
5.432904606707220641e-01
1.616321649001297434e-01
7.489692115646708892e-01
-1.191451800145180151e+00
-2.014873372013665787e-01
2.246477757835175781e-01
-7.522354355484983657e-01
-7.944873495962480048e-01
-1.405189213301975659e+00
6.509789044986111772e-01
1.019897841883330880e+00
6.293671421043020020e-01
-7.487041744511041541e-01
-4.662084149896482677e-01
5.320509206283123849e-01
7.242691227638402562e-01
-2.701461115434923843e-01
3.319996151934997974e-02
-2.584701689570307881e-01
3.706900266211607953e-01
-9.844097719432444160e-01
5.627304604287768353e-01
-1.181891598297643897e+00
1.368902463555438764e+00
-2.353304104993745316e-01
-3.633443670418211591e-01
-7.710872858048275491e-01
1.669614666277438708e+00
6.647271889904490250e-01
-1.357866341891569961e+00
1.335557358199318534e+00
-6.323695797371648997e-01
1.209206386106424391e+00
5.682061883038489469e-01
-2.200676454071938959e-01
1.382497688750071174e-01
-4.867897964616392237e-01
-2.464981592843918656e-01
3.051102164472083711e-01
-6.511352626838678992e-01
1.754545529185517205e+00
-1.943535060875243747e+00
-6.527551486953555582e-01
-1.123023418042323307e+00
-1.125500369188850991e+00
3.329022809866091226e-01
-2.692544929359006467e-01
7.423294001438290879e-03
5.388239459985799673e-01
5.390051064644058032e-02
-3.366005507548868181e-01
6.157510077904468915e-01
-5.864733014088263641e-01
-1.299553697682855335e-01
1.404783858217637516e-01
-6.746881916429068315e-01
2.850127541970060019e-01
-7.860975718693999359e-02
-5.055833437676200415e-01
-1.911567188506684833e-01
-1.057695807172222890e+00
-9.733074904033411912e-02
-4.739405233743634316e-01
1.447213068082229548e-01
-4.142349239917834935e-02
3.846107944578848192e-01
-4.225144543111892803e-01
8.057923351652078736e-01
-4.231984570493659836e-01
-1.258162619741833854e-01
-6.372518110089773202e-01
1.040678630272122041e+00
4.947596196082694742e-01
1.623562343496032012e+00
-1.554794609255881754e+00
-1.049369428100300344e-01
-1.146332780356102088e+00
5.725063435634086817e-01
9.565396195139401758e-01
-8.667612755536898694e-01
8.364276461753327174e-01
-1.130330562042188181e+00
-1.814562242903666744e-01
1.191067800590809078e+00
-3.271472721730689925e-01
6.779131132806012205e-01
-1.012128030893963304e+00
5.552753003682064925e-01
-9.834230700760817623e-01
-1.651468935016078832e-01
3.547054479252710335e-01
6.219405822733623523e-01
-5.455027102087445234e-01
1.278910414207703461e+00
-9.529751686927807608e-01
-6.092278451548278628e-01
-2.314024152470894879e-01
8.614209705969796960e-02
9.154212358595777976e-01
-4.665302327043520103e-01
8.329564713341242044e-02
-2.023807330995448794e-02
8.361002596821501820e-01
2.231948007674020573e-01
2.404411030674746819e-01
-1.247010297982499738e+00
6.392819220386057877e-01
-8.745337327145883410e-01
-1.026201046020584373e+00
6.501540667509239091e-01
5.215129099575614990e-01
-4.788657958740259457e-01
-7.075072623208287226e-01
-1.646887467560429252e+00
-6.611840528681356410e-01
-9.606650378728271988e-01
-7.685792682842605972e-01
9.152571683011297976e-01
-1.531547450524700649e+00
-7.481019941971731591e-01
2.486266043626849387e-01
7.999888890541129172e-01
4.330721273819181372e-01
2.411642485834399330e-01
-8.049235324662197266e-01
2.675096198967804595e-01
2.458620116699062330e-01
-1.746023603007799130e-01
-2.015869667602002924e+00
-9.248826131535856643e-01
-1.201187240480908081e+00
-1.517918401368133052e+00
2.013060208142449237e-01
7.340479245075285375e-01
-9.042973263594652478e-01
1.525518244500479126e+00
-8.817286845966498809e-01
2.994985584950869417e-01
-8.249173612796587562e-01
-3.376964096279703176e-01
4.943942521443950855e-01
-6.804045924739470230e-01
4.531585573550175883e-01
-2.697961958690992534e-01
-5.847102411693989588e-01
1.124298869959279967e+00
-8.034429490897330162e-01
7.445192245053111613e-02
1.019109489920762446e+00
-1.168387919162710453e+00
1.316619338326378230e+00
-7.842023100720083573e-01
-3.892938827198236806e-01
5.808769558554562895e-01
3.700812959153559900e-02
1.008230285518759040e+00
4.997579520034000078e-01
-6.073934661276574332e-01
-1.637994622875285911e-01
-3.777550861971262219e-01
5.672900698304211842e-01
3.518530027228270463e-01
-1.606815897154761252e+00
5.652504145865557827e-01
8.459370264897904113e-01
7.122167189928196862e-01
7.019952447030183285e-01
1.501147387148025203e-01
8.820154542809905962e-01
-1.096006736551463356e-01
-1.117287704107902679e-01
-8.073545167977996817e-01
-4.724213710210973249e-01
-8.780987865699507733e-01
1.307487603241604068e+00
-3.437135561989664023e-02
-3.304711001287971017e-01
8.544529145747901122e-01
-1.152199034648521359e+00
2.344112754775964924e-01
4.270980908491179839e-01
6.063962145337442600e-01
4.768948439128568584e-01
-1.499063214146732215e-01
-7.115636142116160689e-02
1.012071119429764909e+00
6.729090100688880360e-01
-1.070657118354019888e+00
-1.300212650764431377e+00
2.230963586474145610e-01
-7.460216520161528919e-01
5.558669187405052003e-01
3.242696091831278049e-01
2.202580200770085928e-01
-1.531857334311151897e-01
-7.240423810009271044e-01
6.958346916663084025e-01
1.047665123137799359e+00
-6.386248951360837811e-01
-1.128905361677777774e+00
8.856061027536880903e-02
-1.701686918774599211e-01
9.226716319598102789e-01
5.072437252277870456e-01
8.579887522362988905e-02
-1.006262871500462674e+00
7.093885928262574359e-01
-8.874358733820175704e-01
4.734238344400982790e-01
-2.122526069025439388e-01
-7.835483257963435921e-01
-9.110005491363931673e-01
8.613248381798241926e-01
