3.974347264617864028e-01
1.374266751116776653e-01
-1.981712868433295471e-01
-1.264931031522861682e+00
-8.696083293698773087e-01
-6.603501047484980901e-01
3.898142160013535751e-01
2.696389344263813159e-01
6.630561443668459010e-02
1.333363465407754855e+00
1.825061264962699048e-02
-6.801597205558230774e-01
6.079303253791887851e-01
5.455326774933033640e-01
-7.565895128388872015e-01
1.159401388222271345e+00
-1.214668251930211440e+00
1.420221883279954689e+00
-2.360486800380677819e-01
-7.296478883854981001e-01
-3.491490916580473614e-01
-6.480574270002755766e-01
-4.633377823636270487e-01
-2.637290677594036348e-01
8.897468117305903368e-01
1.308283753129332871e-01
-7.897014575001272130e-01
9.599158004504938502e-01
-1.782432284654290600e-01
-1.379623435213413796e+00
-1.767848961539084662e-01
1.780436485629285359e-01
2.543413582036833931e-02
-1.057638039994921453e+00
3.908409672445570804e-01
-1.239276478092420142e+00
-1.059947968436472099e+00
1.933411700245938336e-01
-5.320132704597362316e-01
-1.091864830448452395e-01
-2.069013564644776038e-01
5.251308336542760691e-02
-1.137942820575709169e-01
-4.785002494980875043e-01
1.003841205982337198e-01
7.356077178857804988e-01
1.799527785860090545e-01
2.227323280505236203e-01
5.412745478955868217e-01
-6.457676934790934631e-01
3.902931723678881859e-01
-4.654264505028386512e-01
-2.216225651312284106e-03
1.634251939586486735e+00
-9.194889527152417807e-01
2.472241942947405180e-01
-9.856660382802523435e-01
-6.444681946361512370e-01
-7.002781675226061875e-01
1.915489958071525667e-02
8.755228387957141312e-01
6.113859618146779695e-01
-1.018085092682476711e+00
9.766834156697143943e-01
-7.809757408581684546e-01
1.034004721805856786e+00
-4.348951863089349223e-01
1.386544034093567745e+00
-1.080688232204987553e+00
8.543075174424624718e-01
3.758630088029274452e-02
-1.445177026148769250e-01
4.770622224553195956e-01
-3.432292894404643802e-01
-8.592053626590553383e-01
3.752058779262232302e-01
2.185478524660993682e-01
-2.079803655416299357e-01
7.724023271690939607e-01
-3.949941758160064875e-01
3.348623437145524240e-01
-3.604636363117010300e-01
-1.145265238785541095e-01
-1.178719613758205664e-02
-1.011072540464711844e+00
1.747828104020517359e-01
5.337837244879410914e-01
-6.516266935564684060e-01
7.250281163353489156e-01
4.227369639233721221e-01
8.687353236846437898e-01
8.320757528481312892e-01
-9.103716975395350630e-01
-4.022479507969298207e-02
1.360927413507425077e-01
1.237409251928645482e+00
-2.359619243715068704e-01
1.505551866277075601e-01
-4.191269010266011619e-01
1.474379649959119298e+00
9.812687570122821112e-01
-1.216190463021771029e+00
1.059578250794844800e+00
-4.557411501774245588e-01
8.726250687588631427e-01
4.479660974018881969e-01
9.003580490892707511e-01
8.017473369078226275e-01
5.942757354486021271e-01
-3.943515449150684082e-01
2.516457718905075747e-01
-1.356836911830992642e+00
2.289927515265356428e-01
2.781307436669630540e-02
-4.062883925382450578e-01
2.011360777528462540e-01
-9.024205886812501909e-01
1.435828229004451284e+00
-3.293002743834095303e-01
7.439666108468560024e-01
3.556304327456736303e-01
3.130399611693496231e-01
3.478547009582173555e-01
-1.526680846963029969e-01
-7.526239461079686777e-02
-1.225505082432584991e-01
-6.474586880311816728e-01
-1.313734218737272752e-01
3.828579450110422000e-01
4.198022833819206601e-01
1.024803319629562282e+00
4.565125626565906813e-01
-1.223720434649953892e-01
1.184681495178448174e-01
1.342833612611942506e-01
2.023386644629610598e-01
3.930991045149105356e-01
-1.539515359964278352e+00
1.100412398907005151e+00
-5.063634489183539422e-01
-7.436672536761571584e-01
-5.347934659071480468e-01
7.366393406261836918e-02
-4.213105314681198643e-01
-5.191782490912035808e-01
8.521057197870769429e-01
8.903374197245542687e-01
-2.259618731298515537e-01
1.434673435858952129e+00
3.419975658930968776e-01
-5.163651396114784520e-01
-8.338073895675595093e-01
-9.787137809971250269e-01
7.144222596543532422e-01
5.479032883256479414e-02
1.770214141341923120e-01
5.534781241629681547e-01
4.441225900651779579e-02
-6.222140263179455344e-01
-3.579981985416016976e-01
3.276267152410827221e-01
-1.073997115069460495e+00
7.547475772112459680e-01
3.293661638187201923e-01
3.526514245349809951e-01
-5.461503900668009948e-01
9.884336927197719946e-01
3.303947182152557754e-02
3.979982231885599853e-01
1.661663851144062898e-01
-3.331679186166780493e-01
-6.073787211013206289e-01
4.259998124315019785e-01
-7.057300330387811238e-01
1.774323898655923104e+00
-3.474022065134917403e-01
6.787600252325621808e-01
3.985532791548810350e-01
-6.394622676399897010e-02
9.052234462569763718e-01
-5.110962921839685702e-01
1.991068190367361046e-01
1.992421385175964788e-01
1.143708134601673532e+00
1.089665802216271129e-01
-7.123094668700945542e-01
1.378496326014175821e+00
5.010359646737445605e-01
-1.566869293580755995e+00
-2.443696277637942282e-01
-5.425951405504048086e-01
1.836994225112510148e-01
-7.950733385624162430e-01
2.108929133415466395e-01
4.055850141197389624e-01
-3.993325948108933376e-01
-7.800606148725661715e-01
-1.469144358956349650e-01
-4.895096878645777139e-01
-2.290925477009260192e-01
-9.990172346870136721e-02
-8.289360238712285556e-01
1.108546177025398594e+00
-1.792128155800061795e-01
-5.461869924069495674e-03
-5.098578600595062849e-01
-5.392392506890889003e-02
-4.801958166405025930e-01
9.829675427998241233e-02
5.067596224849549857e-01
-4.000266512329598845e-01
-1.263352640704553220e+00
4.885844182173965100e-02
-8.311884225591952002e-02
4.729814183106501035e-01
-2.947064033735902200e-01
-8.544039477778208047e-01
5.449145985253556201e-01
-2.717858663581759204e-01
-6.065362609752055212e-01
-8.715706088941912455e-01
-1.251322722121264164e+00
-7.117208015714843183e-01
6.715401579216945249e-01
4.501986401665488691e-01
-2.998665385184837717e-01
1.657787618748856606e-01
-4.953826660892155509e-01
-3.498164151512895836e-01
-6.616919004483352573e-01
3.051728754122584597e-02
-4.518475060745555938e-01
-4.541978143912937110e-02
-2.337041907765816662e-01
2.202148298722770084e-02
2.652046762944736402e-01
5.534078928582657209e-02
-1.414829971519723784e-02
1.712471405927090684e-03
4.770033016379361390e-01
-2.411618042490790426e-01
3.358165863513528082e-01
7.717915970518027802e-01
7.169586429528657101e-01
-9.066623556579833654e-01
5.772654684342779507e-01
-3.768671187315955073e-01
-9.829127023722712408e-01
6.085217411161842893e-01
8.876528437239694647e-01
-8.626356947830691180e-01
-6.380835812676244334e-01
-9.499382151150654874e-01
3.295077834835061226e-01
1.239150254644954874e+00
-8.780746049600030023e-02
-4.426863236266166957e-01
3.562095493948093106e-01
-3.871026689529243336e-01
-5.451722140691048768e-01
2.742517392812002242e-01
-4.942228529521960900e-02
7.822381048861278829e-01
4.977642370420502504e-01
-3.485208981252396754e-01
