1.400013557253472485e-01
6.220354547342487050e-01
-2.631925463821379596e-01
-7.172994560095415917e-01
-9.265393935409081960e-01
-1.277799774419252632e-02
-6.866137137391481460e-03
7.170695060603421433e-01
-9.190345033279401221e-01
3.967710758946708660e-01
-5.310946342516903451e-02
-1.355399513873092321e-01
1.165196950014073751e+00
6.722680752158105566e-01
6.937518039350018539e-02
8.668572758795782818e-01
-4.343826117559529409e-01
8.475733491774488648e-01
-2.694093476600672998e-01
-5.541870390443423000e-01
-1.433326954397872166e-01
-8.791429439282968383e-01
1.166575068582429986e-01
-4.301400140066562461e-01
4.855328955729993345e-01
3.330569073915639611e-01
-7.592282056091386178e-01
5.923706718788444847e-02
2.302292356886118663e-01
-8.617040724548064023e-01
-4.532015175353274472e-01
-6.502562135694260892e-01
-2.568961286785559905e-01
-7.030219046088733714e-01
-4.618289908976930258e-01
-1.169742165319858529e+00
1.364486081718701560e-01
7.352179944181014282e-02
-5.834094711569822733e-01
1.795072017348262050e-01
-1.265329612269691477e-02
3.124487906290191463e-01
-3.788875463433515334e-01
-6.674475778394100001e-01
1.053906936788504001e-01
7.072808223876830835e-01
-2.629583027978317222e-01
4.829260990338267723e-01
8.848406541749705978e-01
-6.336983247296343880e-01
3.937446845509546267e-01
-7.000379814757486940e-01
7.409669097630289247e-02
1.041484501320377731e+00
-5.236432420562984191e-01
1.122468284617150314e+00
-1.112125473830538835e+00
-3.490982154875709176e-01
-3.456560023459714914e-01
-8.466737770243188965e-01
-9.926086187997301691e-02
1.088611842073529790e+00
-6.031392561472153080e-01
7.583658072097871905e-01
-6.766918957195016127e-01
7.910503963140169681e-01
-7.030073092837043625e-01
1.168574798692553207e+00
-4.297414499125535303e-01
4.279560402294181887e-01
2.955735552111702913e-01
6.510490827814245929e-01
5.197869468186686603e-01
-2.356903459938219370e-01
-8.130418133767152167e-01
1.184464043063172323e+00
2.766353042514298477e-01
-9.611294151980254163e-02
4.674533335555418612e-01
-6.154831895291911215e-01
7.711586511296310009e-01
-5.727722225832376779e-01
-1.257936192914024809e-01
-2.654391126330877815e-01
-7.845547712627370940e-01
-1.915656616908149867e-01
3.113466385364208056e-01
-6.510818255120934817e-01
-1.137580368742921455e-01
1.113043434985589553e+00
3.315686375281967635e-01
1.135390231852859477e+00
-1.148620068434828889e+00
-1.774904841996837734e-01
3.931587529244539025e-01
2.713704056727356262e-02
-3.303906743912001787e-01
6.898085216011435872e-01
-3.842910314387595339e-01
8.895645531516915838e-01
6.971570957657774459e-01
-1.056479127009439134e+00
1.233287111138534620e+00
4.456753081155154228e-02
1.011257045391705578e+00
6.415292220002941637e-01
5.493467969635543735e-01
1.429215851826811878e+00
4.163838538625214691e-01
2.218510234804773606e-01
-2.594333569204230194e-01
-8.247622383779695809e-01
-1.101007027573372710e-01
4.630153758329472180e-01
5.278163011173547803e-02
-4.494942923157341230e-01
-1.306488487927334186e+00
6.163949205920696839e-01
-8.382714413405703002e-01
6.123750002206569398e-01
5.640130733173861488e-01
-1.943731911232901011e-01
-1.885548912205803340e-01
-2.416513211442128384e-01
2.599391936653826507e-01
-3.553610183689555058e-01
-8.875212165381327067e-02
1.185064353909377033e+00
-3.164440756311789893e-02
9.413738043990452775e-01
7.232461514244739043e-01
2.613765433736038313e-01
3.427259865240717129e-01
-2.913771141268226006e-01
-1.516888888945645275e-01
7.071557884511950887e-01
7.635185672847479843e-01
-1.616634522963272813e+00
5.638366447255490632e-01
-8.087959678917009398e-01
-1.276152942182023908e+00
5.162885996571751068e-01
1.493984532675267096e-01
-6.963658097774974021e-01
2.158111697076006696e-01
9.132493380367533442e-01
5.704407286425484669e-01
-9.111953646810608820e-01
7.612285716900366594e-01
8.593890783354849461e-01
-2.127310777817788545e-01
-1.137922601504965714e+00
-6.613462524980211477e-01
8.872889788562243751e-01
-4.793647687143124392e-01
4.806239261911446903e-01
6.536826019665316068e-01
8.414123724717359476e-02
-2.802233878897316122e-01
-9.084218343608418955e-02
1.269869528231802602e-01
-5.458772929227757587e-01
7.813693874996100464e-01
1.864213638127955597e-01
5.527627539645165733e-01
1.136452496694044245e-01
8.652111731512329706e-01
3.166024365225046378e-01
2.970415923438067818e-01
-1.426356212431517112e-01
-2.527062659949569912e-01
-1.190604475524156047e+00
4.295514578311938614e-01
-7.382028119709350689e-01
1.112487051970998841e+00
-2.690790543616770059e-01
2.008406134457323133e-01
9.079430698589863180e-01
1.768004094172423435e-01
-8.431018487525507310e-02
-6.019966456378723629e-01
-2.154326923874820277e-01
2.908706466274669222e-01
7.664221070655363732e-01
3.991269511358103150e-01
-3.681778375462121389e-01
-2.444582808743546720e-01
7.619270812131788695e-01
-1.081031374833946401e+00
-8.368373313758090681e-01
-2.359850249931882693e-01
5.421872863864705128e-01
-9.425245837428927187e-01
2.453627136316097190e-01
-7.923786069747236205e-01
-3.626102453798690228e-01
-2.695482818035569439e-01
-5.982362007834931550e-01
2.972446787840132831e-01
1.040108405880441622e-01
-4.426650980117773360e-01
-2.067270868432549424e-01
8.156995247978038321e-01
-7.936897841505846651e-02
4.020628228214974675e-01
-3.490188574889950823e-01
-2.122573127458336761e-01
1.831084070890753313e-01
-3.733082051428369685e-01
1.126059002120487929e+00
-3.210586501145455962e-01
-1.217909615510135657e+00
1.097762931604131742e+00
-2.972151999009505219e-01
8.875855627922117908e-01
-6.540178522885830015e-01
-1.454608649475622073e+00
-2.836023320223010069e-01
-2.950817651599050850e-01
-8.991669881159505273e-01
-9.437863517222271348e-01
-9.958898600442216420e-01
-1.251303302561393549e+00
6.063827372637731195e-01
1.576080712969240849e-01
1.262082027327694478e-01
-1.316553572623373192e-01
-1.780523128621442353e-01
-1.622937593542108092e-01
-6.623234655370935364e-01
5.702871274478144015e-01
-3.169547896428341893e-01
3.566530286006734662e-02
7.225147688437951743e-01
3.974368376922816637e-01
4.166018024615533166e-01
-3.556307567074922238e-01
-2.049393126291206013e-02
1.865617103758804018e-01
5.302572894512513901e-01
-6.758865644942468887e-01
8.554439266527312791e-01
4.852072949285323178e-01
4.683538204943603622e-01
-1.043862860380927238e+00
9.004806277725568853e-01
-2.527841107886991678e-01
-1.252363860526897743e-01
1.166153426751059374e+00
9.343022936001559309e-01
-1.215861953415297902e+00
-3.264060509034815150e-01
-6.535011742982375083e-01
1.241660122703211133e+00
8.127600576724759440e-01
-1.032643860364571564e-01
-5.027013752759278420e-01
-2.563555340868704790e-02
6.584466791216928572e-01
-8.638350228086096871e-01
8.841233840775322150e-01
-1.077600728022911070e-01
7.090377434338684948e-01
6.119953090966037124e-01
-3.704388132819841362e-01
