-6.347069680881090026e-01
-4.979717300720774009e-01
4.282538108822389611e-01
-1.277428526404635667e+00
-8.069260094278613016e-02
-6.454128127717274621e-01
-3.976096830300330787e-01
9.109819196941968400e-01
-1.194484280551423083e+00
-1.697158416072068077e+00
-1.607720258711110572e-01
4.751938407619553106e-01
4.157779834878033709e-01
-2.913234755740389814e-01
1.586485742452952374e+00
-1.216772937329798077e-01
-3.311091367271244978e-01
1.621614205613193804e-01
1.317823541788704533e+00
-5.360939050434836428e-01
9.986710536736695953e-01
1.743558535998346870e-01
7.282495958834922511e-02
-5.168934285187554156e-01
1.034468230846292136e-01
-4.372512718608263516e-01
1.414606692653074260e-01
-2.936941228893391598e-02
1.077606931667537959e-01
6.808280844593902481e-01
-1.852243601657945771e-01
-1.489964170954865219e+00
-5.145660051584070027e-01
1.731152431015399451e-02
5.177489941890193181e-01
-1.450492024921390677e-01
1.136899986781626737e+00
5.563410288011010341e-01
2.023825453622185855e-01
-9.020815375730226737e-01
5.803828010096875323e-01
-8.615723541112122463e-01
-8.553643759305450400e-01
-1.087146086226470493e-01
9.315818363064790608e-01
3.370988433483866897e-01
-4.862330847220217578e-01
-6.816584682906769999e-01
-7.173974057711391961e-01
-9.054609205799402094e-01
-6.776668605953691804e-01
5.847488188560966416e-01
-1.002056515026089167e+00
2.541769691261419606e-01
2.744501225067934591e-01
7.155683483961925440e-01
8.186742165451423858e-01
5.066765483538260284e-01
5.059157868058294927e-01
-1.020779933899498726e+00
1.783330901440038918e-02
1.576792479352779885e-01
-1.127031010883286610e+00
6.063887660354261300e-02
-6.884725835399366778e-01
-5.341989500749606545e-01
-5.939788145981846901e-01
3.049717922064157372e-02
-8.681618032109847949e-01
-6.255607918685568425e-02
1.489434110198483707e-01
-6.465966679602951350e-01
-2.481785958771769718e-01
-8.651131536001912536e-01
-5.426538016223516614e-01
-8.756810476460537007e-01
-6.301055685904705106e-02
-8.237308617567733471e-01
6.473306848870818975e-02
-3.815950728362129674e-01
-2.007994511956644745e-01
-8.808943568362744836e-01
-9.152147276254305464e-01
1.068644845355011253e+00
7.694780921413975072e-01
3.276627405154549089e-01
9.247949920076934394e-01
1.596086630720874311e-01
-4.793471625398909031e-01
-2.343979620978872691e-02
-8.735126069533161175e-01
3.067782232508090012e-01
3.503657264071613486e-02
-5.015323347603414250e-01
2.059609851675612835e-01
4.243960653164607355e-01
7.758935395081286712e-01
1.524633216933040658e-01
1.095759461463512663e+00
1.098625547237019884e+00
-5.872465561971201842e-01
-6.034802904804072998e-01
-6.995828508403647561e-01
-3.590255004223010804e-01
-9.106185741538879164e-01
6.027554690740040133e-01
-6.091135989766158221e-02
1.128148247664761961e+00
4.213929138249459805e-01
2.080179306308697906e-01
1.260293655382954681e-01
-4.027759042783852772e-01
-6.470315361821540323e-01
-3.980407530805293859e-03
-9.394450323161154248e-01
-1.122876729648969230e+00
-9.177500291420542800e-02
-4.812201033968698249e-01
1.465164570660365762e+00
-1.364667073560063559e-01
9.713460462201417567e-02
2.758532934970742145e-01
-5.370042995084454152e-01
-6.955432760822912730e-01
5.139505572273029843e-01
8.114306816462238947e-01
-7.887340355488599020e-01
2.465561607835030367e-02
2.496283497274706109e-01
4.696150539329722040e-01
-1.169033117057876936e+00
6.248554656832004950e-01
-1.790072717477404485e+00
-1.045336871924777755e+00
-7.810921155549082062e-01
1.194952341146137575e+00
2.726379645466485424e-02
-9.807697729918524177e-01
8.514511504731672176e-01
6.347284331509711608e-01
6.670841919964932698e-01
-2.932471615364555806e-01
5.114815493405164837e-01
-8.642070566017153732e-01
4.952688365170584417e-01
-1.460568087879122956e+00
-1.142540709566771229e+00
3.063578849505084467e-02
-6.264380467308388045e-01
5.386266324792041704e-01
-3.958576030886368224e-01
-1.158491826297335381e+00
3.546608019435067982e-01
7.624892568444224805e-01
-5.963315754023554849e-01
4.402505081236426365e-01
7.822264038039675738e-01
1.130357553124953007e+00
-1.773841746553800336e+00
1.144856654058010292e+00
6.600961218482892523e-01
1.191192469870372556e-01
-3.385051132386064920e-01
-3.386399513594299804e-01
5.089442588146504409e-01
2.392540621624352215e-01
-1.053385443614188732e+00
-1.861390503761172210e-01
1.345930718300595963e+00
6.025500229739913505e-02
-2.933284159587723483e-01
2.071569084197484312e-01
-1.291786834900590986e+00
8.407140213136643503e-02
-9.896477878912695036e-01
6.424980971812702668e-01
1.375078253165114006e+00
4.040482777526318570e-01
1.078035533910512989e+00
-1.683487907829487873e-01
1.039018526202935888e+00
-3.778212925502491548e-01
5.912275461661278264e-01
6.884377919645880972e-01
-1.982140433726076734e-01
-4.517927962226383487e-01
6.008542092514821409e-01
-4.771204550781807940e-01
-8.313877971623647722e-01
4.625140322193344589e-01
3.926828682248247326e-01
1.070043917570963732e+00
6.463567507141312340e-01
-6.198324085911112447e-02
-5.672125653716519889e-01
2.108285779960940021e-01
-9.214373700302583847e-01
-1.611989418040857547e-01
7.841474171893199063e-01
-9.384574852505855880e-01
1.034553225485957073e+00
-6.940110346690897547e-01
-3.017328033645654828e-01
-6.267884145293572962e-02
6.782812301362923790e-01
-2.386740547879645513e-02
6.036667865084358597e-01
-1.305214616396246363e-01
-3.040584833843074444e-02
-1.177288008379437922e-01
-3.793942487239978512e-01
7.805804337727367814e-01
-6.834031868277121724e-01
1.029906250818635405e+00
7.411944790897244673e-01
-1.816866245573874050e-01
8.795269960481685301e-01
-1.644344202880934913e-01
-6.118342384970799630e-01
5.497458728023938423e-01
4.363030923144385897e-01
1.125360393595694175e+00
-3.471549855801402129e-02
-2.699849781732052145e-01
-1.424681138099152866e+00
1.353447080034666072e+00
-9.741022748290950606e-02
-5.583409766648648187e-01
6.260836210608899943e-01
-2.077543295199826834e-01
-5.336236625046424376e-01
4.413464230411660583e-01
-1.669547626869175017e-01
5.536843414551521070e-01
8.029784397756807302e-01
-3.309294198274128629e-01
2.779878950430246798e-01
1.083753353602008307e+00
-6.758422090070246302e-01
-6.052495781653099982e-01
-9.068958989336486365e-01
-1.029029699390327790e-01
2.092153039164866835e-01
-2.310630198175212258e-01
1.069232194059602348e+00
-6.472337436716242287e-01
-1.132580944149658597e+00
8.508093211095684172e-01
5.110791371764240587e-01
-9.998451735996077838e-01
1.498205798999363569e-02
9.771353527603757194e-02
5.201815676430547875e-01
5.058489764161672175e-02
1.601715569147537099e-01
1.419637773803589798e-01
-2.923045121407787383e-01
8.912402528476746078e-01
1.250154020185468395e+00
-5.394747919137269365e-01
1.182617764127896987e+00
-1.014317394480050316e+00
-1.366853558082570530e-01
-6.191789469910358168e-01
-4.241119265470557620e-01
