-2.855130779123732920e-01
-5.611858677681247354e-01
-1.902540129245634815e-02
1.430417747647237392e-01
-4.600400880997183861e-02
-5.569095718695200592e-01
-2.816587624024501357e-01
-8.244319690377754917e-01
6.377184044714646616e-01
6.893620697748686910e-01
9.934081897956308360e-01
-1.292027383388300033e-01
-1.217177216919398619e+00
-7.341869988832472327e-01
-1.294890577616751415e+00
-5.763560630335090584e-01
-2.220897437518538076e-01
3.054578111709155830e-01
-5.691288982398053919e-01
-7.998540602221828610e-01
-2.111640900572632484e-01
-1.476718050810401417e+00
5.031751082158351096e-01
-8.407232666850765757e-01
-9.005185905306826166e-01
-7.527883993016797337e-01
9.507904464899441521e-02
-6.994228542349207878e-01
-9.068369180159120413e-01
5.518203952525645439e-01
-7.090665016195171200e-01
-2.518893866515383717e-01
-5.477784039064206301e-01
5.060627593236721733e-01
2.665844472423085088e-01
5.353631183144099692e-01
-1.276240038452848946e+00
-3.112302126696842031e-02
-5.718196950760787850e-02
1.244793511687559473e+00
6.921199196482052257e-03
1.161468400176227211e+00
-1.030332782742439113e+00
-1.052639131971920827e+00
4.285921365964572016e-02
-7.641615553403513506e-01
1.923578042669079058e-01
4.003510426645853215e-01
4.019586453613759880e-01
7.002276920514775016e-01
7.273383704280140805e-01
7.135892363454057197e-01
4.326226368526671084e-01
1.139211511977388236e+00
7.908226276605789806e-01
-7.511734350453435072e-01
-3.833382349976566239e-01
-1.951265274029945762e-01
6.661020508853418010e-01
-2.408564989841570636e-01
-5.585493093434196199e-01
4.364385654536703796e-01
-1.149017647785465224e+00
4.067692886889864856e-01
-7.594943933557611881e-01
2.037236702069503969e-01
6.000991148589158719e-01
1.241407785173076483e+00
9.064684414775694421e-01
-5.915665305047794753e-01
-3.031276302508796316e-01
9.575816346835942516e-01
-1.093803603330807950e-01
-3.189334129357086489e-01
1.224811223568832652e+00
-2.745779725672643501e-01
-7.950927293018226205e-01
5.004225758973152027e-01
2.396948041066443436e-01
1.077975600696439384e+00
5.872923902762123838e-01
3.884885633050570442e-01
3.805663935256464181e-01
-4.086344888805487630e-02
-2.866147804258786236e-01
1.539587619647688199e-01
1.577143397773825284e-01
-1.073301401851430414e+00
5.891874695831930131e-01
-8.622200821631450518e-01
8.288149047603329267e-01
4.236717169014574402e-01
1.875967253109412092e-01
-7.074911672456924983e-01
1.269104016645042354e-01
-1.379687620053403896e-01
-5.365481558625114777e-01
1.255112335021133729e+00
-1.085823619133589601e-01
6.410741571207145828e-01
3.819721837731244740e-01
-7.880209541606142398e-01
8.701422742129237831e-01
-2.740322509995708478e-01
6.957930708706245859e-01
1.214955112075517540e+00
3.268892159906815476e-01
4.190614595416447541e-01
1.069737691552225645e+00
-1.355004760405027264e+00
-1.099697002335940921e+00
-8.695357604004143592e-01
-1.170134228643872953e+00
9.698051987250499995e-01
2.524756444390551247e-01
4.092697945330783238e-01
-6.684785621583863024e-01
5.690853833019089425e-01
6.674118501471421050e-01
-8.855606953169448126e-01
-5.491314330300046676e-01
6.140209720897614742e-01
-8.805145125876052692e-01
-7.266740687599002602e-01
-9.932778570259286344e-01
8.073640184627416394e-01
-3.606926455965754896e-01
3.581815466915660440e-01
8.511946098803829797e-01
9.730697981331957180e-01
5.049714621968658390e-01
2.639487700785926316e-01
4.862684329541691608e-01
-9.403147694892417530e-01
4.443072327632020535e-01
-3.726434212390211664e-02
9.946720103552960657e-01
-1.585381779626148513e-01
-7.222320879103889535e-01
1.275975747510013636e-01
1.568377135213114282e-02
1.031465124053712712e+00
5.129370856936311673e-01
1.175675877567678551e+00
-4.082173143927634862e-01
-3.643731067625566311e-01
2.700484224397126098e-02
8.792871771203177866e-01
-4.335014295837125164e-01
-9.405590364055400610e-01
-1.616292570687413443e-01
-6.290248117842771602e-01
1.473940745164017685e-01
5.400877235663771314e-01
-7.426518243882250792e-01
-4.615429146755801182e-01
-4.151467045259819022e-01
-2.039697335851482773e-01
8.232110501256142410e-01
-1.565039152313195681e-01
-1.117874385197017428e+00
3.149952946733947101e-01
3.125761198520777273e-01
-2.665344713560083845e-01
7.068436539670281960e-01
-5.010686768715504336e-01
-5.303188977673558568e-01
-5.769359352299339161e-01
-5.322341455540603450e-01
-8.994301162587187148e-01
2.254793538017244026e-01
4.024709962853221246e-01
-2.455675838267373789e-02
-4.284592335371630867e-01
-2.194508217254003690e-01
-1.053273746132997957e+00
2.670424674118692110e-01
-3.496389003228450587e-01
1.476835406166535081e-02
-4.119464013656284895e-01
4.491815107744486779e-01
1.119071511590102430e+00
-9.236469903349641131e-01
8.909066206247052699e-01
-1.121756134767106339e+00
-9.055808145256721842e-01
-4.260740710968173861e-01
-2.288937082430664294e-01
8.310621033841818495e-01
-1.024776128586737833e+00
-8.151629472628271200e-01
7.048238724111139941e-01
-5.469809977570647685e-01
-1.427229314225838763e+00
2.250590783546410623e-01
-6.115833757590503073e-01
4.299762676124711525e-01
-2.037856022755270280e-02
8.938266679088269218e-02
1.518377581310716151e-01
1.360286881154479932e-01
-5.325856337933542184e-01
-7.222334951254419932e-01
-6.331990924592865166e-01
-6.922633925149578316e-01
1.534895843026896634e-01
5.764991901814113806e-01
-3.555196303884056164e-02
3.017296703070356800e-01
4.954235471840857663e-01
-2.690249494647922734e-01
-6.541478102583824228e-01
1.051714768683583157e-01
-4.185214794221452927e-01
-3.162169223796972711e-02
2.564669776655283950e-01
-4.407736181256842745e-01
8.731044668160200528e-01
7.453761481571558045e-01
3.750907331526851518e-01
1.262825624510004185e-02
-7.428448732902521723e-01
6.208088214842477637e-01
1.289899360858035138e+00
3.460947120216611994e-02
4.930287586659867216e-01
-4.486111900826341148e-01
-5.984872313052566062e-01
-5.356418239575073681e-01
-1.349279065279730405e-01
5.694783289894056466e-01
3.259989215210343239e-01
9.646337102956600851e-02
-4.105800840113693062e-01
-3.224493188205169170e-01
-1.540767406303211962e+00
9.750513170187662393e-01
6.490336435094515855e-01
5.834269550328294862e-01
-6.133599682993554625e-01
7.642227028644906772e-01
-3.323484352638882977e-01
-6.207409952282449961e-01
2.145722299736341210e-01
5.318311429562357917e-01
1.738738473281277730e-01
3.452566725304174189e-01
-7.815642522407197923e-01
-1.106944876442844228e+00
-8.135833714291823560e-01
5.414009331411759884e-01
-1.029404089160299018e-01
4.111143821851523383e-01
7.140200440791664160e-01
-2.127842821845238874e-01
-8.358432706819021174e-01
-7.313537131416089077e-01
-1.190946815936267389e-01
1.099465747315132302e-01
3.505290653270226597e-01
7.968848079529390338e-01
-6.849311412484460071e-01
-1.581182032775556578e+00
-8.786161169830677409e-01
2.413611533001334686e-01
