-1.813315029686626556e-01
-4.573551870225747162e-01
-6.447174355744611507e-01
-5.613131914936173583e-01
-2.764709424300757501e-01
-2.175724988727812947e-01
-6.477511947017144944e-01
6.846462438492981750e-01
-1.594241674090549843e+00
1.159488494446925699e+00
2.189108795783376027e-02
-2.583065727224833075e-01
1.415482076327469363e+00
1.293372121853342493e+00
1.409498959187524214e+00
-8.351094587209884068e-02
-2.576424510223352393e-01
6.034292590413871116e-01
-1.233475192561261924e+00
-1.741822769203197785e+00
3.537898040508951070e-01
-1.395031666714442897e+00
-2.070030304470401039e-01
-2.194223862900908095e-01
7.428261230402261051e-01
4.860591698478912148e-01
-1.699597517734178775e-01
-5.011756432124467309e-02
2.678911753534417572e-01
-3.368890593107136122e-01
-3.265324210802480476e-01
-2.679062357430875285e-01
2.315632811139844982e-02
-2.440085679231273896e-01
4.466012538560411027e-01
-1.501238873758220516e+00
3.085627294600448156e-01
6.367214337770026322e-01
4.207545457570903147e-01
6.949285946936907543e-02
-3.030100822756965351e-01
6.576900556360953942e-02
-4.752208971997063935e-01
-8.140534406027672976e-01
-3.212048575859013932e-01
1.497482663018276927e+00
-7.692573629768507948e-02
-2.083770609129595719e-01
-3.134657162458697743e-01
-1.275724070987163117e+00
3.598412784289368727e-01
-9.696918609519536991e-01
-4.580804454795368574e-01
6.674046816249969982e-01
-8.473137794497120900e-01
1.916142862604978125e-01
-1.606997959086659211e+00
-7.956564606670530893e-01
-1.412070076884233139e+00
-1.981599885820370388e-01
4.291446879235260026e-01
7.577372862792549624e-01
-5.870452724108301545e-01
1.394272450129692587e+00
-4.347593293890913424e-01
7.333932224441064296e-01
-2.244775837138053565e-02
1.180097378001695008e+00
-2.709945549714642410e-01
1.222323173074000069e+00
4.522799730493539672e-01
9.019622637292296075e-01
6.791010819201184212e-01
-5.824540855049584742e-01
1.945719572530905106e-01
1.535263717408586803e+00
4.220845244050561718e-01
4.068845138373576864e-01
1.562065158632709727e-01
-3.099624271081155014e-01
2.047872043779874751e-01
-4.754862620399204487e-01
8.840623165139349648e-01
-1.632621594211952909e-01
-2.717490829331282165e-01
-1.323474403360780927e-01
3.830608330180852450e-01
-8.720900170936722873e-01
9.359802646159758321e-01
9.344173955626213779e-01
4.999344189085744850e-01
1.994196288643618198e+00
-9.200863880755285606e-01
-1.566805111835981035e-02
1.452853803425962764e-01
2.393005972890949185e-01
-1.920501519358724096e-01
-6.314197369026164353e-03
-8.398541447278538019e-01
2.255679354365513201e-01
9.547661297020224591e-01
-1.370611044277127544e+00
1.104774487799317750e+00
-3.821384323868322053e-01
7.631992461308558795e-01
-1.085653634827267733e-01
8.179564135014751880e-01
1.160816531356509529e+00
5.784024251379571435e-01
3.413732605488647986e-02
3.523685004502307150e-01
-3.695156020367322269e-01
1.261482027396711447e-01
1.877410153027992967e-01
-6.246701231143945987e-02
-4.221602437115092310e-01
-6.585699121114659826e-01
1.701837927636989933e-01
-7.253975191250860988e-01
-7.690405021297472277e-02
7.948719303740907627e-01
-2.558247569024097445e-01
8.010874447563588741e-02
-6.215704006360615874e-02
-3.260246653423448659e-04
2.122329414926826252e-01
-2.449200423095445611e-01
1.615762100343891283e-01
-2.934910185824906592e-01
3.235062004379543610e-01
8.783471352569323098e-01
1.256940142698908192e+00
-2.885969934317419439e-01
-7.550732077897919226e-01
3.413516120696750145e-01
4.610129302540154628e-01
9.548173354957234515e-01
-1.010219005478791621e+00
1.435190312789160982e+00
-9.876935830681979889e-01
-1.130369153322848152e+00
5.911234264835270036e-01
8.072406796035882515e-01
-3.822544870832533803e-01
-5.194617304907844790e-01
4.740409532321427921e-01
5.604028468113140260e-01
-8.606257766298485157e-01
1.796461159392055973e-01
1.214625568272910350e+00
-6.079017285584620289e-01
-5.865632273505189120e-01
-7.358270316235363540e-01
1.203493804133827894e+00
-2.325107931534511896e-01
5.131259998779713616e-01
2.547916645706632677e-01
7.631561392172305780e-01
-2.820334129801874701e-01
-1.153231113449423084e+00
3.452651018677960204e-01
-6.687407167877179592e-01
-1.827993121357691653e-01
3.518078001203923666e-01
4.956364533994208621e-01
1.917117525983151882e-01
9.423499997196189693e-01
3.496460115501033306e-01
9.080487715936910176e-01
3.233751328639583589e-01
9.281355239794504275e-01
-6.166620972295340231e-01
1.568904414595847063e+00
-8.983347934943697322e-01
1.012791104975166556e+00
9.372597656397196886e-02
2.555522428712713179e-01
7.167584864487929197e-01
4.549558753997637872e-01
-3.742485588065192492e-01
-2.763606748411732150e-01
3.195463052413726190e-01
1.618481475467430930e-01
9.937634819621943283e-01
6.565207117313551777e-01
1.157216411953153890e-01
-1.818569858478074341e-01
6.826160260285436543e-01
-1.722331293174035605e-01
-7.568204281659698385e-01
-3.933884993962062371e-01
3.122458101588813234e-02
-9.830733472287919161e-01
1.314140383288706360e-01
-7.370877971671349060e-01
-1.116299551644870380e+00
-6.417477445595146657e-01
-2.813317157540897728e-01
3.057151360153285702e-01
-1.040498681440100437e-01
1.329932418158880081e-01
-1.168204961444423207e+00
1.984662987420634295e+00
2.274493563401759899e-01
1.033225382377709889e-01
-3.788742908718359947e-01
-4.685873520946267634e-01
-3.408222162817528544e-01
4.095089033213247243e-01
7.111106508262377002e-01
-6.230533213227945621e-02
-7.306664027292826269e-01
4.889140676206745195e-01
-4.319508241193142917e-01
9.007621999234348698e-01
1.051773006040452874e-01
-1.251800663153527227e-01
1.244232621455572674e-01
-6.065623762111170825e-01
-9.093461386578569616e-01
-1.244307728597478846e+00
-6.824497620164631240e-01
-8.715279069986754390e-01
-1.924891939003436914e-01
9.371885617562267790e-01
4.741409600737913621e-01
8.907860492644953387e-01
-8.045267935865771936e-01
-6.902524884777895275e-01
-1.056780692617781181e+00
1.030152707908690152e-01
6.245766248514366126e-01
-1.879666218079373285e-01
-9.708438710744254907e-02
7.690613736658152844e-01
-2.336604067371607085e-01
-5.643449388904320241e-03
-4.677892807744196135e-01
-9.434357085161174106e-02
1.250754032926761905e+00
-4.277982831058253499e-01
9.400853167536985522e-01
1.132279824495883602e+00
6.232333090895261218e-01
-1.367552869121464232e+00
3.043397428764297863e-01
-4.714279776170102743e-01
-2.194230145304136848e-01
1.252855643526801899e+00
1.476304933061316271e+00
-7.867179533597090657e-01
-3.696880916866315814e-01
-1.424302693123522756e+00
1.259696905388387522e+00
3.568638965499061899e-01
-2.902690709888775533e-01
3.583225643587710230e-01
-5.596777118854801003e-02
2.889540443761318689e-01
-7.868866137683494522e-02
3.075537550343200865e-01
-1.279105781713523404e+00
5.661887175300398534e-01
8.409790825346584731e-01
-6.774781826625104753e-01
