-6.535052798317561029e-01
1.034133249222513484e+00
1.113443515671292738e+00
-6.722450645614070908e-01
-4.368714271092516421e-01
-3.778914290157136535e-01
1.187496836137751505e-01
-9.564521148900271275e-01
-2.488900736865450602e-01
-4.457232252355336488e-01
-7.420975511821992221e-02
-3.858190625703441512e-01
1.210858690081586087e+00
1.573223673311427429e-01
-3.474545712241259438e-02
-1.826571429605026997e-01
-7.048381731747894730e-01
-7.814162900136305545e-01
1.331309926105540553e+00
-1.163862729766090842e+00
8.610250576928316635e-01
-4.118842105183609381e-01
1.403935588433542714e+00
5.410218548572452713e-02
-1.932321889895702582e-01
1.680601521735755943e+00
-4.137307116893447212e-01
3.337353943929668998e-02
3.840894609565426165e-01
-1.353825163467946346e+00
5.705682154136346718e-01
-5.920644002476453949e-01
2.220967029292754691e-01
-1.329235046967566780e-02
-1.065372371264990958e+00
-1.698362107108668251e-01
1.589613426329351820e-01
-7.145106661644217150e-01
-1.698534735003751406e+00
1.561351303440826177e+00
1.459868466797361597e+00
5.405002440559084631e-01
7.071597159969251756e-01
3.107788483899762699e-01
6.255396586842776330e-01
-1.402790540199462921e+00
-9.266310298580220373e-01
4.666470854681344926e-01
-1.880519024540282247e-01
-4.245395847395909694e-01
-7.862152565277549243e-01
6.450570663655954551e-01
-1.409707769997206039e+00
-5.043212251833908422e-01
1.306232173715275557e+00
-6.985219600765698589e-01
1.295872226088459644e+00
-8.557704568862195549e-01
6.147012604875158326e-01
-3.816719846839838892e-01
-2.324809988462022414e-01
1.446074999922548843e+00
6.842082253589927276e-01
2.657566737691554604e-01
2.830561334137697282e-01
-8.521524089489011800e-02
5.876684524745083849e-01
5.862415648556515979e-01
-7.691723519109658902e-01
-5.774361937185482629e-01
-1.257959956947299007e+00
1.248461225300178334e+00
-8.085082286822953268e-02
-4.513632894826696829e-01
5.265199040856047841e-01
-1.152833503077299149e+00
2.966430957734095264e-01
-1.510797288409600148e+00
-2.633013175648721838e-01
-1.266272188673592536e-01
-1.145905246493625351e-01
1.285057296467951637e+00
4.356537498291546129e-01
5.336618526574788968e-01
6.381386380421538718e-01
5.619438413218627026e-01
7.503368231838820623e-01
-1.011459470475783551e+00
-1.036420078155255275e+00
1.245208500829204201e+00
-4.698732621013127497e-01
5.790460642855811413e-01
-5.678175355374024402e-01
-1.047353413116519416e+00
-6.575863946827288364e-01
-1.590915534584839142e-01
3.364898621351121166e-01
7.993434196642890122e-01
2.775254800556725687e-01
-5.647839587012873919e-01
8.200670141733856777e-01
-8.509047241036422626e-01
-6.445768583425737219e-01
1.030410948662086046e+00
1.386133024490019627e+00
-2.438166753822493260e-01
-9.496545181538375013e-01
-1.581094852568711850e+00
-6.717370207507907809e-01
-4.708469020867540045e-01
-1.375729684192823210e-01
-3.390812587450157123e-01
-3.230230711368896612e-01
1.571592884068222284e+00
8.206998528482468691e-01
-9.427331030012647828e-01
1.153692143831722472e+00
-5.043903894273502608e-01
-6.586968259419567762e-01
6.110020248310817914e-01
-5.577355520348528106e-01
8.821310011829980313e-01
-1.672323226217651004e-01
-8.754432421915964158e-01
-1.073635582934938437e+00
4.418145290153221438e-01
4.973840760291236007e-01
9.585136241343601426e-01
-3.408476252339466273e-01
-3.914285540355920689e-01
1.563042365348844331e+00
-4.101525138206952303e-01
1.068830471608544830e+00
-9.994262399500872807e-01
-3.976483172474909455e-01
-7.862282134330168537e-01
8.597101571712246759e-01
-1.844256194344962907e+00
1.275640575244381347e+00
1.119981414094782801e+00
-1.009078447882283958e-01
9.273369606019583600e-01
-1.129496836134411819e-01
1.097505648984878235e+00
1.967926912998861078e-01
-7.445509237890277632e-01
-5.640458853357775693e-02
1.598896646278630262e-01
7.715366430942151299e-02
-1.228906558666091886e+00
5.680931663975476997e-01
-1.402321764158584116e+00
-2.139031585384711387e-01
-5.628880062776568938e-01
4.069942104083082990e-01
9.024529605894887618e-01
8.222903751404041506e-01
-8.223529776762823484e-01
1.009373332579112104e-01
5.238282733766688182e-01
-6.664049770035987974e-01
-1.629524368661829370e-01
-7.672284301560228226e-02
-1.291350422459506264e+00
4.725003453325365976e-01
1.356385306530043966e+00
1.467536211574115512e+00
-2.709018470579480642e-01
6.542275232756387116e-01
4.637385681519053393e-01
5.957414769282485256e-01
2.441588899450320982e-01
2.826463841040630642e-01
2.138707980979216994e-01
6.091241723016241894e-01
-7.806989112268746256e-01
-8.793630148059471130e-02
-8.106027199060089616e-02
4.492105259455925759e-01
1.340444583272293322e+00
-6.021390890501257531e-02
1.029800632665871296e+00
-2.512169967787898917e-01
5.944124115153968102e-01
-3.471695408885161482e-01
1.335618298101802770e-01
-5.028550004104568316e-01
1.570024550741742075e-01
-6.338541274862841135e-01
1.356530643986140761e-01
3.326458001593364244e-01
-4.120708350255624097e-01
-1.752835058335736051e-01
-1.214749794310890696e+00
-3.948305274525116815e-01
3.526287103147790480e-02
6.605004512575340936e-03
2.426994994505608794e-01
-3.038320632214326356e-01
-5.353146083622781215e-02
-3.837280574543328049e-01
-3.674241479852485837e-01
9.610046670218626019e-01
1.606022901788580481e-01
-1.706090902384552466e-01
1.185172763074771041e+00
-3.185993396424615098e-01
-2.006497998411765071e-01
1.830371670268381434e-01
-1.815374808595639378e+00
-8.537708437934121708e-01
-5.452320434316422215e-01
-1.503222162784790594e+00
-8.199268607868748227e-01
1.367091184072317944e-01
5.125783901527539710e-01
8.388102177101098844e-01
8.881312559498903969e-01
1.335630101995184393e+00
1.519163727695434618e+00
-5.774399440239910142e-01
4.332797700831150789e-01
7.282444333417559257e-01
4.440151892056903304e-01
1.494114721609061391e-01
-2.010762463633514185e-01
-3.531717289462560361e-01
3.796246041114257341e-01
2.948413861735679209e-01
-5.512393500976724425e-01
7.163329196568396506e-01
-4.843986666963162047e-01
-1.155519475368321336e+00
3.921595051825722128e-02
-9.577513069668934509e-02
1.205768164303741896e+00
-6.950339951165238617e-01
-4.009262623178442286e-01
-5.858108689441704486e-02
-9.168504847406568903e-01
-1.084359586371150264e-01
5.954674370727508492e-01
5.412115152339103119e-02
-1.552781494840564935e+00
-1.283169387098889391e+00
-9.813057303695984501e-01
-6.509760978213156024e-01
6.147859780886897330e-01
-9.961470813297844396e-02
-1.008925579542315987e+00
3.729937867205504465e-02
-3.571382895870392482e-01
9.522052817867170393e-01
3.182881517139493632e-01
-3.198567116937665045e-01
3.474492713191807969e-01
1.025153810408034050e-01
6.848074269992480145e-01
-8.582755428261651387e-01
-8.842060513654871334e-01
-4.208339477746230184e-01
5.126065412494780205e-01
-1.179645189588062859e+00
3.373624019018450770e-02
-1.327218658935346018e-01
