-1.513471824455743520e-01
1.123320554570630680e-01
-1.755115012789737194e-01
-1.264430670436759607e+00
-8.745700893805151699e-01
-1.732434887786160616e-01
1.826855544601650172e-01
3.759224135510745857e-01
-8.516095337568074797e-02
9.392610801579505120e-01
-3.899014736827783878e-01
-3.051592168579530528e-01
1.010668610114666688e+00
3.646494562738605838e-01
3.238151488796026101e-03
8.153637661064502273e-01
-1.156867415437417890e+00
7.073190502640993582e-01
-3.886712575136949122e-01
-5.535587585227065288e-01
-2.085390685739962890e-01
-9.299535945735935005e-01
-6.039174308490005139e-01
1.645861017394556480e-01
1.105890136669259283e+00
3.899368600511483873e-02
-7.863846063690849153e-01
5.675826545035043136e-01
-2.586125294952894560e-01
-1.341008748611641321e+00
-7.218624728728980644e-01
-2.475678821971184496e-01
3.416712306469216198e-01
-1.410595631313297904e+00
5.479592499459118304e-04
-1.423830305756819126e+00
-9.019274819329545778e-01
3.388894816968843759e-01
-8.348568804182342484e-01
1.660960321786102978e-01
3.045660396777124523e-01
-1.095430015513970678e-02
-3.730157121691123068e-02
-6.530963165589768193e-01
1.234635340634595846e-01
8.828579482635356968e-01
3.892930057123135112e-01
2.520000785745032390e-01
8.577153235496238759e-01
-7.187507463297280186e-01
4.946392504324158002e-01
-7.526229699544992879e-01
-3.471470722087491301e-01
8.745312107548124381e-01
-6.311583446428057353e-01
4.413054991756907852e-01
-9.665037824207447503e-01
-4.798747883386632607e-01
-4.755649633812553678e-01
-1.978326995078107942e-01
8.483065841239882943e-01
5.671560781171192112e-01
-1.360429014009330029e+00
1.769224786296351493e+00
-4.972186658124291836e-01
1.113247457144485253e+00
-7.423053172816374001e-01
1.655530411945689062e+00
-3.494959655796792131e-01
9.287863257239181713e-01
-1.743408512278384337e-01
-3.973208240321572937e-01
2.945419257816522807e-01
-4.161269010964112058e-01
-6.378469652546738811e-01
1.356519888383531658e-01
-2.479913746852972500e-01
-2.461428142192966240e-01
6.870139116380911126e-01
-4.172866354663706812e-01
-2.978867553445416205e-02
-1.899569493609612469e-01
3.983746238366225878e-01
-2.798172333411377832e-01
-8.701410828619722260e-01
5.543177932688247989e-02
8.922394157140500770e-01
-1.849626702498795294e-01
1.287925485440821749e-03
3.787687765060799294e-01
5.862316297603001880e-01
1.484028538786267060e+00
-8.511628864537170713e-01
2.738640278832967234e-01
2.561035446336120125e-01
7.195765011900239205e-01
-5.212103415510873639e-01
1.709374291563164339e-01
-7.001921473492147552e-01
1.226658553756401204e+00
1.017129670187029600e+00
-1.102737959881516572e+00
1.103196134941390127e+00
-1.064897036718039480e+00
7.231843859359088356e-01
3.295056433809915308e-01
9.188774106451658152e-01
1.144111920155524764e+00
3.987330698667008178e-01
-1.647905303321819948e-01
-2.013396105594667529e-01
-1.155805865317010461e+00
2.724737153162121173e-01
-3.538369221042965140e-01
-4.867494599293291646e-01
2.306008842997678276e-01
-6.550225571977037475e-01
1.056104334283137547e+00
-6.899223214103777924e-01
7.514254202365203694e-01
8.933922272388732377e-01
1.692620001545652730e-02
-1.973176563553227791e-02
-4.487193691321659794e-01
-1.597664780396668427e-01
-1.351878739555882336e-01
-3.728852277467375465e-01
-2.501352308245625988e-02
2.016668681022009690e-01
1.107533723319863661e+00
1.031089580039311615e+00
3.654005740630433818e-01
-1.981982781336490418e-01
-2.110649021734165298e-01
3.943385517692417075e-01
4.301491483007143790e-01
1.358851981706274692e-01
-1.853156250211336342e+00
5.250831792067116588e-01
-2.661181291813858873e-01
-6.224880583709473392e-01
-2.978145496495107070e-01
-1.044087014839996663e-01
-5.994021016247402800e-01
-5.837963044916634203e-01
1.056726375593757039e+00
1.238418536069483711e+00
-6.424574566013152577e-01
1.279674739162745656e+00
1.060487104612114762e-01
-7.447414752354281076e-02
-5.739523576234333291e-01
-9.281235060081080013e-01
1.050983077964708468e+00
-1.967340345315551908e-01
-6.273489865469661364e-03
6.064529572227886911e-01
-1.306454717756338479e-01
-2.977118946842947089e-01
-2.992834769852389942e-01
-4.212312905055083379e-01
-1.106458784202302148e+00
6.783304103697291865e-01
5.035369041679673696e-01
3.047729658963931887e-01
-3.860261783803690117e-01
7.947625107030076297e-01
-4.220675656596765690e-01
4.892369389133804924e-01
1.945379289177855686e-01
3.199619153869239230e-01
-8.203486416821432758e-01
1.333337403627364581e-01
-4.338508827703387305e-01
1.578494650121639031e+00
-1.364762453454459734e-01
7.022815732268289368e-01
5.970763725272820732e-01
2.753721956283473604e-01
2.248617286167776674e-01
-1.679901419413625807e-01
5.084154819123175573e-01
5.367094585644078819e-01
1.135630439274235792e+00
3.587877718300374608e-01
-1.852446405124799911e-01
7.585783418256837329e-01
4.113767198052913354e-01
-1.195318860648307391e+00
-4.490136658216441479e-01
-5.156693644383809616e-01
1.458592665696888668e-01
-9.851198451923701693e-01
-1.493334622930830302e-01
2.258989073475012876e-01
-4.795697058411143576e-01
-7.272562465045473434e-01
1.074524674887686326e-01
-3.355906768895445813e-01
-5.383776833367205639e-02
-4.845189742412724931e-01
-1.143036414124093403e+00
1.417023553648867340e+00
8.439883556758749628e-02
3.360424931921502933e-01
-1.037882066683298299e-01
-5.775276765831149905e-01
-3.488366022194619998e-01
-2.159826504993740126e-01
6.455743663608424221e-01
-2.806112265320244159e-01
-1.142169620761988913e+00
7.082604774803012981e-01
2.318078153806502895e-01
6.831588396326283563e-01
-5.694711193991200959e-01
-7.422314288347844347e-01
3.515143566078077764e-01
-2.770862020819062077e-01
-4.710887824383012124e-01
-6.197943909937253526e-01
-1.251641949149996380e+00
-1.128444103595374615e-01
6.116474043199369159e-01
6.606206396507812162e-01
-7.432398980778610609e-01
-1.055154548914262885e-01
-5.166767981090923945e-01
-5.757428566110736612e-03
-6.566341495986971477e-01
4.192808047828453510e-01
-2.638175076054102286e-01
4.401235224940011626e-02
-4.883374641622117984e-01
6.941408736153775738e-02
3.293433188011752333e-01
1.694836646193070839e-01
1.747028489979403076e-01
-5.259588226847008996e-02
7.009263724581666910e-01
2.654258515358738357e-01
2.461214465373122717e-01
1.060873481106710425e+00
1.865223339135770875e-01
-1.251691414963606253e+00
6.000502560291089971e-01
-1.494647466121719059e-01
-5.795595917305419453e-01
6.748780580973284815e-01
6.036227715802680027e-01
-4.337905092087299130e-01
-3.888638367762017878e-01
-1.211746881783205776e+00
1.004607154020089377e+00
1.161147506855725986e+00
-1.658107913372782183e-01
-5.799921262414118317e-01
2.549897379024726463e-01
-5.547795519451979018e-01
-7.540550157665737441e-01
4.626330067492530618e-01
3.181966578846150417e-01
8.038793261739713980e-01
2.228278180465064207e-01
-4.313402440926522585e-01
