-7.694899041680525187e-03
1.915234307533290492e+00
5.526512372067788892e-01
3.454994526919060727e-01
-4.109152959122382986e-01
-1.169279377529247821e+00
4.144308650718788178e-01
-1.317083982087123850e+00
-8.180987688602819885e-01
-4.972803134150222126e-02
2.593030922864987264e-01
4.079876703003435523e-01
8.829020053203738838e-01
1.658364484240926751e-01
8.107861502722792935e-01
3.227786708216681677e-02
-3.396670047034184847e-01
-6.008128610533381986e-01
1.366853954847742969e+00
-1.643307058482206928e+00
1.778466035395406541e-01
-4.050497442572981166e-01
1.694029773444456488e+00
-6.904762955197639718e-01
-6.672326045680219142e-01
1.640005465432278209e+00
-9.698055067272898233e-01
-4.118140972887517348e-01
1.118600901630596445e-01
-8.291461085219509197e-01
9.230611253347043021e-01
-4.223188647291958864e-03
-5.816522234123171486e-01
-5.057375630860915239e-01
-1.589912159938542624e+00
5.433431250103989418e-01
5.729454629074207661e-01
-1.487826786717858507e+00
2.157743212022447676e-02
1.304051072091358066e+00
1.292627891796244599e+00
8.090803323725744844e-01
4.540948247187144293e-01
3.434655428352223483e-02
8.259167776929607352e-02
-1.811363400884130170e+00
-1.498560451366457713e-01
1.044168679001637789e+00
1.955634932246150259e-01
-5.482438743496613753e-01
-1.066855753776483118e+00
3.466653134605039988e-01
-1.471680929492486856e+00
2.377912593714040512e-01
1.542574594203855343e+00
-3.859712213577858320e-01
1.236900043403118321e+00
-1.865695921773966370e+00
-1.835171653392362878e-01
2.847648877008207569e-01
-5.176865608126692830e-01
1.069507506108109851e+00
-2.940347686560942364e-01
4.780557573517161263e-01
-3.087939211088602809e-02
8.446673437387919314e-02
2.180707042686978736e-01
1.181796586472546373e+00
-2.252449976238975193e-01
-3.421404442399672563e-01
-1.833850948312596429e+00
7.147956528547337873e-01
2.750865649068234275e-01
5.886542698779333449e-01
6.325735109086886299e-01
-7.526623279090611796e-01
7.623527571407245906e-01
-9.682108808480340834e-01
2.271491594809169623e-01
1.261886769641370476e-01
-8.217269284800221563e-01
9.073815925396527815e-01
4.430607606134188137e-01
3.701587691893808985e-01
8.251542004403927821e-01
3.296576139151081719e-01
1.142004038819279810e+00
-5.866218472817242846e-01
1.397204603292652447e-02
1.246258314121718724e+00
-9.306684811047425399e-01
2.350139228521123391e-01
-6.763887988695078679e-01
-7.664037533124594681e-01
-3.715913438386721501e-01
-3.515020216449770141e-01
6.070669492734155348e-01
1.304405929564682376e+00
-3.926672549874332674e-01
-8.841825843837798349e-01
7.173221370058373569e-01
-5.149730185611474109e-01
-1.031863037416753448e+00
1.231681599938270200e+00
4.887244736043137583e-01
6.778659841769857364e-02
-1.729843361576197225e+00
-1.873121531092035941e+00
-6.431100962269504784e-01
-7.210114696562515135e-01
2.796727922529885779e-01
3.374852188999313829e-01
2.749724180076152380e-01
7.604786777415384336e-01
8.688100748118135486e-02
-1.063382177119888361e+00
2.557118581760954301e-01
-5.023529698890673023e-01
-7.772155380654298673e-01
-8.945568000155262878e-02
-6.747412520016007331e-01
5.403295700765050613e-01
-2.850647687490412974e-01
-1.140943650360267014e+00
-1.379520592564221104e+00
-2.676644052428585052e-01
1.211157134313697536e+00
1.051342218665977768e+00
-1.107654079455838936e+00
2.937083148471081318e-02
1.688389974835147189e+00
-1.121342247504033773e+00
1.047273811814394051e+00
-2.793403602637435368e-01
1.344528926915097844e-02
-1.123389314753580726e+00
1.622264723697237176e+00
-1.737530387332091086e+00
1.254053966003756848e+00
1.748613917094264947e+00
-8.981428675978786469e-01
6.841214541450736375e-01
-1.790642070442988731e-01
8.597342714224435190e-01
2.217275652221163962e-01
-2.535042747433911559e-01
-1.391972814661749380e+00
-5.205207585229179035e-01
-2.987647425469432405e-01
-1.159111720454060412e+00
1.290676443595155876e+00
-1.316551205194283591e+00
-3.578639983642070144e-01
-6.093747572242596000e-01
5.276848917979430897e-01
6.418626413117726193e-01
4.092441595140045019e-01
-6.456200562140510524e-01
-5.868162505958671726e-01
3.858716835562845393e-01
2.588381270014071811e-01
8.906911134140538255e-02
1.838857127313292539e-01
-1.154135317492847257e+00
-2.088084126015354869e-01
1.477626881981702001e+00
7.396983439050573983e-01
-9.495945237422854790e-01
5.698427526220506412e-01
7.436720670115550824e-01
9.072874558298928971e-01
7.352717218220258255e-01
6.646616286325620626e-01
-2.610361370970135098e-01
4.118491552645747733e-01
-4.211833950902272306e-01
-1.391757604103325052e+00
-6.678460496203844632e-02
8.532502006985134280e-01
1.240718531247597678e+00
-1.167002153736242248e-01
9.817346072084061070e-01
-8.488646218581745451e-02
6.045731459142359432e-01
-1.864428946085924799e-02
-1.262138859515832268e-02
-3.303765891571406876e-01
9.179407875550231743e-01
-3.373022509113131617e-01
-2.792118722018845367e-01
2.396617649763619351e-01
-5.242720244723425571e-01
6.501876212890390638e-01
-1.439459838614102427e+00
-3.915729592499018752e-01
9.080923813267802736e-01
-2.317643622996496400e-01
7.689889414551711599e-01
-8.414172376904462958e-01
-1.056024569283321446e+00
-5.107913859424515479e-01
3.301837545493077064e-01
1.103022286915334771e+00
2.043970054242661427e-01
-3.205499601942711774e-01
3.868835675276550978e-02
-8.015010248496928780e-02
-7.407700334293556566e-01
2.914496223824742938e-01
-1.482089832080211833e+00
-1.196168899940390329e+00
-6.649755895922522253e-01
-1.619482492789163119e+00
-9.228535158537073402e-01
-3.478541678634928386e-02
8.085935240911754640e-01
5.487334627358857464e-01
1.199498751253341045e+00
1.649402309287344881e+00
1.383971410298160842e+00
8.606538105176403386e-02
6.834910916349328236e-01
9.008235910654558420e-01
1.052181876526816717e+00
1.864082830016102199e-01
-9.192432042025653338e-01
-1.003151225105475275e-01
1.005645832808853557e+00
-8.745442091621402625e-02
-6.757582965597920266e-01
7.625788255524128534e-01
-1.071982633379485739e+00
-8.052902913663214646e-01
1.175229201775326082e+00
1.018567150843632946e-01
2.911816005479207492e-01
-9.913412295931278706e-01
-6.908163510387916872e-01
-1.736234091625056264e-01
-2.008841654746751637e-01
5.906563399444606510e-01
1.777394227115131620e-01
4.516307954823045034e-01
-1.899558496415785225e+00
-1.644637380844648167e+00
-1.058140523483972029e+00
-1.169639412922328203e+00
8.653069077167843126e-01
-7.134583741426905323e-01
-5.932588141754844280e-01
-1.389743627167935036e-01
-2.827396827935386159e-01
9.645861840396823261e-01
3.385403749030845288e-01
-7.011199873392708337e-01
6.267565907959813387e-01
-1.244365166714018478e-01
4.359636490267579934e-01
-9.019418462057119390e-01
1.516658535474732505e-02
-4.675685129473236001e-01
6.011904661337926781e-01
-3.903013829662446699e-01
3.397306245066843422e-01
-1.047991094406284102e-01
