-3.104451950096406843e-01
-1.045051541058463984e+00
5.403933680457950750e-02
2.597406911457444956e-01
2.535644405323813633e-01
-2.316467454127843495e-01
3.686337686937829483e-01
-5.899371006354235947e-01
7.237693071988499094e-01
3.647692939173499682e-01
9.372955674811240812e-01
-2.652373333547616285e-01
-1.232977358932763279e+00
-4.592357796585121998e-01
-7.671110510305981789e-01
-1.725431244425669475e-01
-2.176314414173380896e-01
1.020590901782742810e+00
2.056756259762690386e-01
-6.536710581553837329e-01
-2.646693182583249593e-01
-6.515450457995045630e-01
5.545683765336437698e-01
-7.093103685265073066e-01
8.433929972459702773e-02
-3.783882732083254097e-01
-3.628669307394410959e-01
-1.702034581619131126e+00
-6.684904556042253754e-01
2.777008869978246919e-01
-9.093943298140793052e-01
1.872654203239851045e-01
-4.155823272021448300e-01
7.562783829107148081e-01
9.093295069018189070e-01
2.283095540878384844e-01
2.434850788579306924e-02
-9.320280585730875145e-02
-1.966779159184753323e-02
3.616191965783435158e-01
7.788424039698405021e-02
7.973688405199543805e-01
-1.193521103351924850e+00
-5.257625902727474099e-01
4.349868210221764508e-01
2.748854359169726758e-01
4.809435937084979296e-01
9.922630011003594763e-01
8.615343152889638478e-01
6.201975693917508581e-01
8.949110342003107066e-01
2.033316989660367557e-01
9.515837661920550916e-01
1.088811331594713883e+00
1.337426515050730291e-01
-9.012887694894340385e-01
-7.937794004381211188e-01
-6.790220681294478755e-01
8.170413122541442252e-01
-2.859831769262056178e-01
-1.278778880922661898e-01
1.701602161900118704e-01
-7.589630552160930854e-01
4.294748458048332496e-01
-3.368324267625231738e-01
2.692132538373219752e-01
3.668589884091299491e-01
4.690734732866704837e-01
1.093523316623343566e+00
-9.292939136601211514e-01
-3.454220498468750788e-01
1.364012983004423196e+00
6.034656374611420127e-01
-8.482425548994834696e-02
1.397342318910668624e+00
5.479399865686558346e-01
-9.483919119590830116e-01
9.964680904072913403e-01
6.616407033757153444e-01
1.373086757225469912e+00
1.259128187486031392e+00
1.536423629993306950e+00
5.688896767341710126e-01
1.733260857834900692e-02
-4.147804084377655354e-01
7.422214379404606932e-01
1.094963373804238860e-01
-1.327673152749616170e+00
1.445415920481460281e+00
-6.536797364566233615e-01
5.129764334283192229e-01
5.910832131734169437e-01
4.064577590640676696e-01
-6.058845641480009592e-01
2.791776986350607004e-01
-2.971440537238227986e-01
-4.429474209323137623e-01
6.393108465066671409e-01
-1.958127981622475589e-01
7.258039141105548930e-01
5.580773786476822540e-02
-6.727439735761830963e-01
1.253105240534826637e+00
-7.790806049356541196e-02
1.157886835664062142e+00
1.240162707338399395e+00
4.404719717059049078e-01
4.905814884154614530e-01
6.182753553974525973e-01
-7.278933303837208380e-01
-7.292287395426048091e-01
-2.322561898788774171e-01
-1.369048865456094832e+00
1.367257141269955012e+00
-1.941950442889067430e-01
5.231809421978605990e-01
-2.920128094251681072e-01
8.176774493142193734e-01
2.506889568883358677e-01
-9.539661353580639602e-01
-1.179803323407447868e+00
1.124969979294966560e+00
-3.494781470313270688e-01
-1.305080763595988680e+00
-5.904083749279203097e-01
1.081095434934781885e+00
-3.536881563470957168e-01
5.143087592278950959e-01
7.781657035879088191e-01
5.006150292689282022e-01
2.952843092135446490e-01
2.281187651702656916e-02
1.236677158584312264e-01
-8.502443938645674049e-01
4.981354835594359320e-02
1.643186509539515949e-01
6.484485926116072552e-01
-7.165714728929366284e-02
-9.016059920322615495e-01
-9.387937617773967069e-02
-4.947430972208242128e-01
1.080825585399936895e+00
3.309315385381885743e-01
1.291258693830246163e+00
-2.487285311480681438e-01
-7.984874956213550146e-01
-3.501784836056121009e-01
1.025968502669492244e+00
-1.326474409701971502e-01
-1.155234489499690209e+00
-3.076777059583453711e-01
-8.758149967917698842e-01
-1.670660669614166260e-01
5.100065345500947034e-01
-6.680264628628880264e-01
-6.751936781098599738e-01
2.072245507013482646e-01
-4.340218978261468075e-01
6.757763868267370189e-01
4.979072677986056128e-01
-1.013216568577302246e+00
-3.208800916257089630e-01
9.402475867175288382e-01
-9.172351140273005132e-01
6.191212216051286132e-01
-9.330615864049118802e-01
-9.982818948334979403e-01
-1.168994067809952186e+00
-4.441099441129281455e-01
-2.674366005452567530e-01
8.072728721091826376e-02
7.587092967401655175e-01
-7.248451524313617167e-01
4.435287681071869992e-01
-5.924626936772537933e-01
-6.974257608889576909e-01
1.361150805047658119e-01
-1.210125380257886518e-01
3.139288034584133413e-01
-7.364622856546078067e-01
2.487095172808410914e-01
7.854966669001905988e-01
-1.663521788707174487e+00
1.089803868588869795e+00
-7.275265221793189019e-01
-8.007156452350498999e-01
-3.546648179620248698e-02
-9.432703096442754398e-02
7.237089651303433291e-01
-1.306208570119393286e+00
-1.158890674780220564e+00
1.032290438958874956e+00
-3.456195866217725010e-01
-1.550408493802548859e+00
3.646349051032025668e-01
-9.270269931747271430e-01
7.605276161630343257e-01
3.003458565598848828e-02
3.862037253595056452e-01
1.363048904504494674e-01
-1.623259982615872232e-01
-6.098170277965138109e-01
-1.410165333946353794e+00
-4.969151068138538130e-01
-1.267906700590151647e+00
-3.856235090830384404e-01
7.186495226439025830e-01
-1.121550722554416346e-01
-1.426256862728778052e-01
3.385418018069254464e-01
-1.964351380584600515e-01
-8.101400905998112911e-01
-9.596279693505210817e-02
-9.689866079379011454e-02
-3.167831267037377607e-01
4.624850024236157875e-01
-8.708110759167210224e-01
3.219166072689070290e-01
1.269933476791547111e+00
6.594581981324232345e-01
1.488284733480409738e-01
2.077479286259770463e-01
8.663444149146879436e-01
1.233242547710116988e+00
-1.610379798911046323e-01
1.049793191729747610e+00
-3.445428735932352104e-01
-3.863252289681268214e-01
-7.893151848693297223e-01
-6.976759184144096793e-01
3.342146650368041927e-01
5.702881940725508247e-01
5.610153137590787598e-01
-1.109635036685586051e+00
-4.193448718331624359e-01
-9.216055735755082079e-01
6.781954578001168077e-01
4.789375917704017382e-01
5.388491367029958345e-01
-1.687769721352915808e-01
9.678340771578882729e-01
1.294168034663922273e-01
-1.204162567657141913e+00
2.123278073601533866e-01
2.359810046553768026e-01
5.850367513404817199e-01
9.246240702437247272e-01
-8.680848111784782439e-01
-1.567104074385002876e+00
-3.602160653886417596e-01
6.126645192446211752e-01
4.150966979537699109e-01
3.302436976367534305e-01
3.395913790530432630e-01
3.727507405648199379e-01
-1.298225399146911041e+00
-1.208989042308328932e+00
-5.599743144254210048e-04
1.407976830424295389e-01
6.178131535095432447e-01
7.607199411435174863e-01
-8.359567668057955592e-01
-1.448797206018166639e+00
-4.952152491668575518e-01
5.606022347007396656e-01
