1.269437854772968721e-01
7.498866882510815124e-01
1.732448458319318374e-01
-5.649764490228026403e-01
-6.466016293805809667e-01
-1.133206550422348524e+00
3.275441471976424102e-01
-1.646975901966656997e+00
-9.138694944853796853e-01
-8.672533426009960689e-01
6.275268015103121488e-01
-1.992949861325382654e-02
7.162629449668396209e-01
-3.980966039285905866e-01
4.108518885642367668e-01
2.443731524631156948e-01
-1.060002317100581903e+00
-8.388472600591098116e-01
8.997228075891131605e-01
-9.614903907901626301e-01
5.586234048353923010e-01
-6.574449236963513243e-01
1.819109934439457454e+00
5.140731101303515072e-01
-2.957074788257156861e-01
1.410186225303814433e+00
9.166345442075679584e-02
4.356211098608793464e-02
-4.287670748188720515e-01
-1.123352388118923573e+00
4.519149417539432001e-01
-9.346375715711550125e-01
-1.037478540961166429e-01
1.095076523490213227e-01
-5.944364476190993063e-01
2.012894780424611674e-01
1.044838942605987420e+00
-4.731508245997899653e-01
-8.114138785327756898e-01
1.161882955451008392e+00
4.316052040224014896e-01
2.752906992103509864e-01
6.048266772591786022e-01
3.974233796005997577e-01
3.675102560486995795e-01
-6.046853837427336176e-01
-2.115760096654970557e-01
1.551450231364142618e-01
2.261917184338152476e-01
-8.603556795926674550e-01
-6.517055987676321216e-01
-4.419547090720844507e-01
-8.439704208961811283e-01
3.299780303824782768e-02
4.916243606824728385e-01
-4.842092872789690583e-01
1.031115885816261013e+00
-1.146422974018445284e+00
5.912391705769471928e-01
-1.113656643473797947e-01
2.943068270126967256e-01
8.888475396447194088e-01
5.469447220255101438e-01
4.257627048795265545e-01
3.453620141085973483e-01
-4.762841937116530366e-01
6.531801694713906814e-02
1.109325112928483348e+00
-9.439763032736411263e-01
-1.006282012988007679e+00
-7.944384060195275321e-01
9.210998095609790326e-01
4.879708717491382242e-01
-1.651997014980303158e-01
-3.468518829793783009e-01
-1.054601387667259971e+00
4.898307614062041848e-01
-1.034049822491302617e+00
-6.589973339404245900e-01
-2.848542907738186858e-01
-1.129622135743006739e+00
1.287826379369179097e+00
4.440163135958284935e-01
4.501461515988521844e-01
7.074589802017305917e-01
7.377990202850227552e-01
7.682084267079285489e-01
-4.090118403418553372e-01
-2.155505013561170302e-01
4.023919197747440335e-01
-3.495241754435815529e-01
2.777794263658754925e-01
-4.965050318061722257e-01
-1.001989049912659802e+00
-1.711395248776962363e-01
-4.144785207452811870e-01
1.050163892833495538e+00
2.695092254523322461e-01
-3.310494253214518734e-01
1.639431498205969895e-01
1.082495572352260682e+00
-9.127484226573563397e-01
-1.325499147612137385e+00
1.013108974222160619e+00
6.983358970688948730e-01
6.778449694871739595e-02
-1.116566531326141032e+00
-1.049692337885526294e+00
-2.697933731067789220e-01
-5.758383432914900846e-01
1.641056571600390535e-01
6.632620374485183046e-01
-4.232377431569064319e-01
9.726985633786430219e-01
-1.284157728993410297e-01
-8.500356238003528020e-01
4.661025142785815700e-01
6.169669764289120728e-01
-9.173539551446588947e-01
-5.686493159438390510e-01
-1.511137075331980384e+00
3.066595982278964572e-01
-3.727865518570702141e-01
-5.169941425773605381e-01
-6.707983850135899040e-01
-4.500873933765122681e-01
3.572322489586472472e-01
5.804395842902426716e-01
-7.247792469582198249e-01
-4.232884677850856647e-01
1.080914244146494729e+00
-3.802687246277177691e-01
4.533005714400485386e-01
-1.189479604016729253e+00
-1.083759196755367693e+00
-1.007430018161920460e+00
4.411610215244349265e-01
-5.380201045728558729e-01
9.704336381379272680e-01
8.692202940638897868e-01
-1.245291251409219591e+00
9.211051183812294374e-01
-1.910922694703996727e-01
6.507596669961268621e-01
-4.532713036354865110e-01
-6.770811232247763156e-01
-2.853828424119095875e-01
-4.020880433037382073e-01
4.188401103530520198e-01
-7.368409452389852454e-01
5.589734364689606938e-01
-1.534176335327129159e+00
-1.398632558926188318e-02
-3.705167361108934188e-01
-3.143956259749802751e-02
3.836491571458645611e-01
9.519582686977738906e-01
-4.099472012660789755e-01
3.929491531162593865e-01
4.407128028660825536e-02
-3.838615662671061024e-01
-7.499645631697924308e-01
-6.770931652639333720e-02
-1.967872207304391385e-01
7.872854665050611489e-01
6.961959833556141675e-01
8.364754062710244575e-01
-6.456424979170556355e-01
1.244564091149702179e-01
7.208040022592647755e-01
-3.669405333777628897e-01
2.731496938198929025e-01
5.348909091809657124e-01
1.092587276535590263e-01
5.690071954532416321e-01
-2.619123748364894366e-01
-7.377317774638960657e-01
3.097741868962554657e-01
4.872930352320554714e-01
1.059654175188079694e+00
-6.380318602020151886e-03
1.386735566199291392e-01
-1.028517274256294245e+00
-5.199346957041188766e-01
-4.991487886069694291e-01
-2.102906062772044171e-01
2.631221223844524837e-01
5.410192561039623982e-01
-1.194385327958658038e+00
-2.530645433527465848e-01
-4.079007068743283337e-01
-6.488935301439369141e-01
6.227586804902164319e-01
-7.974115175874989525e-01
-1.228063502396463891e+00
-1.056954797659662160e-01
3.997267345676354666e-01
2.722485858678055370e-01
2.838782114031881965e-01
2.818865233103251544e-02
4.170367041838890509e-02
-4.000580837390383393e-01
8.327574633368947099e-01
8.236334393164391754e-01
5.248664216067583377e-01
1.002721807515366770e+00
-2.781429611396338264e-01
-6.894014944842928871e-01
2.137811896717076166e-02
-1.586175790376436856e+00
-3.946826510297961610e-01
-1.408432482039285449e-01
-1.108464024097535860e+00
1.663310318805349963e-01
6.558109281155002912e-02
1.317653444213965352e-01
7.184641545860237510e-01
2.819259149548557497e-01
8.271672541353326524e-01
9.651020069995212003e-01
-7.930682242265069126e-01
6.092938320908990457e-01
9.583600426168534803e-01
5.898872506927328452e-01
-5.704136052549304559e-01
-3.935101797252513189e-01
-1.064549010177159305e-01
3.150140116244602440e-01
-2.700154032495143408e-01
-3.900196664017674397e-01
1.236113775832978323e+00
-1.557688042114923899e-01
-9.905033022159387412e-01
2.827079342618959990e-01
1.860259108748063828e-01
3.575250466271426841e-01
-1.791133057015800167e-01
-2.900509420001800009e-01
7.533381436409530840e-02
-8.647584981019487693e-02
5.192439271414917012e-01
4.250998962656724611e-01
-1.917678484440852593e-01
-7.456806773111046560e-01
-1.337520423372328349e+00
-1.368517600426533587e+00
-3.690452197217741204e-01
9.930497659083532547e-01
-8.019907112397894888e-02
-1.441150339402520020e+00
1.112125573460498007e+00
-1.190924457443005013e-01
6.756204607653398808e-01
-3.221134963249052130e-01
3.503621179203654235e-01
-5.213185241984488183e-01
-1.340254552174229841e-01
1.088361003567627883e+00
-1.495102209776768554e-01
-1.744674079881163853e-01
-6.137354715885646739e-01
7.814803087214319821e-02
-1.031716970400270217e+00
2.023501827982077117e-01
4.810887769664826674e-01
