-8.854549860776986248e-02
-2.669893806837579930e-01
-4.945051319535213041e-01
1.168127375336686535e+00
-4.995190237232340347e-01
-5.438353061988011605e-01
-2.206376822215345701e-01
5.744598232559781081e-01
-1.082930898117279828e+00
-3.578901276505136453e-01
1.049258375779026364e+00
-1.215966820252425418e+00
-3.196721694446728879e-02
5.980701168558537617e-01
-3.815806599554936174e-01
3.478324110764289823e-01
1.979017621692135132e-01
1.886110534147895090e-01
8.691774178513000937e-02
-1.425213737113270263e+00
-8.657693222833319213e-01
3.186650271698415748e-01
9.098948013810967961e-01
5.998816965358058084e-01
5.112262266454116189e-01
-5.339728173627096286e-01
-1.247394958222097561e+00
2.475610872230154802e-01
2.950013391318674350e-01
-1.530280285953798280e+00
-9.268378004102691969e-01
-2.092219057671154403e-01
-1.178273899382509815e-01
-7.059572833876773812e-01
3.479369149703782083e-01
1.142625463092825422e+00
1.474397954089613494e-01
1.176226863343817763e-01
-3.148214641392629298e-01
1.499093183043995525e+00
1.092674573342024003e+00
-8.184478256199767543e-01
1.355140741172251306e-01
-9.652880616445617123e-01
-7.564275018537914841e-01
-1.582648050202174472e-01
4.475016227722699441e-02
3.017985189035897742e-01
-4.049601872025290761e-02
-8.064284708656496159e-01
1.738931967263333211e+00
-1.065111719465158813e-01
-1.035956838189634688e+00
-1.765762714541844192e+00
-8.264858744687211267e-01
6.962554429709231218e-01
-2.093816065017954031e+00
5.885974171361576524e-01
-5.336230633829821546e-01
-2.073964720351262336e-03
-1.501097817910552301e+00
-1.193790784576106212e+00
5.540378047011759177e-01
-6.255567837717231905e-01
4.443016703270273315e-01
-4.859846650535076806e-01
-2.187813562073120943e-03
-6.766878166740024625e-01
-6.146807821533269156e-02
1.068233087660124037e+00
-8.320781928788668624e-01
-4.902138757658323076e-01
1.289467692152298284e+00
-4.549329490241384166e-02
-6.601161445159295926e-01
-6.581293798093834635e-01
-2.982982693593633217e-01
-3.559770488062792837e-01
-4.316644759674519993e-01
3.356508246768553638e-01
-1.346422153532019772e-01
-5.571972210514202217e-01
-7.320957490104326171e-01
-4.614023022762689941e-01
-5.842272006459312550e-01
6.423294690325135337e-01
-1.286160782983662543e+00
-4.724171356048124659e-01
8.763769507402259240e-01
-6.837261449112730372e-03
-3.652366507921899763e-01
2.939868152570765947e-01
-4.257526635812540761e-01
-1.787858315113106389e-01
-1.260280053208405748e-01
-9.062156765164954830e-01
7.993363804483279988e-01
7.456608312296276742e-01
5.960327942689114256e-02
4.931867797896304917e-01
-7.023710240923926040e-01
1.521650759416373344e-01
-1.227674603778582840e+00
1.630392813108247352e-01
2.005356161352161437e-01
1.113621498597535453e+00
-8.639415045133032045e-01
-4.491707342934060376e-01
1.172997799924114126e+00
3.915992049811818920e-01
-3.115575443195779948e-01
-7.251063615650639275e-03
4.247957176192035389e-01
7.746508314523865568e-01
-8.633483695689061488e-01
6.986517442573259018e-02
4.102848159896871905e-01
2.879641346167173266e-01
-5.482315796566915589e-01
9.286659975777452614e-01
-1.118934547081648745e+00
-1.271859201415425522e+00
9.842724180165429715e-01
-1.002782632485182956e+00
2.506815466491552069e-01
3.566789788077209256e-01
-8.608391603914261614e-01
1.745037522668521635e-02
1.908593166381893635e-01
-4.702560559199109869e-01
-9.734206788063227700e-01
6.698689697693353817e-02
-5.631128983475065519e-01
-1.635026929872347434e-01
6.522567719594454250e-01
7.289042438791906720e-02
3.418718797564454515e-01
6.178622577973726937e-01
1.188249305659710320e+00
-1.066155320247825333e+00
3.252377320348377454e-01
4.601748074826210733e-01
1.059649450177490571e-01
-7.836952661821652288e-01
4.439099482676401864e-01
-5.259928391760251287e-01
3.475726940618894534e-01
8.341703365194600428e-01
1.120354262294908976e+00
-3.430192808161799389e-01
-9.273631336325025565e-01
-3.329625532324806403e-01
8.569804025694404137e-01
-7.777063256047563877e-01
6.089229827247539806e-01
-2.987335309320711119e-01
3.960211512144637958e-01
1.167784036952764781e+00
-2.211210006188800148e-01
6.847982673282099197e-01
-4.959437196186939900e-01
-1.161787229704310587e+00
6.017512049334934332e-01
-9.598414450047443314e-02
-7.262807183989859749e-02
1.149803664142204696e+00
-3.302596025210801090e-01
-4.901873574770942987e-01
2.871877303337871945e-01
-5.031076728130954301e-01
-6.171609629415910625e-01
-5.473516130307040095e-01
-8.289650018114855801e-01
2.590691145081086555e-02
1.041039949613636661e+00
1.322027330662850941e+00
1.058202468394078943e+00
-5.065675106447355969e-01
8.571437323912059481e-02
8.414061896679875252e-02
1.980017343448782219e-01
-3.976527770800148964e-01
-6.191005392025827891e-01
-2.923882328125844143e-01
7.368027323046174581e-01
1.314363504670051475e+00
-2.219676107327325787e-01
-8.117285425807693189e-01
9.728564043393203020e-01
2.109192202684914419e-01
1.420513450591831983e+00
4.166829358619441037e-01
1.004797941875044953e-01
-4.668975667998049861e-01
2.013726939011533101e-01
-1.195101863520663610e+00
-1.211485637330983606e-01
-1.711177427519178229e-02
-4.785171501067893296e-02
1.203071398265888714e+00
8.884503833255152916e-01
-1.011246459773667450e+00
1.057602613567402816e+00
-2.117040209567289666e-01
7.324314154782869402e-01
-8.046962881366840348e-01
-6.953360460798658771e-01
-4.631289411167467951e-01
-6.541267269686283914e-01
4.912414243711201167e-01
6.922039203236277083e-02
9.746675778349882524e-01
-1.267151013354093525e+00
-1.083341625561255128e+00
-1.054043635325016215e+00
1.551729230497382650e+00
-5.484044338058097212e-01
-8.539707343369560277e-01
-7.179702242221483455e-02
-9.457320733867904394e-01
2.288793530061942749e-01
5.470576151324371139e-01
-3.743368280297766360e-01
-1.251141850903348285e+00
1.344285676204826974e+00
-2.216847425913969286e-02
-5.687104381927488017e-02
4.553144590662290270e-01
-8.333272368384089801e-02
5.088902930087237930e-01
-6.388634602824987407e-01
5.950585332694634522e-01
-9.047525366133520874e-01
3.221058039410259477e-01
-2.759177139118810240e-01
-4.410768892196270663e-03
-1.140635473202713246e-01
9.073302533397655800e-01
2.248157202131770560e-01
-4.139086870362773118e-01
-3.910271883481967747e-01
1.249014018015714100e+00
3.960648686152150599e-01
1.635652692945793740e+00
2.059620926720389100e-01
-5.450322437810100062e-01
1.954526484584101498e-02
-2.520213300408896129e-01
-1.186642658306141573e+00
-6.260978257778050393e-01
-1.956941626506112364e-01
2.607073515106422268e-01
2.985595954000861418e-01
1.316564222531680706e+00
1.539378229775966833e+00
-1.661953514289227885e+00
5.774280440439562984e-02
-4.806186942450806354e-01
4.605256451551931196e-01
1.512290493097347976e+00
-3.644603675353041417e-01
-1.808380885404168026e-01
3.715547082850625404e-01
-1.688779728373262512e-01
-1.071290995336250940e-01
