-1.283203064997221754e-01
-7.919446834450789563e-01
1.160466337615300714e-01
5.063369822008250143e-01
1.205220199586218011e-01
-3.758527705767545912e-01
3.398771591584953122e-01
-6.199207429696056426e-01
5.772007589453074239e-01
-1.555470184494596730e-01
8.195305800198273705e-01
-3.955862052414974017e-01
-1.288908333218417024e+00
-4.859837861835459849e-01
-5.485651614418232125e-01
-2.759396607425948500e-01
-2.714599242102657684e-01
9.921052849813754015e-01
4.361770480502469849e-01
-6.170204560701820773e-01
6.562741832495028182e-02
-5.350013542165639180e-01
6.635610830734135490e-01
-8.057337195253199136e-01
2.175995339531774930e-01
-8.768555160740221233e-01
-4.687039676926098020e-01
-1.424904062505348401e+00
-6.624623179743652779e-01
4.543697671965000184e-01
-9.760915971009449521e-01
5.432238674437386283e-01
-1.459666842389727437e-01
1.079906022337383087e+00
1.018301421592944900e+00
5.121017044677339536e-01
5.173673934758168946e-02
-3.267861398457763134e-01
-3.393543840167697612e-01
5.522707514668124817e-01
2.511387719283484365e-01
8.690603119410326149e-01
-1.295251379895483002e+00
-4.434718415228715571e-01
7.073030945740521602e-01
-3.330401023584167453e-02
5.986526232156408334e-01
1.049725570800557728e+00
7.313819652666608828e-01
6.282511183351020545e-01
1.068410213826239241e+00
3.343352938729206025e-01
1.267887126092500427e+00
1.282776372186247960e+00
2.718779921540633859e-01
-8.302008478707803008e-01
-3.995671073075829360e-01
-5.895610143020580951e-01
7.855188708855940227e-01
-1.758202860681113422e-01
-1.223243539932995644e-01
1.113957745764761476e-01
-5.467265911284894253e-01
4.024571104851678016e-01
-4.166661416663451911e-01
3.921379925706275360e-01
9.267150050584005427e-02
2.357093230647415993e-01
1.005199125145225025e+00
-6.606412371949312856e-01
-2.070187343894829002e-01
1.211094558090396456e+00
7.347828497381463375e-01
-5.176795951617492453e-02
1.737406819863180463e+00
3.200309676511489121e-01
-1.186848277408278696e+00
9.430081036427176988e-01
8.375395511489636124e-01
1.830151180276275547e+00
1.292966457913796274e+00
1.423284221311809761e+00
7.020780068762861870e-01
2.454197143279945315e-01
-2.675457151363734853e-01
7.018035761141913076e-01
1.120247767200792804e-01
-1.387375498274580732e+00
1.488039865279648932e+00
-5.644399101205613833e-01
6.986931134156297851e-01
5.788085676992978934e-01
6.763668652597112363e-01
-6.902415631821253728e-01
3.057815767642544924e-01
-1.139791292412100643e-01
-6.163600794503866220e-01
5.903189987186514553e-01
-3.468150759915133441e-01
6.992092813779705596e-01
4.101328946526706931e-02
-5.851939168083546416e-01
1.084281726758514752e+00
-6.629110194406430401e-02
1.139668395282922742e+00
8.616113354127747925e-01
6.702936254683891093e-01
1.003999155532437237e+00
8.246273142348307106e-01
-9.040468582891588722e-01
-8.733434028954381034e-01
-3.455135580468081113e-01
-1.077833194836995689e+00
1.182926592415539879e+00
-2.146745584756540037e-01
2.221151653068433318e-01
-5.132709867292595263e-01
8.434070091364362920e-01
7.942814667729661271e-02
-7.578749093005980875e-01
-1.020805250716250390e+00
8.705147949050946465e-01
-3.781963801479825138e-01
-1.218522948222863667e+00
-9.029773452218248231e-01
1.027360927868894658e+00
-4.194529201756395098e-01
2.367249013553335835e-01
8.044114677935899627e-01
3.253323204981751204e-01
2.816156759029150858e-01
2.946189263848932732e-02
4.207956540204544349e-01
-8.091163296561937335e-01
-5.965023606504893383e-02
-4.264951352206108881e-02
6.632606831331920860e-01
-4.207095714038175394e-02
-7.549532289937972429e-01
-1.269560895871766903e-01
-7.719134604289575874e-01
1.300926119851401053e+00
4.313225513800036381e-01
1.202216516141482838e+00
-4.482492825825415972e-01
-6.099176262771690560e-01
-6.338427010438616449e-01
7.499867383724375669e-01
-7.617727662403292466e-02
-1.416592027346639693e+00
-2.219174276373261923e-01
-7.857007719898175813e-01
-3.522415392862267014e-01
8.349241166665442027e-01
-4.764696026336439072e-01
-7.201336768885302497e-01
2.888465379573249558e-01
-5.966111796130685319e-01
9.775815320398515418e-01
9.555529952007233430e-01
-4.322490249368078352e-01
-1.827173082650000724e-01
9.920598238429876314e-01
-1.158528445520851990e+00
7.777600266984734390e-01
-1.501371230711955329e+00
-8.174604578509869768e-01
-1.438883068115895725e+00
-6.017915038018499807e-01
1.430092635331725592e-03
-1.635269972092412982e-01
7.631319881287007556e-01
-1.044473075698688858e+00
2.749157490554530736e-01
-5.824295528399858757e-01
-4.852133204121292787e-01
-1.731332733187899431e-01
-5.370633025421571449e-02
3.939028733424130291e-01
-7.926155573613925531e-01
3.232056417243291957e-01
1.193263224982087145e+00
-1.711874010146714697e+00
1.011875760631556487e+00
-6.160877476394980290e-01
-9.468627474075946848e-01
-1.506807405027085212e-01
1.603566954889732721e-01
8.161941871803350956e-01
-9.401183748079409153e-01
-1.364831235041805257e+00
1.154921719412184578e+00
-4.932785952648555128e-01
-1.777046994698387117e+00
2.939856989047765490e-01
-1.031669155434145502e+00
6.520955741088860780e-01
1.079479279116095231e-01
1.758458672288737146e-01
8.040533417342957123e-02
4.097161469899246455e-02
-5.729295426301094230e-01
-1.315047642202186173e+00
-4.583439815527957095e-01
-1.065781018850525230e+00
-7.286135839871281661e-01
7.346015698815392403e-01
-1.082696748750148069e-01
-1.062376698574196698e-01
9.563363182376546923e-02
-4.585378768218385526e-01
-9.240004164896525873e-01
-4.687008107379764255e-01
-2.601367370697226233e-01
-4.326070084515394321e-01
5.472194047155276575e-01
-9.589585337697626999e-01
6.611570993669364515e-01
1.204867548607475136e+00
5.077876666629500546e-01
-1.422623318638251144e-01
9.593857691008567112e-03
8.455645513531456769e-01
8.308557815768067289e-01
-3.331042236912149512e-01
9.176988349310208903e-01
-5.540899514672857906e-01
-4.170288083856396044e-01
-6.481150011132273958e-01
-6.192521057487344605e-01
2.099598117157444599e-01
6.572065039358052640e-01
2.372073362604805724e-01
-1.325527450075728364e+00
-4.986099420229109236e-01
-6.499527099231496852e-01
7.139058634777595280e-01
3.883831238666538566e-01
6.751396799920468261e-01
-1.250239474367896286e-01
7.598933850335234386e-01
1.302469082877201201e-01
-1.121256287043040034e+00
3.051426098069035531e-01
2.951250998788843005e-02
6.438515594654159457e-01
8.884420785826623312e-01
-8.696297095420399970e-01
-1.568379592518881926e+00
-3.139439963112995446e-01
7.312763022068521357e-01
4.190710884410017711e-01
6.254414468947624428e-01
4.212841843792730079e-01
-2.184803160925876675e-01
-1.150980201832678018e+00
-1.146067964098162584e+00
-6.329485610081728164e-02
2.504134606499721638e-01
7.131713375752131157e-01
8.533686268632676430e-01
-6.443712435919152215e-01
-1.523590205304448109e+00
-6.001204988673390917e-01
3.948791110622852374e-01
