1.653797472656351741e-01
1.077157050259374138e+00
8.881151188385207895e-01
-9.031329246712771486e-01
-7.470235899502519761e-01
-6.553589901343974677e-01
8.573931279127979810e-01
-1.188255004107252821e+00
-1.016702695916823274e+00
3.539264763931861957e-01
-5.012535825014607926e-01
6.074626946054589860e-02
9.793071833819586569e-01
-1.738976247035839418e-01
7.850940607691339057e-01
-9.312882437222804732e-01
-1.374211407107137850e+00
3.439872364414267580e-02
1.276682232647934345e+00
-9.308909224483334910e-01
1.476976454239060654e-01
-7.084990324915025894e-01
1.663390148430317073e+00
-8.436834683991630834e-01
-3.838062862982574708e-01
1.258359544330258428e+00
-2.195708461923057131e-01
-6.930583094758052676e-01
-4.353963511591697477e-01
-1.010920037783605174e+00
7.009297186943350688e-01
-4.311003987283536509e-01
-4.879031277992602611e-01
3.733100799791246871e-01
-1.276729046281586566e+00
6.238814733598541801e-02
3.451230079516457994e-01
-7.491538827507490117e-01
-4.597922180456734398e-01
1.483096374402185003e+00
1.397811149604511582e+00
2.454358192498409252e-01
6.526481580307044172e-01
4.503381287806721978e-01
-9.944043011750483552e-02
-1.006442363043342336e+00
-1.033154133882848047e+00
1.062097129472232115e+00
-2.762291078342417050e-01
-3.111931584557832142e-01
-1.057718985315638793e+00
1.217525792564884801e+00
-1.162891351935928297e+00
6.411357331348367383e-01
1.097087900106866298e+00
-5.267034787723207101e-02
1.056585707407331043e+00
-1.418104531243166377e+00
-6.564243325429444664e-02
-1.254267029947491174e-01
-3.199689386635147792e-01
1.312228604711631386e+00
2.878291782280038569e-01
-3.493923195868806758e-02
-1.961276269531778971e-01
-5.350959756218548469e-03
6.367917308841866131e-01
9.115867984399672608e-01
-7.116297857091986589e-01
-6.584535714339273538e-01
-1.145134829218209305e+00
3.648301401087112872e-01
3.230104931651622824e-01
-4.573166765845515513e-01
6.975292113755445778e-01
-1.340728963377896710e+00
1.377380270898289627e+00
-1.233416345977760287e+00
-6.965239381994032808e-01
-8.902449848615051620e-02
-6.660631791664785029e-01
5.964962385906261710e-01
-3.504537104042072526e-01
3.574025524032159451e-01
1.307735791937657988e+00
1.223612418638895472e+00
1.018895680045172503e+00
-1.017572055328884728e+00
3.706426050202435984e-01
1.362903578461321707e+00
-9.383777104026285176e-01
8.975850177000980201e-01
-4.002048699567503642e-01
-9.661416356846610487e-01
-3.724941442306453632e-01
2.435626197847321761e-01
9.644890840897966111e-01
1.284993046124672800e+00
-1.323112184930791413e-02
-3.803909290821303468e-01
9.447632637847761528e-01
-5.647369197967488930e-01
-8.963088891620605292e-01
1.326432487963452811e+00
1.262741673504545137e+00
-1.442539001422805667e-01
-1.697460803942717256e+00
-1.205276406330018979e+00
-1.104025866311137000e-01
-8.130701779151795483e-01
-1.184796553142972941e+00
1.825057875676359409e-01
1.367078100621675618e-01
2.109584912259789391e+00
2.465204874480087793e-01
-1.002813820541573975e+00
8.333628735969532686e-01
-8.317769363820768369e-01
-1.279148835192252864e+00
-3.681115001837695910e-01
-1.111948590200312337e+00
5.356705873665108530e-01
1.329676184782229709e-01
-4.829021376082985872e-01
-2.081852400091223299e+00
1.071964116693418095e-01
5.123859029682180655e-01
5.919850022305366277e-01
-1.165932437020978263e+00
-2.991595078500910998e-02
1.319220530398967917e+00
-1.685220929105780030e+00
8.705602198233741706e-01
-9.824834385646130652e-03
-5.234886891720924584e-01
-1.377131844175928155e+00
1.152853664763157093e+00
-1.719948020240535280e+00
1.413794787693799071e+00
1.637045671794454371e+00
2.698990623169160163e-01
1.396516973872188316e+00
7.773157025059722613e-01
1.184613097689305672e+00
1.050083364102768479e+00
-6.725129162214655842e-01
-9.864149881201378367e-01
-3.895875062596065308e-01
-1.174456173733096631e-01
-1.096205079130157189e+00
9.314312373103267317e-01
-2.029577263840708579e+00
-1.081275063837322525e+00
-1.509700930680444864e-01
8.436554057189699085e-01
3.075652064708639388e-01
2.956202253988078898e-01
-7.158827033662107375e-01
1.137587547229516466e-01
2.678273274166979023e-01
2.332041187835289242e-01
1.333471203570466557e-01
4.584656128435382616e-01
-1.008921224964896668e+00
-1.851343436319077829e-01
5.141869641353040699e-01
1.104492841176396345e+00
-1.029347603505002429e+00
9.075915440443061977e-01
1.216800618975850456e+00
7.262619856141647734e-01
3.150367645567223596e-01
4.484723371509886924e-02
-1.687784677310519843e-01
6.962321982575581103e-01
-7.697525479661978531e-01
-6.095070323076148266e-01
-4.313275127000592013e-01
2.831030864328566987e-01
7.857133716541180313e-01
-3.925937156792117522e-01
7.673511706329654292e-01
5.680722118543468646e-01
6.640418153405911461e-01
2.247203873506342930e-01
8.679703510652807263e-02
5.487551474622688330e-01
3.254955546422666490e-01
-1.072948303384402502e+00
3.542394316560448786e-01
3.109572737749302096e-01
-1.408068541694247056e-01
1.113981893948503998e+00
-8.962004207688795132e-01
-1.055028905611533618e+00
5.345031878217267884e-01
-5.466551941525547020e-01
1.324539199148610513e-01
-5.587373696157116321e-01
-4.740315467386083670e-01
-8.282597270686864466e-01
-1.403963684931799905e-01
1.665471268326340848e+00
3.042635613170049380e-01
2.858901376178138998e-01
7.240838724773230872e-01
-6.718706728271622852e-01
4.030002093548105124e-01
-6.182997973239247047e-01
-1.009533648978875098e+00
-9.926228473636609095e-01
-4.877634060227179491e-01
-1.398277586656371696e+00
-1.226836164904350657e+00
5.079542067100004665e-01
2.625216728095858265e-02
6.595595052178905293e-01
2.196457740467449016e-01
1.253597738051107413e+00
1.775796264508536337e+00
-1.179618162789926317e-01
4.561013668039513025e-01
7.958881452679156254e-01
4.569465124998750016e-01
-2.594971142095107708e-01
-2.719349899961424066e-01
1.616269284316905197e-01
1.016856981275099381e+00
-5.877700314783390612e-02
-3.595084623196633800e-01
5.147456235549158210e-01
-1.440965206121336051e+00
-1.123724637807101301e+00
1.049093224466359775e+00
8.081382382836137523e-01
5.355746750908254583e-01
-1.769120619555384910e-01
-1.121408931575597956e+00
1.823940366080656350e-02
-2.465100759969614252e-01
3.828084414667094482e-01
-4.704079524997031858e-02
1.062900476044690512e+00
-1.452429825319837331e+00
-1.321919069231528354e+00
-1.862138245738055531e+00
-9.053649970774380051e-01
1.004680529040523629e+00
-6.824043494474562044e-01
-4.123160698485420217e-02
2.570930624104108553e-01
9.639361775191901405e-02
1.005300293747780405e+00
1.556994667973989888e-01
-9.442207774871570480e-01
-7.423526740793393586e-01
6.833652691819800395e-01
2.141382708303470050e-01
-3.515391886644223529e-01
-1.176419277495067917e+00
-3.734556308110796585e-02
1.297723936282222823e+00
-5.420468634049794288e-01
1.071728821493461492e+00
1.424694904061497569e-01
