-1.655275662376355372e-01
-1.264355245099104408e-01
-1.585673201677921529e-01
-1.268593473660964754e+00
-1.266315711617285178e-01
-9.969102472321617059e-02
9.876279980328114827e-02
6.081934065942431467e-01
-5.848500040422016655e-01
4.813779679300493330e-01
-1.345143745456952311e-01
-1.857099197143575187e-01
9.884597740864959903e-01
7.048808557392958196e-01
1.237881991115591940e-01
8.254589920618811139e-01
-8.250806054306365489e-01
8.335105450386445236e-01
-7.798272600539030153e-02
-6.441766476984618350e-01
-2.160179099327759478e-01
-9.231926018096985320e-01
-1.944787474457504994e-01
-1.170376965854632578e-01
6.839262977839110080e-01
-2.128999199236661088e-01
-7.644740902171593966e-01
1.347178894299953522e-01
4.671733091403585947e-01
-1.187316297972159207e+00
-4.611188155322852866e-01
-4.109774571086539097e-01
-2.701784634364525206e-01
-8.588722889791678972e-01
-1.663138281265287288e-01
-7.473909036075083723e-01
-3.187062690489418926e-01
4.302932992384637112e-01
-4.992775318735482859e-01
-9.311598602711536332e-02
2.421520338842010900e-01
5.144379946404995518e-01
-6.893771234574844753e-01
-9.798094495718721042e-01
-2.815320681200771391e-01
5.643916561730663028e-01
-1.733179920350765568e-01
4.876902707966839223e-01
6.956664748756131722e-01
-5.240710073529427637e-01
5.955722141817166859e-01
-5.687654982413261617e-01
-3.408328953255682636e-01
1.134491273705557912e+00
-7.645582093362872644e-01
7.048184361169036460e-01
-9.370011844046426397e-01
-7.548634945918742956e-01
-5.585570757414515253e-01
-8.673019723739207043e-01
5.816242591321643118e-01
8.588467938465416118e-01
-7.463666691392791819e-01
1.093478972494073220e+00
-7.128971223559119608e-01
5.576081811241262454e-01
-2.858503929681059930e-01
1.023808494376925671e+00
-2.990936597611171810e-01
7.773357546494050752e-01
7.863991842756823392e-02
-6.675416665038219621e-02
4.070774925171799508e-01
-2.600979898636790466e-01
-1.762265300150051006e-01
8.598358610900368459e-01
2.994503060642590420e-01
-6.222043457450272541e-01
3.195943456413374850e-01
-8.868069235071968093e-01
2.926435974108527738e-01
-1.818882798119081656e-01
4.212584944374453411e-01
-2.377249893973046591e-01
-5.991272112038895648e-01
2.939584314880721028e-01
3.687058065824823649e-01
-5.488767369252989248e-01
4.632706709596532968e-01
5.875704146124599569e-01
2.705445099656690888e-01
1.502664519956853129e+00
-4.315718282091171032e-01
1.026103673689422457e-01
6.325522594779035002e-01
6.318678855047143994e-01
-7.159391564519869133e-01
3.841999375382091908e-01
-7.928285637691448451e-02
5.757417291630080314e-01
9.285558828847778612e-01
-1.473620018970394074e+00
1.064714718139304184e+00
-2.377944219653175817e-01
1.042213095651232768e+00
6.391930778866399265e-01
7.529110657154700625e-01
1.358652273146749412e+00
5.373613519683446693e-01
-6.322202705708019899e-01
-5.359059773519853076e-02
-1.170751776087275875e+00
1.401705788623806570e-01
6.378504052510409750e-01
-4.067465815815284880e-01
-7.598054848058594102e-02
-1.190878704652008402e+00
7.217281695028309185e-01
-5.159575374515079638e-01
4.571462566669698413e-01
9.968228109011413318e-01
4.228776206326777531e-01
-2.840160440681205878e-01
-7.835236490526694686e-01
2.550027973126733349e-01
-4.986767208686478936e-01
-3.347963963300976675e-01
2.532138138383465131e-01
3.916780538374140530e-01
4.758840129842007993e-01
1.270166144312870338e-01
1.668762227674331911e-01
1.806690493505051787e-01
-3.713827431778142785e-01
-1.236614411877705322e-01
8.008067682111091878e-01
4.584327694640677464e-01
-1.266819921506162405e+00
1.772645290947145735e-01
-1.236216314771602542e+00
-9.929217873809532691e-01
2.521433868121361055e-01
2.750330869077693974e-02
-2.045311413393996192e-01
1.510207853162527092e-01
5.715570037715138607e-01
3.964783030056213131e-01
-1.179156443058766435e-01
2.869089872645317341e-01
6.166858803056746163e-01
2.375796678211454238e-01
-4.827749939881931796e-01
-6.128166740286515868e-01
8.395925043708180047e-01
-1.286010241928477738e-01
1.962794157281466945e-01
5.512328846489262801e-01
-5.913732062790566513e-02
-2.129601526184692062e-01
3.253376287169457148e-01
-1.080244973036884742e-01
-6.329445580585256748e-01
3.863427484462951256e-01
6.642893724469635108e-01
5.636079369967449404e-01
-5.356305387845260446e-01
7.845118562155125597e-01
6.462089974198628184e-01
5.076845142936210475e-01
2.887547229232659968e-02
-2.120214518201740395e-01
-6.223338672115447112e-01
6.902487312118134044e-01
-7.421291690834659338e-01
1.063441933289356545e+00
-6.416805591941188158e-01
2.856217542469396964e-01
7.079217336377094938e-01
2.720324598524850868e-01
-1.156500508651165382e-01
-2.713315866641550778e-01
1.894512401913860805e-02
4.411738518545993415e-01
1.069321289552000342e+00
1.807950551280047002e-01
-1.149314861046599329e-01
1.688988807757944577e-01
4.968143833309949242e-01
-1.071395701082436869e+00
-4.840192478612596605e-01
-6.483390090488504454e-01
2.798537784343037016e-01
-9.051419330763569304e-01
4.916755557647352060e-01
-4.250458867971178001e-01
-3.299053905449641499e-01
-7.231573243493041314e-01
-4.790354000686113389e-01
-1.131311764034594602e-01
-1.186052217441722206e-01
2.586966723061999707e-01
-8.347950300477405827e-01
6.962891964606063855e-01
-1.659050047745430911e-01
5.412144750272001037e-01
-5.843359694610682498e-01
-6.673041024908844543e-01
2.615178454849130807e-01
2.158090941352361347e-01
8.387861849479806287e-01
-4.401249601031460568e-01
-9.422797565520106833e-01
3.171932184665904320e-01
-8.519896754913172110e-01
5.295106322615035221e-01
-3.851359833170282521e-01
-4.846892541583134872e-01
5.910095897926934683e-01
-6.347767131905243110e-01
-7.513932365085176368e-01
-1.157401656606785512e+00
-1.192370844960389586e+00
-1.128720570469771589e+00
6.365537085960308872e-01
1.910414976296759271e-01
-1.241819699315750286e-01
-1.148960817883875052e-01
-3.812956925991117796e-01
-3.522914525537880204e-01
-7.496543611486194969e-01
1.663774217229251340e-01
-5.972707067701290562e-01
5.671112554578604525e-01
5.042439696229622514e-01
3.506205919095586876e-01
4.495451608858751502e-01
-5.154376065831806075e-01
3.771084102745123068e-02
1.070003173900092031e-01
7.065521744956115846e-01
-4.751890495884333876e-01
6.677300297498359738e-01
4.064648932950981619e-02
7.280846380698353659e-01
-8.665648899445379527e-01
9.257578034949024426e-01
-1.876233802029205755e-01
-2.912940921027660224e-01
1.203078488844167238e+00
1.309334277248984435e+00
-8.459006009267275861e-01
-9.436786488287185470e-01
-1.124940988403594133e+00
7.269601345357987743e-01
4.529905558881506811e-01
-1.295264302095312792e-01
-3.295409991794947535e-01
2.137108908673680530e-01
5.847293972835875264e-01
-7.017079028665492713e-01
5.702252147116191328e-01
3.345650854917736616e-02
5.184741862365972453e-01
4.388274195849663495e-01
-1.088947248125695877e+00
