2.298986921231122027e-02
5.186339355429864240e-01
-2.108719519617023863e-01
-1.378801021268774907e+00
-3.199429949835811415e-01
1.077253296797643367e+00
8.470827037222723455e-01
1.757954765831848398e+00
2.085122782683108411e-01
9.010515226190168869e-01
8.683907968126265420e-01
1.187804809982631493e+00
-5.414894487106083898e-02
1.812492796452146004e+00
9.857185898438739491e-01
-5.753352888804568188e-01
8.410892547694934773e-01
-9.423235994832370732e-01
-1.350274970560111365e-01
7.077046308465578806e-01
1.060139255189863849e+00
1.283640804862614893e+00
-1.133030932430663329e+00
-2.945496587010409950e-01
2.214843229658412793e-02
-9.389720863558403963e-02
-1.152821433297081533e-01
1.066273735572156600e-01
-1.472736294793878020e+00
-8.755575467065550566e-01
-8.173794095389201875e-01
-9.307936293865991528e-01
-9.465184426078008251e-01
-9.955195371320281206e-01
7.143762198098141392e-01
3.484598508136020900e-01
-1.510626934832607904e-01
1.131390402813485352e+00
7.695979378738374566e-01
1.914517908408991165e+00
-4.609624198152437735e-01
8.987348868538068691e-01
-1.191660115076960569e+00
-7.228801824631786443e-04
-1.073018789573812609e-01
-1.127636783474458504e+00
5.624496192983940990e-01
-8.794841978031768814e-01
-1.942037405461170263e-01
-6.682433224037803710e-02
1.904616178837124085e-01
-7.784349991765812105e-01
1.067800286172346236e-01
-1.327017591767069238e+00
-6.572058194866097214e-01
1.266383951986719714e+00
-6.231474930848098781e-01
-4.363851367885965282e-01
4.177598088174855895e-01
-1.547566101531556937e+00
9.862057765580491131e-02
3.419735816626160441e-01
-8.474055602513881624e-02
1.281614652858409364e-01
2.237591808656475834e-01
7.580510296409292970e-01
6.070681584675501341e-01
3.202522569718012635e-01
-7.164928040129506792e-01
7.613127815483888838e-01
-5.553432889626844782e-01
-7.824885449339828991e-01
9.871937006392215164e-01
3.062152289539090688e-01
-5.913654315456087218e-01
-5.588008306337139963e-01
8.899384405693615552e-01
3.502748087919032582e-01
-1.208632860690487032e+00
5.319100385029522648e-01
-9.788739188561572657e-01
-9.162797676033588301e-01
-5.677677331434277663e-01
-4.255206885604248535e-01
7.208848826005320731e-01
2.725954768042269660e-01
-1.408831094265398542e+00
1.847288713615431455e+00
8.644814878679693004e-01
4.733705027371778312e-02
2.445619366217873236e-01
-4.545461433220515657e-01
4.206801946638019096e-01
-1.861446441581459998e+00
4.735461527945017401e-01
9.729148478093541108e-01
-6.922878938599493770e-01
5.088838861478142128e-01
9.208279057620515351e-01
1.149819006172144442e-01
2.831671779448281523e-01
-5.405950286810438099e-01
-1.409617358621479744e+00
-4.896230147795495313e-02
5.277547318590629644e-01
-8.029723013197437309e-01
1.216563474471750173e-01
-8.008082991963149100e-01
-6.382685717757869970e-01
-8.957086564520911898e-01
3.443545218602938052e-01
6.232714136500625557e-01
2.010987390327743651e-01
7.141821655513902467e-01
4.011157448279342175e-01
-2.028727625546216662e-01
1.374397595407668593e+00
8.714607060721351051e-01
2.492115917969794370e-01
-8.760876678325774103e-02
6.179167728112598956e-01
-8.686252922196184834e-01
5.149773011701271885e-01
2.005603000477845441e-02
3.818760912262412210e-01
-6.257930729518512702e-01
5.756417780412943497e-01
6.384705790843798745e-01
3.651662997949188805e-01
7.452718782143972209e-01
5.587839672377717948e-01
4.121717110905206427e-01
3.188922237477365695e-01
-1.265289977334963289e+00
-2.740151372194582491e-02
-1.104849384702303094e+00
-1.093922787839261002e-01
5.123547094300954230e-01
5.864756255501306637e-01
9.424189225528813996e-01
1.475868689833731873e+00
-3.158376490863986641e-01
5.215903504016712322e-01
5.217722829095604586e-01
1.319452672553559636e-01
7.802519755127142187e-02
1.126725217294332754e-01
-2.182495994242509840e-01
2.144899111885401055e-01
2.281032437903232624e-01
3.921047911094520666e-01
5.882541999832346935e-01
-9.073544212296351663e-01
-9.565916013608222190e-01
-4.623186279423499023e-01
-5.824267178114184151e-02
6.482811785686240502e-02
-7.387216535945549944e-01
-7.932158330563972015e-01
1.512566359070186994e+00
1.045928276545885049e+00
2.645763687644841489e-01
-6.867670116896522625e-01
-9.088795258186639359e-01
-2.778156319336444469e-01
-8.385188256791578088e-01
1.178183236579462279e-01
1.178899988526426634e+00
3.267444618116023547e-02
8.996704629826210997e-01
-8.201135299456482342e-01
1.608103127135629973e-01
-1.356467673565142640e+00
-1.335056264071018128e-01
-6.377610661240160073e-02
7.885892167106529627e-01
-1.095413185958834967e+00
5.111510277168225258e-01
6.800313540174113269e-01
-7.535713723996705360e-01
1.072301437486798292e+00
3.440666484639718914e-01
-2.533881571801552268e-01
1.292154877938261892e+00
2.571734270251100907e-01
-2.706121294197663674e-01
8.062703895738587700e-02
5.316247848499544570e-01
1.651157298654280181e+00
-6.006735108943865864e-01
1.734255595133030181e-01
1.330873205657258307e+00
-5.204495688881288773e-02
6.560787279057932186e-02
6.299521351896595345e-01
4.039031543748741737e-02
1.101647592851106250e+00
3.623212454589401221e-01
-9.273179522867659452e-01
-6.520580161548927833e-01
-7.008083629238549550e-01
-1.482330412451728086e-01
3.473351372775301260e-01
-7.847445699396861096e-01
-1.374454329491930249e+00
7.395002113874582506e-01
-2.367414139431562314e-01
4.957768835662731965e-01
6.165835173063360930e-02
7.404128497210242799e-01
-4.500218439649549262e-01
8.455001634121621645e-01
-6.171007458993404970e-01
4.631006951970655372e-01
8.576783295788283912e-01
-5.872611355873769146e-01
8.422074364767234700e-01
1.017600918975277713e+00
5.887290852822057996e-01
3.269885966074759232e-02
8.715699633875570451e-02
-6.359808193958381706e-01
4.474621969102708929e-01
9.231038521769582283e-01
-5.123008094529909462e-01
2.481232537614425082e-01
-1.112305980664780813e+00
-9.165934557186088405e-01
-5.637694714068983703e-01
-4.155542262704176038e-02
2.944106815358360496e-01
1.065275295080097440e+00
7.227373828021257385e-01
9.791818009969178727e-01
4.869515557344794021e-01
-8.387186808533759752e-01
6.360436385083109156e-01
9.868020680635462838e-02
-2.881420775176931071e-01
3.210599576082502349e-01
8.859212550641094586e-01
9.627129461144839917e-01
-7.116866824800457403e-01
6.070475131449706296e-01
9.940654674619369136e-01
-1.115212835268334507e-02
-1.361764956222895506e+00
-2.218050339458238485e-01
6.679902818353247174e-01
-8.769975114466747046e-01
-8.404863274647507154e-01
-2.655204353279013163e-01
3.111304836731298984e-01
5.317783337286798861e-01
1.341460074699830862e+00
5.315781410240959515e-01
8.787866695449793042e-01
-1.176979063007245863e+00
6.213575657510190808e-01
5.894787175269469159e-01
-4.751226138160257184e-01
-1.586259051582444624e+00
5.969587182693295579e-01
1.325679300136754613e+00
-4.076994759720917183e-02
