-1.828411580531502656e-02
2.511845009595670697e-01
-2.302691535679732837e-01
-1.351380574962499415e+00
-1.141815285418007475e+00
3.186333370382278540e-02
3.695815872475753938e-01
3.154121770721992069e-01
-3.862107316146869973e-01
1.315655347322615576e+00
1.861021071771180591e-01
-8.948266542983867033e-01
8.694275993813223025e-01
9.055490922341766780e-01
2.919696755122017096e-02
6.284352229487377706e-01
-9.934789194556581382e-01
1.138276814625802213e+00
-3.350303592219797122e-01
-3.526740272771868301e-01
-8.815475908064143162e-01
-7.984812882385379229e-01
-5.340989987302561248e-01
-2.170955950028558012e-03
9.704397594864553334e-01
-9.779951028264996515e-02
-5.238769207334115219e-01
8.620403406840189131e-01
-2.189341709362288835e-01
-1.396375176996394574e+00
-8.828202396196984658e-01
-2.610305204168584248e-01
2.688771593905102675e-01
-1.159240134373300535e+00
-5.653471663891540544e-02
-1.252593773222188345e+00
-4.700533213233308860e-01
2.174541401244715622e-01
-5.186668571959800467e-01
-3.104394064862907587e-01
4.642518613126098148e-02
4.742249368455421499e-02
3.864889377616431698e-02
-8.913984129485907904e-01
3.196454560476520018e-02
6.607611966602731091e-01
-2.039823698651041795e-01
3.356379202038582976e-01
7.300310708650781244e-01
-3.491866672658702764e-01
7.704849959811563287e-02
-7.548858563618767725e-01
1.543398592054822382e-01
7.745310971859292737e-01
-6.637871286325282005e-01
6.471423662581139435e-01
-1.097903394114396081e+00
-4.952016457245707048e-01
-6.894773671082411459e-01
-8.450647070963723806e-02
8.797472271453249393e-01
1.000808798683650469e+00
-1.305085815935778548e+00
1.422311060005987615e+00
-7.001067796061231086e-01
1.056289577481243747e+00
-4.215685267381681922e-01
1.462691478934963207e+00
-9.394058681364352292e-01
5.870693802937928529e-01
-4.629619006746873988e-02
1.362865690702031729e-01
9.951342503571558584e-02
-3.976143883473337581e-02
-6.735497062558534198e-01
4.700053658319793826e-01
4.139223515533854009e-02
-2.376980393475723041e-01
4.359150694476141008e-01
-3.201395297663634509e-01
7.137240418221908467e-01
-2.385295510746106018e-01
-4.002529895542578098e-02
-3.901396160451723327e-01
-4.090083469482760359e-01
5.926232521141999721e-02
5.914940156142503014e-01
-2.461543067090176395e-01
3.716741099695710093e-01
1.690623453078915484e-02
6.306556768451905270e-01
6.965485109257298912e-01
-8.120383788429688110e-01
1.914671850602235881e-01
-5.615161853379609103e-02
7.353973945845316829e-01
-1.893236869351616336e-01
3.022313612558140683e-01
-3.207399204370691703e-01
9.278533540583274730e-01
6.842940523591811708e-01
-8.605309767340625360e-01
1.386607676365042785e+00
-7.505456958170020343e-01
1.543194143618070502e+00
3.825488792650714731e-01
9.753952541333880122e-01
1.139162825677115576e+00
4.197667964146664099e-01
-1.458517988849398761e-01
-4.509982570872510949e-02
-1.154160473259594699e+00
1.961125513059857883e-01
6.575891100800052014e-02
-8.317529389112254812e-01
-8.622329007239944165e-02
-7.656418761331279521e-01
1.035361204799387869e+00
-6.309757953358432481e-01
1.010143323499972379e+00
7.225114936306548108e-01
8.803034525084851847e-03
2.804395380842823471e-01
-3.063538530009252137e-01
-2.728135529140824356e-01
9.173387438210245381e-02
-3.922119016296073402e-01
5.047182824316132077e-01
7.148411562883202897e-02
4.715159473717758787e-01
9.674113168092323134e-01
8.089011208154286980e-02
-5.012448071282755713e-01
-3.917276132899981667e-01
-2.530568776191063907e-02
4.412391499950419904e-01
3.118950241590764394e-01
-1.434817881178651167e+00
6.449230931747876872e-01
-4.971781902768012129e-01
-1.134610574023816376e+00
-2.516702021156062563e-01
1.650962906931824903e-01
-4.616660831791562503e-01
-3.849388692198468798e-02
1.342530503708617484e+00
1.212352969971802530e+00
-6.351388220727656186e-01
1.092831519990343558e+00
-1.913934162127961525e-02
-4.959525074484173457e-01
-5.471048242548248730e-01
-1.358083713903978751e+00
1.168810657247845164e+00
-1.749532202452271368e-01
7.693826987397004435e-01
2.600254262051616139e-01
-7.448393696189975488e-02
-2.938583314383459433e-01
3.886670951828019582e-02
-2.126249753202966719e-01
-1.083710034150500823e+00
5.846383179825552778e-01
4.160721985199362649e-01
3.962870928867786580e-01
-9.760000956103125347e-01
1.260265593723484789e+00
-2.127915453736401452e-01
5.291411101538896489e-01
3.157097377200505650e-01
-6.317770711988833499e-02
-7.738173976003527299e-01
3.066237125761334115e-01
-7.736916646946342402e-01
1.447618494916950604e+00
1.085017220668355875e-01
5.367935376123539326e-01
4.666956861131954515e-01
-4.029478967853000748e-01
5.331814070068338074e-01
-6.508247465347077876e-01
4.367287319615312247e-02
2.818246017797590430e-01
8.535586288252572373e-01
6.206394757067965617e-01
-2.834757987647525956e-01
9.779453405436369096e-01
2.472556066455565138e-01
-1.201518146433251610e+00
-3.402300721484207147e-01
-6.060164502894311855e-01
9.288305346970274212e-02
-6.199260693622168361e-01
-2.701516583723513332e-01
2.261714724688272948e-01
-5.866130122206205666e-01
-5.688031644175209900e-01
-2.768264837473544127e-01
-1.671340392937984143e-01
-2.543997545708883701e-01
-3.447925188075214309e-01
-7.429837715605791537e-01
1.337112345304970473e+00
8.279062988141248913e-02
-3.504257614734000992e-01
-3.861531430162311040e-01
-3.402013932092249338e-01
1.723789126482620504e-01
1.882542845764342276e-01
9.917695403393871345e-01
-4.194887794254023028e-01
-1.503343450978981810e+00
5.649906661571313382e-02
-1.653791441830916309e-01
6.331690788317705376e-01
-1.681169181151628833e-01
-5.964886828319475587e-01
5.854781399727707614e-01
-2.614284892856588716e-01
-3.756350999865603058e-01
-9.115976384698991630e-01
-1.774931887223214932e+00
-1.185871892396529681e+00
6.322391357180452420e-01
4.083357775850818827e-01
-2.682844148517563587e-01
-1.430274553557464301e-01
-4.089329046035725113e-01
2.976436408181926674e-01
-3.941263969212399076e-01
1.193532614205718295e-01
6.856955550572801927e-02
-4.642861948897870211e-02
-2.041459070940843112e-01
1.979989137333735827e-01
4.784239795250235794e-01
2.501805490502200247e-01
1.027247201332208426e-02
-3.415817235187587619e-02
4.602588028380770746e-01
-4.038784304840808970e-01
3.739549842763209564e-01
9.275947640078030521e-01
7.818980485332738262e-01
-9.870729387652099618e-01
3.784730484939915485e-01
-3.574603469108439402e-01
-4.792369205935491649e-01
7.468215257275582220e-01
4.888284560107717946e-01
-3.795417537468583347e-01
-7.915837473071233310e-01
-1.072532971805197910e+00
1.003453808531181490e+00
4.682658547193538356e-01
-1.888300054783233484e-01
-6.987287633626645400e-01
7.665366791844510641e-02
-3.108211754367259383e-01
-6.907952026224239983e-01
4.993026994878286273e-01
-2.414212631305002188e-01
8.526587294306176013e-01
2.961618031503510107e-01
-4.494787515644268483e-01
