2.310874658088042932e-01
3.378160251036304018e-01
-7.045396432620070204e-01
-1.654743375731400734e+00
-1.067941860991076464e+00
6.088552225602911205e-02
-6.577155172858864529e-02
3.847296416237961925e-01
-3.868068088803732207e-01
6.371908817807955261e-01
1.773247954184071218e-01
-5.403600128564208793e-01
8.193992646823042847e-01
5.788970342935203517e-01
-7.673648337954377951e-03
1.195849398218536308e+00
-1.047811123195091287e+00
8.969889304860519941e-01
-4.764951904766804303e-01
-1.125613270568275315e+00
-1.938527671461067747e-01
-7.206430229123875764e-01
-4.189486716473798111e-01
-4.639875834483719874e-02
1.087047188582633162e+00
-1.073842825517938027e-01
-1.082224160362049048e+00
6.666812012938900800e-01
-5.664347134218156166e-01
-1.113975940559801314e+00
-7.143804372570941030e-01
-3.338418123781333735e-02
-8.601805402938823564e-01
-9.524090213461002818e-01
1.929634002422074002e-01
-1.028329476586566038e+00
-3.498064765201675530e-01
-5.165726263849008681e-01
-3.192679126011142010e-01
2.189470653006727607e-01
-7.654521037451167409e-02
-3.406302033529017281e-01
-2.573677255044878320e-01
-1.144860326944949991e+00
-1.601691581548080889e-01
9.213955454741160622e-01
-5.049884525638970167e-02
4.284165809091924348e-01
4.025851647047378190e-01
-7.851622969741804958e-01
6.500032127454824504e-02
-3.353928391324059732e-01
4.127217844731104202e-02
9.673843451876534827e-01
-6.420646788231760826e-01
4.702899156691877081e-01
-1.053710773966919589e+00
-4.758138983775306308e-01
-6.327084382742466095e-01
-6.605403996968201019e-01
3.955467461177503141e-01
1.184773887101334688e+00
-9.996038232180660676e-01
8.784753842319523720e-01
-6.527617074996646673e-01
1.226573688683664232e+00
-1.663474573130289125e-01
1.492484507855067477e+00
-8.247827426386398209e-01
9.164940469662026246e-01
-3.576887657017496780e-03
-8.655546150533574568e-02
3.410295527199019849e-02
-7.563476888936427889e-01
-4.929991490645930785e-01
3.655210037182616833e-01
1.370304723329779928e-01
-1.231543498350565757e-01
8.208932826698964735e-01
-8.085681666026651726e-01
4.847550851334269661e-01
-2.631756559807849616e-01
4.448854111727538196e-01
-3.068643322091005876e-01
-5.909122687865320245e-01
1.734958158300744513e-01
5.991772121800299500e-01
-7.694717247833038343e-01
3.020377268660617287e-01
4.073973614642525942e-01
-3.635272976242298615e-02
1.368137532515967481e+00
-5.698383720018165288e-01
-1.165702117627441525e-01
2.559555409431735762e-01
7.979479629632241222e-01
-1.495279478393077843e-01
1.403034167614118366e-01
-6.160632376155907863e-01
8.776895929757002612e-01
1.045502557865597648e+00
-8.724169479791932247e-01
1.485431712448651798e+00
-6.525164430613343836e-01
1.711543585180962390e+00
8.352166808846338553e-01
8.541100730136871322e-01
1.203362908197362247e+00
6.954948822693952648e-01
-3.281016560422858608e-01
2.783410732256549197e-02
-1.031945415647987030e+00
4.057991499378719724e-01
-2.662909224800607544e-01
-2.184565075577749316e-01
-1.088852976952386364e-01
-1.022080221308416803e+00
7.017591975256405323e-01
-8.391392338650345284e-01
1.058487367256839562e+00
7.104449228309643871e-01
2.116125981539661305e-02
-2.623279682518790956e-01
-5.777489747576658452e-01
2.813830497830152044e-01
-1.379754676484374887e-01
-1.545194302739347492e-01
3.444475331523485506e-01
9.882548867102876056e-01
7.582085319874297680e-01
1.124121311460009931e+00
4.472821886457005180e-01
3.415176954377347474e-01
-6.160551463389818405e-02
-9.740925048996315616e-02
4.246106276183367334e-01
2.973536458206176292e-01
-1.560700962391564417e+00
2.995515117304735631e-01
-7.018133744745999048e-01
-9.138534058333478427e-01
-3.468529243531621731e-01
1.827088313066428937e-01
-2.200415232751228578e-01
4.115959258683730138e-01
1.053083538611199410e+00
7.849838326380499387e-01
-6.537791015788148030e-01
1.114331435477601939e+00
9.508285154731196398e-01
1.667592515246732465e-01
-9.571302764807883001e-01
-4.510830629830819838e-01
4.707741042651002461e-01
-9.500771529966958173e-01
5.782908895281912987e-01
3.353578347037404761e-01
3.367409673017922600e-01
3.813915253865110544e-02
2.020543323044560191e-02
5.476869287747455906e-02
-9.122293738193928414e-01
8.964669240288042351e-01
3.292419824170359499e-01
8.057127500902573347e-01
-5.663241602874964364e-01
4.162161548297367286e-01
4.335444673155108286e-01
6.235860062247232660e-01
3.254272520905376886e-01
-1.179505195981938037e-01
-5.679803829320674291e-01
5.305272416500229626e-01
-2.448146265458715498e-01
1.513866657971973284e+00
-3.442097308512559461e-01
2.137982403030693201e-01
9.646670505756954617e-01
-2.542195239451964239e-01
3.822535497052914621e-01
-6.150368943813776523e-01
5.217567138666393545e-01
7.526090416023695218e-02
4.918771136507663622e-01
5.355194656264451458e-01
-5.057615139675748495e-01
6.014692161355429390e-01
1.705825509783562011e-01
-1.604365901149041207e+00
-8.817265726768447331e-01
-3.285154486071006907e-01
-1.348563893541753211e-01
-1.272388962610535579e+00
-2.616476368219803339e-01
1.290993554596547854e-02
-3.142708756874582066e-01
-5.775287769163226503e-01
-4.493319432390733281e-01
9.781743122639277588e-02
-8.234454178685320092e-02
7.475134811405066693e-02
-6.264910035929922572e-01
1.339414459149800285e+00
1.005356545426502324e-01
-6.547548248621536116e-02
-4.614142499014552978e-01
-6.248295168929846044e-02
3.143399952599092440e-01
-1.826894948290498089e-01
2.973858854201027468e-01
-2.116259497149661772e-01
-9.875637278624815885e-01
8.737386323575211389e-01
-2.755744245335400855e-02
5.269831350423820338e-01
-5.247797681988297658e-01
-1.264904075437918607e+00
1.952551251586601144e-01
7.935709573208462597e-01
-5.121443137128509626e-01
-1.076719289820565750e+00
-1.250266330393610126e+00
-3.317389501794964501e-01
6.808884982951480813e-01
4.220010401485390084e-01
-4.534652618474568353e-01
-3.123034975198567542e-01
-3.773298589995970898e-01
-4.341492549262234713e-01
-7.386202951668052741e-01
-1.291175890904311396e-02
-1.001946619789705339e-01
2.591563087549213495e-01
3.950760248305600908e-01
2.887053852665847908e-01
8.472490813953602595e-01
2.187357682276426518e-01
-1.570224454631379829e-01
-5.056661323090676924e-02
3.683575316731516613e-01
-3.580298917085432131e-01
7.904924562871631366e-01
6.316931697164203108e-01
6.310988434209929832e-01
-7.995709088140665610e-01
5.989412589926935704e-01
-4.459065099716617020e-01
9.542932258576719562e-03
1.153212081552159818e+00
9.842205902846860033e-01
-7.302456409755200273e-01
-2.219557305359360355e-01
-1.098081179596988255e+00
6.747111499907337828e-01
9.463338253154318647e-01
-1.470991720664174551e-01
-3.928312619230325820e-01
2.302834441544081012e-01
3.225698715673127048e-01
-9.185786817871304244e-01
6.374321322589346916e-01
-2.283766456781491372e-02
4.590494448265011740e-01
6.045218676330124108e-01
-1.141883688235405758e+00
