-1.239582718403134276e+00
-9.761734437924498575e-01
4.406860659075275688e-01
-1.055520985373820553e+00
-6.802189100853858750e-02
-6.399880676451366046e-01
-8.517434468638473977e-01
6.385016790792736874e-01
-1.581414150097863569e+00
-1.586779067681878708e+00
2.322212631304863828e-01
2.749696981696077569e-01
5.550429835879090446e-01
-1.184870747815480740e-02
9.624446883782186157e-01
-2.839150180605805041e-01
-1.996071409872298419e-01
-1.545066786522635849e-01
1.222856354691185032e+00
-4.430799359761680156e-01
6.881100343833137511e-01
3.692068156061736328e-01
3.636497448172736346e-01
-3.666325878206054822e-01
3.607814147678669592e-01
-9.601986648376412137e-02
-8.677771413429330449e-02
1.423615081879611166e-01
3.006879919157623982e-01
8.818095839832782445e-01
-7.202299158427551973e-01
-8.551867784492966917e-01
-9.179862043848242559e-01
2.208973700427999398e-01
4.447291882092641035e-01
-3.858964855073864775e-01
1.562371011284634070e+00
2.359152009987639520e-01
5.628546209315882232e-03
-1.065093066221763252e+00
4.460394811857580355e-01
-1.026031587556525349e+00
-9.629109872246157664e-01
1.359502321723697893e-01
1.057992578059739230e+00
-5.838813968091693951e-02
-4.391336684538776902e-02
-6.240458288157447742e-01
4.664372102447528756e-01
-5.297752763929567399e-01
-3.825211671957072790e-01
8.349671174038666432e-01
-7.175543312940293461e-01
6.946177504770575939e-02
3.413672256717301123e-01
1.128282823496557841e+00
1.137423069709122547e-01
3.592881321152862073e-01
1.558516627039032931e+00
-1.576744782584711402e+00
4.043090514246517331e-01
8.497835328812511357e-02
-7.907076373919889045e-01
3.128522765351799961e-01
-5.893530278050541638e-01
-8.091321213677646895e-01
-3.030397050160167360e-01
2.615735153018494685e-02
-3.752097561455671193e-01
-5.500029048314574176e-01
4.975353072594884130e-01
-3.410455116882270543e-01
2.841117124157563345e-02
-1.261210372269487179e+00
1.260971913415215029e-01
-5.091938420079177297e-01
1.336613586628952188e-01
-1.200611926573812438e+00
-4.259995986582340022e-01
-1.657500003757550466e-02
-5.725726578969863034e-01
-6.348681616302287445e-01
-8.964144940010720930e-01
1.319133558039206289e+00
6.701270629821620695e-01
1.652950520282331637e-01
1.063554531579202322e+00
1.589570461430422910e-02
-2.749980297057839640e-01
-1.683725018542160945e-01
-5.428518794298924366e-01
4.046540478670496155e-01
-2.660562132871948648e-01
-7.434311247751610452e-01
9.543331195787846388e-02
3.566392381233450259e-01
5.207245585282838096e-01
5.281744973899045181e-01
7.684591699533239728e-01
3.265174718831682088e-01
-5.222187830026238098e-01
-8.021532452489320564e-01
-4.891949591007987985e-01
-3.814014160944604881e-01
-9.930575180081783193e-01
2.106416663571739623e-01
-6.927774178650443204e-01
4.665715568354663612e-01
1.232057036196734678e+00
5.098944351513869933e-01
1.790707686823692080e-02
-4.816324261200528034e-01
-4.321600589752095933e-01
9.480606669821442511e-02
-1.238090360246138610e+00
-1.335980244356063773e+00
3.774552696687138442e-01
1.197860420596414399e-01
9.555615459529382960e-01
4.360083672090717677e-01
-4.872556458617910424e-02
5.773065378131100184e-02
-1.069973297177072791e+00
-8.852795103626076578e-01
5.204463634078503320e-01
1.057003901828730275e+00
-1.587882189241852426e+00
-4.568138421199578469e-01
5.021475481712677214e-01
2.509785387494243292e-01
-4.392445930475765703e-01
4.911716162470220470e-01
-1.559196167896214513e+00
-1.079021416278829637e+00
-6.838061523367945371e-01
1.221838924724601760e+00
1.498917138561797480e-01
-6.469807131459699434e-01
1.189886677227582457e+00
7.701549937261971124e-01
1.147368457315918466e-01
-6.435786561373644243e-01
7.573377356772629243e-01
-5.468968786312005115e-01
8.302657029247103582e-01
-1.413830854090168287e+00
-7.411051251970401932e-01
-7.768106399923158101e-02
-1.084368924300218140e+00
3.277796311552903519e-01
3.295307025255549971e-01
-1.249245481983115136e+00
1.669691766136219557e-01
6.299623309135597982e-01
-6.516434416137737440e-01
1.584149882305590507e-01
5.672452555522937701e-01
1.155093501657973309e+00
-2.369939518559577518e+00
9.837226216972042581e-01
7.717737378185204333e-01
1.290788548954527881e-01
-5.996516984788471394e-01
-5.809617156080516820e-02
5.979205674440560836e-01
-1.673710032541002035e-01
-1.650892736087014701e+00
4.311431622690128918e-01
7.219919440181208348e-01
2.563662959643662198e-01
-6.305182945604873579e-01
3.533569305189837584e-01
-1.732971969028361814e+00
6.961159000988655920e-01
-9.937514321276651463e-01
2.089168583227000164e-01
1.316633844651681207e+00
1.471209716266752565e-01
2.623997510674611622e-01
-4.408088090246185531e-01
1.283499548691499070e+00
3.158304904127545720e-01
1.325859401569815521e-01
7.468407711993940712e-01
5.546614762549527400e-02
-2.429903966249391534e-02
6.639612078976985243e-01
-1.253885092903687548e+00
-9.863980305731603337e-01
2.789544008259672858e-02
-1.705707886433855958e-01
6.293811960110049508e-01
6.681517365960483179e-01
-5.673966466009018605e-02
-4.595894580714643962e-01
4.309574130825351013e-01
-7.157622158107456167e-01
-3.732733535010948067e-01
1.306613695130814046e+00
-7.463109110302293958e-01
1.020406588639631407e+00
-6.585456484691551982e-01
-3.828729937193848243e-01
3.355621705460568038e-02
7.894992047836307814e-01
-4.902667907067495556e-01
1.113111614466341548e+00
-2.126491928202992598e-01
2.335539263017805123e-02
-7.116096520178317730e-01
-2.748252027850345280e-01
1.096012719579152472e+00
-4.001139798104025314e-01
6.595281968573838416e-01
3.168987186500732411e-01
1.452674265594439129e-01
9.879045540044830709e-01
-2.504753022509262905e-01
-9.702064108366029727e-01
2.617590180561009672e-01
9.859327946393869890e-01
6.655794124574421211e-01
-2.422316649303021818e-01
-2.517716417406465346e-01
-1.857360486256328214e+00
1.150961254903372311e+00
3.660590885746058953e-01
-1.999753215547247220e-01
2.435025894805550872e-01
-9.513592772559855693e-01
-2.255626721485267105e-01
2.624268486999116468e-02
-3.909200360766958843e-02
6.653976878396428152e-02
8.322499947011170462e-01
-9.530732919517792556e-01
1.205119433621177905e-01
1.133307341466144091e+00
-6.183608512107529043e-01
-2.688370454962044631e-01
-7.529204510908413805e-01
1.402473759035837153e-01
2.333266394104693275e-01
4.963700399496993598e-01
8.322572212578648321e-01
-4.049855526341475387e-01
-7.288196951278673730e-01
1.067950706178374398e+00
4.530852216050474390e-01
-1.063789677069121975e+00
9.275282401093083440e-01
1.999159321923988930e-01
6.401852553094543596e-01
7.754872800329100091e-01
4.483862269122796951e-01
1.038169985938791062e-01
-9.060782788341439353e-01
5.283174559952618088e-01
1.222024174087467330e+00
1.147537600825648263e-01
1.469507232842867328e+00
-5.243037069214020462e-01
-4.958203308774688511e-01
-3.610228623377119694e-01
-4.335867811021199003e-02
