-6.299706337059043371e-01
-4.592597927067366692e-01
9.429127175233976699e-01
-1.959496550513460944e-01
5.026356336509447686e-01
-4.442576594825872194e-01
-7.020349103470452379e-01
9.824305455532020837e-01
-3.983840243065358555e-01
-4.583351139715408085e-01
-9.960346111527884627e-01
2.296676654922025218e-01
3.345046093217085570e-01
-1.228844544471541678e+00
1.179167511261085766e+00
-6.536018880378918761e-02
-3.225752846214419156e-01
3.015389392622875309e-01
4.247600965999747680e-01
-8.849674197096249473e-02
3.777663131259931251e-01
3.060578216340579250e-01
-2.117928554617508063e-01
-2.058096527940527221e-01
-4.932880590080782057e-01
9.518816017129433371e-02
-2.402296647321267298e-01
-4.098168283360238973e-01
-2.481821702741197899e-01
5.518459609077287498e-01
-6.947497065288672502e-01
-4.330584849836707217e-01
-8.423553345464300790e-01
-1.801003800658304843e-01
4.669432280177854278e-01
5.115781886194907813e-01
4.792284277864924391e-01
2.587679716408062269e-01
1.306905279845775314e-01
-1.343891811356128896e+00
-1.377122803461617306e-01
-6.129265422125138585e-01
-1.308763985806357777e+00
-5.251381433561713719e-01
5.955986157859529673e-01
-3.362054811343493377e-01
-3.827022011242736110e-01
-1.887219945233303831e-02
8.681837452623092366e-02
-6.093116814229887490e-01
-4.760622344449608745e-01
1.763735231158783390e-01
-1.016066375999148841e+00
9.501119769329433029e-02
3.187779477002734008e-01
1.152546016801905715e+00
4.811006488706326412e-01
4.263987514341061602e-01
8.480047633578087218e-01
-6.147221398723057284e-01
2.601448059401086366e-01
3.122124756922609601e-01
-7.055833437247831519e-01
3.881136342727543598e-01
-8.393167472860096900e-01
-2.507333485034685117e-01
-6.142249960220513838e-02
2.233684603966785143e-01
-5.938804536349396868e-01
-3.846039563234132652e-01
-3.525771907687548223e-01
-5.071718031585383812e-01
-5.938490325358068977e-01
-1.231540848506728514e+00
-1.182190346371970319e-01
-7.646578003416046876e-01
6.017620429055651199e-01
-2.923144752527073731e-01
-4.179568690381399443e-01
-2.494714443259094527e-01
-2.514310289565658274e-01
-9.590959505233883631e-01
-3.123039778745783646e-01
3.206308785322196098e-01
6.569461410468844242e-01
-2.860270779733058433e-01
9.960564698592886401e-01
2.343056455833774088e-01
-6.750137269144491636e-01
-3.648370210498242394e-01
-3.108050763300725938e-01
5.601893496487299062e-01
-2.979752866366552899e-01
-9.797261141276887297e-01
2.684211489289818342e-01
1.000689605565750817e+00
1.105246066820469775e+00
4.611905486528298237e-01
9.835434093673918188e-01
1.018378497046491304e+00
-4.154827322085440366e-01
-1.241019845477080996e-01
-7.940308298330764902e-01
1.643962071798948377e-01
1.047473110302721278e-02
-9.998782603313834116e-02
6.386379880085715777e-02
7.558817017548493666e-01
9.726791705642497954e-01
4.112407925989593482e-01
-2.038325019362149937e-02
-3.223424450879499026e-01
-9.945812687118091855e-01
4.201470993993661196e-02
-4.014914556948329105e-01
-5.851398931925332336e-01
-6.078610397026867895e-01
6.022296081410546953e-02
3.449421180485048311e-01
-1.394724018647466868e-02
6.421174430651286347e-01
-1.200746854136397479e-02
-5.545840148304270745e-01
-1.888039313772832961e-01
5.455535821703679650e-02
5.371892623231462327e-01
-1.140972990454268254e+00
3.126675933197384794e-01
4.148756175954261272e-01
9.280455197837236270e-01
-1.192343701224466701e-01
2.412424016574211960e-01
-8.175727610214753582e-01
-6.451902485823890476e-01
-5.358462452435240886e-01
5.450624835526101108e-01
9.118604324264101280e-01
-5.619140005637053292e-01
4.307507536668298553e-01
1.171163092680527873e+00
6.309560307177456417e-01
-4.782229579903215511e-01
4.861839987257299267e-02
-6.446675299833166672e-01
-3.393445731691844408e-02
-1.339203775064296220e+00
-7.353850420610441585e-02
3.159170409957683945e-01
-2.735363465093183510e-01
-4.468882396833268045e-01
-7.189311503644478796e-01
-9.198573616518199714e-01
4.219585686423314719e-02
5.494131112727766997e-01
-4.776981441171137543e-01
6.217884517892520169e-01
6.726126071071681922e-01
5.464887756234467764e-01
-9.624909619597056265e-01
1.050887451379498294e-01
3.798372587335864248e-01
4.205302466158351571e-01
2.409636538571577336e-01
-5.542063208654701700e-01
9.494764371758600552e-01
7.250453542822801190e-01
-9.004049799346396377e-01
6.942469011621711372e-01
7.550715586607756880e-01
-4.096385463562232099e-01
1.929445233812702720e-01
-2.260032865292261328e-01
-6.220705184442187896e-01
4.430915789817082562e-01
-1.214565283442230026e+00
1.889163558102710805e-01
3.631500538592158378e-01
5.661665281707534136e-01
3.519504609579239274e-01
7.342691789912084710e-01
3.624559559457271041e-01
-5.010189558858832437e-02
1.149505262275256179e+00
4.184627720654721661e-01
-8.177381163187791291e-01
-3.933500973106422438e-01
2.583604350231293312e-01
3.516790449801408536e-01
-4.709454153997792991e-01
-4.317962579815062263e-01
2.992852339827581365e-01
8.374465403008501951e-02
-4.185494040609588628e-02
2.339453722486417586e-01
6.395131330078840382e-02
-1.887255542519553908e-01
-7.506701240668592900e-01
-3.558257807297686703e-01
1.808854613070393358e-01
6.870253715511273618e-02
9.584541549669075566e-01
3.643148038580419912e-01
-6.768319271199453313e-01
-5.178969691872968850e-01
4.798353725197173625e-01
-8.941621183509879112e-01
9.130752261048498131e-01
-1.482784352086662372e-01
3.300593857876656934e-01
-1.271319619437177861e-01
-3.354615108103619070e-01
7.136343367262024673e-01
-1.930083949400317467e-01
6.120434229672984117e-01
6.628487572397941952e-01
-4.309066512664908033e-01
9.114012948809674386e-01
-5.326345275860057127e-01
-5.520854262634169451e-01
6.832939680896766843e-01
6.308587037978194978e-01
6.271507033620846716e-01
-8.292628697095146828e-01
-1.311351500614754473e+00
-8.782084981858363504e-01
5.780201665876016914e-01
-2.867044719041051959e-01
-6.043354705290400197e-01
-3.448178683601110794e-01
-4.370048797636313931e-01
-5.817639203327973352e-01
3.783992341442795060e-01
4.007102688644557098e-01
1.246240670494101477e-01
5.191526668863148952e-01
-7.134203658293872818e-01
3.091868820491380232e-01
9.174244877138919563e-01
-7.729888863631594331e-01
-2.661214455549756885e-02
-2.008282527677915930e-01
6.906178336391725070e-01
7.765899896809977943e-01
-6.136911961134305926e-01
4.058442630466938539e-01
-1.156750315395707329e-01
-8.366565480657641718e-01
8.082328292389169555e-02
1.031803523034659831e+00
-6.543096766600859926e-01
-4.120297844203846260e-01
-2.647215074206099583e-01
-1.587369591788131140e-01
5.908243073528892664e-01
-5.740053212933275972e-01
5.233823275388652663e-01
-8.024069254518484406e-01
2.416762034919475999e-01
7.510934110582537793e-01
5.527819353553294901e-01
6.610137019491282295e-01
-1.160389981179649865e+00
-3.516862614194437020e-01
-4.490984578119880943e-01
-4.834516170273341906e-01
