-8.482478879726093055e+02
-1.000557066075973489e+04
7.896764349009865782e+02
3.063085443546842362e+04
-6.970993959066263415e+03
-2.406448914154821978e+04
9.269109754092294679e+03
-1.510635089018752842e+04
-1.428958193156224479e+04
1.921207114027143689e+04
1.908486592264380306e+04
-2.228915998364822372e+04
-3.430234376291187800e+04
-5.812692866997609963e+04
-6.802887468191473999e+03
2.363645410345302662e+04
-2.540151623817894688e+03
-4.354626269563498499e+04
-1.052295870716753370e+03
2.955771089280240267e+04
1.049252062293931340e+04
2.222664745551111628e+04
3.010396105155265104e+04
-7.546128822527211923e+03
2.136040466988437402e+04
4.936591509271194082e+04
2.771083952651677919e+03
1.870527773416080890e+04
-2.762362731666882496e+02
-4.508722355388032156e+03
-1.428095751126853975e+04
5.042793688933585145e+03
-2.300912935920220843e+04
5.012786306286169946e+01
-1.799782437909064174e+04
-4.382909473836539109e+04
-4.931048910403135960e+04
-2.173704676182553158e+04
-3.557418760120295337e+04
2.062810899236122168e+03
-2.280558866292349558e+04
1.561814213909339924e+04
1.443889585859110230e+04
-8.811604230950917554e+03
4.695990511128630169e+04
1.442588408117145491e+03
-1.284726482223933999e+04
1.391875473966479149e+04
-3.980651754761693883e+04
1.457746677407719471e+04
-3.432187318425452395e+04
2.250649727383530262e+04
3.661689473144144813e+03
1.530200849479006501e+04
-3.168076612723406652e+04
3.736500021873920923e+04
-3.285998870253518544e+04
4.828711223098363917e+03
-2.420123741190660076e+04
4.580804471890890454e+03
-2.488737809795985413e+03
-2.401284808630719272e+04
-4.749564914448540367e+04
2.465404641656211243e+04
2.221479497044979871e+04
5.203437719166820898e+03
9.596662983312144206e+03
-9.050865695918851998e+03
1.618550280235133687e+04
7.650003787615436522e+03
1.807401175236814652e+03
-1.527049372213682364e+04
3.025718129918600607e+04
1.752004313519611605e+04
-1.507229596343301637e+04
1.851219018351570412e+04
1.485529625244221825e+04
3.534873376694789476e+04
8.500312495127349393e+03
-1.743785417777120892e+04
1.561682417150322408e+03
-2.299394522710577803e+04
-3.732452381362701271e+04
-3.691719042831843399e+04
1.144969666457733001e+04
-4.078962766474671662e+04
4.357647058824665874e+04
3.191193664536580764e+04
5.552647949846057429e+01
1.458028569757898367e+04
-4.574695930330226838e+04
-3.244734125285003029e+04
7.750535616154614218e+03
-1.688392413111191854e+04
-4.809572756585346838e+02
-3.675805075257500721e+04
-2.156968925942119677e+04
6.762145567090326949e+03
2.638304012921526737e+04
3.189619302571483058e+04
-4.120723147278340184e+04
2.161127964316004727e+04
1.889397625711854198e+04
-1.927289164264334613e+04
-2.587589890460488095e+04
1.155381345156546195e+04
1.766948584095684782e+04
-1.831548409808709403e+04
3.934196634358588926e+04
-1.864040320083686674e+04
-2.239474950417984655e+04
1.270984054361183780e+03
-3.680113347732774855e+04
3.273689397197260041e+04
4.174114188518712763e+04
-2.238988859093923747e+04
2.748968808331198306e+04
6.303591804812046576e+03
-2.284988693262674497e+04
-1.062825162731375713e+04
2.856881156252315577e+03
-7.707319903850921946e+03
3.668248645099740679e+04
1.655591248065474065e+04
-2.662582729587660651e+04
-2.329514380807143243e+04
4.312296563620974484e+04
1.268621908423239802e+04
-2.437918739169406399e+04
4.553699471463426016e+04
6.156711168677496971e+03
1.180200501649261605e+04
1.518307347981005842e+04
-8.434339603269094368e+03
1.995228778857953148e+04
-5.140202808513744822e+04
-2.870571451735885603e+03
3.131287373202598974e+04
-3.481833614071262127e+04
-3.171136029614879226e+04
1.960612477616899196e+04
-2.959559364856386674e+04
-4.400320284465107397e+04
2.384394932063655870e+04
9.709337988170564131e+03
-6.045184495694742509e+03
-1.138936322640093749e+04
4.217890269031066418e+04
4.585209821926756558e+04
-7.940096562286247718e+03
-6.980242781321698203e+03
-1.021895358253609083e+04
-4.558789139179589256e+04
-2.513998639151462339e+04
9.113158192930801306e+03
7.462674917064467081e+03
-1.915987049505844698e+04
4.007721826070105453e+04
-4.845186279237694544e+04
5.569194819008159357e+03
5.761996395341672905e+04
-4.885284989427382970e+04
-1.108600399631245637e+04
-1.193685594305363338e+03
-3.432383751663913426e+04
-2.908288764001053642e+04
-4.024936049732678839e+03
1.124130689863031148e+04
-1.919221835029465365e+04
-2.445164194551228866e+04
2.076350463399112414e+04
-4.457009066438248556e+04
-1.891705516715554404e+04
-3.414480699803622701e+04
-1.264069184858621156e+03
5.178706365551238559e+04
1.267596473284790409e+04
1.726510648707587461e+04
1.305205300694621837e+04
1.874350759114253378e+04
-5.011168478167111971e+03
-2.424054935449493496e+04
2.149685912114460734e+04
-2.584883672044294508e+04
-5.000109521170175867e+03
3.703142098752718448e+04
-2.920215348870820890e+03
-2.981770295276719480e+04
9.396104603293950277e+03
-5.020906645848542394e+04
-4.714855319239942219e+03
-1.844510939476829662e+04
1.350025375756852372e+04
-1.397667915171080313e+04
2.780729713322672251e+04
8.162880898987254113e+03
-4.449089522148638935e+03
1.409875272489872259e+04
1.556253331843017440e+04
3.604488622215152282e+04
1.324192936442891187e+04
-1.226601335169386948e+04
-4.049341807962706753e+03
2.866658384080412361e+04
-1.813657253381023111e+04
1.360896137617097884e+04
-2.992228255399012050e+04
2.247045273397228448e+04
-1.464122210521994020e+04
-2.362821380147264063e+04
-2.978810233114130824e+04
2.208988006433753253e+04
-1.855469481560479835e+04
-7.290284054945854223e+03
-3.257471725215582410e+04
2.829939635449112393e+04
9.602406990955867514e+03
1.879649164273192946e+04
2.772421443075111529e+04
-3.647123455685703811e+04
-5.623315260336072242e+04
-2.058940571835313312e+04
9.870753339351209434e+03
2.165893501224158899e+04
-3.335183549269921787e+04
2.203861085201844980e+04
-2.265085620872263462e+03
-3.040303928434491354e+03
-1.228985120773200470e+04
6.121578100167498633e+03
-1.219426058418872344e+04
-9.691373297757472756e+03
-2.474101952479970350e+04
4.570602979447451798e+04
3.600285710001567350e+04
-2.354514738512066833e+04
4.046005779680897103e+04
9.242567829993877240e+03
2.558363039620549443e+03
6.883659800774766154e+03
4.369751035150202370e+04
-1.897150012786661318e+04
6.008080970413111208e+04
-2.872897182433001717e+02
-2.242708725127064827e+04
-4.214883231140458520e+03
1.336186151919296208e+04
-4.666007881283308052e+03
1.411344436583553943e+04
-3.748400226323850075e+04
-5.794379515842684668e+03
-1.773259434317849446e+04
2.407851360333389675e+04
-9.484514298842294011e+03
1.145295085529993412e+04
-2.432806588190280308e+04
-4.105125821613020526e+04
-6.564656556809253743e+03
1.440289250336108125e+04
-3.800386952768980677e+02
-1.159415480338491216e+04
-3.127487617176951971e+04
-1.339259202691985229e+04
4.235398816653498216e+03
-2.285687451585390590e+04
