-6.646385888826726296e+04
6.839293105442176056e+03
6.377710331097782182e+04
-1.095088973206566334e+04
1.501940602243873218e+04
-1.581975732161094493e+04
6.198154416900385695e+04
9.703233187831456235e+03
1.954186295042851998e+04
8.751431910362913186e+03
-2.453447277390785166e+04
8.243792730356324682e+03
5.933266556934194523e+04
-3.177536797447800564e+04
4.655245873663797829e+04
-6.000951036665573338e+04
-2.120141931385102725e+04
2.355510578799198811e+03
-1.986523059262787137e+04
5.655869410940949820e+03
1.135625813647772702e+04
-1.805084390954595847e+03
-5.319904975455888780e+04
1.679420112208052888e+04
6.817908038160516071e+02
4.521171759038259188e+04
1.632232667904402842e+04
-2.047001674603320498e+04
3.109884914998569366e+04
2.273136600114134853e+04
1.793738000299774649e+04
4.825572627116335207e+04
-2.881585318376897703e+04
7.523777794879427529e+04
2.039644083435842913e+04
-4.097395887146630412e+04
-4.997193184547502460e+04
-1.457360288287391450e+04
-3.488765676478770183e+04
-5.396969297847683629e+04
4.916648673177845922e+04
5.428182819295351692e+03
6.010144855074028783e+03
2.119881046021746806e+04
2.538816642390743073e+04
-5.208993211509662069e+04
7.238134499514075287e+03
2.339882721027703155e+04
-4.977431438452924340e+04
-1.793063111140084220e+04
1.000628267277657505e+04
-1.089241380541577200e+04
5.183598994886732544e+04
-6.110747163450467269e+03
9.233297795248910552e+04
1.062779416243325250e+04
1.245149218155862036e+04
4.126123816912269103e+04
-2.435977668949022700e+04
5.332242412941371003e+04
-3.229706200354483826e+03
-2.076342890959213037e+04
-2.374809749453284894e+04
-1.585176854865906307e+03
2.841917030363936283e+04
3.049998422841098363e+04
3.996812550968262804e+04
5.775408363889226166e+04
3.919109647326418781e+04
-4.365458442834929883e+04
-3.449670322913629207e+04
1.604034532896952987e+04
2.797851120869232545e+03
-4.201642830648197560e+04
-1.346968103215823794e+04
1.124956723027214821e+03
1.617709894918925556e+03
-6.033370595805603807e+04
-2.573868213698530235e+04
1.690686901466333074e+04
-2.383180638917734541e+04
-8.110927378140646033e+04
-1.005435861355873749e+04
1.678578190329504650e+04
1.381226412718446591e+04
-1.353259508010209902e+04
1.561098636186314070e+04
1.095376620833870948e+04
3.093665053201177216e+04
1.551898736881588957e+04
-3.679411100946726219e+04
5.556277452620909025e+04
-2.067215372298800503e+03
2.884439246654214730e+04
2.810121231620151593e+04
7.094236059495883819e+04
6.892155803191461018e+04
4.226586121130750689e+04
-2.385913031318079084e+04
-3.397159178239978792e+04
-4.986909505105291464e+04
-2.390347020810616596e+04
-2.069802162880527612e+04
-4.030417783164168941e+04
3.149004177150236501e+03
9.816950504985255975e+03
8.531124138120841235e+04
2.716890581793930323e+04
6.008920250269065582e+04
2.024826090880838819e+04
6.959446354971877008e+04
-3.356810177986197959e+04
1.794496315330532980e+03
8.858671638626523782e+04
3.045774357488774331e+04
-5.504827444015468245e+03
-4.815690908120488166e+04
-2.464600285007239654e+04
8.442919022642947311e+03
-2.763621599248447819e+04
4.213633696504770342e+04
-4.526058381703923806e+04
-5.549569626799123944e+04
4.636284316193774430e+04
4.848568297386349877e+04
6.932733535508454952e+04
-3.566338785428491246e+04
-4.501208235307614086e+04
6.613475142453184162e+03
-2.006512682558065353e+04
4.279975874298042618e+04
-4.327208593711911817e+04
1.123729594860873840e+04
3.313257377826086304e+04
-3.195683405901485094e+04
3.439459817298142298e+03
3.860921581343516300e+04
3.299093858451979759e+04
-8.409752827068024999e+03
-4.260881013131369400e+04
2.130964763827163188e+04
-5.090926747280613199e+04
9.993923563228388957e+03
1.071382815150671013e+04
2.699274196673558617e+04
-3.437326232759712730e+04
-8.387934858944587177e+04
2.652402557561764843e+04
1.844400228096814681e+04
4.424083437625697115e+04
1.444197011419352384e+04
3.327368122202735685e+04
-1.931666180113039445e+04
-1.429787376938254965e+04
-4.757489198872254929e+04
-2.423942183757599560e+04
-6.086058156529172265e+04
-7.945707229674908376e+03
-9.998911079410465391e+03
-7.678185605361461057e+04
-5.652880490315251518e+04
4.932055376352035091e+04
-2.508443728413962890e+04
-5.454036566367388878e+04
5.453498833369290878e+03
3.405423322398531309e+04
-2.884846919702084415e+04
1.056399488417964858e+04
4.152746604601928993e+03
3.252707990436278487e+04
4.057165191301747109e+04
2.277751493267705155e+04
9.089964082065442199e+03
-5.190035432736114672e+03
7.176287859762327571e+03
-8.180031216209911508e+04
2.882177349899773253e+04
6.243712848108342587e+04
-3.872487706950118445e+04
4.797295560088220373e+04
-1.340703643245822786e+04
1.730753098999913709e+04
-4.193777089175107540e+04
-1.004225314802807407e+04
6.292990101458053687e+04
-1.909331265444374003e+04
-4.035304282819508080e+04
2.001177613157328233e+04
4.225549548384099035e+04
3.252730731732336426e+04
5.290379722413600393e+04
-1.510243638808949436e+04
4.513480545387928942e+03
-2.579843152927547999e+04
6.465468555364680651e+04
5.251237144651522249e+04
-1.159980117622328362e+04
-7.094546459912919090e+04
-6.438873526720548398e+04
6.523787108859559521e+04
2.208246255391790783e+03
-2.063608596418680463e+04
3.778870816062846279e+04
4.355772865069156978e+03
2.400902459172063755e+04
-1.030351221979801812e+04
6.524386879540841619e+03
5.818413681295561400e+04
-4.926933845429756730e+03
8.070129165465164988e+03
6.775364362640785657e+03
1.119145624014971327e+04
-3.283252205413715728e+03
1.112657285739282088e+03
-4.808104045831271651e+04
-7.670043264464299136e+04
-5.680787202580450867e+03
3.486866380195679085e+03
-3.624431500396328192e+04
-1.701067332132633601e+04
3.210317751885003236e+04
3.034897604855965619e+04
6.238730559669093782e+04
-5.820569760458747623e+04
-3.383614001997601008e+04
4.837225790378664533e+04
-4.115430438680833322e+04
-8.179191927180380844e+03
-2.354454125178946197e+04
-3.648756276354144939e+04
-6.220032606214348198e+04
-7.393972261451351187e+03
5.921627178641506180e+04
3.085620982665401607e+04
-4.328007381870622339e+04
5.210703333050209039e+03
5.349248015582565131e+04
-2.562046486320969780e+04
-3.260428936364489709e+04
-5.171433438669545285e+04
-8.103239198325180041e+03
3.981611769701619323e+03
-4.491124550735150115e+04
4.550818073022588214e+04
2.182204011530970820e+04
8.014429514898157504e+04
-9.237169898014690261e+03
2.491247217872919919e+03
9.071814831391851476e+04
3.676629946498684149e+04
-2.142513759567610396e+04
7.830625585903185311e+03
1.495460475505874820e+04
-4.313340164119807014e+04
-4.541014402236058231e+04
-2.822114969652066793e+04
6.905241036640023231e+04
3.032407645513463285e+04
-2.421225571590123582e+04
8.287002092673289008e+04
5.005955121699810843e+04
-3.529984973394597910e+04
-1.945433991696580733e+02
-8.851851850795193968e+03
-4.412460358689560235e+04
