-4.300685294435604010e+04
8.175316177822240570e+04
-3.642661459868073143e+04
-4.557332737316757266e+04
-3.374214839294271223e+04
8.275749891381154885e+04
-6.464097834458311991e+04
1.033147478847713319e+04
1.228548433946873047e+04
3.535078113234343618e+04
-8.044250354690634413e+04
2.579361752488066486e+04
-8.722790674177366600e+04
-5.776787343742747908e+04
1.911268786330202420e+04
4.502825371703362180e+04
2.305029654253407716e+04
-5.496580833407129830e+04
-4.428670367058992997e+04
-8.835841149040743767e+04
7.818921653051022440e+04
3.511164526865827065e+04
-5.013882886480151501e+04
4.044221449083462358e+04
1.051990947707601481e+04
-2.589474795995595559e+04
6.192807184763086843e+04
-9.323802440355412546e+04
-2.927197634172238759e+04
-6.114373601307698846e+04
4.995164461849781947e+04
6.877627960669889580e+04
1.107104351151053743e+04
4.750045399436865409e+04
-4.453856876416930027e+04
9.196505692567984806e+04
-5.473746512552129388e+02
3.115945989880946581e+04
8.750608189485271578e+04
-8.059643801385919505e+04
-3.820683015743466967e+04
-9.308415216948158923e+04
-5.134729044740912650e+04
6.549285988864622777e+04
3.592306224286097131e+04
-3.383626889220998419e+04
1.895832420500873195e+04
-7.319106462613028998e+04
-6.932635628728156735e+04
-8.320069721188215772e+04
3.924491353016176436e+04
5.071646017643417144e+04
-5.479371687447913428e+04
-1.262086208812928999e+04
2.366056385081625558e+04
8.790489945123974758e+04
4.785891602252906887e+04
2.041182861528860667e+04
5.902050334048494551e+04
-6.190766415628379764e+04
1.247816203301957285e+04
-6.369447738425435091e+04
1.762909869910281122e+04
6.939441604183387244e+04
7.175734668958139082e+04
-2.381673265391993482e+04
-1.205064191027644711e+03
8.912238061463105259e+04
-6.072589968363385560e+04
2.309448131366300004e+03
-3.398625879639382765e+04
3.061112674660005359e+04
2.771392626746764654e+04
-1.681665618593223189e+04
-2.815009131676338802e+04
8.212806131829365040e+04
9.061014903452190629e+04
-3.447549607650552935e+04
2.645919007239058192e+04
-4.617739611915088608e+04
-1.034364269013261946e+04
5.847812847134652111e+04
-5.334736483544483053e+04
-5.689616527086052520e+04
-4.646940364715964097e+04
1.149230790541140050e+04
-8.835805836488968635e+04
-8.042243824005233182e+04
-6.133921608551660029e+04
-5.169411642649521673e+04
8.982461236470939184e+04
-2.325527446313529435e+04
9.752965925021087969e+03
4.023933670332014299e+04
-2.300401538543589140e+03
9.939674143226654269e+04
-4.371173753493764707e+03
-1.593233099211552690e+04
-7.502676674962059769e+04
-7.473446590826525062e+04
-3.912034358300724125e+04
-6.379482974220463802e+04
-1.276812658594628010e+04
1.825586686142266626e+04
-4.977561143087522214e+04
8.716431080850130820e+04
4.717697134103066492e+04
-7.036521919223450823e+04
-6.290883831107846345e+04
3.844774754235426371e+04
8.774867840412932856e+04
-2.718493467978799163e+04
8.533314427434161189e+03
-3.531896216769068360e+03
4.544710193521330075e+04
-9.077094673097657505e+04
-9.246721968718880089e+04
1.933045563400532774e+04
-4.720734280114996363e+04
2.600795296972891083e+04
2.189656097849217622e+04
3.226683868785982213e+03
3.389725528155743086e+04
9.125290966213366482e+04
3.002344316378810618e+04
1.316636548080421380e+04
-7.798271740336675430e+04
5.323777442486483051e+04
-1.646099980977117229e+04
-3.520251647175228572e+04
-8.263352863913530018e+04
8.902224121426360216e+04
9.682463339699945936e+04
-8.396635277809623221e+04
-8.020691569546614483e+04
9.332798226823085861e+04
8.873069634028057044e+04
-4.684879052065761789e+04
4.605497847270562488e+03
-4.042528203218845010e+04
4.553006644376099575e+04
-8.667333707677994971e+04
-2.430773334594568587e+04
2.894596910496483542e+04
-6.029772085062148835e+04
2.576231020651461949e+04
-8.847858069805798004e+04
9.579379022247291869e+04
2.398495946775441189e+04
-8.439797918916474737e+04
6.786210883598685905e+04
5.406348588030548854e+04
-7.410011713608320861e+04
-8.129385322402544261e+04
5.989809231610532152e+04
-6.884041933116558357e+04
-6.918865838050120510e+04
-1.562144984608874256e+04
2.496762994329751018e+04
1.829565478272426844e+04
7.410684868220899079e+04
4.962622917273544590e+04
1.991002268813506089e+04
4.033609825688628916e+04
-9.669847348404638979e+03
1.949895341979352548e+00
-7.929773106937494595e+04
5.747724152334086102e+04
-9.932875899816153105e+04
-5.970083743850097380e+04
-2.634787561578747773e+04
7.656109900164643477e+04
7.136623762090693344e+04
-9.967199750811972990e+03
2.827458708396768998e+04
-2.229245919921021778e+04
-5.131021887833696383e+04
-7.231148564788897056e+04
-4.533634583875232056e+04
-7.701931903570012946e+04
4.402431425625400880e+04
1.470946365010057161e+04
3.540763634433775678e+03
-6.377930272817410878e+04
3.222168608102028156e+04
1.908334077229476679e+04
-7.052781127859762637e+04
1.139608304901449992e+04
9.648885327046606108e+04
-2.827953327333168636e+04
-3.572185437286427623e+04
8.913463273774027766e+04
6.467638087466428988e+04
7.895652824261962087e+04
1.753786609002386831e+04
-7.065732668435238884e+04
-1.422703745958657237e+03
-9.814787823436144390e+04
9.440373208505681760e+03
8.241981129611069628e+04
3.492980999179425999e+04
5.144817515929014189e+04
-7.961205513793305727e+04
-5.371521908087803604e+04
-7.937517180612498487e+04
1.669994781906184653e+04
-6.680531696360468050e+04
-2.226126713545333405e+04
-2.880606445247799002e+03
-6.948728416229118011e+04
-7.026755979840231885e+04
-9.132383767492332845e+04
-9.676147469679282221e+04
-6.973640505296156334e+04
5.364589123154670961e+04
-1.596132297735072643e+04
-3.466899367987949518e+04
7.523984574341798725e+04
5.717305343349633768e+04
1.873034056252683513e+04
-2.422689897140322500e+03
6.576934235032873403e+04
5.481054039876245952e+04
-9.627199482735906713e+03
-8.171938554459226725e+04
7.552581847786929757e+03
-1.022911972824353506e+04
3.977483883528072056e+03
7.988149697493920394e+04
1.717943221506224290e+04
5.758422752288185438e+04
7.520997562121681403e+04
7.528502054417677573e+04
5.180894162725902424e+04
8.989259214321906620e+04
1.933677462388361891e+04
1.616954524515356979e+03
6.345560662904266064e+04
3.955924627809333469e+04
3.398007583779001288e+04
-6.576693051985547936e+04
-1.065458961233495393e+04
-6.567116244485730022e+03
1.549815245100526226e+04
-3.016504248767457830e+04
2.096600290951636634e+04
1.398096510330539786e+03
2.658701292408677909e+04
3.678638991019577952e+04
7.087535099592417828e+04
7.127024450339699979e+04
-4.756229858787801641e+04
-1.851395956284552813e+04
4.466283430345678062e+04
6.474020127641287399e+04
-8.305441572605252441e+04
-2.978116452910405496e+04
-6.070672854430240113e+04
-2.966657432476968461e+04
9.323675285060497117e+04
9.810703708533420286e+04
-4.519947135095442354e+04
-9.908001062144890602e+04
3.214746434671102907e+04
4.945066370746361645e+04
