-5.208139183297510317e+04
8.161121217525813336e+03
-7.042540400674739431e+03
1.245348056764317334e+04
6.673117157301733096e+04
-4.239595549548454437e+04
-9.890594249307864811e+04
-7.369232434374638251e+04
4.102569256885589857e+04
3.192316924023438696e+04
-9.570052407282702916e+04
-2.299673254058074235e+04
-8.342662419789530395e+04
-9.666841389775596326e+04
6.576375183786592970e+04
-1.811329545696046989e+04
-9.831834624997341598e+04
-7.040620687854480639e+04
3.723416599212063738e+04
2.100945830896305779e+04
2.413062280902525890e+04
-1.957059208878861318e+04
-5.613483269824536137e+02
-6.912789267194842978e+04
9.939440926255391969e+04
-1.822188427054146450e+04
-1.868473671263976212e+04
-9.175877813463262282e+04
-2.544233450493865166e+04
-6.477309322984395294e+03
2.703283915581163819e+04
-9.494473009062778146e+04
5.869444028135563713e+04
-1.324045801369847322e+04
-8.753466351400411804e+04
-4.834925818302317930e+04
-3.403619829424790805e+04
9.554012563255902205e+04
3.664964423537035327e+04
1.041215471078520295e+03
4.633983885756860400e+04
7.373753264363974449e+04
2.968720747349860858e+02
2.873303032253411584e+04
-3.311487773318310792e+04
5.900336634357456933e+04
8.917873122888118087e+04
-7.287601215444167610e+04
9.496914808220019040e+04
4.770039957017374400e+04
-6.209448793857021519e+04
5.172920643197352911e+04
4.373692474089872121e+03
-2.164893778334141814e+02
-7.798688422724431439e+04
7.071360584461991675e+04
3.024092675717412931e+04
-3.638733669198177813e+04
4.192699860635698133e+04
-6.057637309374786855e+04
7.696269082223522128e+04
-8.576745326400878548e+04
5.417922948664554860e+04
-9.253532059348719486e+04
-9.508840999745269073e+04
7.515386900283812429e+04
-4.265865360691599199e+04
-6.165804185076375143e+04
5.917629228103080823e+04
2.185454251741121698e+04
4.386233228738311300e+04
9.066545137806383718e+04
-9.304280046931389370e+04
-5.671713664931837411e+04
-3.981437540249263839e+04
-8.266960425486959866e+04
-6.853576509517090744e+04
2.500374562282008992e+04
-4.853182101685507223e+04
2.443154520504437824e+04
-9.401881563463155180e+04
-5.226920021204288059e+04
-5.534240981807781645e+04
-6.846290024167980300e+04
-2.826040591421713179e+04
7.908001398655312369e+04
-5.870709352175631648e+04
2.346557059117990502e+04
-1.630829513718209637e+04
-4.635900319575156755e+04
-5.099936913637492398e+04
7.968074267584430345e+04
6.388397620490475674e+03
-1.078833240939724601e+04
6.268218187861701153e+04
-9.870359372991327837e+04
6.604879212283986271e+04
2.145484862493105175e+04
-1.816064001690036821e+04
6.011755566226867813e+04
3.586029621785868949e+04
1.954618338064015188e+04
2.396229141789613641e+04
7.682735622841784789e+04
9.715122498221951901e+03
3.555466945385049621e+04
-9.229570539216441102e+04
-8.386078545796559774e+04
-4.723059250232877821e+04
-6.837952457979586325e+04
4.913049558083662123e+04
4.712216663525337935e+04
-5.530538031245351158e+04
-2.735399076232405787e+04
6.038182742659458745e+04
2.326380545399166658e+04
5.724871859407926240e+04
8.655871337393213253e+03
-8.259158938348602533e+03
1.100953817593568056e+04
-1.018599847248900551e+04
-6.715295900803523546e+04
5.470906362256660941e+04
6.501200200139229855e+04
2.167739109087771430e+04
6.774269011809768563e+04
5.786062309270734841e+04
8.794432697232380451e+04
-7.950372630366600060e+04
7.125015890658803983e+04
8.254200820447986189e+04
2.119228434434512019e+04
9.221272373221290763e+04
-4.329636349187460291e+04
9.127508119628056011e+04
-5.930198728646376549e+04
-7.440087731322337640e+04
-1.484371689970197622e+04
2.758898827685761717e+04
-5.882704176090031979e+04
-2.908613877063697510e+04
8.348559016554047412e+04
6.425140416278590419e+04
-4.085266653600163409e+04
2.037577334864825389e+04
3.396902242612799455e+04
1.585608124342869451e+04
5.157415943188928941e+04
-2.657662542411543200e+03
-3.965589246293032920e+04
-3.746966588741604210e+04
-3.647457158637423709e+04
-6.101630162454758101e+04
-9.505622619393467903e+04
9.351798704809726041e+04
-1.442842821714458114e+04
8.219922957896873413e+04
-2.856678485526989607e+04
8.953702089843677823e+04
6.993059157936001429e+04
5.034918775868876401e+04
2.516640199600265987e+04
-2.111826449896901613e+04
9.415157334917565458e+04
-3.073803817031253857e+03
3.113111020301643657e+04
8.421582870700530475e+04
-2.584546246543603411e+04
7.861426763918650977e+04
-4.094238003550136636e+04
-7.019853932456375333e+03
-8.762598522828838031e+04
1.461640029012580271e+04
3.623995804011531436e+04
-6.461237468745070510e+04
-4.105370133122352854e+03
-7.750998033188105182e+03
-7.214037924729735823e+04
-6.375703342094530672e+04
9.073198956676335365e+04
3.285431881133560819e+04
2.011475317361675479e+04
9.267506023410534544e+04
6.017088177683936374e+04
-2.886884874031185245e+04
1.105944677104384573e+04
5.411549876496221259e+04
-7.091915797642807593e+04
-4.341288305634944118e+04
-5.924560956982207244e+03
-6.392736042074936267e+04
4.776812265948295681e+04
1.759040836451315408e+04
-7.290089767598775506e+04
3.395078333887354529e+04
-6.767904455011029495e+04
-4.161859487099757825e+04
-4.308757973296792625e+04
-6.120392495254146343e+04
5.389514113448909484e+04
-7.119746121338414378e+04
1.758452088644633477e+04
5.775758452159830085e+03
-5.927310681734481477e+03
-4.964057780193670624e+04
4.804062666111369617e+04
3.188339162819213016e+04
1.848309882118678070e+04
3.266432917052623088e+04
4.413434693314367178e+04
8.215683722566343204e+04
3.227511241805963800e+04
-4.600672899825248896e+04
9.073797983344635577e+04
8.111621558983474097e+04
9.194169968817372865e+04
-7.616290356779684953e+04
-2.313752325936694251e+04
3.351284749654306506e+04
6.368694144320080522e+04
4.572305802142563334e+04
-4.117959682499598421e+04
-4.883118331102989032e+04
7.798087710132243228e+04
-3.713907107900535630e+04
-9.150561679799249396e+04
4.188629128521110397e+04
-2.904315729669031498e+04
5.875259283877239795e+04
-7.523313756394987286e+04
8.085209237695503361e+02
2.537028008767413849e+04
-9.295330647076928290e+04
-9.310876913356583100e+04
-7.421617327702998409e+03
-4.917154142846796458e+04
-1.259619898869902318e+04
-2.744072109177498351e+04
3.176229878352697051e+04
-6.011155194481452781e+04
4.866875571708117059e+04
9.992122534391784575e+04
9.309489989165014777e+03
7.955979008821844764e+04
9.167560192785414984e+04
3.641831346971631865e+04
9.758819158066911041e+04
3.510949800965984468e+04
2.441029734024727441e+04
5.485048693667905900e+04
-8.095806433518133417e+04
2.060782950355126741e+04
7.470947748692332243e+04
2.725348549675420509e+04
-9.011241404847954982e+04
-6.508095839894948585e+04
3.736357360137212527e+04
6.601681131179236399e+04
-8.294890926656402007e+04
9.693616821296962735e+04
-1.036538395272983325e+04
7.634980860714903974e+04
6.537943106988716318e+04
-7.863345317473597242e+04
6.020896478347144694e+03
