1.944484620875629116e+04
6.106884540284347167e+04
-4.386979619596403791e+04
7.453472177960400586e+04
-7.094148729584665853e+04
4.404262879493539367e+04
-5.606942150835579378e+04
-2.984563794580474132e+04
-9.629746606011626136e+04
5.780034975608379318e+04
-9.892850565840475610e+04
7.428959872842200275e+04
5.311619286018011189e+04
7.091700332707552298e+04
-4.693575916451065132e+04
6.919615252266038442e+04
-4.377847564802889792e+03
-7.315449031005520374e+04
-4.005644464104368672e+04
-1.503652158295409572e+04
6.229404106541345391e+04
-2.725859555929445196e+04
-5.266399012196631520e+04
-2.880178389644509662e+04
1.983466396437581352e+04
-6.863200098868882924e+04
2.547197734840824342e+04
-4.100285698374611093e+04
3.791976538138740580e+04
-1.512144221087094411e+04
9.401196031177672558e+04
8.632869328434487397e+04
-2.970168106267568146e+04
5.861126966209946841e+04
-9.473469562922720797e+03
-5.837243078242149750e+03
-5.684658817440773419e+03
5.364483649866085034e+04
9.066533936042540881e+04
-3.628624562356485694e+04
-5.469195183297080075e+04
-8.797626187096227659e+04
-3.841573930210267281e+04
-2.161003808396625391e+04
-6.592274077072815999e+03
9.850695041957517969e+04
-7.506397400915710023e+03
-5.464230151151637256e+04
1.229033130507700662e+04
-4.432214408494655800e+04
6.380586023760929493e+03
-2.969831156112966710e+03
-8.078388774538051803e+04
6.066165475930785760e+04
-5.454877372097318585e+03
7.091381607632200758e+04
8.307377654175301359e+03
-8.041641947404159873e+04
9.474849418923561461e+04
3.007957063497101262e+04
4.439814284826513904e+04
8.573202992933044152e+04
-5.209957804393285187e+04
2.623241941340436824e+03
-4.733625146819271322e+04
1.636631825324281999e+04
6.704795609178759332e+04
-6.791613824771107465e+04
7.218215322142570221e+04
1.930049396277372580e+04
-3.623693984043905220e+04
-7.510914518101932481e+04
4.337487560043192934e+04
3.365341266510362766e+04
-8.590072009822857217e+04
5.087585237851112470e+04
6.106598188849791040e+04
-3.606522495260486176e+04
-8.661311706488784694e+04
-4.149244935339789663e+04
-6.775800590493671189e+04
-5.196450021641499188e+04
-2.760298725956978160e+04
3.372705129715468502e+04
-7.068751767346101406e+04
-8.611805552395775521e+03
-3.105651819240882833e+04
-4.773909989517938811e+04
5.810486263259976113e+04
-5.490517880518109450e+03
3.868388791072872118e+04
-2.939969701590060868e+04
-8.371211602456707624e+04
1.690593489902319925e+04
-9.003710140789525758e+04
7.458450121425036923e+04
4.592267014721230953e+04
5.136880432465456397e+04
-3.802997440389374970e+04
-7.955301556042660377e+04
-7.901903216858769883e+04
-1.102334934002744194e+04
-4.773973351104287576e+04
1.590463270896791619e+04
4.497925087197116954e+04
-9.330723474721552338e+04
8.007498911419065553e+04
4.648165557587429794e+04
5.838237579498855484e+04
4.672622322118109150e+04
-5.074197993259830582e+03
9.868625003373619620e+03
1.429770428267120769e+04
-6.156013208204410330e+04
-9.725546967261117243e+04
7.961566585627937457e+04
2.567984584185638596e+04
-3.923793487879498571e+04
-3.526526772848334804e+04
8.647011654333749902e+04
-3.407180294646442781e+04
-9.599175804598891409e+04
-1.446557937876050892e+04
-8.680299601269463892e+04
2.040779746545202943e+04
-2.883825788353723328e+04
2.769802061058184700e+04
-6.231251268143266498e+04
1.753032341729931795e+04
2.970995597012808139e+04
6.474371146966979722e+04
5.269630526541021391e+04
-6.121797508132039184e+03
8.524953374894661829e+04
6.125529023554888408e+04
-6.078376106429946230e+04
4.130745641050709673e+04
7.062914820518471242e+04
2.623857946087972232e+04
9.556893254226156569e+04
-6.721372944130831456e+04
-7.787472893455598387e+04
4.560349768550702720e+03
-6.266263393890810403e+04
-7.015028231378718920e+04
-5.211032038642111729e+04
-9.844558347951411270e+04
1.749631325432988160e+04
5.502046038704144303e+04
-3.680240210229532386e+04
9.748719891634369560e+04
-1.655265198410968196e+03
2.922148128892871318e+04
-8.761075566188318771e+04
5.730777208567632624e+04
3.857402699388624569e+03
2.102015672347230429e+04
1.048409689036237296e+03
-1.925399666372891807e+04
2.898008125680606463e+04
2.750781113871257548e+04
-4.539891872961941772e+03
3.097741483074435746e+04
2.933430175774082818e+04
9.118371299653199458e+03
-5.627049093724416161e+04
-2.665075424263013338e+04
6.632707484719785862e+04
-6.677986108815787884e+04
-5.464397994775583356e+04
-9.383491952244837012e+04
3.194994595786316131e+04
-4.509410069647419732e+04
-1.449289325614501831e+04
2.398526153996221910e+04
2.870822021574748942e+04
-8.539220124631719955e+04
1.177080742203028421e+04
5.000486851268792088e+04
8.854718197672895622e+04
-7.690980632084124954e+04
1.543735052278911098e+04
-7.654977398928646289e+04
-1.072915408234797178e+04
-4.688673989756110677e+04
-4.824632291786756832e+04
-5.181807508494494869e+03
5.743006852532621269e+04
5.876028033909095393e+04
8.597425868570398598e+04
-4.540639884896474541e+04
1.421468711440567495e+04
7.524944157933683891e+04
5.614954403665247810e+04
9.957379908801519196e+04
2.787655308771647469e+04
5.712328280062591512e+04
-8.753476794138745754e+04
-1.927191326473955996e+04
-8.609785600883299776e+04
7.418926396080032282e+04
-7.320019465387251694e+04
-2.288763840066164994e+04
4.371533134455921390e+04
6.595006587347672030e+04
3.141667173380483291e+03
4.028961982648522098e+04
6.427336312466631352e+04
-3.230331115249005234e+04
4.916298185746810486e+04
1.850243415011420666e+03
7.110001759997058252e+04
3.925745691150003404e+04
3.274135925937108823e+03
-5.690332939171561156e+04
8.472162531533044239e+04
-9.779332046910475765e+04
-6.623446355529662469e+03
-9.094612694765292690e+04
9.242926735454735172e+04
5.206299131448259868e+04
-2.832594027667381397e+03
-5.881474286419952114e+04
-4.086725465193471609e+04
-9.409021899385403958e+04
2.464130838047333600e+04
-1.190303015426240381e+04
-1.110111140768661062e+04
-6.178314778568973998e+04
7.198282516434890567e+04
-5.791442673853597080e+04
-5.834974666274047195e+04
6.767713837209808116e+04
3.139164615847359528e+04
5.441321552553965739e+04
8.301490728882342228e+04
2.891616373333268348e+04
9.844016410400159657e+04
8.440236549932397611e+04
8.661844842065466219e+04
2.647093774462742658e+04
-3.958406560501217609e+04
-7.502006555444579863e+04
-2.144472133101112195e+04
-5.080304879485712445e+04
7.306261142154806294e+03
6.082329057930527779e+04
-7.516443021961017803e+04
4.875895451242635318e+04
1.274177093832640458e+04
8.944540989490618813e+04
9.967294357569773274e+04
-6.458050418774281570e+04
1.526594329111756633e+04
1.678217000122159516e+04
-4.205289134276386176e+04
7.117545011214658734e+04
-3.038187072415275452e+03
2.232443880124782299e+04
-4.161384552948341297e+04
-8.503433543516934151e+04
-9.628896564421633957e+04
-4.989511250194483000e+04
-1.910597744063410209e+04
2.552211636578983598e+04
