-8.953099021762254415e+04
5.699388626524704159e+04
6.899576584388663468e+04
2.043851920220973989e+04
-1.766991817852995882e+04
-3.383360163576352352e+04
-4.466952655944084836e+04
-9.203279818310070550e+04
2.024779218415522109e+03
-5.656938436402587104e+04
-3.124971748078339078e+04
6.159615815441774612e+04
8.788100999477069126e+04
7.817078447796782712e+04
-6.312243856933074130e+04
-1.980987187001598431e+04
8.766532739443489118e+04
7.962575088732126460e+04
3.936707684765602608e+04
-4.436799012671503442e+04
3.283054002538843633e+03
-3.228680094976683540e+04
5.381752673484632396e+04
-3.002448991369912619e+04
-6.885900952750521537e+04
6.695023082571059058e+04
-1.909857169244333636e+04
-3.254308856489116079e+04
7.520689548356957675e+04
4.694841003606800223e+04
-6.110037173359606095e+04
9.436008737803797703e+04
5.912096385014180851e+04
1.908925395508758447e+04
-4.898894844495813595e+04
7.455113438853123807e+04
3.646507027738512079e+03
8.096844524495068981e+03
-4.980171704402675823e+04
-2.877799629832563733e+04
-4.003931526031822432e+04
-1.435020356319799612e+04
4.152905267543495575e+04
1.739992186132397183e+04
1.114243291235639299e+04
5.919710450676509936e+04
-8.682814113980985712e+04
-9.755431950269699155e+04
-6.448522243014349442e+03
2.564690053997419454e+04
6.790040468880925619e+04
-3.707166060507012298e+04
-4.220311572780708957e+04
-5.481901909629440343e+04
-2.892662109709862852e+04
3.272300451450277615e+04
1.290514801120321181e+03
-8.382012179588696745e+04
-5.569013896452399786e+04
3.714722489634996600e+04
9.484054880758987565e+04
6.470911047284222877e+04
-1.221137308706667864e+04
9.886942703134109252e+03
-6.761541448124244198e+02
3.593614564435481589e+04
-6.889821202114246262e+04
9.300465803751634667e+04
-9.042047371090098750e+04
-3.882966750133535243e+04
8.079775610605720431e+04
-3.074195169533862281e+04
5.790334540565059433e+04
-4.742032716742079356e+04
-6.349972921962634427e+04
6.637938151054016998e+03
-7.395753648607926152e+04
-6.756519165878454260e+03
7.492411147403693758e+04
-9.022669457101212174e+04
-4.838392557578598644e+04
-8.092560157256026287e+04
1.279719873578880470e+04
-7.490232889052786049e+04
8.360609304650792910e+04
2.702650884223396133e+04
2.796737267270394659e+04
2.799079421046771131e+03
-1.479077299765667988e+02
-1.976165447068734920e+03
3.550545741802907287e+04
2.972076742901850230e+04
3.399196285693672689e+04
3.475572858454279049e+04
8.887966289638205490e+04
-3.158461981480564282e+04
-6.445629795227845170e+04
-1.741300807704790350e+04
-6.245390149758864573e+04
8.964582856619717495e+04
1.891716145175337078e+04
-8.609413913408944791e+04
3.302400974729951849e+04
2.519849705170341986e+04
6.004465093580964458e+04
8.944515890859944921e+04
7.585089610499462287e+04
-9.344481719300296390e+04
-8.250374068415185320e+04
3.373466256157713360e+04
2.087894845115430871e+04
-3.393853341440031363e+04
-7.512994325863601989e+04
-2.389012225389364903e+04
-8.013498292379116174e+04
-3.181841164041336378e+04
-7.871856817786693864e+04
-4.970312893924432865e+04
8.737018955040203582e+04
7.350356002724013524e+04
1.419907418786418930e+03
2.720937559832688930e+04
-4.019176725155910390e+04
1.242524648798318412e+04
-6.643869557056551275e+04
-3.774225212807672506e+04
5.413168621442005679e+04
-2.125375804861401048e+04
8.359727738208053051e+04
4.359254156587247417e+04
-1.682775156228013657e+04
7.617341819250848494e+04
8.449270628370204940e+04
1.132744229102481222e+04
6.933155221754520608e+04
-2.947761771204326124e+03
7.888468573139992077e+04
5.906840094850174501e+04
6.854829769422681420e+04
-2.240444365825657587e+04
4.437749987984620384e+04
-3.074018365029589040e+04
9.170905552038607129e+04
2.189951992246160444e+04
5.556982191817321291e+04
7.431815108725958271e+04
5.690134599428735237e+04
8.621871839605388232e+04
3.642557079821034131e+04
1.343961347481950361e+04
1.951491983830944810e+04
-8.407212245941483707e+04
2.123171911284941234e+04
-5.415660289701756119e+04
5.863084662886474689e+03
8.475008698202333471e+04
8.547347089330734161e+04
4.787904122662948794e+04
1.660128220733199487e+04
-8.899386133675117162e+04
-7.336858046362899768e+04
1.199196884505141861e+04
5.936390778981128824e+04
-2.641612696180904823e+04
-6.468452140524683637e+04
-5.162046813854538050e+04
-2.635472399818896156e+04
-2.560856335682302870e+03
-7.809868438576234621e+04
2.939551706008601468e+04
7.611382037872997171e+04
-2.239659735472994726e+04
7.335068510873109335e+04
9.241558285771637748e+04
-5.167712709176186763e+04
-7.397667435707301775e+04
-2.067515758061135421e+04
6.111636829057781142e+04
-7.078791917600222223e+04
6.164684113623767189e+04
-9.568572845350259740e+04
-8.583757879230206890e+04
7.695357665463884769e+04
7.963593968454719288e+04
2.424481816988737773e+04
1.930633699198493923e+04
7.714330921166189364e+04
9.609423979263291403e+04
3.727660016041428753e+04
-9.792376449764614517e+04
1.482433447105070263e+04
-6.426018949992364651e+04
-8.775250298136689526e+04
-9.466921943802406895e+04
-9.450243888516948573e+03
2.688768653603353960e+04
3.966675578252704872e+04
3.194622333439141130e+03
-6.549375624828677246e+04
-2.789302847508699415e+04
-8.115820929607379367e+04
-9.298136842545690888e+04
6.992761141285899794e+04
-6.599222135042975424e+04
-2.062496685528639500e+04
-5.230102699452963861e+04
-2.735455531425951267e+04
6.315485109634426044e+04
7.971721153372465051e+04
-9.794662441543779278e+04
-4.733720797754343221e+04
-4.741884440194880153e+04
-4.164832566227840289e+04
9.632478203002739974e+03
5.275516651202416688e+04
6.701936377229663776e+04
6.689928710437077098e+04
9.097628588256004150e+04
-2.412426228746266588e+03
7.307954216999177879e+04
6.724048712678441370e+04
-6.497725759711286810e+04
-1.728531180201530151e+04
-9.571114352331915870e+04
-7.054629571109186509e+04
5.466559253205848108e+03
1.788837135370669421e+04
9.668016371686974890e+04
7.643532279571787512e+04
7.210851389453596494e+04
5.760033067261234828e+04
-8.276261654472016380e+04
-7.143334621049069392e+04
2.866653187961938602e+04
9.670779029162476945e+03
-3.829966150539289083e+04
-9.969913174780010013e+04
-4.637280345384078100e+04
-7.195153557281328176e+03
8.311682481583733170e+04
-8.831597959957449348e+04
4.613340843582567322e+04
-4.855720279199925426e+04
-1.403830087015896970e+04
-3.464697839375024159e+03
9.662210093126352876e+04
-8.270690578036618535e+04
-8.264523658234254981e+03
-1.204316402568546209e+03
-8.151860342958054389e+03
-9.587216270948707825e+04
8.586447775736422045e+03
8.844459357705760340e+04
1.575097987081377505e+04
-9.154905142435251037e+04
-3.770233211743159336e+04
8.604367578726085412e+03
1.963538485023196336e+04
4.552939426178886060e+04
9.823731818617554381e+04
1.811395268936713546e+04
5.171757942316489061e+04
5.694412771243721363e+04
8.575596301739645423e+04
8.808944488976265711e+04
