-6.473528224928963755e+04
8.698140157119921059e+04
-1.041068821130325887e+04
2.681039517192617495e+04
3.297457191485334624e+04
4.501348646398701385e+04
8.599721150239156486e+03
7.257899493729940150e+04
-8.686560134739156638e+04
-8.286299129872147751e+04
-2.990333247305974146e+04
-7.967586610515895882e+04
8.011679482207626279e+04
3.964155884210971999e+04
-3.234271131178512223e+04
3.003405120339205496e+03
-5.968777940806285915e+04
6.018810439505201066e+04
-7.968647094654689135e+04
-1.644431299516349827e+04
6.526598252742941258e+04
-6.869785728308329999e+04
-6.425693603800886922e+04
2.990197461579532046e+03
3.796920052087158547e+04
-7.129280246800099849e+04
-5.060327208596611308e+04
-3.965601222852598585e+04
4.333973699815182772e+04
5.646569387106844715e+02
-7.648755166332516819e+04
2.789508975937343712e+04
1.433074107284545607e+04
8.113005966662139690e+04
-6.698186331931073801e+04
6.857224725130391016e+04
-4.939587378001066099e+04
-9.029743353739177110e+04
5.299228216012527992e+04
-3.938209723488225427e+04
-8.654594563793123234e+04
9.077108750890567899e+04
-6.304423121539956810e+03
-3.063089108719483920e+04
-6.322257942735899269e+04
-3.703136216188118851e+04
-4.779043868473324255e+04
7.682537402713455958e+04
-7.663413797150411119e+04
-7.116102876522731094e+04
-9.356518810343250516e+04
7.766069593642186373e+04
-9.547592993126247165e+03
1.813562558949071536e+04
6.099506128569287830e+04
-8.340227323575309129e+04
-2.310576661807707751e+03
-7.182863204892253270e+04
3.469925518565438688e+04
-7.077480432815465610e+04
7.006779438516235678e+04
-6.759341359298634052e+04
-3.576869955094243778e+04
1.996560046262645847e+04
9.821816441515665792e+04
1.461754274304402134e+04
6.381996393211652503e+03
2.317541004256186716e+04
-1.142620259448908837e+04
5.738233063068052434e+04
7.081816277280345093e+04
-3.403929873296288133e+04
8.960713472534694301e+04
-1.090000174712083026e+04
5.998450960950818262e+04
-3.589060236877901480e+04
-4.412475895503933862e+04
5.591638625874543504e+04
-5.436345624977820989e+04
1.151213621881417930e+04
-7.093012754340421816e+04
-4.709976268620607880e+04
7.122130977361173427e+04
-9.508962460892462695e+04
1.404898507087093640e+04
1.383231562907884472e+04
-3.431824071209187241e+04
8.292876809976021832e+03
2.826071859566661806e+04
2.704042404819448348e+04
6.088496557248285535e+04
4.624393660164971516e+04
4.833873194051448809e+04
8.319394398502052354e+04
6.991320025399277802e+04
-9.861052132233332668e+04
-4.523279130605111277e+04
-7.770013327814170043e+04
3.693324031451846531e+04
5.369643838657812012e+04
1.033583609917502326e+04
-4.672325214404607686e+04
1.007753329929813663e+04
-9.131265299468427838e+04
4.425078545604938699e+04
-3.581244728521238358e+03
2.307539891247558990e+04
4.252543055186188576e+04
2.673207259386565420e+04
-2.199950091746513863e+04
-5.049694194580563635e+04
7.916057917260527029e+04
8.403098717073873559e+04
5.535712729389456217e+04
5.727366637986143905e+04
-9.074780761065904517e+04
-4.563861185951004154e+04
7.259535226924179005e+04
4.630407950113356492e+04
-1.808711427567959618e+04
-4.561590386739010137e+04
2.055773503061314113e+04
-4.240762470737588592e+04
-8.217576339245634153e+04
9.746027415949030546e+04
-7.032192958447009732e+04
-5.578656043452940503e+04
-7.582391121185969678e+04
6.242767297536139813e+04
2.156709297194226383e+04
9.830221156739076832e+04
5.469118284889239294e+04
9.473996496769457008e+04
1.360443041918208110e+04
3.201207760703124586e+04
-9.037125335320804152e+04
-7.648513317070747144e+04
-6.535093263109418331e+04
-9.902071807504643220e+04
-5.317680148413167626e+04
6.889984321471484145e+04
3.067703235162853889e+04
3.652558251656352513e+04
8.569787915193160006e+04
-7.972729001614185108e+04
-4.504174466681935883e+04
3.537836394625465618e+04
1.824261424819330205e+04
3.998642761715124652e+04
-3.188328580994954973e+04
3.365648200867642299e+04
-6.770360628406188334e+04
7.930141519355658966e+04
-9.828961628415583982e+04
3.080694890050531831e+04
2.054277520271070534e+04
5.025910149763274239e+04
4.893284664649894694e+04
-6.389722902529488056e+04
2.361873328991746166e+04
-5.847035263740990194e+04
-7.573468031671269273e+04
3.882196159690288187e+04
-4.526023227159445014e+03
5.660610947681639118e+03
5.613029930547752883e+04
1.121830147754908103e+04
-9.844371066519615124e+04
-9.198985465557273710e+04
-3.173908218337051585e+04
-9.677351191723176453e+04
7.646643368701099826e+04
-2.908517048811919813e+04
-9.007879124912280531e+04
-6.185008396440724755e+04
7.193859319452733325e+04
-4.208265801021883090e+04
-4.598883854864323803e+04
7.292958886368892854e+04
7.469181332540126459e+04
-7.468693920066037390e+04
-4.178550414245819411e+03
-6.482719283702667599e+04
-3.604420806007972715e+04
-8.123146228353750485e+04
-5.464445110324348207e+03
-6.743628479483471892e+04
1.098121392555087732e+04
6.241203922834915284e+04
5.105431299609792768e+04
4.258394561779843207e+04
-7.107138788476065383e+04
-2.568990795250314477e+04
6.794018082165066153e+04
-7.635948690437534242e+04
1.198252409690866358e+02
-5.103484758217565104e+04
-5.985497644361755374e+04
-2.871697225030567643e+04
5.560041717415205494e+04
6.267953507620543678e+04
-1.525340922308381778e+04
2.042173270784401393e+04
3.693849257148052129e+04
3.386126547533507255e+04
-8.983227856081379286e+04
-8.653676015453689615e+04
2.367431389834724905e+04
-7.082805732126742078e+04
8.060412108351243660e+04
-4.361865193395953975e+04
-8.581612970428752305e+04
-7.207296884746833530e+04
5.225744495911533886e+04
9.418344410592492204e+04
-3.792932916196728911e+04
7.199934885031711019e+04
-2.345797113861657999e+04
1.510332845488006933e+04
-8.747858983686310239e+04
9.882302972794886955e+03
-6.247802166629417479e+04
-7.423124262308923062e+04
8.254660086272039916e+04
8.771035482410756231e+04
-7.790169826734214439e+04
8.355902311911291326e+04
-6.190292182866877556e+04
-8.447900419487198815e+04
-6.465182054616652022e+04
7.674823805986819934e+03
6.829793323126251926e+04
6.609047592644694305e+03
6.286759380527752364e+04
-9.617358843645465095e+04
5.018781635402477696e+04
4.540841539857116004e+04
3.157144114426557280e+04
7.286056031627289485e+04
9.990175671606681135e+04
6.006822973557159276e+04
3.831049240467805066e+04
9.751742228025560325e+04
-9.696896369634586154e+04
-2.830368128953452833e+04
-9.468901032921035949e+04
-8.574630604269135802e+04
-1.232417888106519422e+04
5.155428375317015161e+04
9.916345239996253804e+04
5.484667778939802520e+04
8.858132193696551258e+04
-8.243327557357560727e+04
3.570883111562321574e+04
-1.175832113651093096e+04
-6.911933751357215806e+04
-9.942004420924789156e+04
-8.966247965456468228e+04
-3.461871628387253440e+04
-5.626020678466241225e+04
1.483836234053936823e+04
-1.211517581973574670e+04
-3.332248691887647874e+04
6.792379063457538723e+04
3.324939121835630067e+04
