5.385767140905447013e+04
-9.363410406576337118e+04
-3.919359420363727986e+04
3.704373807070985640e+04
9.072569749769560076e+03
-1.871792353083776834e+04
-2.011148570029773691e+04
-6.026241629284599185e+04
3.650688044421981613e+04
4.585260790957298013e+04
5.875413618661025976e+04
-1.537759377210746788e+04
9.201454561492336506e+04
3.072321508291764258e+04
-2.861735418538019439e+04
-2.702861066551003023e+04
6.877988429320749128e+04
-6.731094466606514470e+04
6.866683799811288191e+04
-1.759365282608892448e+04
-6.652967148037282459e+04
2.522738615698698050e+04
-5.405637662604042998e+04
3.844807822272194608e+04
6.103709529748522618e+04
-8.708381038928577027e+02
-9.762568398638938379e+04
2.629900027897913242e+04
-4.088388420478732587e+04
-9.459313754629204050e+04
6.496738210107777559e+04
3.287722741703198699e+04
7.190914156344190997e+04
-3.949216706385891302e+04
5.840265492666538921e+04
-4.669419708847055153e+04
-7.123637037036151742e+04
6.878398614071038901e+04
8.170566210228374985e+04
2.265288181624274512e+04
-3.184178877613518125e+04
5.342039730592894193e+04
-9.640412021677257144e+04
5.123474237786816229e+04
3.070881449132367561e+04
7.007444754176317656e+04
-9.750792438709149428e+04
-1.902164270892292552e+04
2.982768886973601548e+04
6.991014356384945359e+02
-2.508055253191038355e+04
6.530437223024816194e+04
6.488848671928633121e+04
6.439556708715135028e+04
-5.692392739494894340e+04
-7.594081123720441246e+04
5.482043802888025675e+04
4.018748753819138074e+04
-4.822148844996923435e+04
-2.704139889850502186e+03
4.931719229702040320e+04
-8.724628123338497244e+04
-3.320867747270927066e+04
7.231639381226793921e+04
-3.015322218867072024e+03
-8.970966989887127420e+04
6.827933877589157782e+04
-1.557536213292180400e+04
-9.611160472471691901e+04
-2.186156938391571020e+04
1.658010430399602410e+04
-3.632177421914371962e+01
6.813761218874510087e+04
-3.530992437183579023e+04
8.133357548047559976e+04
9.857538870786233747e+04
-5.729179830549390317e+04
5.909501805677443190e+04
2.630536175210146030e+04
6.033529831616911542e+04
-4.626993277882472285e+03
6.265240809065755457e+04
9.285636046300808084e+04
-3.212065648396124016e+04
7.900387139047359233e+04
4.055628128932671098e+04
-4.336499754176403803e+04
4.618193347833702865e+04
-9.034117409870021220e+04
-9.856096853266397375e+04
-5.728114381155956653e+04
-9.537343492614215938e+04
-1.964192858874488957e+04
-3.725666918916303985e+04
6.213261444543138350e+04
-9.975550764902614173e+04
-1.888840948136974839e+04
5.268958018621224619e+04
8.437878423779847799e+04
5.957788207888626494e+04
9.891189550582021184e+04
7.659437431136175292e+04
4.998544990935395617e+04
2.297863503425770614e+04
-5.886242594689772523e+04
-2.889993959349439319e+04
-9.664846468334221572e+04
2.760317429579940290e+04
2.944261126210670409e+04
-2.137202168996425098e+04
-1.240791815811588208e+02
9.498068260111084965e+04
-8.324869773602651549e+03
-6.711361699435245828e+04
1.820919820120352233e+04
7.613135025153301831e+04
-2.548897772755826009e+04
8.201064756330188175e+03
-3.047932842392266321e+04
-8.179047068692356697e+04
6.350630007162858965e+04
2.804164371771487276e+04
7.294512597793795067e+03
9.779078497841827630e+04
6.262465650817793176e+03
-7.105076200670910475e+04
-6.366918871293319535e+04
-2.716582833037620003e+04
6.398312772029250482e+04
8.351557731704504113e+04
-3.978629364680056460e+04
-5.989049531771458715e+04
-7.101834485382662388e+04
-7.420946226412840770e+04
5.216786006097382779e+04
5.913509758703105763e+04
3.297197076713799470e+04
-6.736816344328745618e+04
3.567478751339740847e+04
-3.602828883791511907e+04
-6.397857193856369850e+04
7.905127486300517921e+04
-4.389976364915627528e+03
-4.700038531176414835e+04
-4.702282220028812299e+04
6.853013477046777552e+04
-8.727340658836829243e+04
8.700165601687316666e+04
-4.544603505705844873e+04
7.134937201851714053e+04
4.147335904288663187e+03
-5.036525803691245528e+04
-4.957296560210020107e+04
9.771164248378417687e+04
-9.520679600195636158e+04
2.484474513133742948e+04
6.104403890093866494e+02
1.626437622121969980e+04
-8.580702678510067926e+04
-3.137073290755866037e+04
4.448149187955357775e+04
6.483811515213169332e+04
-9.253598824754128873e+04
6.818548920512355107e+04
-9.301218135887064273e+04
7.460436414398085617e+04
8.931028601124019769e+04
4.046449284818017622e+04
-3.881996687564684544e+04
-2.194382256687714107e+04
-4.302611340264634055e+04
-9.368886592309970001e+04
7.606002913588419324e+04
-9.493350746884066029e+04
2.165671450983942123e+04
-4.959903298956695835e+03
-5.039387261657218187e+04
1.346785420754165898e+04
-3.215991877381589802e+04
-8.326846245597585948e+03
-2.133729273568451390e+04
3.897011709767092543e+04
9.975790551138792944e+04
6.152080996122212673e+04
-6.317068962532034493e+04
2.986038521256218883e+04
9.284409173531565466e+04
-7.991490936220462027e+04
2.705575195886025176e+04
-1.627408249761225488e+04
-3.150703127040658001e+04
6.588807806439456181e+04
7.437280217615576112e+04
7.914379917028295495e+03
7.953051863822838641e+04
-4.467972170322402962e+04
-4.146198742350708199e+04
-7.757926251003758807e+04
6.158301501246073167e+04
3.026581928305326073e+04
3.289935293114995147e+04
-5.016166801867810136e+03
5.316867523460013763e+04
-4.688791746713560860e+04
-2.577258613282441729e+03
-5.639792278981571872e+04
-9.469035247746953974e+04
3.213144613025623403e+04
-4.890125451053685538e+04
6.864532281782878272e+04
-6.835533263075038849e+04
-3.796294914424692251e+03
7.079629470944372588e+04
-2.011728106699427735e+04
5.149715825898206276e+03
-1.182062777278840258e+04
9.509051605317034409e+04
4.913224905854995450e+04
-1.960468820327314097e+04
-7.907126043698078138e+04
-5.183879854914377211e+04
7.647191513542848043e+03
-4.805045268203809974e+04
5.405393595418778568e+04
-9.962180423871710082e+04
-6.387642922669580003e+03
-6.832236656925681746e+04
4.039940413538864232e+04
4.410338868320971415e+03
-4.697571678043310385e+04
-1.883607664524919892e+04
1.073168607129956058e+02
-9.200524373045834363e+04
4.820534524253138807e+04
9.444231323188026727e+04
-1.932721552449574301e+04
-1.332365827139832072e+04
6.878461650083953282e+04
7.880194359967779019e+04
6.067679216392617673e+04
2.320240830527769140e+04
-1.202402428812500330e+04
-6.230249648493149289e+04
2.487162580944316869e+04
-9.769826893489118083e+04
-1.386033364993960822e+04
-3.711168060715221509e+04
-6.365060628429372446e+04
-5.573313653241248539e+04
4.355840516812803253e+04
-7.242963756277777429e+04
5.928269637509797758e+04
2.453486815148965616e+04
-9.075917879406691645e+04
-7.996949312627493055e+04
-2.370424971063244448e+04
-4.732577776473222184e+04
-6.048076343945202825e+04
-3.881409038111781410e+04
-5.221340729396256393e+03
-7.000042421485685918e+04
-7.241459954798912804e+04
8.975462093569453282e+04
-5.666546537770960276e+04
-2.894393224530372754e+04
