-2.227791129470038140e+04
6.679390686900199216e+04
-3.826525020278133525e+03
5.468078274750905257e+04
2.521458414552687100e+04
7.089869665056544181e+04
-7.365404393306174825e+03
-8.035058978433549055e+04
-8.153434706680275849e+04
8.901087397945049452e+04
-5.558937007058526797e+04
1.621554640263707370e+03
5.792448777638690808e+04
-9.990773655006248737e+04
7.023603295812064607e+04
6.208997291849054454e+04
4.258903405408114486e+04
7.739648225428734440e+04
2.227957243626165655e+04
7.279192908331078070e+04
-6.076647927442280343e+04
-8.167090970055977232e+04
-6.969907420285764965e+04
2.977716885561932213e+04
2.622922085402206903e+03
7.529168240857924684e+04
-4.442359479902537714e+04
1.389095193135980662e+04
5.843533569029642968e+04
1.630309916398026689e+04
-3.461173517769359751e+04
-9.498875588077663269e+04
-4.613268539370003418e+04
6.797345856493532483e+04
-2.832463862295702347e+04
6.210720554094076942e+04
2.659361065037792650e+04
3.998406969786921400e+04
-1.559793612491179601e+03
4.268345422921073623e+04
-6.409444755966187950e+04
2.762515553903624823e+04
6.581842398892984784e+04
7.254388276928526466e+04
-7.489957621081816615e+04
-7.661257455433210998e+04
8.963821708982481141e+03
-3.763969034135460970e+04
-6.647332892849700875e+04
-7.369834063587183482e+04
3.330436644168302155e+04
9.124798092282749712e+04
-7.522527972402656451e+04
6.591338967824965948e+04
-5.204884457163799379e+04
6.330436335863180284e+04
2.933582796245360441e+04
6.527501193695954862e+04
8.900905055225080287e+04
5.174790896757581504e+04
6.230447872130584437e+04
-4.409468508788742474e+04
-3.002865716748302293e+04
2.105269943601984050e+04
7.408212467960367212e+04
2.914135294057063675e+03
6.547145048647010117e+04
3.521771933681152586e+04
5.485214855509527843e+04
6.747726011642672529e+04
6.756020774435190833e+04
-7.486636586905263539e+04
-9.338779372055141721e+04
4.281321938037249492e+04
-1.256057953949000512e+04
-1.893853995443467966e+03
1.503372698022153600e+04
-1.253083631899834529e+02
-7.315782308886406827e+04
-1.066928266369885023e+04
-5.110376487697783159e+04
7.741276893370781909e+04
-6.624767206040433666e+04
-8.512248439634728129e+03
-7.500054865627059189e+04
2.329922649514506361e+02
-9.815912298943421047e+04
1.252905133797770941e+04
9.783691892552288482e+04
-7.429660454279367696e+04
-3.445709361966125289e+04
-3.176845455690881136e+04
2.923462055370794769e+04
2.248954686914782724e+04
-9.632748181846094667e+04
-7.189301217049601837e+04
-8.978260477157899004e+04
-2.332688356032667434e+04
-2.333101080885492775e+04
-9.016830098094567802e+03
-6.178981471339306154e+04
2.172937576994103438e+04
-3.925462522375128901e+04
-6.639499521573509264e+04
2.276355908828799875e+04
9.709443008324758557e+04
5.757493403287014371e+04
7.131451471979352391e+03
5.494189762037406035e+04
9.547224965230895032e+04
-7.633196370794379618e+03
7.492501615553890588e+04
-2.593210398379922117e+04
2.270907783718891369e+04
-5.223453850451653125e+04
-3.225967598836443722e+04
8.194796080911658646e+04
2.558105162866832688e+04
7.953739750765288773e+04
-9.740367307459571748e+04
1.818695096327813008e+04
5.306548364583397051e+04
7.034939788642351050e+04
7.251073155153446714e+04
8.812374473601968202e+04
9.366982468445911945e+04
4.836154513362819671e+03
1.666209764005219040e+04
7.860087309600702429e+04
-4.921941860660069506e+04
7.772058421123582229e+04
6.035781555216995184e+04
-4.925317220510654442e+04
8.908341411886477727e+04
-1.085419258972310490e+04
-9.929077430354613170e+04
-8.745124216105691448e+04
2.301959338926365308e+04
4.801540038469636056e+04
-4.589186900173228787e+04
3.097055521231268722e+04
-8.954662311731713999e+04
3.158065773144452760e+04
2.558635055749961248e+04
-1.299700636443593976e+04
-3.151475007609371346e+02
6.804468896239878086e+04
6.221612814886061824e+04
-3.751355987040123000e+04
-8.150628643401659792e+04
6.891207470922099310e+04
-9.264076672764465911e+04
-3.376884608943029161e+04
-1.122586383611284327e+04
-9.274946889516650117e+04
7.825611072687567503e+04
1.380304180189190504e+02
2.211919774075506575e+04
-3.256594714821898742e+04
4.916145130571760819e+04
1.855844972909354328e+04
-7.124112972695613280e+04
-6.318866881083187764e+04
5.472098799646491534e+04
-9.895127793973385997e+04
1.977905381356665021e+04
-5.021279631930096366e+04
8.507936591516231420e+04
7.694366947155297385e+04
4.918345982308212115e+04
-6.208434565635476611e+04
6.357089675579477625e+04
-8.455502786972419926e+03
-1.794037830750097783e+04
-8.446759213005031052e+04
-7.946139995972139877e+04
-6.486485074719487602e+04
8.628963995075099228e+04
-3.547235725291625567e+04
1.113346114500155636e+04
-3.251115336111534634e+04
5.495986370993415767e+04
4.715288245874748100e+04
1.927381879398124147e+04
1.475528839715842696e+04
2.454544057948100453e+04
9.630501113476265164e+04
3.642334898955659446e+04
-5.279891338256235758e+04
-5.020472391803075880e+03
-7.810447887039421767e+04
-2.272844065109909570e+04
-2.036892166310266111e+04
-3.673069991722565192e+03
9.186329205029716832e+03
-2.353768486998027947e+04
7.864442468541865310e+03
-7.505678457976451318e+04
5.246651759385743935e+04
-7.834263315140572377e+04
4.435888631733672082e+04
-7.764176808927227103e+04
5.197980953158203192e+04
-4.510405385405036213e+04
-5.932204399755775376e+04
2.009004812098882758e+04
-9.411774742769481963e+04
6.348788023947890906e+04
-6.347543337737924594e+04
-9.953335486451035831e+04
-7.820778755143152375e+04
-7.238286246034258511e+04
8.786763921498182754e+03
-1.455560996832929595e+04
-6.309448359966740827e+04
6.461325873846342438e+04
7.454928895517220371e+04
-1.658603544252226129e+04
5.518373410678498476e+04
8.083710148750514236e+03
-1.598632162722637622e+04
-5.197154514745497727e+04
-5.904534281409519281e+03
4.290031019338274928e+04
-4.182430708222037356e+04
-9.803259843613703561e+04
-6.742188275307550794e+04
4.813076676370572386e+04
-3.204784456900140867e+04
9.386112693903857144e+04
8.193079118142118386e+04
5.137344187256728037e+04
-1.869393498229329634e+04
-3.170530577704651478e+03
4.164075990350628126e+04
3.280471862238086032e+04
-9.542189576614316320e+04
9.094437957575957989e+04
-2.905960207208319844e+04
-3.094636002886442657e+04
-1.374681013996046750e+04
3.522531120245560942e+03
-6.223553639965991169e+04
9.608662858490574581e+04
7.014790045108100458e+04
3.805404486455077858e+04
-8.784271479943193845e+04
8.190359011876383738e+04
-4.591162710913964111e+04
7.977795431452583580e+04
-9.728968545605397958e+04
-3.520745441800851404e+04
-8.180117366494056478e+04
8.253854632002260769e+04
6.028095070392634807e+04
2.992361712491928483e+04
7.368586399041998084e+04
-8.005769876402978844e+04
1.222001414519450555e+04
-8.657913338970550103e+04
9.370632271120582300e+04
8.883961981580074644e+04
-8.222557336600779672e+04
1.059700016536415205e+03
1.918607320119550059e+04
