6.918766464975338022e+04
2.046599554018129129e+04
1.090078969987685923e+04
5.760745538824477990e+04
-1.851356001428888339e+04
-7.920001171841128962e+04
5.981615108513485029e+04
7.306992441169844824e+04
-1.157205913091180082e+04
-2.112235167320135588e+04
-3.349589087289817689e+04
-4.947379897650797648e+04
6.484543881091926596e+04
5.978630716563695751e+04
-4.091424591067374422e+04
2.472205963984059417e+04
6.616139523940165236e+04
-9.481847789034168818e+04
-8.110022945108267595e+04
2.053403588715093429e+04
1.630902191333000701e+04
4.570738561004328221e+04
-3.208053347571148333e+04
6.114158129145522980e+04
-6.888559477275822428e+04
5.805180755896046321e+04
6.280050425455560617e+04
8.520027656262558594e+04
7.607964911013930396e+04
8.191644088962822570e+04
-7.107875955757696647e+04
-8.913577899354202964e+04
6.668134662673590356e+04
6.326632971699217160e+04
6.411919371891064657e+04
4.795361461383460846e+04
-8.929175086254805501e+04
-1.474632479824195980e+04
-6.559229057110015128e+04
9.470788054747662682e+04
5.137634722988411522e+04
5.432737221983679046e+04
-4.425435363887189305e+04
-8.065265178662206745e+04
6.647938879638766230e+04
-5.801671618537235190e+04
-9.884318430504191201e+04
-7.998976768212905154e+04
4.878219983500272792e+04
5.356513464488921454e+04
4.194657307764233701e+04
5.631291970740847319e+04
-4.413289092315743619e+04
-4.703248149698678753e+04
-2.291278323062790150e+04
-5.554091032774959604e+04
3.304916875747544691e+04
-9.745982234984863317e+04
-7.143707124753444805e+04
-4.989458726780409052e+03
-5.824583718359862542e+04
6.709377152305359778e+04
-8.460789381408458576e+04
7.017617669291928178e+04
-4.127902194055142900e+04
-3.079502862801927768e+04
-1.659743617296964294e+04
7.514360456439031987e+04
6.518088684968284952e+02
9.296324589980569726e+04
6.425948318063638726e+04
-3.440763041498574603e+04
8.163293587697315161e+03
9.478698292691718962e+04
-6.395467728256410919e+04
-3.256591125129864668e+04
6.762612861734353646e+04
-4.825297268398823508e+04
4.050783263014305703e+04
-8.374380184331239434e+04
-7.782908258904831018e+04
7.845240387117053615e+04
6.493991990971477935e+04
2.706070676927159002e+04
-7.999885319988329138e+04
-7.995958825957610679e+04
-8.914075140121157165e+04
2.254067829855962555e+04
1.043478947120908742e+04
-7.408146388306966401e+04
-1.671529671503633290e+04
-6.650243125251434685e+04
1.268194338187636822e+04
2.315903334787287167e+04
2.759304913499938266e+04
1.477941672536833721e+03
8.751767444953312224e+04
-7.729027047080577177e+04
-4.285699889782598621e+04
-8.967967768096149666e+04
5.479552873437508970e+04
-2.449419253828818182e+04
-7.090128489642086788e+04
-1.617597285675239254e+04
-3.936623958209827833e+04
3.116097916549875299e+04
-6.998430071732318902e+04
-4.573829022329584404e+04
-2.749855812073260313e+04
-4.463810270042665252e+03
-7.539682347293054045e+04
-1.166291132474839969e+03
6.618951200281960155e+03
3.890921708456779015e+04
8.790775966736912960e+04
-7.791968627711926820e+04
6.734460805024851288e+04
-4.353300514770061272e+04
2.245157093173452085e+04
8.821936425379379943e+04
-9.667791582784382626e+04
-9.130294417375607736e+03
7.266408708320860751e+04
-5.117267752273363294e+04
-7.227892995692971454e+04
-5.147541723236825055e+04
5.847607213008252438e+04
8.361395970662767650e+04
1.948464396302465275e+03
9.177139303394836315e+04
-7.505981967556598829e+04
6.452522917079754552e+04
2.166311485235170949e+03
-4.846708954631358938e+04
-9.156693739327944058e+03
2.695379563969995797e+04
-4.966414197726746352e+04
4.968528635230071814e+04
-8.094713805753337510e+04
4.522268873375726253e+04
-8.387045316528818512e+04
-2.775814492736788816e+04
-1.503928934527941783e+04
4.517799745501402504e+04
7.843729244928990374e+04
6.389420014751830604e+04
-4.670589756598315034e+03
4.023424833242419845e+04
3.747385883465654479e+04
2.369946480794823583e+04
7.436754858749915911e+03
7.102457406279242423e+04
2.648408795507339528e+04
4.958099940974432684e+04
6.827292691707449558e+04
8.615166492402445874e+04
9.873912999541868339e+04
-4.187674850655419868e+04
-5.289774972390176117e+04
-9.721356576707318891e+04
-9.036572196469981282e+04
4.552743326054627687e+04
1.097887624002926350e+04
8.588264977543940768e+04
6.029634434956206678e+04
6.464631920361250377e+04
2.148272343279225970e+04
-4.539038328220483527e+04
6.728529948014080583e+04
-6.011629990529663337e+04
-9.618481271518347785e+04
9.305748774968661019e+04
-2.455646430399405654e+04
-4.945795802528801141e+04
9.314017854218193679e+04
4.606127056665672717e+04
7.738256650754055590e+04
-3.808515853440592036e+04
-4.399104979017496225e+04
7.623113268123858143e+04
-5.885139269759285526e+04
-6.165565506275406369e+04
1.255643267748670496e+03
4.170930088855859503e+04
5.062502206688137085e+04
-1.093392630692889361e+04
-3.085237344262004626e+04
7.788556590069326921e+04
-6.515622901877979166e+04
-7.431167400610404729e+04
5.034991305891432421e+04
4.520135520814105985e+04
5.429159019988637010e+04
-8.126134261711848376e+04
9.163410802393376071e+04
-7.538887524228679831e+04
-6.296561638454253989e+04
5.016910590634607070e+04
-2.970399607124694376e+04
-7.669810791494438308e+04
7.358616736740675697e+04
9.496564349065380520e+04
-8.121436246019339887e+04
2.603936969054932342e+04
4.149811875266482821e+04
5.384358205162562081e+04
7.735187720621444169e+04
6.983970087885129033e+04
-1.117579060122410556e+04
6.285431867269249778e+04
8.277429789502144558e+04
-2.343954667038409752e+04
-2.830991446340412222e+04
9.151361281851099920e+04
-2.018252864546351339e+04
4.037638623701541655e+04
3.662863797442062150e+03
-5.648933709837286733e+04
-4.220755415694333351e+03
8.834143618851985957e+04
-5.998026431265281281e+04
7.369198136543795408e+04
2.609266756748010084e+04
1.444596668706712990e+04
-5.425167639983396657e+04
4.984400834579756338e+04
9.604903889343145420e+04
3.928979615178974655e+03
4.127992602496076142e+04
6.062689192160111270e+04
4.847589592336281203e+04
-8.497344995691200893e+04
2.021492773701057013e+04
-3.061856934699544217e+04
6.544083172054226452e+04
-5.936552339195474815e+03
7.627263226475079136e+04
-5.372407404431873147e+04
-6.783853766162777902e+04
-3.371284237964687054e+04
-6.377547618041846727e+04
5.080713971505927475e+04
3.001330241855810164e+04
-6.492625092409948411e+04
-6.068179130546932720e+04
-5.277810104546917137e+04
9.492745423769195622e+04
8.271609263572856435e+04
-6.841513784620109072e+04
1.124079991905650058e+04
-4.992354852563512395e+04
-5.615965239519038005e+04
9.798580502763480763e+04
9.461849645193587639e+04
-3.740689196283968340e+04
-1.452624715028120590e+04
3.677920409030653536e+04
7.143897328548351652e+04
-9.530141683460869535e+04
4.647846137825629557e+04
-4.366158806222981366e+04
-4.817700641220808029e+04
5.821287658851461310e+04
6.351163748308915092e+04
5.380669605571268039e+04
