6.283763863371079060e+04
-1.331404687573269257e+04
5.423692479477204324e+04
6.350017028104225028e+04
-5.473746369590327231e+04
-9.962328514410529169e+04
-8.221403219163748145e+04
-5.457352267136890441e+04
-9.271986507136550790e+04
9.279377583306553424e+04
-1.663901624600583455e+04
5.070149024983598792e+04
-6.397369680009545118e+04
-7.508013391961950401e+04
6.723259883859829279e+04
-3.798026794095252262e+04
-7.597901132632333611e+04
7.994081928978250653e+04
-8.680417351430701092e+04
-3.700477320442006749e+04
-7.490067492403670622e+04
8.954424099866444885e+04
1.661578913549135541e+04
3.411871702871462912e+04
6.453053612304740091e+04
-7.305875282142868673e+04
7.107795311732572736e+04
-2.172626742845991998e+02
1.063702406302140389e+03
-7.057694749903737102e+04
9.012466347158454300e+04
-4.124901713527595712e+04
-8.166205378829240544e+03
4.590301010403536202e+04
7.755113657068602333e+04
-1.198613996288370072e+04
8.772025378016720060e+04
3.724669062291362934e+04
7.362153765302746615e+04
5.172137477957077499e+04
-9.458939484583698504e+04
-1.972257791026942868e+04
-2.985666334638611806e+04
-7.126288973605194769e+04
-3.514174672150197148e+04
2.259583369088274412e+04
9.322208900155768788e+04
-8.079138327994535211e+04
1.912875429152276774e+04
-1.781407367814762983e+04
-4.430655827405001037e+04
-7.056865131581640162e+04
-8.969136115229022107e+04
2.095266058755447375e+04
-6.075409010544620833e+04
-2.348397678979482589e+04
-9.380588830607672571e+04
6.745460372573042696e+04
-4.941617096837217832e+04
2.304664815881530376e+04
-7.543988106245014933e+04
9.034141246723218501e+03
8.520212106170937477e+04
-8.347106177419412415e+04
7.090318624448546325e+04
3.349067333653544483e+04
2.596088163530650036e+03
-7.574647799947354360e+04
7.409257944922252500e+04
-6.530744228566035599e+04
7.661048383120131621e+04
-7.683374677803351369e+04
6.260356532382290607e+04
-4.790214133490873064e+04
-8.495718682663126674e+04
-5.985084780856151338e+04
9.580182666317008261e+04
3.107279333514994869e+04
1.488200794775432951e+04
8.038508914978851681e+04
-2.808663991989498390e+04
4.850399326970718539e+04
9.088037668229291739e+04
7.398666592540114652e+04
7.210364365681771596e+04
9.813927447452882188e+04
-3.576810985464505211e+04
-5.033495132527223177e+04
4.169521707760860590e+04
9.054345009859123093e+04
9.382685894574127451e+04
5.799369420678238384e+04
4.458802741542171134e+04
5.899596350126741163e+04
5.738476859742957458e+04
1.016960169724385923e+04
4.426226137205019768e+04
-2.685214726843400058e+04
-8.569171960854070494e+04
-2.121250758560639952e+04
9.698827664134782390e+04
-2.259672146062284810e+04
-7.162372036795425811e+04
-8.201913576080939674e+04
6.986896904871064180e+04
-9.824988530886336230e+04
6.120912676643879240e+04
-3.569519165472345048e+04
-9.094956737074519333e+04
3.805729644286823827e+02
8.540208922585143591e+04
-9.216243167292499857e+04
-7.897868488950275605e+02
-7.975914850543983630e+04
1.231531563300630660e+04
4.899628902610984369e+04
2.932030763689937521e+04
5.288518579061560740e+04
5.111804546035517660e+02
-1.525502605973650816e+03
3.382229832472564158e+04
-9.384723563869968348e+04
-8.346227166786261660e+04
-9.929036574158690928e+04
2.654374570052852505e+04
-1.003271127774925117e+04
-1.711004303201744392e+02
7.832094881932635326e+04
8.271878949441747682e+04
-7.842914474615799554e+04
-7.671143701919754676e+04
1.807358963011097785e+03
3.082915545852353171e+04
-8.266733103381928231e+04
4.753581732463285152e+04
-3.618010828529894206e+04
3.648696615390173247e+04
9.537764074761258962e+04
-1.527924989140019716e+04
7.153329642288446485e+04
5.887606219531554962e+04
-1.280880835963651953e+04
1.054022370590715582e+04
7.077670406541325974e+03
-8.222368620521236153e+04
9.044489419983196422e+04
-1.519130804039158465e+04
8.541806594935622707e+04
4.046190274715115811e+04
7.416165145996592764e+04
-2.639055655349978679e+03
2.613991930533562481e+04
4.921179555609446834e+04
5.495349785340501694e+04
6.758084386424608238e+04
1.713604681435169914e+04
-3.913375762675105943e+04
-9.614466263746931509e+04
2.004188449647205289e+03
9.364096196365011565e+04
-9.889784390949073713e+04
-8.207494895047559112e+04
-9.651951873100484954e+04
6.199864843494116212e+04
-4.829540863823206018e+04
-7.932800959975036676e+04
-2.761442221758417509e+04
-4.619781277199208125e+04
-2.247781918918142401e+04
4.203631605970862438e+04
6.964979575758345891e+04
-2.131522566833081146e+04
-2.264368068523173861e+04
-9.167320355257642223e+04
-9.578408215843469952e+04
-4.942903268154625403e+04
-6.593624833702473552e+04
7.757915884086111328e+04
3.547149912141286768e+04
-8.229025262514465430e+04
9.042340668352486682e+04
-3.104682779899764500e+04
7.460295113812568161e+03
-8.972112295849854127e+04
9.160324677738893661e+04
-6.599048478735498793e+04
3.048552252786892859e+04
-8.994064796203959850e+04
-8.233715584553593362e+04
8.287144286699300574e+04
-8.135348166089158622e+04
-9.412707603563900921e+04
-3.628658036726202408e+04
-6.718731294599038847e+03
6.508173499299542163e+04
6.887308341546365409e+04
1.235776273412932460e+04
-9.604705501937348163e+04
-9.329073971779047861e+04
-1.870067253819272082e+04
4.442367030018674996e+04
-7.555532601064951450e+04
9.040744427785243897e+04
-5.053352362563341740e+04
9.670631727880368999e+03
-6.338078161642184568e+04
3.640745342950056511e+04
-6.001108843488497223e+04
-9.159332752263720613e+04
1.116843818446769365e+04
1.274319394327560258e+04
3.331427936032108119e+04
7.629496047033845389e+04
3.658267872919460206e+04
-4.490330912351000734e+04
9.457158567677675455e+04
8.853542979152292901e+03
8.700406449692287424e+04
-5.305003667688833957e+04
-8.245077999646640092e+04
-1.781441069562862322e+04
-7.674685532269631221e+04
-5.479078829333755857e+04
4.433363310432789876e+04
-4.521301672520104330e+04
4.744233127339864950e+03
-3.191477458018702237e+04
-5.054131898767573148e+04
9.231116432880618959e+04
4.102131133739564393e+04
1.749445084350869729e+04
-7.000421301671068068e+04
-1.582473667289852347e+04
1.583611950139041619e+04
9.811499891190294875e+04
-3.443649947319280182e+04
-6.570188770343372016e+04
-5.418933487986754335e+04
5.787190360143143153e+03
-4.747382821316223999e+04
-4.323563646996922216e+03
-8.156237769395053328e+04
3.132334324269783247e+04
6.461960620726792695e+04
-4.604658616807332146e+04
-6.628079624654827057e+04
8.528697071750651230e+04
-9.261553608381895174e+04
8.228688568834355101e+04
-7.382718776573958166e+04
5.799094174978508818e+04
-4.465277960837753926e+04
-4.908046763105775608e+04
6.045050719039873911e+03
5.043428252563181013e+04
-4.461991070472507090e+03
-8.419357743048618431e+04
4.158386621790786012e+04
-3.899778263033997064e+04
-2.075113490554286909e+04
-6.737612572557997191e+04
6.241593478719125415e+04
4.556397920932231500e+04
-7.906028944055769534e+04
-5.971915623493212479e+04
