-3.317882126605419035e+04
-5.560153085413159715e+04
5.502661991685449175e+04
-2.348542282354099370e+04
8.243676111987326294e+04
-3.189912902628741358e+04
5.645158909275751648e+04
-8.556118482052163745e+04
-6.313985250705257931e+04
4.634815618239542346e+03
-6.716711583833870827e+04
-5.901644462019514322e+04
-1.650266597366168571e+04
-3.459833378491616259e+03
1.402184377141260302e+04
-7.579229261763030991e+03
-3.193150088276046517e+04
6.696336562327400316e+04
5.691112252242031536e+04
9.911565493357222294e+04
9.577590662697837979e+04
3.052662636059777651e+04
8.683131187376777234e+04
-3.162367652011802056e+04
9.630325435196823673e+04
-4.419458140145802463e+04
4.187188692355776584e+04
2.967486767785621487e+04
2.805730620371798796e+04
-1.670971891045817756e+04
-5.539811519893829973e+04
-1.513698626402122136e+04
4.715461609963977389e+04
-9.968750911300553707e+04
-9.894923620506093721e+04
4.555435297439036367e+04
-4.319899701558167726e+04
4.747358118668738462e+04
-1.839212231565910042e+04
3.352025994591584458e+04
6.442097009483188594e+04
-7.069490825459231564e+04
-3.155317971583217150e+04
-7.413966522153644473e+04
-5.665388255319365271e+04
1.962262878849404660e+04
-5.574014193782183429e+04
7.641052906136579986e+04
3.103205489893393678e+04
2.498969344615056980e+04
-6.711516143632298918e+04
-7.613345737917868246e+04
-8.680271892237274733e+04
-6.447865334292133048e+04
6.450462132282913080e+04
-5.923470685713813145e+04
3.910499432967064786e+04
5.619482936585997231e+04
3.437342686328781565e+04
4.432363193765966571e+04
-3.797784982285563456e+04
5.752647679514696210e+04
-4.064646939120726165e+04
-3.648627405588716647e+04
7.961538105747336522e+04
9.254427510780714510e+04
7.449400562249730865e+04
-2.419985969313874375e+04
-2.261390173157226309e+04
-2.963679847378090199e+04
2.885911047871984920e+04
-9.217189369899719895e+04
-3.989023439995741501e+04
1.368765567759863586e+02
5.118073775961286447e+04
-4.266399625073495554e+04
-6.894597162184878835e+04
3.980164330743069149e+04
4.078330708136731118e+04
-5.106974934997034143e+04
7.534602038858334708e+04
-3.859986112243164825e+04
-4.381749505830147427e+03
2.495806584542199926e+04
8.551933533560103388e+04
8.889443067192421586e+04
4.943983345547990029e+04
-7.146985610444957274e+04
9.108890918507977040e+04
2.412270318185393080e+03
7.404736101255865651e+04
6.356387173029939004e+04
-5.005336371992595377e+04
5.042861667249361199e+04
4.912854296954560414e+04
-9.945276675966309267e+04
-6.539627933468779520e+04
6.461074643802253559e+04
-8.024836314893655072e+04
-4.420408743517580206e+02
1.037602419554847802e+04
9.113923942937138781e+04
8.789801403574721189e+04
3.915744250273719808e+04
4.237667945182426047e+04
6.779746230774792821e+03
-1.456028833947782005e+03
-1.174550352223014670e+04
8.941539806502213469e+04
5.411191246127981140e+04
5.676370378916811751e+04
-3.252310437002280742e+04
5.775681173388128809e+04
-5.353952593473728484e+04
-2.051119615251553842e+04
-8.473644445432338398e+04
-3.924827421316992695e+04
2.196045568925646148e+04
7.749499933245165448e+04
-5.904839622472644987e+04
6.014456105005004065e+04
9.205768365512262972e+04
9.916196878915502748e+04
-3.831073220507119549e+04
2.430112973910496294e+04
5.421262091668669018e+04
-7.695429676931550603e+03
6.630155725531585631e+04
1.205524448683460832e+04
5.441555946218567260e+04
-7.363804396887824987e+04
-7.589448714300901338e+04
1.801314969285956249e+04
-4.470783120137987135e+04
1.290592753347773760e+04
-8.138042504394057323e+04
6.582462799756758614e+04
5.723959155575274053e+04
-7.366904746965524100e+04
7.597469902518484741e+04
6.422329963350493199e+04
3.806013933673798601e+04
9.226368065629880584e+04
-7.630216987735711155e+04
9.269638517227022021e+03
-8.082460618439772225e+04
-8.736175089883487090e+04
4.093053986907034414e+04
7.494890952503474546e+04
-8.266600622830443899e+04
6.272205586656275409e+04
-2.470496011260126761e+04
-9.914926037943465053e+04
5.488933244675708556e+04
6.792958514312413172e+04
5.831514122604063596e+04
-2.271748011044357190e+04
2.896401458746821299e+04
3.311546919836019515e+04
-7.796605935625070742e+03
6.803699677418754436e+04
7.119463473054541100e+04
-6.543279386587361660e+04
1.643907850048882756e+04
4.462246371533546335e+04
-7.665723976537695853e+04
2.752685274834605298e+04
-2.004500465451268610e+04
5.983075905097004579e+04
-2.806705224944923975e+04
2.366382182162031313e+04
-8.289969967249227921e+04
8.444901195531112535e+03
6.575053707121839398e+04
3.927693922973782173e+04
7.118151023852806247e+04
-8.284234519574922160e+04
8.663232810928786057e+04
-6.685483668150671292e+04
2.464012654133451724e+04
3.936620771467270242e+04
9.616732717461284483e+04
-3.260546511987065969e+04
2.351019859569939945e+04
-7.566455016483712825e+04
3.397671261928664171e+04
7.200676883795262256e+04
-4.282040177176709403e+04
3.923169725867862144e+04
-4.008193280132900691e+04
3.928815048500918783e+04
-2.137344346249977025e+04
-5.035036629907687166e+04
-5.132646168173574551e+04
-6.001548579628802690e+04
-5.333581480163335982e+03
2.432693411886536705e+04
4.012658399564586580e+04
-6.984773504117885022e+04
-6.226898950925238751e+04
-8.969115491212917550e+04
1.215424126207860718e+04
2.161676782962673678e+04
-6.621282000139987213e+04
-8.744813991033918865e+04
-1.383027661686702231e+04
-1.040241393490188239e+04
-5.814701360538940207e+03
1.751094186007173994e+04
7.118700316974185989e+04
3.605042393695320789e+04
7.889383946103737981e+04
3.828913918627782550e+04
8.193358730576174275e+04
3.440613143203977984e+02
-7.926167893829653622e+04
2.709521823875839982e+04
-1.925880901027940854e+04
3.417520134100552241e+03
3.034317624983839414e+04
-8.980434558484042645e+04
9.397960363968362799e+03
-1.247935916492642491e+03
-5.736304137242450088e+04
2.143275851278632399e+04
-8.593102597775553295e+04
-8.130255749619490234e+04
2.976754913629614748e+04
5.728277388936183706e+04
1.259566734563140017e+04
-3.694910484841452853e+04
-2.265451412955500928e+04
-1.990636073176411446e+04
5.969722265474927553e+04
8.359748891789520712e+03
5.218766828973277734e+04
-1.937976703767056097e+04
4.419646070763068565e+04
-4.972254732082812552e+04
-1.362938898764672899e+02
-8.322131423501286190e+04
-8.227996764427464223e+04
4.181510723876813427e+04
6.081103151724109921e+04
3.823069884042997728e+04
-5.506507685387339734e+04
-4.209308151705060300e+04
-5.634003454878043704e+04
-3.045967552227664055e+04
3.564940865958231734e+04
2.309556784022267675e+04
9.994422978448607319e+04
-2.261488369570149734e+04
8.195424164876171562e+04
8.736160937512204691e+04
-1.416286244476189313e+04
1.012387600497949825e+04
1.307275236073586711e+04
-7.054267197257738644e+02
-9.848004452264971042e+04
6.452598427248982262e+03
-5.929414342316757393e+04
3.625543103872046049e+04
-2.560113709372647281e+04
-6.282844016171718522e+02
