-3.738241618485639719e+03
-5.566188884358731593e+04
7.999973288430427783e+04
2.610576036261159243e+04
-6.320757653179715999e+04
5.311134026454258856e+04
-3.464751915707557782e+04
3.242199414775814148e+04
3.913712045793790458e+04
1.315434008858182824e+04
-1.029238462568303657e+04
-1.034888868298953093e+04
2.307217367834776451e+04
-9.649784627050135168e+04
5.500382623902706109e+04
-2.192373409571056982e+04
4.260178181371421670e+04
1.437756533506854066e+04
-5.431308368607059674e+04
-6.770957532456947956e+04
-8.568253476445599517e+04
6.331042995046425858e+03
-5.067351747296703979e+04
-9.144303475162705581e+03
6.174967995253732079e+04
2.588028380824312262e+04
5.955712510246446618e+04
-7.749319584141088126e+04
6.637843156540686323e+04
6.346479094319340220e+04
1.859784104076110452e+04
-6.663512092507298803e+04
-9.223298860953582334e+04
-7.841767433010922105e+04
-7.612221964225286501e+04
2.019643808915762202e+04
1.091180156865140270e+04
9.268427457218249037e+04
-7.735007083089856314e+04
1.660859907923091669e+04
6.768184727228626434e+04
-6.627135983582491463e+04
6.223138928869593656e+04
2.130292734539528828e+04
-3.315289676355424308e+04
-8.455505522574584757e+04
-1.448347404681443732e+04
7.150489611530760885e+04
-6.500346644503704010e+04
2.759509947805659249e+04
6.889634397685945441e+04
-3.971239129648514063e+04
-5.506751752457961265e+04
9.431572664840625293e+03
-1.032479035652354105e+04
2.343550140401270619e+04
-8.530687862188048894e+04
2.915850804210172646e+04
1.732255691667886140e+03
6.781270636713728891e+03
9.345466275892597332e+04
-8.858492626328420010e+04
6.466716451249286911e+04
3.752215819266973267e+04
6.769890119358629454e+04
-2.480819202942918128e+04
1.852974080377749124e+04
7.096887375492767023e+04
7.625109289507627545e+04
6.853761741967189300e+04
2.527158624915671680e+04
6.536485449861087545e+04
1.958871309786991333e+04
-8.264218788992575355e+02
1.185613098785939474e+04
-1.759321327887974257e+04
-4.872223386256806407e+04
-3.605817901951883687e+04
4.271651353311056300e+04
6.143273308031530178e+04
-3.546926039969397971e+04
6.145135217253737210e+04
2.797524516931910330e+04
7.800086161488613288e+04
5.318091251857787574e+04
-1.459150114645199892e+03
7.707893507926963503e+04
-7.104637319196367753e+04
-4.279870185910091095e+04
7.470291998957765463e+04
-1.438991881380470659e+04
-4.248901689836774494e+03
-7.542018879661402025e+04
1.832951756826170458e+04
2.054133118900592308e+03
-2.275382287420563443e+04
8.396794802816685115e+04
2.322348555383817438e+04
-1.029903610784527336e+04
-5.970609939580118225e+04
7.453130536916940764e+04
-8.966562114486821520e+04
3.284789313530526124e+04
7.573952577178187494e+04
6.856002213450109411e+04
8.133435148228220351e+04
3.436925834939635934e+03
-9.116541648263763636e+04
6.526156100965649784e+03
5.007419922338278411e+04
-5.659927737245683238e+04
3.115062641039860682e+04
8.661540702670245082e+03
-7.966354496029525762e+04
5.600743813132484320e+03
-8.133275243379791209e+04
3.319736308952330000e+04
-5.535238814837622340e+04
-6.131699315524683334e+04
-5.415036968809242535e+04
9.472111194570778753e+04
6.932330092601207434e+04
1.039559366066242546e+04
9.804366306114303006e+04
-3.658364247134621837e+04
7.442894395532642375e+04
9.511094743973341247e+04
3.293984930019011244e+03
-8.790293431252939627e+04
-1.294667913987487373e+04
4.923657604658686614e+04
-4.824177471492095356e+04
5.796547100296455028e+03
7.086013731873371580e+04
3.741205311189309577e+04
6.439446913947054782e+03
-8.622363965072570863e+03
-9.542347728952382749e+04
6.445616513085296901e+04
2.074305470834104199e+04
3.454065342972784856e+04
1.244085940169072092e+04
5.567172432621541520e+04
4.540662220777585753e+04
9.251951924450430670e+04
7.400819822979977471e+04
3.545950857427355368e+04
-1.614589231837994885e+04
-5.632205820785260585e+04
-9.244901158582689823e+04
-1.927232399843257372e+04
-7.745043368044403906e+03
-6.858971010032318009e+04
9.229825465553315007e+04
-3.565151629581700399e+04
7.141549606057706114e+04
-5.839950996796930849e+04
8.496959764621783688e+04
-8.180421751971716003e+04
-2.746227974098030245e+03
5.826704177605572477e+04
-7.067214269725931808e+04
7.082762231285804592e+04
-5.273385773847644487e+02
-6.497024411164216872e+04
3.375103365714458050e+04
7.741012884887097243e+03
5.283422878137065709e+04
4.741242908005731442e+04
-5.281161698191444884e+04
-3.120912236904619203e+04
-1.654940273452287147e+04
7.430462274847086519e+04
-5.761794862400078273e+03
5.857743825460835797e+04
-8.479337852205318632e+04
5.462727421549036808e+04
4.541799852362900856e+04
-5.649832473747248150e+04
5.476542326151764428e+04
3.626577550234892260e+04
3.103900837340268026e+02
-6.706696936502627796e+04
-2.121449233665261272e+04
-3.728003667507311184e+04
2.999275120912227430e+04
5.488649787063061376e+04
7.002270273155592440e+04
1.913330140813429898e+04
-5.307751234722028312e+04
-1.417590806464821435e+04
1.072827092258431367e+04
-1.724361260558229696e+04
5.054205726683748071e+04
-9.574527369536195692e+03
2.772636735249737467e+04
-9.483465302668862569e+04
9.552062963523676444e+04
-5.895507168741297937e+04
-2.342048709085380324e+04
-2.478870473219265477e+04
7.436664363348466395e+03
7.502327806734497426e+04
5.436190800043413219e+03
7.084376401773389080e+04
-6.408977675083863869e+04
-5.453432370446371351e+03
-2.047376391321868368e+03
-2.930301927578188042e+04
3.239671290893612604e+04
-6.167446212963306607e+04
-6.358940185399419533e+03
-9.544677847221831325e+04
9.529693102932311012e+04
-7.474129782456313842e+04
2.987579353182815976e+04
-2.941177929831952861e+04
6.636706822789819853e+04
9.223426043522437976e+04
-1.078214612847130957e+04
-4.200500589214709908e+04
-8.695346685493376572e+04
-7.529365056871343404e+04
1.042644470827424993e+04
-9.759956688813537767e+04
-4.474197540963559004e+04
-9.950361297571039177e+04
7.674052137954528735e+04
-2.491807842318674375e+04
6.856777048333479615e+04
-5.320902627790275437e+04
2.855516512427212365e+04
-4.903106349408660753e+04
2.494605763782123176e+04
3.644405698699652567e+04
-8.302169840178656159e+04
5.151363813580297574e+03
3.871691968581909896e+04
8.347935399655996298e+04
5.049375829133704974e+04
-9.929776407751448278e+04
5.339761007314323797e+04
5.719194089042836276e+04
-5.714978681639469869e+04
8.887576892857516941e+04
-8.321767947240076319e+04
8.334278144559085194e+04
-1.815446271308514042e+04
-9.591788507251115516e+04
-4.044179569260704011e+04
-3.922101424173468695e+04
1.249918464483654498e+04
-3.218764677059893529e+03
8.233876334258810675e+04
6.560616068250153330e+04
6.131026307067428570e+04
-9.898613735181573429e+04
-9.328946217766968766e+04
3.025170388513508078e+04
-9.292896271788628655e+04
-7.193573404193499300e+04
-8.808217591094550153e+04
7.849879372008900100e+04
-1.487806821080381087e+04
9.192634842390716949e+04
