-4.314473234591281653e+04
-6.785844749062498158e+04
-7.771473236396290304e+04
7.010135931977312430e+04
-1.044569528167437420e+04
-9.853936482848341984e+04
-5.839534073594633082e+04
7.266931126154943195e+04
-9.437231311297298816e+04
-2.942973970036708124e+04
7.935194427747020382e+04
-3.433577380206088128e+04
7.580356344546950822e+03
-9.576632708148028178e+04
-5.739995068220470421e+04
-4.908640667047154420e+04
8.075057995904485870e+04
1.619186330472359077e+04
7.218688336751058523e+04
-8.363559484231061651e+04
-9.451200546369611402e+03
6.196463158101946465e+04
6.605206865058460971e+04
6.428561807502100419e+04
1.587635918256770492e+04
-4.516511184203351877e+04
3.554214909101498051e+04
-8.122550555005343631e+04
-9.475391428571882716e+04
-8.162920847897266503e+04
8.110376653182953305e+04
8.033067721731204074e+04
6.024414091294445097e+04
9.057537987012209487e+04
3.341211225352461770e+04
8.765292679911156301e+04
-6.350464501711546473e+04
3.990778566046108608e+04
-1.934013348303802195e+04
8.907287420699337963e+04
7.230937396805848039e+03
5.957318725916989933e+04
-5.550394260286482313e+04
9.681182737865169474e+04
-3.236692650712334580e+04
-5.545724715148207179e+04
-5.043526694390779448e+04
-4.294492205016247317e+04
9.986237410692412232e+04
-4.293538061447590735e+03
-3.925267760074273247e+04
5.798235298704262095e+04
8.271042629614450561e+04
3.998011689429137186e+04
-2.465125275388637965e+04
-1.857901754642763262e+04
-7.246725463739478437e+04
-5.803636272265406296e+04
-6.443543558035616297e+04
-9.900829600796037994e+03
-5.015527028039852303e+04
-1.767912775352601966e+04
-2.122385330767488995e+04
7.621545443938298558e+04
-2.560619584938604021e+04
4.739292080761698344e+03
-9.421290293222719629e+04
-4.459792603244246129e+04
6.861736269399878802e+04
-8.978766190617196844e+04
2.988478277457282093e+04
5.284184303545108560e+04
-2.053959749747373280e+04
6.334860827375076769e+04
-5.332564642426704813e+04
-4.542940378883887752e+04
-8.446923068793819402e+04
-2.855190162814786891e+04
3.492245220377586520e+04
-2.113395054755782257e+04
8.917060279521152552e+04
7.788707762335887310e+03
6.031071338216792356e+04
1.979211466141338315e+04
-4.714542733096853044e+04
-6.715150946002053388e+04
2.612327131537022433e+04
-8.174312810325993632e+04
-4.238833851645640243e+04
6.907673290757050563e+04
6.226361601261996839e+04
-4.436087467653125350e+04
2.273541889027982688e+04
-6.660382183275902935e+04
-4.900038972977436060e+04
-1.910598431457930565e+04
-8.984145217302697711e+04
6.166530953805685567e+04
9.946427451516377914e+04
4.091076437486912619e+04
9.138830451345020265e+04
1.133365193875296973e+04
9.181691332125657937e+04
-7.601896227369933331e+04
-9.487959161084907828e+04
-4.889683563136813973e+03
-8.265661165349924704e+04
1.235141436019258208e+03
9.307421330049346579e+03
-9.069392057005620154e+04
1.465694087291706455e+04
-5.089294473342184574e+03
5.802647653056951094e+04
-1.355978441356910844e+04
-1.522324988327686333e+04
-3.376429467459395255e+03
-4.081226936310329620e+04
-9.202869493777722528e+04
-6.022819763676872390e+04
-3.836450193480840244e+04
4.880022116174446273e+04
-9.418874272323347395e+04
-2.734162104306519905e+04
-9.971634379019245898e+03
-2.900186561943251218e+04
-4.106887259321974852e+04
4.880287423785418650e+04
-4.965530631756388175e+04
4.381330194584424316e+04
-2.775499158856118447e+04
-9.162533513908932218e+04
1.540121451936040467e+04
-6.281992664857528871e+04
3.795286003187406436e+02
-2.883954629018568085e+04
5.456903217923366174e+04
-6.306915648880235676e+04
8.676037464405420178e+04
1.410393386896319862e+04
7.123323636753443861e+04
-2.302838067731938736e+03
-7.276781510958293802e+04
2.510471294104396293e+04
-8.968311513817917148e+04
2.029915100584488755e+04
3.251457781207629523e+04
6.232526206366287079e+04
8.955008396135122166e+04
-8.534586376716366794e+04
1.316524516407364899e+03
5.512267558201742213e+04
-9.662301119412637490e+04
1.402757884990358980e+04
-9.891295905538189982e+04
-9.346309850575341261e+04
-3.171903795944706417e+02
4.175460745157348720e+04
-3.785236593569440447e+04
-6.099007942945536342e+04
-1.906867366124485488e+04
7.029565680568371317e+04
1.917307840278762524e+04
-3.541729454316135161e+03
1.455368587834955724e+04
-8.439780954601737903e+04
-8.907938310889431159e+04
6.960294435040252574e+04
-9.795066028718404414e+04
-8.435888806997577194e+04
-2.716350781304889460e+04
-6.406254859455001679e+03
-1.170941223169441764e+04
-4.205106260068454139e+04
2.289669971888160217e+04
-6.530859791961613519e+04
-6.693671105380557128e+04
7.109070590281413752e+04
4.345468195756667228e+03
-3.919574242135385430e+04
-8.796266644221507886e+04
-1.332822121221395719e+04
2.709492261069959932e+04
3.471279469823400723e+04
-6.457027175127842202e+04
-4.972650132971606217e+04
1.964659025647100498e+04
6.025514249926365665e+03
4.838181199479367206e+04
9.561122574612403696e+04
-9.748308511342473139e+03
-4.170756674391761044e+04
2.992888984151078694e+04
3.977718478119241627e+04
-5.406712421504749727e+03
5.299292263779634231e+04
3.814612751966320729e+02
-1.008018027588324730e+04
-7.063748180940968450e+04
-3.069240003468717259e+04
-2.125935937107446443e+04
-4.730747183232475072e+04
4.486708155498000269e+04
-3.174596882930842912e+04
-8.215956923466124863e+04
4.605188162527993700e+04
-5.499551368175617245e+04
-8.838776235273735074e+04
2.230495870704158006e+04
-9.659890181721553381e+04
-3.190491119810270175e+04
-8.743095538360888895e+04
9.830812325895421964e+04
-2.469585920081968652e+04
9.886296369054904790e+04
2.024035949774450273e+04
-6.372299052573718654e+04
-5.713856210989723331e+04
4.964960825909763662e+04
-7.328058547260810155e+04
-6.855995644945168169e+04
1.078767150927721559e+03
-1.321155911449092491e+04
-8.191040310047299135e+04
9.300349535628625017e+04
-4.671630479881558131e+04
8.251692998737296148e+04
3.474520431319180352e+04
-2.774581382867255888e+04
9.131094572197446541e+04
3.367453163326156937e+04
-4.650434388224665599e+04
-6.378914957892475650e+04
-7.122102700546145206e+04
-5.763907221379879047e+04
1.096623403389716259e+04
-2.150996415437918404e+04
7.247190071772162628e+04
9.878184276067571773e+04
-4.191552059671312600e+04
-7.726981408033249318e+04
4.546433771422961581e+04
7.068782030589300848e+04
-8.835778129618344246e+04
-9.199092017781636969e+04
2.349076777384173329e+04
-4.097457686962067237e+04
-7.941794355058453220e+04
-9.835032254471574333e+02
9.012123370707071444e+03
8.236112901394386427e+04
-1.205684538895202058e+04
5.295147121982026874e+04
7.969579899222897075e+04
-5.722019051972357556e+04
3.772876125981475343e+04
9.359451603900153714e+03
2.573772057621308340e+04
4.077246210218014312e+04
9.321034614068150404e+04
7.110640833323274273e+04
-6.262288648047439347e+04
-1.758070132663717959e+04
1.196287481793042753e+04
-9.322586212473928754e+04
7.911336274742770183e+04
