1.706885571135072314e+04
8.779124531373984064e+04
-5.039951438479300850e+04
6.013897318582751177e+04
1.676546558860142250e+04
-5.692990159311804018e+04
6.500265060574009112e+04
5.043201928177052469e+04
2.746370595770200816e+04
-8.708918914243284962e+04
-5.632833121135782130e+04
5.861239749970447156e+04
-8.438707206194094033e+04
-4.803748661864733731e+04
5.628845267558558407e+04
-8.556510928901028819e+04
-3.698445430098198995e+04
-5.306246930141442863e+04
1.754044217943298281e+04
1.934630258431276161e+04
5.626137960101600584e+02
-6.140880041282597813e+04
-1.450333709246348735e+04
6.932771321235997311e+04
-9.434850677036114212e+04
1.490158197212307459e+04
-3.477950089074231983e+03
1.675835561710819093e+04
7.005526557407937071e+04
-4.303852152575486252e+04
-2.020543078330121352e+04
-1.446011828070004049e+04
6.174005210686923965e+04
-1.780161732521876183e+04
7.476989206995024870e+04
2.218422057130114990e+04
9.798547445512529521e+04
4.089953632089087023e+03
4.846036457991671341e+03
-5.022879995589602186e+04
-5.048944952677842230e+04
9.235282109427853356e+03
1.913816204001742517e+04
-5.281289985524233634e+04
9.427527471899842203e+04
4.401323120525763807e+04
3.868855586251631757e+04
-5.670764447640054277e+04
7.121670085798429500e+04
3.815718326705595246e+04
-6.594828507028275635e+04
8.406102271344878318e+03
1.239293933506469330e+03
6.602763361898549192e+04
-4.052985979046150169e+04
4.798690935064871155e+04
-8.649183590551282396e+04
8.545182965292167501e+04
-5.132414944870942418e+04
-9.429898771938908612e+04
3.745009658113998739e+04
7.274134102619420446e+04
1.146300917855997341e+03
9.985464591521018883e+04
-2.467121994004983935e+04
-6.964649230716885359e+04
-9.951817592123641589e+03
2.678917206131093189e+04
-4.434841553828065662e+04
-9.727498401173907041e+04
4.650642785251831083e+04
-6.924899657311911869e+04
2.784113430208653153e+04
3.439772415886913950e+04
8.056259300033589534e+04
-6.028851530320470192e+04
2.951248409937738415e+03
3.892834752375623793e+04
-5.299081333105315571e+04
6.387552458047654363e+04
-9.996164636688346945e+03
4.623057345590942714e+04
-5.790360948062162788e+04
-2.491510226797254290e+04
-7.228474765299042338e+04
-1.756438177453276148e+04
-7.574794272036979964e+04
7.598478803033156146e+04
1.486600678229134428e+04
-7.938860108542864327e+04
-1.249229415125177951e+02
9.930932708104855556e+04
-3.986866332723814412e+04
9.249956242890565773e+04
-2.056364003340572162e+04
2.813347863694114494e+04
3.312633489447658940e+04
5.822008811173457070e+04
1.841428242000490354e+04
-7.249316989183420083e+04
3.575718936296828178e+04
-4.544370502225013297e+03
2.699351373036099903e+04
2.443462603580448194e+04
3.599686659203759336e+04
8.553884627744108730e+04
-6.538793268312493456e+04
-6.257745573818888806e+04
7.252245897069149942e+04
1.525605962612056828e+04
7.178107853434454228e+03
7.511954148859558336e+04
-3.803010605771579139e+04
-8.696913057246796598e+03
-9.983756652518036390e+02
9.483934243658361083e+04
9.596279486490221461e+04
-6.187548447694609058e+04
7.320538640530647535e+04
8.571359973532600270e+04
-9.750956141806101368e+04
-1.859677988609586100e+04
7.397322739121929044e+04
-3.070860154525471808e+04
-2.281463552515036554e+03
-1.082913968680497237e+04
-7.056680186695297016e+04
-9.490415330708799593e+04
9.260950965476069541e+04
-7.503940289799821039e+04
-2.337825247605528057e+04
-5.208443942629138473e+04
-6.971134365758624335e+04
-2.584455008843112955e+04
4.710487184471372893e+04
-1.462404625171550470e+04
6.707081656279528397e+04
3.422726374155175290e+04
6.949273228854106856e+04
6.837257735666375083e+04
-7.756226785041579569e+04
4.193986921131196868e+04
-6.455741696968534234e+04
-3.405168990839985054e+04
-8.496942507244418084e+04
3.468268245577684866e+04
2.020687593024633316e+03
-7.518224385407236696e+04
-1.715846792012631704e+04
-6.682924421050667297e+04
-1.271901778717509387e+03
5.933334101295218716e+04
4.797538772002576297e+04
9.773570184187281120e+04
6.933347952515496581e+04
2.635282959043045139e+03
1.545591627971985690e+04
-9.600105044033672311e+04
-6.027734218944320310e+04
6.095986867837246973e+04
2.664570635642163325e+04
-6.584990263134549605e+04
-7.366101060821571446e+04
7.991225836320746566e+03
-6.877882002085108581e+01
-4.017759489386979112e+04
-3.270215163051200216e+04
5.025443188956818631e+04
-5.993539496677176066e+04
8.394856378922819567e+04
4.881528014563171018e+04
5.214958200402175862e+04
2.616120099050825229e+04
9.353894855986873154e+04
-2.500017679757568840e+04
3.918316891440017935e+04
-1.921230511169591045e+04
4.750429040221705509e+04
-2.745449316493147489e+04
-7.006594696655261214e+04
5.414707670814904122e+04
-4.913880650960680214e+03
-1.435272962140110576e+04
4.361231534847197508e+03
-9.940434739647329843e+04
9.769392747900163522e+04
5.040214204829289520e+04
1.055344312988172715e+04
-6.957175971053374815e+04
-9.134860949893380166e+04
7.752241383824795776e+04
6.026417123557542254e+03
9.122148419755634677e+04
-9.110863988288132532e+04
8.500808272433835373e+04
4.894167588257376337e+04
-3.883753276973365428e+04
-4.538283207914393279e+04
-5.969240606186477089e+04
-3.755129653798262734e+04
9.277331150075886399e+04
-6.198018289083178388e+04
9.350184504944195214e+04
9.937464444815897150e+04
4.873089791796688951e+04
-4.749011850363409758e+04
2.514773792502730794e+04
5.087032463143590576e+04
5.449716727208022348e+04
7.688851150028769916e+04
-7.436337315654304984e+04
5.811553276337831630e+04
-1.994158411197067835e+04
9.265796131705430162e+04
6.695590691130311461e+04
-9.365787085126052261e+04
-8.287200683849268535e+04
-8.793369979971040448e+04
9.904656200585096667e+04
8.588591276408025806e+03
1.893777084827206636e+04
6.947453363674823777e+04
1.433639666195151767e+04
9.907630011172225932e+04
3.500145080603788665e+04
4.046931720533894986e+04
3.665524665100147831e+04
3.578107523380945622e+03
4.387232137693341065e+04
5.051198821789590875e+04
-8.404019285153313831e+04
4.009885443665344064e+04
-4.982763202349557832e+04
5.428517381394319818e+04
-3.130366662796170567e+04
-6.513602765190280479e+04
9.305505434555315878e+04
7.591855520861131663e+04
-1.382065518120167781e+03
3.531829730343314441e+04
-1.045722581550396171e+03
4.404368012225726852e+04
2.242441314329944726e+04
3.155482436106622481e+04
1.029845388545832611e+04
-9.881452288427807798e+04
-3.561524299312540825e+04
3.157851595686588917e+04
9.708439836011941952e+04
8.904945598458407039e+04
7.471295049242902314e+04
9.585711493472249458e+02
9.493518543056449562e+04
-8.078632357756109559e+04
-4.528467874298758397e+04
1.523980471010333758e+03
7.418318505941900366e+04
4.036525889028003439e+04
8.004174033838462492e+04
3.314919664378367452e+04
-5.419285673312599101e+04
-1.538384431335186127e+04
3.347527160954494320e+04
7.738698055921752530e+04
1.614038152488695960e+04
