9.487883141947443073e+04
8.422403869217140891e+04
-2.164579897247454937e+04
-6.582453490488875832e+04
-2.898577190767426509e+04
3.402492712371110247e+04
-4.773981202599631797e+04
6.863533465559217439e+04
-2.108676172678522926e+04
8.202497951004713832e+04
-3.674568375764860684e+04
-7.079921201269600715e+04
1.540282815974010373e+04
9.610627141308560385e+04
2.271106331163423602e+04
8.016948930393534829e+04
3.113926727039831167e+04
6.534600550003908575e+04
-9.294717985469760606e+04
-3.511398457178272656e+04
8.281721001256487216e+04
2.706898861455629958e+04
2.472343920267372141e+03
-9.746813967346790378e+03
-8.397242014521660167e+03
3.397107896511553554e+04
-3.408644194949733355e+04
-2.028979221623111516e+04
-4.766672202925097372e+04
7.210124472767855332e+04
-9.842466606516945467e+04
3.191237199718574630e+04
5.889854973458877794e+04
4.979603674583967404e+03
2.560276922233824371e+04
6.442075591810658807e+04
2.111266844008314001e+04
-1.618113490061754965e+04
-1.450515577656675487e+04
3.644117286764502205e+04
3.073269383440144884e+04
5.999073223500319727e+04
-2.618704078556373497e+04
7.209556697163666831e+04
-3.593390153129897953e+04
-5.309910048245993676e+04
4.339017173380962777e+04
7.349415412837215990e+04
-8.260263905427869759e+03
-2.919500469590803914e+04
-4.048798346443768241e+04
2.970648264174511132e+04
8.734910154178760422e+03
4.200761203489708464e+02
2.980934040765265308e+04
-8.758878664484500769e+04
4.018647580831586674e+04
9.139339303776052930e+02
-8.659275659596509649e+04
-9.143735422271655989e+04
-8.473553120432552532e+04
6.837240301558925421e+04
-2.076145047963298202e+04
2.379489906959147993e+04
-2.225042017614442739e+04
-7.227748065880665672e+04
-1.444734633291541832e+04
4.825365994419101480e+04
-5.194265072223742754e+04
-6.639013522016286151e+04
6.645337577929555846e+04
6.342285739286828903e+04
-8.410898132792540127e+04
3.956488465085226926e+04
5.785416729685979590e+03
-3.441365036317274644e+04
2.494776684797439157e+04
-7.718791396956269455e+04
-1.541070896142414676e+04
4.552066388908811496e+04
-8.316704214411760040e+04
-1.359399078480247772e+04
-7.762189609619126713e+03
-5.444251787809260713e+04
9.835561300369007222e+04
1.819976384698050242e+04
7.197762587199010886e+04
-7.450525045430992031e+04
-5.958116345570427075e+04
-1.929466735283700837e+04
-4.791301998917329911e+04
-1.698057833271485288e+04
7.164711806115455693e+04
-8.555044217314547495e+03
1.760434864240569732e+04
-3.335518588463166816e+04
3.808490408042066701e+04
3.097354805634777222e+02
-3.218171278516098391e+04
9.247018305903649889e+04
6.649201803598472907e+04
9.540584431385750941e+04
9.049684571954277635e+04
4.465961246059608675e+04
1.094147683792271710e+04
-6.844113880850325222e+04
-2.804127122120526110e+04
-7.720030377851404774e+04
8.888273951184941689e+04
-3.473794541704122821e+04
3.109740075520907340e+04
-5.206909335960091994e+04
7.013330748161328665e+04
-6.805140233949656249e+04
1.034262086220180572e+04
-1.677346282143860299e+04
7.064173544129739457e+04
9.291530932013748679e+04
-2.463890411840287197e+04
9.247299333227735769e+04
-3.990622588968156379e+03
-4.113682935914133122e+04
9.762857703733543167e+04
-2.039055826545926902e+04
7.476830291052928078e+04
5.459179745627103694e+04
-3.979250873241694353e+04
4.562706130010395282e+04
1.445291174606275854e+04
2.509749545623152881e+04
5.956970692805553699e+04
7.244145991889281140e+04
-7.470192319687547570e+04
-7.498347579464668524e+04
4.703800660727878130e+04
-6.204641716122114303e+04
3.986291315826090431e+04
-2.811169794976503545e+04
-4.427152090156801569e+04
5.338877809820663242e+04
8.718971870876238972e+04
-7.996844634171780490e+04
-7.896200557917371043e+04
-7.331467621035200136e+04
2.160077513259742045e+04
2.086237625814991043e+04
3.767502003340988449e+04
4.949781594837838202e+04
8.015032023916090839e+04
-2.977114322938145051e+04
5.488368555774369452e+04
-4.760613642499857087e+04
-8.696308533754247765e+04
7.212309490033081966e+04
1.597712269605032270e+04
8.353294836913821928e+04
5.643985706517856306e+04
-8.221314861465543800e+04
8.610536132060256205e+04
7.757229549872105417e+04
-3.452558748427574756e+04
2.208863534338362660e+04
-5.094586824992627953e+03
-5.286023708827693190e+04
7.599604460173459665e+04
9.839261979629722191e+04
-8.875598194363096263e+04
3.763191460586455651e+04
7.004878156341980502e+04
-8.375896518565078441e+04
8.683005330049344047e+04
-3.084605974332022015e+03
-3.334520747499004210e+04
9.767789584293607913e+04
2.516929045949903957e+04
5.374241330440210731e+04
2.814573021879608132e+04
-4.980801422130512947e+04
4.741166642211259750e+04
5.103823956370115047e+04
-8.594382305587342125e+04
3.003986449147049643e+04
5.940269419583038689e+04
-9.268342493789629953e+04
-1.001028216170524138e+04
9.223444797159674636e+04
-4.094934704209503252e+04
-4.052342191417106369e+04
8.044906421948890784e+04
-2.919997570913157324e+04
-7.369656722226156853e+04
8.449624213646796125e+04
-1.055188511369857224e+04
-6.678489382150562597e+04
9.634241044448937464e+04
-1.055025231096966127e+04
-3.876873708296551195e+04
-6.064349032835929393e+04
-4.233709051555886253e+04
-6.792616322961007245e+04
-2.653447354260741486e+04
-2.435563728590181927e+04
-7.620724805510501028e+04
-6.090322632282848645e+04
1.694595503294504670e+04
-8.527336912212186144e+04
-9.462881338123332534e+04
4.375211153507838753e+04
-9.755452578678283317e+04
-8.351791633032272512e+04
-9.278731308681158407e+04
-8.197901992776400584e+04
6.239214883353636105e+04
-7.885919954333272472e+03
-1.348237151228619950e+04
5.499667328565031494e+04
2.254434341065938133e+04
-2.651708075155604820e+04
-1.863654245156882462e+04
1.371420642092258277e+04
-8.962403851398636471e+04
3.661737847274032538e+04
2.380586818866387330e+04
8.679167026240080304e+04
-1.147469587244231661e+04
2.730288854378436099e+03
-5.995977181261789519e+04
1.073915782495659550e+04
3.641756182557184729e+03
-3.762711900292991686e+03
-7.850233138366240019e+04
9.973777177545084851e+04
2.469807888397117131e+04
-7.829695276365954487e+04
2.219569758345662194e+04
-9.221693505772325443e+04
-7.609081891799544974e+04
3.091209739885677845e+04
3.943725646887180483e+04
-8.711335987869255405e+03
-6.057996880666046491e+04
7.377111362924150308e+04
3.962819288130562927e+04
5.542222973653551890e+04
4.207657308780420863e+04
6.497073499092731799e+04
-4.845978538666467648e+04
7.578619601547298953e+04
-3.270760975708485603e+03
2.130980661103031889e+04
4.821209823505480745e+04
-7.999272783476828772e+04
-4.617866439560548315e+04
2.366769391473535870e+04
-1.702613735537111643e+04
-9.452701453304559982e+04
-6.602386623528505879e+03
-7.647618154231490917e+04
-8.377220830017792468e+04
-4.101511916682036099e+04
2.288749455523529832e+03
-7.298129205850746075e+04
6.565276922066838597e+04
8.977591563226003200e+04
2.502535001687464683e+04
