1.871502649108309561e+04
6.120409083257413295e+04
1.172739081670547785e+04
-9.074817776140417845e+04
5.782365314176461106e+04
7.050860783433463075e+04
4.307248856976486422e+04
-6.043961237477532268e+04
1.888879467367348843e+04
-4.414711273109623289e+04
4.414846149480402528e+04
7.917580413151816174e+04
-1.727586373194290354e+04
-3.433156210463723983e+04
3.162172958707453290e+04
4.500504530978892581e+04
-8.969842857550899498e+04
4.927201476219030883e+04
8.488635649464554263e+02
9.291845441078663862e+04
3.981238986356044188e+04
4.819333478033624124e+04
-1.943116856548003852e+04
3.453102362794887449e+04
3.916792916425750445e+04
-9.430099887646993739e+04
-6.570582943028886802e+04
-6.037559648350912175e+04
-9.697639443239870889e+04
1.851750277635001476e+04
3.726860250333436124e+04
-6.940729831311129965e+04
-3.801564869573316173e+03
-8.897274892565445043e+04
5.597201540018688320e+03
-3.742523852004991204e+04
1.293209802384073555e+04
-7.234912101682115463e+04
1.781636099622157053e+04
-6.601360339217544242e+04
-7.045728404534649599e+03
-3.717776719324750593e+04
8.004843530633220507e+04
3.247299688577211055e+04
5.567610482948495337e+04
1.667119816389403059e+04
-1.458244564635849429e+03
2.535323662936273763e+02
6.133896424166938959e+04
-4.644827076373603632e+04
6.564861291164133581e+04
4.579108498897276149e+04
-3.571352985218378308e+04
6.382846030745233293e+04
-1.052168269910037998e+04
-4.640082020434933656e+04
-7.760637370990207273e+03
-4.730930590567991749e+04
7.135988492321687227e+04
-3.521136288265453913e+04
8.057504004793842614e+04
-8.256677109555466450e+04
-8.268270332141943800e+04
-5.233521095134859934e+03
3.573751474891599355e+04
9.945684771696521784e+04
-2.331523734050932762e+04
-5.532339862123953935e+03
-7.351450951274168619e+04
-6.514340859831334819e+04
9.476545448891626438e+04
3.232008006431807735e+04
1.171493159142392687e+04
-8.894760591242992086e+04
-5.619633355421550368e+04
-4.597911733387151799e+03
-5.261010242853258387e+04
2.160818901691272913e+03
8.598507767985774262e+04
5.640179380617479183e+04
-2.013629640575358644e+04
-6.227691616230443469e+04
4.205755645579287375e+04
-7.512027142284777074e+04
8.038185423873322725e+04
5.643580223392693733e+04
-3.615225615530357027e+04
1.053383926575975784e+04
-7.768797783257845367e+03
-6.195940120017965819e+04
-4.374323428615836019e+04
8.375247291749823489e+04
7.864035954962950200e+04
-9.603466074846909032e+04
3.791977981929628641e+02
-2.489604969351219916e+04
-8.569343798056858941e+04
-8.391821092669377686e+04
-8.447005583683500299e+04
-9.932244089613523101e+04
2.172375459243233854e+04
-3.649134913038102241e+04
-6.625167291669984115e+04
-8.632877469079625735e+04
8.947472253735233971e+04
3.195156296381849643e+03
-8.046551293314770737e+04
8.650260396938446502e+04
7.838650121921936807e+04
3.072000064043908787e+04
8.350918283950017212e+03
1.676724473822875370e+04
-4.882015818295131612e+04
-4.525331805313402583e+04
8.188223146501691372e+04
4.220167824657622987e+04
-4.017477624286277569e+04
9.034265834476353484e+04
-9.525391536435185117e+04
6.396946595932427590e+04
-5.938974659794564650e+04
-1.194325230273893430e+04
-8.575526020309275191e+04
-6.741296897336091206e+04
-1.896665866918348183e+04
4.538278444474035496e+04
5.797512220028525189e+04
-9.305399076653211523e+03
5.812515508141855207e+03
6.550829202513525524e+04
9.186806100562508800e+04
-1.460019517113285656e+04
-2.473148462718345399e+04
9.294942252990265843e+04
-7.199136689258625847e+04
-8.405370904044152121e+04
2.155221927307581427e+04
-5.536342849251382722e+04
-4.232694127458061121e+04
2.892018515375499192e+04
2.251736089274962069e+04
4.969367430781735493e+03
-2.619375659325687593e+04
-7.544155929936241591e+04
-5.504625876904728648e+04
1.294317430914684883e+04
-2.749610053503685776e+04
-9.935886110946812551e+04
2.414677083620093254e+04
9.768679044434499519e+04
7.670406994778753142e+04
9.387841890784350107e+04
6.903331759592276649e+04
-3.431723693715581612e+04
-1.557065826783459852e+04
3.203209949217300891e+04
4.835095393781685561e+04
9.869303599105424655e+04
-6.040233865567043722e+03
-1.670477447490808845e+04
-2.383991778238401093e+04
8.440931374383727962e+04
2.325350142734460314e+04
-9.667143206615204690e+04
-6.943589227019458122e+03
-7.339307393267413318e+02
-1.061423346161237350e+04
5.253905784673756716e+04
-2.943331947559110267e+04
3.445146649209155839e+03
-1.090701446291150751e+04
2.091101784762845637e+04
9.251466406069826917e+04
-3.531810728473529707e+03
1.512097654148317633e+04
1.623405537868405918e+04
1.876079617998836329e+04
-1.010768751817029624e+04
7.022201652648985328e+04
1.064101680118682680e+03
-4.867604234773389180e+04
-3.107793456115495792e+04
1.846272623002077671e+04
-4.640645404701689404e+04
7.022648064246174181e+04
-3.561437339186515601e+04
9.896572560823512322e+04
1.521572477329332651e+04
-4.578113423468641122e+04
6.715916696361167124e+04
1.131909016760207123e+04
2.514239657658538636e+04
8.755436240651560365e+04
8.039434169385922723e+04
5.933965603040480346e+04
-5.550148327771868207e+04
6.582973906938462460e+04
3.328095571818265307e+04
-3.696924568476922286e+04
-2.500479455713675998e+04
3.158771277388686576e+04
-8.440718270307268540e+04
-6.304479299238343810e+04
5.231503244958401046e+04
-2.375824177383841015e+04
3.336716551335637632e+04
8.116425941298149701e+04
9.623978324126523148e+03
1.947245587351564609e+04
7.561067848270441755e+04
-5.329800622280382231e+04
6.414328519786727702e+04
4.335584079763505724e+04
8.672893220327861491e+04
-3.141380858531358172e+04
-5.715988973080555297e+04
1.671928834896768603e+04
-9.769961101054261962e+04
-6.041214668952009379e+04
7.273142972962299245e+04
-9.287665701793023618e+04
-9.014456078566200449e+04
-1.249407701202366479e+04
3.402205313822306198e+04
-7.446720465967056225e+04
-9.253187703796710412e+04
-1.690082973240965885e+03
-7.123017638396596885e+04
1.326969214826329699e+04
4.477186830301266309e+04
-1.535167934734172377e+04
-1.855132723693074149e+04
5.075495837562235829e+04
5.812294485017957777e+04
3.907654023176414194e+04
5.048348026541453874e+04
4.916071494688373605e+03
8.064088954551746428e+04
2.771693275200761855e+04
3.636723652646122355e+04
-6.113651507612944988e+04
-3.584667195018408165e+03
-5.839202452630370681e+04
3.370842634741133952e+04
-5.902480369239752326e+04
5.781216846090659237e+04
5.916883582472296257e+04
-9.405319443140650401e+04
-6.273501112555927648e+03
3.238028202925809455e+04
-2.057200664037992829e+04
3.066708401038183001e+04
-1.143076425821165003e+03
6.579291184781760967e+04
3.647633902424851112e+04
-7.311931172794602753e+04
3.022063531811530629e+04
9.205049592442892026e+04
-1.196336122187694127e+04
8.405810421511615277e+04
-3.189268936215347640e+04
4.335991671618055261e+04
2.019552683774529578e+04
3.945996543114300948e+03
-2.771314983205553744e+03
