-4.135560133766437502e+04
-6.919809111828857567e+04
-2.739499722908378681e+04
4.313522177372305305e+04
-6.266831875368672627e+04
-2.935719299111231157e+04
4.165789021928166767e+04
8.399666277340751549e+04
2.286871907060866579e+04
-6.282427631912760990e+04
-4.331245180018163228e+04
-8.592353235171390406e+04
-2.224407968409296882e+04
-8.906963352376678085e+04
-8.550242147386973375e+04
-7.871775979522214038e+04
-9.586432175824025762e+04
-5.850218503493936441e+04
-5.115570635962071538e+04
5.097423312318400713e+04
7.105910698667789984e+04
-9.468365497541062359e+04
-2.197344328521810166e+04
-9.168842854958256066e+04
-4.752790469089341059e+04
-9.752495541812387819e+04
8.648847590721810411e+04
2.091815097791554581e+04
1.889886244087727391e+04
-7.035449603086685238e+04
7.724326268948783400e+04
-2.787281991790900406e+02
-7.121114008313078375e+04
9.767446195831456862e+04
4.094560287986804178e+04
1.961420325484074783e+04
-1.750065602220055735e+04
1.400867843292915722e+03
8.293236347612162353e+04
7.482179229555789789e+04
7.742762251174851554e+04
2.434901899515440527e+04
-3.569910979120718935e+02
-6.505876121074597904e+04
9.767234379849652760e+04
-9.727511712548497599e+04
-4.055903350281746680e+04
-2.690642619206722520e+04
-2.879194647753403729e+02
9.815586822079069680e+04
-5.295495038986462168e+04
3.832525591240454378e+04
1.217577426800591275e+04
-1.445933689143449737e+04
1.065642168977782967e+04
5.875770295963139506e+04
6.753671333873792719e+03
9.706262050247586740e+04
1.847355293204164627e+04
-2.447949938419953105e+04
-9.040629328960466955e+04
-1.588661874976538638e+04
-1.665161180077872996e+04
-4.779989002490875282e+04
-2.783359886506612020e+04
-4.861129875351607188e+04
6.039932741899607936e+04
9.314909286705864361e+04
9.478617840642818192e+04
-9.052805129928005044e+03
-6.315677465459998348e+04
-7.826871412272134330e+04
5.884081824420761404e+04
-5.921399743271085026e+04
-5.468856086121792032e+04
-3.903358004327651724e+04
-8.934966280432821804e+03
-1.617858631024298666e+04
-1.378842051035167788e+04
7.220466097315662773e+04
-5.302061443578530452e+04
-4.567184306641931471e+04
-9.444158210143809265e+04
9.725743471325222345e+04
5.758688408548544976e+04
8.755165988550207112e+04
-8.085820730082415685e+04
7.913497428686008789e+04
-5.710360005879394885e+04
-7.176087385497367359e+04
-1.149353454172796592e+04
-3.041818857240959187e+04
-3.560927497289801249e+04
4.410176408819817880e+04
-3.452454667860649351e+04
-9.920297713816282339e+04
7.900161933547740045e+04
-9.251788439941388788e+04
-4.327604386007273570e+04
2.008661864454670649e+04
-2.336672862328292103e+04
3.484178986495408026e+04
7.871871242921217345e+03
-4.114687554914510838e+04
-6.163660558729632612e+04
8.623890109008652507e+04
9.391577928888042516e+04
-5.755643667052120873e+04
2.469028847140450125e+03
3.179183948005317143e+04
2.410481820462932956e+04
-8.968588161171985848e+04
-2.844701550284971381e+04
8.192448631569111603e+04
-5.230763719341343676e+04
-1.824877954292594586e+04
-6.843207615900687233e+04
8.967051655477665190e+04
6.846672730017879803e+04
-5.388565057463694393e+04
9.410371266556043338e+03
7.099352724253669294e+03
6.924107424099216587e+04
-8.535968515445165394e+04
1.200359393796415679e+04
5.231565136172725761e+04
-1.955364613848837325e+04
3.746530369107293518e+04
1.571655734292424131e+04
1.826139226270037398e+04
3.130255383294636340e+04
-5.795731587552891870e+04
7.769065332274677348e+04
-6.769635563485622697e+04
9.755969429525043233e+04
8.076663189310357848e+04
-2.125855983851200790e+02
8.999477616798180679e+04
4.081639328539535927e+04
7.734315953324802103e+04
-8.906098198146693903e+03
7.767166523701435653e+04
-6.802053133948678442e+04
5.883555707218467433e+04
-9.799550236435378611e+04
7.471459498109987180e+04
8.635762483774131397e+04
-2.338257715481804917e+04
-6.125786636562956119e+04
9.151422127418330638e+04
7.636977204390231054e+04
-2.441210774300487537e+04
-5.343474918252789939e+04
-5.840139178416981304e+04
-7.572395377417953569e+04
-8.876628107289678883e+04
3.879734946859213960e+04
-8.989108652051669196e+03
1.477682497603000456e+03
9.802491746561237960e+04
2.849906000703024620e+04
-7.288789274903427577e+04
4.751999805913725140e+04
-9.279085005806151457e+03
-3.693547840961767361e+04
-1.065299707509676591e+04
2.461111873174004359e+04
5.438419888311711838e+04
2.961830403171769649e+04
2.485432117374055088e+04
5.828342000813083359e+03
-7.619340065587456047e+04
-4.462049427708519943e+04
-2.824399846700394482e+04
2.638620383666740236e+04
6.228167874695088358e+03
4.477993080500431824e+04
-4.665674507149517740e+04
-2.381887624625339595e+04
2.385509810914810441e+04
-6.427185031676181825e+04
-8.446809599812346278e+04
8.454917232428010902e+04
-2.465681158130369295e+04
9.879167687416810077e+04
-6.802472144483520242e+04
4.853862030500762194e+04
4.445903349594408792e+04
-1.640022496392279572e+04
6.680499125507115969e+04
-1.107787097232858468e+04
-7.480841749276568589e+04
-8.152843334397237049e+04
7.019454881526366808e+04
-3.390677219496042380e+04
3.489503052683291753e+04
-2.952744372110590484e+04
9.777763093865866540e+04
4.709674275945256340e+03
3.780604439459933201e+04
-9.767653383915008453e+04
-9.556505876619194169e+04
9.981931197311040887e+04
-5.201748610025130620e+04
5.818248303937956371e+04
2.198329267107163469e+04
3.325806058924564422e+04
-6.009241474355944229e+04
-5.924479810740556422e+04
-3.832494113035577175e+04
-1.949968580515769281e+04
-2.860998737844558855e+04
7.722823827919468749e+04
4.542917662794154603e+04
8.821006190184642037e+04
1.958346648388228277e+04
8.897694041249265138e+04
-1.243741712305375040e+04
-1.813527142279041436e+04
4.382635003543528001e+04
-8.593498012400334119e+04
6.741985059658429236e+04
8.168122403771447352e+03
-3.440558028521223605e+04
8.613814805807113589e+04
-7.349506777820014577e+03
-3.176169525969502865e+04
2.976911778235075326e+04
2.057536617672556531e+03
-3.935768693200644339e+04
-2.878694842184209119e+04
2.986291876788691297e+03
-8.250870813690402429e+04
5.182396755819024838e+04
-8.511897973251987423e+04
-6.748526045535513549e+04
-9.415109026644437108e+04
-2.088984113982649797e+04
1.381669796117941041e+04
-5.488797062632198504e+04
3.785125588720510132e+04
3.452794557752416586e+04
3.285010690570696170e+03
6.936822202821963583e+04
-6.435552702099075395e+04
-5.735340615504609013e+04
-9.442248035679671739e+04
9.747110324939623069e+02
6.879846648237582122e+04
6.662471838101214962e+04
9.382777929382237198e+04
6.481049246278181090e+04
-1.976804544927914685e+04
-2.429673980831330118e+04
-5.311622338876583672e+04
-4.388027525289598998e+04
3.494986009204642323e+04
6.648287249094757135e+04
4.200838359282742022e+04
-3.513346486507903319e+04
-2.498569344879777418e+04
7.040575056302838493e+04
-2.224442997254709917e+04
8.158477877685577550e+04
4.974721553907760244e+04
