-1.040165913116242402e+00
5.142925322939034816e-01
-9.637144203360493711e-01
-1.612907146412000614e+00
6.081388701697164612e-01
8.881186523028083979e-01
-4.957993645353899748e-01
-7.601005997527012781e-01
4.919410486172717256e-01
-7.079793147921504826e-01
-1.515012290876550372e-01
3.147502754012858062e-01
-4.405338239220666918e-01
-1.237245064375994019e+00
1.732814197647580157e+00
9.164062148355275328e-01
8.728767973593142271e-01
4.344618113424992406e-02
-9.421319237750104270e-01
-3.538178854305726873e-01
-1.039394434631348618e+00
8.575616272242627680e-01
1.555411941210405047e+00
-2.930116105061134624e-01
6.520229373886667901e-01
-2.041848505689607851e+00
-9.754140987440778066e-01
-1.350492289038607741e+00
1.570251608982665026e+00
9.802777438166683233e-01
-9.238824120387040262e-02
1.694691010006908360e+00
-4.774676776989509319e-01
3.136400648796082713e-01
6.366599735432045826e-01
1.479863883088880505e-01
7.364085904701049845e-01
8.108135095625441657e-01
-5.163292484120141079e-01
3.146962057756237940e-01
-9.780068470796901003e-01
7.028871301707261265e-01
9.122984758453119847e-01
-1.696044957613255522e-01
-2.170846256961639575e+00
-1.270557252211002297e-01
-8.323558379985195321e-01
4.279979673049263966e-02
4.948621352080989633e-01
-6.288474334902885987e-01
2.226330841889542889e+00
-1.411516817772249688e+00
3.173574918357245922e-01
-1.155656788890997877e+00
8.091596576203143876e-01
-1.288261475652987542e+00
1.276474401278747894e+00
1.583805668182268089e+00
-2.340107655696697930e-01
2.399787181990339635e-01
-1.462166342674385000e-01
-1.471486508682760430e+00
4.443565214665587959e-01
-1.351061750471064804e-01
3.352565503026376792e-01
-1.979273428585116568e+00
-1.870906615749939661e+00
5.598566463496797985e-01
1.703306922870419404e+00
8.264194274874496760e-01
-9.750437592823415489e-01
1.240024411741637689e+00
-8.804139982107171969e-01
1.035086250961138266e+00
7.918943218507509263e-01
3.462509816956059194e-01
7.471123963749084496e-01
2.027508436276761028e+00
-1.372493539081126146e+00
-4.576154599913936916e-01
5.042995330968088608e-01
6.696177568330572427e-01
-3.536967727769025904e-01
-2.124642631568580131e-01
-1.836321429882498357e+00
6.904636321755677209e-01
9.441227302687380529e-01
1.686949828335878032e-01
-8.119828841028117195e-01
-8.086996413492675284e-01
3.958383864376679995e-01
-1.988963031102220613e+00
-3.519215289683227943e-01
1.246915654420344355e+00
-1.571785726514053350e+00
3.638049437553641519e-01
2.269932831530928896e-01
-6.971106889764906445e-01
-1.587157889654064347e+00
-8.901772648326272686e-01
6.223859795395210170e-01
-6.693237065163324395e-01
-8.856105429446126109e-01
-2.272823312899173498e+00
-2.572284667099290489e-01
5.378947041717698774e-01
2.078748381366632980e-01
7.512362083507665433e-01
2.512750111662914954e+00
-1.254683391230758449e+00
-7.262839008612189673e-01
-2.374337296563589828e+00
-4.458355999096358380e-01
-1.625943773964740213e+00
1.016021585819485207e+00
7.313803244365448819e-01
1.289187997494716464e+00
1.726102264379555939e-01
-1.566259587087697636e+00
-2.992553948761698113e-01
8.314269257181521322e-01
-2.668781918810931297e-01
2.053445089585214378e-01
-8.696424716319217652e-02
-2.060471312791947174e+00
6.419588486274715455e-01
2.116385391902351198e+00
1.550984998133317638e-01
-4.946804136387477069e-01
-7.989107467404079621e-01
-5.855852373979623937e-02
-2.135097973078641520e-01
-1.181512254749860213e+00
2.913478644830973519e-01
-2.147984585351900566e-01
-1.644804406281892284e+00
1.207297000830808820e+00
9.520788178464986151e-01
-2.816149590176302286e-01
-3.789432461971549704e-01
3.242685732261568754e-01
7.331167707738502903e-01
-1.598048989531050346e+00
-3.750506667153086227e-01
4.811202954772355045e-01
-2.877769722893732118e-01
-1.104133010496445744e+00
-9.099954763085199572e-01
-3.366900252966684715e-01
-1.392335302922517837e+00
2.292549460986028187e+00
2.137127715541017992e+00
1.847721419416080701e+00
1.947178505210827026e+00
-7.961372391755241473e-01
5.863551525246053497e-01
-9.083254409338606394e-02
-2.908974337428327783e-01
-2.509468916685344553e-01
-6.567978374783665918e-02
1.318806083910973315e-01
-1.563644586562046523e+00
-2.753891795465459036e-01
9.602967715513703872e-01
-1.650752202812056479e+00
-5.453469894714857436e-01
-1.110225597910713180e+00
6.978344922494733593e-01
-1.515754631956091503e+00
-4.500878554774509488e-02
8.678448209000004798e-01
-3.585619045138546124e-01
4.544928243734016049e-01
1.814857735747738232e+00
3.872741813799531752e+00
-7.645096170443470285e-02
2.794415537795158500e+00
-1.594883902267386189e+00
3.505910390477788852e-01
1.163214695447969849e+00
-2.704964867703260056e-01
4.441684726810882777e-01
1.406755702456419233e-01
1.246985733785699324e+00
-5.286236638318246583e-02
7.068252888768122855e-01
5.331325174052921334e-02
-1.351534105620824766e+00
6.108797727341778172e-01
1.291574556523409356e+00
-1.973239715334317967e+00
1.642645207446811639e+00
-6.332127239360341164e-02
1.244790357140489467e+00
1.334254571121722854e+00
-1.214255422131057971e+00
3.385718666108916697e-01
-8.850791424323792844e-01
-3.283162761110146599e-01
7.216805130225616427e-01
-9.878235618748287816e-01
4.297830259115206220e-01
-7.625507165470904458e-02
6.611692169756009374e-01
-1.705851921367877444e-01
5.653684594366890082e-01
2.636076129693741277e-01
1.549156189939565387e+00
-2.991605691847039505e+00
-4.346989480150214025e-01
-1.988630586341759987e-01
-5.607475838643378729e-01
1.298816864788040037e+00
7.863603085682882021e-01
7.158983091856419012e-01
9.782069850612271633e-01
1.270158790989565301e+00
4.489854210867312290e-01
-1.057263824726263346e+00
-1.419305497886662826e+00
7.640785021427457524e-01
-1.282932258908469958e+00
-1.138766830408981745e+00
2.791684211116709502e-01
1.742436973237914133e+00
-1.954918327817037338e-01
-1.419371691346114073e-01
4.456426124451586812e-01
1.486823317063519223e+00
2.270154104450898824e+00
-1.548138421995303438e-01
1.044627041569974046e-01
1.945192822723147974e-01
1.334293336418112430e+00
2.111344707016627797e+00
-1.520670709577005120e+00
1.145003788712351644e+00
3.428761632334958454e-01
9.252584353465514999e-01
8.027079041037897822e-01
-1.667355797533130790e+00
-1.414007870072590656e+00
1.817560071755920381e-01
-1.102921982487049313e+00
-1.146573145834129503e+00
-1.609060838679013061e+00
-2.094150428476810433e+00
3.086783916696753671e-01
-1.591120705266111934e-01
-1.735178342890334235e+00
1.805014692899121198e-01
1.684134301709985793e-02
-5.886892798681042649e-01
8.020507463459674025e-01
-2.328144355988081671e+00
-1.158258341838742878e+00
2.429506729025510126e+00
1.203794250037550917e+00
3.467315930203132557e-01
2.549872928341887945e+00
-6.190160358249097161e-01
3.922832688063370710e-01
3.071597573090912858e-01
-8.434011420373563883e-01
1.365300191694305498e+00
