-2.532159440779366388e+00
1.398306084194564702e+00
-1.770597894861610344e+00
-7.335522763220738707e-01
-7.799506928001975758e-01
1.212753475632336375e+00
2.783108911819564213e+00
5.214984663208337423e-01
-1.486835862193893076e+00
4.295107054125180679e-01
9.694985966023264012e-01
-4.594560706419853480e-01
-3.437742387485961948e-01
2.253419986689617183e+00
1.638403300249366534e+00
1.589921309500962998e+00
1.499721764153370884e+00
-1.463276342651303130e+00
3.825358111257399774e-01
-2.807388718085964019e+00
1.402958502168992760e+00
-1.092311178000118677e+00
-2.238452767156031142e-01
-1.003278383333399276e-01
-4.759738712088368295e+00
5.033654554423355743e-02
-6.363132775788352680e-01
1.339785207509885057e+00
-2.411814501933371990e-01
-2.267151786502681343e+00
-1.203863708494068430e-02
-3.643492965467814287e-02
-1.770019919009644838e+00
2.846669321811275744e+00
8.470269129470636704e-01
-8.295392984479507126e-01
1.069808674118195579e+00
9.374109190368749012e-01
-1.501326086704864782e+00
-1.269978367182312384e+00
6.680447598272275522e-01
3.753261685297887285e-02
1.154903853737790476e+00
1.515324147015421508e+00
-1.908253887348680511e+00
-1.324762695719543304e+00
1.089803239814789437e+00
1.677313484503268226e+00
1.285384253732084758e+00
-3.208483093412398124e-01
1.586202386448868351e-01
1.220970393952609312e+00
1.407944119734571231e+00
-2.556282734347884222e+00
1.362550136195237682e+00
1.221184458208521839e+00
1.006970836478368492e+00
2.613074533974693026e+00
-2.891294517076354431e+00
-1.605522124512942073e+00
-1.381664698303338712e+00
1.789276521513289975e-01
2.326309411532849758e+00
3.132132835486153954e+00
4.885099711103784159e+00
1.776986299352890653e+00
-1.468371773015172854e+00
-3.046593872154979565e-01
9.720054013355461375e-01
-1.398348038538391069e+00
-1.919975909787549284e+00
-2.649650540297928680e-01
3.033313960249566232e+00
5.698883709193804936e-01
1.533328767459508857e+00
1.111229050594744416e+00
-1.187478382944380684e+00
-1.460293213999887874e+00
5.270091091091609892e-01
1.665884936064846444e-01
1.890980336121814043e+00
1.509376802478450408e-01
1.837494361606822613e-01
2.518143629093366975e+00
1.619570871081812635e+00
1.953991971207758249e+00
-2.101123446607435774e+00
1.407232259244521222e+00
-4.686558061924876450e-01
2.284866652184683211e+00
1.308298960994780380e+00
-1.827216608445605850e+00
4.515784353631642767e-01
2.012562009239688532e+00
3.013769401837630202e+00
2.699037492103628089e-01
-1.617258261013625908e+00
1.517531814880913377e+00
1.320977382248309961e+00
7.132690866462073620e-01
-1.006698519706978046e-01
-1.523555217464507949e+00
-1.316924461409070046e+00
-1.928524092737060047e-01
-3.171902205944093112e+00
1.883993266343342299e+00
9.251668723985531084e-01
1.843397274232118965e+00
-2.025569774709599535e+00
-1.670204513311654537e+00
-6.497011879144882762e-01
-3.871220196967163907e-01
1.153135236100334637e+00
1.193568084957468800e+00
-1.132954693250505906e+00
-2.293326717646951618e+00
2.894897628421883029e-01
-1.821196336616859535e+00
1.131165577179483295e+00
9.970114184301515081e-01
4.219767787268758896e-01
1.327717021727905067e+00
4.880120928921143908e-01
-2.910797229993573154e+00
-2.093580335201362663e-01
-1.209422952228876413e+00
-4.288565714705130372e-01
2.591756112438635018e+00
-2.538036893083144285e+00
8.548015635703390958e-01
-1.171697913695176840e+00
2.801048435070436771e-01
1.384764782108823589e+00
1.652820527017513363e+00
3.957550519977378056e-01
-1.079697872886932863e+00
4.562330038589523795e-02
-2.358521137419339553e+00
-1.447930213532309995e+00
1.618557094952290276e+00
-2.164937422107249265e+00
1.653253310027383405e+00
-1.849743104343176237e+00
-4.029182885683321169e-01
-1.100234300625586581e+00
-1.012761106191767402e+00
-3.245495193004213963e+00
-6.641635329776857111e-01
3.790186429231232612e-01
-1.358351492407601890e+00
7.818707807981474245e-01
2.821636869526403579e+00
1.224527206252090439e+00
-2.984488013198590028e+00
1.845470042653681197e+00
-3.113687400903505154e+00
6.943176922873643964e-01
8.947064232618454627e-01
-1.281527962999548187e+00
-2.078420689461448312e+00
-2.643646226749497341e+00
9.858701171354916637e-01
3.629065971501509447e-01
1.683951068916047789e-01
1.204429481633980448e+00
-9.608965330808177940e-01
-2.150249735559214059e+00
-1.021308972395229997e+00
-4.931907107726738460e-01
-6.690319201499987933e-01
-8.840128448135555761e-01
1.642836311711827868e+00
-1.608273650420907419e+00
-9.104487584289403523e-01
-2.836485056188997156e+00
-2.961502117791352529e+00
-1.138675022688390159e+00
-1.105998788993474147e+00
1.602151406410194046e+00
1.191888466015752046e+00
4.896694589604332903e-01
-4.559973296834863299e-01
-2.353886134452627676e-01
3.749738030079468598e-01
-7.862244121566284161e-01
-7.583245664944371356e-01
-2.825484526958580656e+00
-8.305339637048367862e-01
-1.049295932598576897e+00
1.259159810620582298e-01
1.575637358568753976e+00
2.171979845164526690e+00
-4.016432957047855190e+00
-1.240123339075234421e+00
-6.426665534879703046e-01
2.331872077552462619e-01
-1.228058144140073971e+00
-2.179147572164606972e-01
-3.222933546756694967e-01
7.344816697343303780e-01
1.087101110777182633e+00
-3.051876722367128369e-01
-9.085991344188130148e-01
3.032958941835578459e-01
-1.584290495430777046e+00
-2.598912762758057493e+00
-5.828935445524914272e-01
-2.188739275415569063e-01
3.204063471418480136e-01
1.514205282610780356e+00
-1.230969150865846684e+00
1.087117329065880433e+00
5.384424151274147530e-01
4.671217359658699220e-01
3.946735752322156898e-01
5.419427974993746844e-01
-2.019458522917731536e+00
-1.454667584492205235e-01
9.943211796358109034e-02
-3.109029999851074810e-02
-2.810530599312016875e+00
1.097162130178258810e+00
2.502713529968895845e+00
3.581499788055250155e-01
2.472234548518491781e+00
-1.023286329702925102e+00
-9.653170762989117248e-01
6.212690919769509046e-01
8.281642053095245037e-02
-4.019847552833290649e+00
-1.790722294709845119e+00
-4.962428591992539828e-01
-1.282881467837204248e+00
6.439599528362570657e-01
-1.007857832939690557e+00
1.721089837264067335e-01
2.037300032891215196e+00
8.869531279808520186e-01
2.644272996673684428e-01
-4.013739333664216424e+00
3.641610543316976756e+00
2.391161629331210126e+00
3.894340539322808104e-01
2.166077579952535359e+00
1.847140487162723055e+00
3.020013570168516459e+00
4.798263907245159388e+00
-1.650647064650803963e-01
-6.755013177701959526e-01
2.607095578667379066e+00
2.870866288241203712e+00
-2.838633093518355910e+00
1.376942535186282957e+00
7.369335780591813601e-01
1.123360024182099792e+00
-1.315568135820095019e+00
2.874728613351754447e+00
-6.227051156917196018e-01
1.736780103091128291e+00
-1.914997006322120443e+00
-1.158519333869173940e+00
-1.408241277304733252e+00
-1.158439293126442449e+00
-8.176613251953578354e-01
1.911414433898334542e+00
