-1.472626861176898005e+00
8.409783706534381675e-01
-6.374885891040217301e-01
-4.886228026566292737e-01
-1.266859126236061339e+00
1.514685871153850005e+00
1.956702110003110562e+00
1.196121347584405470e+00
-1.521578123205965305e+00
1.894290629797526604e+00
1.568348116066543785e+00
-4.789621869616885741e-01
-1.164748972652230874e+00
3.080478486476099231e+00
1.474531382238232879e+00
1.286703113741574755e+00
1.981441891811694278e+00
-1.700309219706055863e+00
3.436570226153827790e-01
-1.954250788529171112e+00
2.140582377209808929e+00
-8.703473598527771138e-01
-1.101733610274632902e+00
4.023227998288508855e-01
-3.458829806087324599e+00
8.358768822773489093e-01
-1.564716411692975262e+00
1.042370824677620433e+00
1.012232607259212491e+00
-3.206256746224737109e-01
1.262784100948421417e-01
-3.138780689980094074e-01
-1.218429810543498304e+00
1.722477890050860383e+00
1.751556928452572048e+00
7.942140573871336873e-01
8.110228707807984883e-01
4.257646406406179196e-01
-6.140620546448642969e-01
-1.068605355731465423e+00
-1.035405823015378562e-01
5.934597970176819226e-01
5.978494655677808467e-01
1.392445640107101701e+00
-3.485755868774633726e+00
-1.873864028424294670e+00
9.323220165004446613e-01
1.874236296840594562e+00
1.237081044187594125e+00
-6.157990948125880992e-01
-5.594677952330632253e-01
2.039208749282100941e-01
1.083235256258520129e+00
-1.352008725635038600e+00
1.429546383464491921e+00
5.362480948923413759e-01
1.713041015912057041e+00
1.741887556249793523e+00
-9.583107841301087282e-01
-1.423783459024827280e+00
-9.431177040506178999e-01
-4.564991728564469220e-01
2.555849666479109050e+00
1.573315361067505025e+00
3.487053339910346494e+00
1.314408932826293341e+00
-2.008605416064348781e-01
4.591550340351546744e-01
-7.713979343721101556e-02
-1.207963113912718489e+00
-8.978617967034927538e-01
-2.443255145783470028e-01
1.964828788439204832e+00
-1.623688596145740792e+00
7.952319365920346161e-01
-8.711302154698961075e-01
-1.578057837776642769e+00
-1.613422743214479427e+00
4.182564173996641821e-02
1.636138155852202847e-01
7.667007792664242150e-01
9.064448250796027784e-01
-1.914281151294815186e-01
5.272699177429809314e-01
1.804882451325487969e+00
7.836550796531638330e-01
-1.814731276434355722e+00
2.152910059536580767e-01
-4.317794011103430196e-01
2.150957202827115555e+00
1.978128874174750029e+00
-1.202592518868986105e+00
7.181606313360209271e-01
9.224510303108774956e-01
1.283629899634278537e+00
3.526862313316406761e-01
3.176768485185108015e-02
1.563484889190597471e+00
2.115292655934672528e+00
1.271411712199538080e+00
1.601776008397065576e-01
-1.675252962877765706e-01
-2.028156572645427147e+00
1.440108846697965683e+00
-1.067301684190062661e+00
1.045620282029986914e+00
1.756804513686400115e+00
1.881381168409145710e+00
-1.386391670751147442e+00
-2.444336088667603823e-01
-1.364115068207737869e+00
1.656775616550538732e-01
1.005747869679834566e-01
2.949755119340997656e-01
-1.413471286026067197e+00
-2.387042733893315560e+00
4.693343911616696396e-01
-3.830721277416339610e-01
8.706422066510000057e-01
6.641328939874830972e-01
5.809685321821531634e-01
9.406085074405179380e-01
-1.008688990865739932e+00
-1.931595708188606819e+00
-3.518010444503313350e-01
-1.760210324643931123e+00
-6.780246883089454668e-01
6.908030647749182629e-01
-1.513988070837217315e+00
9.841578638185678463e-01
-1.063702852567499635e+00
-1.874315507821150695e-01
1.118989554333999825e+00
3.179820988012278526e-01
4.218865903925906879e-01
-5.940132364437107348e-01
-4.890453445570437374e-01
-2.293069283522594759e+00
-1.051798199888677177e+00
2.071671692515541618e+00
-1.761200204152084892e+00
1.251851267359259889e+00
-1.572387512527229303e+00
-1.283360306272467888e+00
-9.389018295208862996e-01
-6.315569186544122138e-01
-2.849294683623141200e+00
4.677786977665354673e-01
8.042809350477332364e-01
-1.415122554997843896e+00
-2.259145683025154672e-01
1.895625666487134264e+00
-6.618715767141231110e-02
-7.151341904387524817e-01
1.415877798454816539e+00
-1.871004768027670462e+00
1.261603364448714015e-01
6.064636188662697602e-01
-1.510425727939780360e+00
-1.974746775442420166e+00
-9.526155179280597629e-01
5.226398081098735382e-01
7.947207793879994542e-01
1.334628878360024917e-01
7.813388576510070793e-01
-4.819708484591407882e-01
-2.128168274109248692e+00
-9.518714835210114744e-01
-1.548616252335976995e+00
-7.261878978524511918e-01
4.520311985370852048e-02
1.362835360984731903e+00
-5.148699175637130310e-01
3.333231634939148869e-03
-1.374869807743477113e+00
-2.173254090961885154e+00
1.838700617404095405e-01
-2.012498581078743243e+00
1.754901791790473897e+00
4.019628706376009442e-01
8.598740357523856348e-01
-6.322140763183844436e-01
1.164649078426428369e-01
2.141084245190714164e-01
-5.650816511660636809e-01
-1.897561875039087465e+00
-1.991733960982064566e+00
-6.148293273763767441e-01
4.748535477645086933e-02
-2.180341214242565773e+00
3.933409059452803724e-01
5.402642656166849466e-01
-2.722545869751897385e+00
-7.384568503878568002e-01
-5.667047430766460892e-01
-6.285615117098700688e-01
-6.928677793692809006e-01
5.690515010445130750e-01
-1.045722689389304350e+00
-1.415197536743383888e-01
7.864393303794499079e-01
3.862376005960544978e-01
1.202543436632043772e+00
-4.941110483330164727e-02
-1.773574854363429321e+00
-1.216383724016371959e+00
-1.234464821876404939e+00
-1.265717673932674536e+00
-9.295608072465715299e-01
9.692025721636190472e-01
-8.741420805521987747e-01
1.128184635469502872e+00
1.865845689638663263e+00
1.028225619154394810e+00
-1.165346693525240451e-02
3.848864528121792583e-01
-5.140529601027287177e-01
-7.882791033223048027e-02
4.239930664400902716e-01
3.135281451790589147e-02
-2.010909901492935248e+00
8.875248619049201926e-01
2.330424780017446018e+00
2.053200970356836574e-01
1.615683198533417686e+00
-9.424210752716114525e-01
-3.249674206100851559e-01
4.458719171374559975e-01
2.562702904113595692e-01
-3.357411342417411237e+00
-2.061156724090044801e+00
-3.633574559490814759e-01
-1.203428222808685000e+00
5.829162495402718802e-01
-4.755099857793071427e-01
1.724139025337949049e-01
2.740769319120456071e+00
-5.708002770568937345e-01
1.250563820921653413e+00
-2.429514269884824440e+00
4.183847568045819365e+00
8.483489612385447520e-01
5.275742842163798629e-01
8.627345968308286484e-01
1.856225664836198330e+00
3.298422441619069723e+00
2.891670812285479286e+00
3.682090975584401127e-01
1.593931959620242589e+00
1.053173500259104500e+00
1.473200079405587060e+00
-2.778645260505248515e+00
-4.280241553385077946e-03
-7.294360312496483978e-01
9.355082926794553444e-01
5.649287276493747401e-01
1.401081229639538295e+00
-5.017625345478220478e-01
1.525867707175196486e+00
-1.540936003680856148e+00
-1.139711858971658387e+00
-1.245568083196376685e+00
-8.876146789522501024e-01
-7.219955124648805844e-01
2.449998235598089824e-01