1.565797715133914414e+00
1.548657327097517078e-01
-2.002507572364917721e+00
-4.399788839235280746e-01
4.252449585240269947e+00
-2.321897980672985307e-01
-1.791227452123649755e+00
7.765858542022177069e-01
-5.788745856373612719e-01
-3.011274600854944028e-01
-1.652971455043930615e-01
1.256873052314459116e+00
-2.408696361864707036e+00
1.174788858425742877e+00
2.655393901527631217e-01
5.204847570356246900e-02
-1.587915284040787078e+00
-2.314208627059272105e-02
1.097958078024087181e-01
1.236623706060363981e+00
-1.985427626619640229e-01
-2.539255534595379782e+00
6.280111643525080334e-01
4.935802258307302459e-01
-2.256385309171131670e-01
2.465648444404679451e-01
4.918423201591054505e-01
1.512989003255034826e+00
-1.654256335990210713e+00
1.610499310124755334e+00
6.877404492348516696e-01
1.806186338725202178e+00
-1.113989892084842337e+00
-1.051576419218348324e+00
-8.316217592715533513e-01
-9.618360621096440077e-01
-2.540959779674055175e-01
3.232735545294154744e-01
5.383343609753344916e-01
-1.549297251892978178e-02
9.437788465946439498e-02
-1.022514302821706800e-01
-4.176683881075775595e-01
5.359874281545863595e-02
4.301664355534720596e-01
5.504875437464428201e-01
-1.027048763881577287e+00
2.888288725926185796e-01
-2.408178141043426645e-01
6.608276207162206983e-01
-9.923925325245379625e-01
-2.338371249313422329e+00
3.059123771489929311e+00
-1.505572574841184119e+00
-8.433781180431165758e-01
2.439503806559260024e-01
-5.069188603916416902e-01
-5.820257830387745024e-01
-1.160737839450952658e+00
-1.662770808374161691e+00
9.276756121806117861e-02
-7.654880089619275907e-01
-1.884317380339210202e-01
-5.729205152749629049e-01
1.433206802885342857e+00
5.382398053843917562e-01
1.711588174919949523e+00
3.893162215816861060e-01
-6.905519773149383367e-01
8.018210305785924419e-01
-1.365571793121831856e+00
-1.397369402240684622e-01
1.195150171635043224e+00
-3.565402872046811722e-01
-7.764582129328367888e-01
-2.059186777178648065e+00
1.094859467578714218e+00
2.709347604786964125e-01
8.227167318404814134e-02
-5.771395198274202887e-01
1.855473745582514045e-01
3.246212567526035597e-02
9.431170407526607846e-01
-7.119590982548191782e-01
1.692746155367271355e+00
-3.901519110925460998e-02
2.336698812655474633e+00
-1.067628612334503568e+00
-1.812325935767834739e+00
-8.966488050315670755e-01
-3.535980151813861161e-01
-3.608759579378030269e-01
-2.297798169685332792e-01
7.876128116887886055e-01
4.445972661566779394e-01
-5.641843089807572209e-01
-3.306764495924071623e-01
-5.949826902967256248e-02
-7.198114023717906429e-01
6.278523265905910922e-02
9.312558588691345340e-01
-2.009960851639286172e+00
1.009231718069160566e+00
7.723644024151945509e-01
1.223538677542899356e+00
-1.340831141455225639e+00
8.361734239724297746e-01
1.617825282895345218e+00
-1.405105555557989438e-01
-6.860509855029275350e-01
-1.696988389296627986e+00
-4.932901458283576179e-01
4.092396680242151308e-01
-1.668744156726265082e-02
-1.702359945992999890e+00
1.542056845792903474e-01
1.066295453351970401e+00
-4.655798016382610149e-01
1.315672856615643371e-01
-4.606323021895821768e-01
3.192741281597817893e-01
9.654429942926960884e-01
4.201656274229678689e-01
-2.177102987977144188e-01
1.037277654670666904e-01
7.451764347221493390e-01
-4.486337664180773954e-01
1.696758422031690916e+00
1.085282704993646430e+00
-2.015146734466309208e+00
-1.925483113667600721e+00
-9.158185841029820029e-01
-1.948988918463039344e-01
-6.058347890318233064e-02
-1.764960918118471112e+00
-5.321954542652427289e-01
2.713243028159796122e+00
2.863685481402233335e-01
5.152052275867331499e-01
-6.493448361454386975e-01
8.584390341258509860e-01
-3.532848691896077753e-01
-1.259874093900768210e+00
-7.765529465670842901e-01
-7.255211140579068685e-01
-4.258638851593228303e-01
-4.896906316560510897e-01
6.532076746758026520e-01
-9.520567061988224333e-01
3.614836216012659031e-01
7.965662354247821098e-02
-9.632395643234726856e-01
-1.243743909157680738e+00
6.031005157260453942e-01
-9.677621461155734295e-01
3.965384148162170996e-02
1.214381510131441910e+00
-1.562968124000443826e+00
1.330408540592568745e+00
9.257798403598296311e-01
8.784816909903148119e-01
2.435709318182253669e-01
-4.773905580884268973e-02
8.828305643091087784e-01
-2.437667797957603799e+00
-3.415641974700632244e-01
-2.371120677438939506e+00
1.963227337118915172e-01
1.674097011465587093e+00
-5.003539287251599355e-01
7.454032174073393913e-01
2.192426707708043931e+00
-5.582077279718933305e-01
-1.094495785960343026e+00
9.769524249756039724e-02
-7.991828912669582952e-01
-7.117575116635574961e-01
-9.233590061710531538e-01
-8.487456151579586550e-01
-1.283720559460513000e+00
-7.262061077472021786e-01
3.688047710442396432e-01
8.021877538938326779e-01
4.456551156187890106e-01
6.870725799945821555e-01
-2.687338082249414173e-01
5.653310997355387446e-01
2.733042451975122300e-01
-1.363543630093980719e-01
6.026062304764583377e-01
-2.545935089097808302e-01
-1.781734906607379987e+00
1.974527397606686829e-01
-1.251540609528765113e+00
-1.154758534488048438e+00
3.483187896476738210e-01
-2.680528097535249676e-01
4.677266267285210000e-01
-4.435145145211860651e-02
-7.741083548547783577e-02
-1.326066083733263845e+00
8.019588016224697968e-01
-3.788361919929918997e-01
9.405514373530068917e-02
-1.032411689633348395e+00
8.978392056195089177e-02
1.120244215700710644e+00
-5.671897127248888282e-01
-3.488688618925153584e+00
-5.504203576213128057e-01
-7.225798049558891378e-01
1.420509793061446535e+00
9.241014239283970033e-01
1.252012293195279291e+00
8.771218891857628375e-01
-2.661286938179723838e-01
-1.330256141187842411e+00
7.332637354143358710e-01
-2.770786657299372235e-01
1.247274420737088052e+00
-6.685458632376179988e-01
2.327933026467306377e+00
1.811345559884571577e+00
1.324437375374339476e+00
3.206697443005605663e+00
-7.870013651216112294e-01
-2.622071691270876137e+00
5.907681942750807602e-01
7.578597011676223294e-02
-1.701638552044417052e+00
-9.867608189436816168e-02
1.124268198141803454e+00
-7.440289473117669972e-02
-4.209477965067717209e-01
3.001234225796991506e-01
-1.590363522766036652e+00
-1.329849762514789813e+00
1.740657977069973161e-01
-6.832528136607949332e-01
2.007950350986568377e+00
-9.216149922379737180e-01
-5.547484193593072987e-01
6.952563610261701665e-01
-1.531791840994989107e+00
-2.013235729123044881e-01
-1.858756938760468103e+00
-2.376778474179222389e+00
-3.077453392082832861e-01
4.280431114733140308e-01
-1.693321700602463453e+00
-2.891030715193699807e-01
-9.317770586707574410e-01
3.400731106026007033e-01
1.530447706017749321e-01
6.994472205931945297e-01
-1.914282025755233985e-01
-1.147563879425095301e-02
2.519159483577525505e-01
-3.166966792697910038e-01
6.201939458236664926e-01
-3.088916383090847817e-01
1.922616001379483741e+00
5.600222234697689316e-01
8.568264251689936550e-01
8.446975215281238292e-01
