-1.244773971208327202e+04
-2.324761019322050288e+03
2.189845290089833725e+04
2.208413117057563431e+04
4.939300363377106987e+04
-7.029305524521519146e+03
9.053547109477009144e+03
4.921823687484116817e+04
7.207963986829319765e+03
-1.978613643972972932e+04
8.591639278939991300e+02
5.270496821975225612e+04
1.296660629557684297e+04
-4.897282182249239122e+04
-2.693109892459621187e+04
-1.993667805223861433e+04
-8.196189004146683146e+03
1.945225823148022391e+04
1.858502068607971887e+04
1.503186944823486738e+04
-1.888319223297131975e+04
-4.559342574700247496e+04
1.063496212815680337e+03
1.690729631663782584e+03
-1.140801273643532659e+04
-1.079376053717790091e+04
-5.497777183565467567e+04
-3.499228254735640803e+04
-1.722765435875972253e+04
-4.837543600888949732e+04
1.959384446607274731e+04
2.674381401885815649e+04
-1.834701246387321589e+04
6.007151974588724670e+02
3.598566382257671648e+04
-4.677797918341610057e+04
4.271822850196682703e+04
-1.825934998250188073e+04
3.566584237898246647e+04
-1.785745265721424221e+04
-6.587990780349025954e+03
-2.306267204074216352e+04
1.464413187195789396e+04
1.456099258761303281e+04
2.000320687817454746e+04
-3.165231820286626680e+04
3.456957160680133529e+04
1.203912606858753315e+04
-3.079758417998491859e+04
8.003840132951285341e+03
2.580398181732791636e+04
-8.921201348278216756e+03
1.077041987586094001e+04
4.439941531600076996e+04
6.373666390030964067e+03
-5.797735310223325541e+03
-4.539066365330052213e+04
-3.977590247552467190e+03
2.261753560895590635e+04
-2.646561763719848386e+04
1.650851014600680719e+04
1.018663631056879422e+04
-2.478361707632223261e+04
2.315266237679900951e+04
5.115951474351558863e+04
-5.026452710930112517e+03
-5.918348823039454874e+04
1.021612705266733974e+04
-5.262694276445599826e+03
-1.908927992545667075e+04
-2.645629822748338847e+04
-2.879255583129571096e+04
-1.304600556467565730e+04
4.877015076181508630e+04
-1.116772824944258718e+04
4.010000827715869673e+04
-3.098099132790633303e+04
4.551352258518529561e+04
3.575083403608058143e+04
-2.669416166551800779e+04
1.689849069414822225e+04
2.213471368040290690e+04
-3.018413606254638216e+04
3.880031171487107349e+04
2.403566380790099720e+04
1.284466828658079794e+04
-9.028849957487182110e+03
-1.289917180469760569e+04
8.654996723883286904e+03
-4.985652517612010706e+04
-4.239553247413722420e+04
5.586476769061270716e+03
2.000247763221585774e+04
5.766827803358293750e+03
2.518352599409416143e+03
-1.954491686606321673e+04
6.673036325955744360e+03
8.766664589982863617e+03
4.003190843412523100e+04
1.453509540024453236e+04
-9.931521933526973953e+03
-2.214518770977283202e+04
-2.254768543197764666e+04
-5.619122511291210685e+03
2.084367556738889471e+04
-2.296512284924950563e+03
1.463750140858353461e+03
3.210211446664359391e+04
3.983605745892423147e+04
-9.041067977256700033e+03
1.315314334393455101e+04
2.309049545141663475e+04
-3.947125297955805581e+04
-1.598108028438332440e+03
3.097390834118704151e+04
2.642919561840139067e+03
-2.920321714508047808e+04
3.383738972363959874e+03
-1.758277314982938833e+03
-2.316859924926916210e+04
-3.555498514179071935e+04
-4.926002586680545937e+04
3.657691952993275481e+04
-2.699998773788618200e+04
-8.868950565397377432e+03
1.080847735658695092e+04
-4.069792058971696679e+04
-5.369253606703635160e+04
2.092170016982394009e+04
3.048015748388330849e+03
6.799112538209942613e+03
5.656476042489329848e+04
-5.166402347156195901e+03
-1.267373704281223581e+04
-2.562601936136175937e+03
6.930771018437996645e+03
-1.981668162661411407e+04
4.503669695122136181e+04
-2.462521160951914499e+04
-2.998881453537958805e+04
-3.356507030671927350e+04
-3.535509004406758777e+03
2.027612925805933628e+04
2.809071824551964164e+04
9.570283755659165763e+03
2.324119138973207373e+04
-9.587220682974220836e+03
3.739865855775351520e+04
2.494950945670473629e+03
2.754656782459626629e+04
-5.486877295414538821e+04
4.889636233128682761e+03
1.360867936771904351e+04
-1.570980167953069213e+04
7.461351741001389200e+03
-3.291546010483190184e+04
3.599491897023146885e+04
-1.772468814009364723e+04
-1.498745682031214164e+04
-1.219526191260300766e+04
1.789853854337080338e+04
-7.007484462667383013e+03
1.108819943833629259e+04
-1.571994503834443094e+04
2.622570288594266822e+04
-1.950462828036868086e+04
-4.269884092434197373e+04
-8.330256068400658478e+03
-1.449122539852593263e+02
-7.124929744663440943e+02
5.091412738144065770e+03
-2.456427885295322267e+04
-7.257180587149301573e+03
-1.788440426308128053e+03
8.710972304205086402e+03
-4.639897846850640781e+04
-1.667034529857939924e+04
-7.253529412814757961e+03
3.565601112065244251e+03
2.250276532053012943e+03
2.980104613815564153e+04
-1.716351841077011704e+04
-4.803231385757753014e+04
-3.353800823513467913e+04
-2.559999142738632145e+04
-3.890958422647375755e+03
1.897335221274922878e+04
-1.958661655807480565e+04
-2.694311273523807176e+04
5.925225796927369629e+03
-2.334282400187223902e+04
4.136872127947425179e+04
-6.532699476667390991e+04
-1.608778719799072496e+04
-1.361431003710161349e+04
-1.438555186830145658e+03
-3.696252049774193438e+04
1.970999629126822401e+04
4.715355480317673209e+04
4.053784887047996017e+04
9.992397098345079939e+03
2.896701397255748816e+04
-2.463803754825848591e+04
-1.673786023816870511e+04
-1.955007372510900314e+04
-2.566394692860792020e+03
2.958928060847421148e+04
1.802972931480358966e+04
-1.843649391807200300e+04
-3.226110735516237401e+04
5.633543198740203479e+03
-6.709109061457985263e+03
2.217984050874436798e+04
3.929181114743466605e+04
-5.405018062878150522e+04
1.677264185933995032e+04
1.651755263042476872e+04
1.765596033727223767e+04
-4.699980343674929827e+03
-2.727730710801766236e+03
-4.073886969957734254e+04
3.239776595955881203e+04
4.026025528354842390e+04
1.777289723451095779e+04
-2.396798451070830924e+04
-2.530285656844477853e+04
-5.861188426550222175e+03
3.605919837299185019e+04
-3.307887914801551233e+04
1.506763389938648652e+04
-3.525661793953099550e+04
-6.937420835939796234e+04
-1.370376001202524822e+04
1.885225627840374727e+04
-2.481724349469222034e+03
-1.170912744926314372e+04
-1.282119591385398962e+04
-2.901595897401694310e+04
1.662722587410898996e+04
3.150442930762458491e+04
-1.044586450236542078e+04
-5.921546652537833870e+04
-2.397793065273229877e+04
3.846829817033183645e+04
-2.325320332711375158e+04
-1.758192269120767378e+04
2.990568135910470664e+04
-1.769040905080344965e+04
2.822995969518528727e+04
3.348109841146499821e+04
-2.316402470774531321e+04
4.389721473828803028e+03
-1.582520371634301227e+04
3.646304633887908858e+04
-1.215474344412242681e+04
-3.152778238602581951e+03
2.355825101767176966e+04
9.699590684074710225e+03
-3.311795601198165969e+04
-3.503617732021871052e+04
-2.487533395501216364e+04
-2.950507713141361091e+04
2.795237053864427071e+04
5.335404026843234897e+04
2.043063399150955593e+04
