-2.592131504008293268e+04
6.121342755406128708e+04
5.779490693259902764e+04
3.416363856270341785e+04
-8.114975213790050475e+04
-4.599585685506986192e+04
-8.102776716969351401e+04
-5.638537621448205027e+04
7.702987848362707882e+04
-4.507239128637954127e+04
6.002459002693297225e+04
2.028869016225547239e+04
-2.176450626121615642e+03
-5.624161208396045549e+04
8.451026735066529363e+04
-3.568059025336435298e+03
-9.222597085727228841e+04
1.895429215014755027e+04
8.807468360573315294e+03
8.738677280117967166e+04
-6.556945313567284029e+04
-6.893399541597715870e+04
-4.434321914189065865e+04
-3.696499742207730742e+04
9.161274952550747548e+04
7.991960993386496557e+04
-8.824751694384522852e+04
7.456976167712011375e+04
9.653393441928201355e+04
-4.492483433928875456e+04
6.609803058807156049e+03
-3.436512702144098876e+04
-6.311343539900990436e+02
-2.525832530676656461e+04
1.113292722538148519e+04
-5.831319766250660177e+04
5.395085121379574412e+04
3.182538129456495517e+04
1.568875248942281178e+04
-5.139817008407332469e+04
-1.472818670232113800e+04
4.385925046874181135e+04
-8.058488177312116022e+04
-5.764952163714478957e+02
-2.364746703508100472e+04
-3.280577433950662089e+04
7.765119989609348704e+04
-2.029960566245774680e+04
-5.289651584953229758e+03
7.568164960362063721e+04
9.274308214419876458e+04
-9.183463794330973178e+04
-6.466819324760555173e+04
-2.019292835124213889e+04
6.455772027042231639e+04
-5.141218050839604257e+04
-7.853660234616785601e+04
2.013308973685212550e+03
-7.383202345698501449e+04
3.376729082810168620e+03
-1.003700419627035444e+04
7.599065837195032509e+04
-2.218187542464172293e+04
-9.596686305028371862e+04
-3.849693975161705748e+04
-8.860653211374649254e+04
7.605937307537725428e+04
-7.589330248651609872e+04
-7.832611779452173505e+04
4.094560248678186326e+04
7.257208328316806001e+04
1.458913198054996610e+04
-3.169060858193215972e+04
2.875627348778581654e+04
-8.208901645027035556e+04
6.244105329201265704e+04
9.340445275401143590e+02
3.957707788129596156e+04
-5.077644937716919230e+03
-4.780840880156429193e+04
-4.352780756721323996e+04
-6.237866630128576799e+04
-6.272336156209013279e+04
-1.957175066010546288e+04
-7.471668227064967505e+04
-3.843549097676997189e+04
-8.750019732142623980e+04
7.194681011383110308e+04
-7.400591351543561905e+04
4.442802499211893883e+04
9.569343874005696853e+04
-9.825984643812659488e+04
1.976946082543292141e+04
7.518376515257259598e+03
6.934015913686962449e+04
-2.049312454831274226e+04
8.891777365896420088e+04
-7.282484416554220661e+04
-8.469557733516419830e+04
9.977234738268103683e+04
-1.296518557876261184e+04
-1.716115543662279379e+04
-2.511714960763495765e+04
3.651604365381613025e+04
8.120703039883662132e+04
-2.871063735453292611e+04
-3.049198267812671838e+04
-5.101153787934704451e+04
5.863484615199957625e+04
-8.077121322758158203e+04
-4.886901085302279535e+04
-6.063136000023503584e+04
9.663377987625566311e+04
-3.822213140910224320e+04
1.992384240858802514e+04
4.266676729685990722e+03
-9.609661083206927287e+03
7.850411415539565496e+03
-3.883489461787652544e+04
6.894431931076673209e+04
-5.601973004639988358e+04
-3.148715977092173125e+04
5.134138930803205585e+04
-1.780904385212602210e+04
9.250037364732491551e+04
2.356875012826691091e+04
5.570782763781014364e+04
9.284609575467984541e+04
3.204613750524967327e+04
6.379157462954788934e+04
-8.702918319316253474e+04
6.678515101441610022e+04
7.842722957978688646e+04
-6.451380521388098714e+03
5.128765219524808344e+04
-2.459275185777021397e+04
-3.416508778048437671e+04
9.819375309883832233e+04
-4.425623699241763097e+04
-3.431594341537813307e+04
-8.841111648874572711e+04
7.089105188609089237e+04
-1.075208651443726558e+04
-9.734197763327638677e+04
6.275028508615191095e+04
-2.050592627089523012e+04
3.891410991774126887e+04
4.303309192037355388e+04
-7.949664386059700337e+04
2.333483330770887551e+04
4.200401310828881105e+04
4.922785963321779855e+04
9.662239325054196524e+04
-9.315714951986673987e+04
8.526747516477204044e+04
8.120366627312306082e+04
-9.029640060222925968e+03
3.101699528064286278e+04
1.900556448849184380e+04
-5.537038528237705759e+04
2.941744970293280494e+04
-8.863016348285303684e+04
-6.963292540732341877e+04
6.928209121357058757e+04
-6.559511070192292391e+04
-5.980190003850997891e+04
4.812592291377525544e+04
4.068919812416509376e+04
3.301907927003645455e+03
-2.036316974055142782e+04
-7.958028708388525411e+04
-4.669785690921048808e+04
7.204892266963978182e+04
-9.969744753189726907e+04
-6.213542917713821225e+04
-7.135184683347934333e+04
-2.458403721355466405e+04
2.934212945310689975e+04
-3.727993762673759920e+04
-8.192391782805204275e+04
-6.809734784395075985e+04
-4.560610588783506682e+04
-7.574057400073637837e+03
1.218410562332640984e+04
-7.265051758701336803e+04
7.453520429849892389e+04
4.403089984127509524e+04
8.572955307910378906e+03
-3.360888271667894151e+04
6.384571949904455687e+04
7.859223471685338882e+04
7.851943570625333814e+04
-6.812520825500704814e+04
-7.981245507430216821e+04
-1.100669335007325571e+04
2.430278761817522172e+04
-3.264380620859592455e+02
-7.889668892205492011e+04
-2.059953591289940232e+04
4.164595336470057373e+04
-1.908316441799755557e+04
4.846174521338954219e+04
3.305806193162180716e+04
-5.930336384623560298e+04
-1.108523431168164825e+04
-2.270034444163012085e+04
-4.624258900285982236e+04
-2.510004293666270678e+04
2.800774239836820925e+04
-9.772734387768460147e+04
-8.078184912566392450e+04
-6.529478814428774058e+03
-5.451286274900617718e+04
-5.489268215456615144e+04
-2.109985168897351832e+04
8.012219884065721999e+04
2.565023048586220830e+04
5.611958171166459215e+04
2.004529456321320322e+04
-2.221096652840242314e+04
1.998385162942108582e+04
6.275816041466966271e+04
5.415562384841081803e+04
7.076266927732562181e+04
-9.354335782140291121e+04
3.054641009170659527e+04
4.463517890027785324e+04
3.388600731982613797e+04
-4.991440284228134988e+04
1.065125007842677587e+04
-5.544797099878882000e+04
-6.705224209803673148e+04
-7.902655659876362188e+04
-6.984276070827324293e+04
-5.245773735760484124e+04
4.766762266262029880e+04
-6.554124246867063630e+04
-5.499115442238280230e+04
-1.210149973900978512e+04
-1.116379272111412138e+04
-1.909282833354714967e+04
7.596119227717729518e+04
7.447657553177681984e+04
-2.377961488402486430e+04
6.556028014597250149e+02
2.681201092574818176e+03
-5.812635342806260451e+04
7.267736584805234452e+04
4.124100871561793610e+04
-8.169828331378669827e+04
6.370931539286181214e+04
-9.669271834299128386e+03
7.100930373944289749e+04
-2.061785588920870214e+04
-9.315431459137107595e+03
-6.853447021850266901e+04
-7.343841588640643749e+02
1.253122695176523121e+04
-3.854957357877853065e+04
8.880214389185770415e+04
-7.675655665643345856e+04
5.201847635026217904e+04
7.201072246840622392e+04
7.693527122565382160e+04
5.661972820035621407e+04
