-1.990376729237958352e+04
-4.076734776306085405e+04
-2.262008233731311702e+04
1.655537567281749261e+03
-1.435939064061980844e+03
-1.681054737843589828e+04
1.077643738626528102e+04
3.533050020521572151e+04
1.000198880230158829e+04
1.753037894625661283e+04
1.407002341954048825e+04
-7.706047711870056446e+03
-2.894500967003632104e+04
-2.495101101491382451e+03
3.315231352334135590e+04
4.946901716051981566e+03
-5.893964606484831893e+04
-2.874960247779848942e+04
3.703328759019490917e+03
1.672537249534374132e+04
-8.145660171705516177e+02
-4.058439103589722799e+04
-4.778667697475585737e+04
-2.120963125616020989e+04
2.089182578337951054e+04
2.207881572751944623e+04
5.920320050962184723e+03
1.776561546301568887e+04
-1.307557262016214008e+04
2.751096018337385613e+04
-1.846045368118795523e+04
-1.119447091351641802e+03
7.724925694655371444e+03
2.828621258800954820e+04
-1.799036876387017765e+04
-2.944544789502653657e+03
1.429903297633560578e+04
6.586247474499426062e+03
3.285124168341484619e+04
-1.219005376087847026e+03
4.090458281750701190e+03
1.550595174190499529e+04
-3.378921846624695900e+04
-2.248586717692287857e+04
-1.680494014776368931e+04
4.221025836654500017e+04
2.169907603732423377e+04
4.809819665670395625e+04
3.149683214380705249e+04
5.791694864593075181e+03
2.113878332877616776e+04
7.736544346326327286e+03
2.926855598902151905e+04
3.672657500681422243e+04
-1.514212246364116254e+03
-5.134563652739224437e+00
-1.314565484742304579e+04
6.051217565524404563e+03
7.598219074894774531e+04
-2.371178446406569492e+04
4.479005588478951540e+04
-6.989200977768250596e+03
-2.127034039445687813e+04
1.475113759875413416e+04
2.472833527449183384e+04
-1.015359990364110672e+04
-9.567924627805368800e+03
-5.805678932953130425e+04
1.835535075165119451e+03
-3.711830033714493038e+04
-3.378633435878231467e+03
1.694453660105340532e+03
-7.463400540334238940e+03
1.790914643126100418e+04
-1.143853532883173830e+04
-2.424546956733244224e+04
-1.154688736128833852e+03
-7.287184123609001290e+03
1.005279075954200380e+04
2.407330635803503901e+04
-2.475275745929798632e+03
-1.278243207479410194e+04
-3.550850355201240745e+04
-7.090685643356949731e+04
9.096825596710143145e+03
1.772507225066468209e+03
1.512068323852434332e+04
4.845152272216202982e+04
-2.188167976802065459e+04
-2.092524238209014948e+04
2.433220488159036904e+04
-1.961011583733754742e+04
7.008371042975400087e+03
-1.016432352220834946e+04
-8.903314533320843111e+03
1.666256202955393019e+04
1.025775313859272501e+04
-1.231097034810486912e+04
-4.683504865163288741e+03
-3.431023593026817252e+04
2.155191892546198233e+03
-4.731402198809676634e+02
2.003489367507074712e+04
3.123471325373604486e+04
1.615995017193097920e+04
4.783596392980573000e+03
2.909079130331442866e+04
6.505891420742786431e+04
6.251826794805549071e+03
2.140311037581975324e+04
-7.379149759140912465e+03
1.757742002394821975e+04
-9.955024850437728674e+03
-1.455400947070268739e+04
9.766116225489216959e+03
2.811925167456341660e+04
-2.224300492315839438e+04
-1.538422580449519046e+04
-3.028917521235273307e+04
1.552288304662467453e+04
4.710928362592071790e+04
1.770196918423251918e+04
-2.180736613785152804e+04
5.882206271784848650e+04
2.525152190277896807e+04
3.668532923133601435e+04
8.610157958478828732e+03
1.186369318543009649e+04
-3.293389208056931693e+03
1.987622102442129835e+04
3.784650205418474070e+04
3.894904099402918405e+02
-5.427246531887799210e+04
5.247477744733337022e+04
5.396716708144863333e+03
-9.670554138002686159e+03
2.957462147332141467e+04
3.044584032039445810e+04
-2.576502674486979231e+04
-2.550723723740653077e+04
3.492181381608762604e+04
1.815380237726768974e+04
2.449536831117080510e+04
-2.712082801411745095e+04
6.584472412668370816e+04
-1.875082994875486065e+03
3.053325973001501916e+04
-2.476827829321190075e+04
-4.668749819394953374e+04
2.534418328705785825e+04
-2.331963421091170403e+02
-2.311425958856405487e+04
2.157912414648886988e+04
-5.986536123454799235e+04
2.017975645320664626e+04
3.395796931664521981e+04
1.242153059337698141e+04
-6.198855894849758624e+04
2.554141830836124791e+04
-1.678926911900043706e+04
4.963328106626220233e+02
8.093931002567365795e+03
-7.925364588986798481e+03
3.294383936900222761e+04
6.889945716357312449e+03
-6.130603504196392350e+03
-2.594755431718718683e+03
-2.208514571981001791e+04
8.833239164276477823e+03
-3.135926084675929815e+04
8.240209959451905888e+03
-3.436167215120026231e+04
2.510135355108468866e+04
1.437500229151852909e+04
-2.438967257277346107e+03
-1.618221044861521295e+04
-1.419434401551558949e+04
1.642715868379152380e+04
1.004645695163245909e+04
-3.156325512425216220e+04
6.822382879151417001e+03
2.788228598906795378e+04
6.310883210139608127e+04
-1.383776052521342717e+04
-7.117427604504121518e+03
-5.823682666473872086e+04
-1.005320302960910522e+04
-3.699281056632119726e+04
-2.462997810187549112e+04
-2.252939053268510906e+04
-4.106997483541391557e+04
6.641944113971925981e+04
2.071135026516809739e+04
-1.501027161437934046e+04
1.220902688038203269e+04
-1.689129718934898847e+04
1.603490575130967102e+02
-4.256230938904422510e+04
-5.150061271720405057e+04
-5.069937369256152306e+04
-1.050357808046251193e+04
2.129532710254242920e+04
2.334924055395854157e+04
-3.348267351617833629e+04
3.312683676637788449e+04
3.968354726555972593e+04
-6.375871562639114563e+04
-4.276833405655881506e+04
-2.269465132572935545e+04
6.650101020145561779e+04
-1.157631792784753998e+04
1.354068985546031217e+04
-1.475629733657198267e+04
2.743427583027745277e+04
-3.972841504425842868e+04
-1.236048544388355367e+04
5.217376611564977793e+04
3.199703552774031050e+04
4.640236743017543631e+04
-3.225630010604041672e+04
-8.947611718746326005e+03
4.619921683935753390e+04
2.882739245904432391e+04
-1.659036235091565231e+03
-1.937791526079316463e+04
-4.646530292203909630e+04
-1.283352254516228459e+04
-3.658113074349355884e+04
-3.439141789633911685e+04
-2.870477819309506231e+04
5.452966004124473329e+03
-3.061475141946920121e+04
-1.235358915496422924e+04
4.566145888813983220e+03
5.245260630014283379e+04
-2.776651524172444260e+04
-3.044730699168066712e+04
-2.777698668214238933e+04
1.334883707109780880e+04
-1.772163767086615553e+04
-4.526807452421230846e+04
-5.347801477170529688e+04
1.275837671826478982e+04
6.154788905468038865e+04
-2.734573821260607292e+04
3.534072394643421831e+03
-2.021670390876309830e+04
-2.533579421109304167e+04
4.993930058501083113e+04
1.575367372533871639e+04
9.124217690102988854e+03
1.480372942311904808e+04
-1.417286168406352408e+04
1.709003657942448626e+04
-2.206302744516321582e+03
2.359671229383818354e+04
2.636012569489642556e+04
-4.279081744521207293e+04
1.366204212425502919e+04
-9.430800061148122040e+03
2.362628401713211133e+04
-1.583861612005647112e+04
-3.412793103373276244e+04
-5.899002857460300220e+03
-3.626331961584431701e+04
