6.248849804523828789e+04
-6.941062189655576367e+04
-9.438790749263459929e+02
7.318873674323744490e+04
1.923643817314678381e+04
-5.606718708193172461e+03
-6.305625997159893450e+04
4.758516824730287772e+04
-3.361461014150109986e+04
-4.195149656483988656e+04
-3.675801439711014973e+04
8.433482318718606257e+04
4.913345566599586891e+04
5.161934598652060959e+04
-7.735913868728924717e+04
-4.487627196044755692e+04
9.055071256248623831e+04
-2.142196883151812290e+04
2.982794900077884449e+03
-6.306408240183481212e+03
2.493365354234594633e+04
-3.918189220301420573e+04
4.792677729904939770e+04
2.521143087083909268e+04
-3.137105004163064950e+04
-9.237723121780855581e+04
4.428948265253381396e+04
7.263004248321009800e+04
3.541186872050925558e+03
2.295080546114660683e+04
9.944067757609373075e+04
2.403956067688018811e+04
2.454940231873282391e+04
-5.156704802044270036e+04
9.859785045736136090e+04
-2.215701545637751406e+04
5.510694496624101157e+04
4.032484347163943312e+04
9.495421982319065137e+04
4.996524156611337094e+04
2.333532951181045428e+04
-3.913400408586080448e+04
-4.654813863038983072e+03
5.247031108955101081e+04
-2.550328412615797424e+04
3.447068973383632692e+04
-1.842613712268617019e+04
1.685459741665695401e+04
-7.288622497815040697e+04
-3.215079606816443993e+04
-6.150662689003731066e+04
4.941109198068527621e+04
-6.825100025390298106e+04
-9.156999748670076951e+04
1.157982445443162578e+04
3.317172921936017519e+04
4.967271306342157914e+04
-8.874338969790611009e+04
-3.223968296968780123e+04
7.083909331163515162e+04
-8.343511274739829241e+04
-5.425690929622155090e+04
-5.676908785596815869e+04
7.090934012775703741e+04
7.530926512764105610e+03
-7.777993718267977238e+04
-6.671475228371687990e+04
-5.765324832166894339e+04
2.692989891484139298e+04
3.383248763284179586e+04
-4.022788754918298946e+04
-9.065157274819270242e+04
4.225647076448099688e+04
6.465895728649634111e+04
-7.227549820037107565e+04
-9.138845589241162770e+01
-2.722995399180741515e+04
-9.326558531870051229e+04
-3.282384222767731262e+04
3.458833014715796890e+04
2.553059387708481518e+04
9.703387861121591413e+04
8.161975355686970579e+04
-9.961253714049252449e+04
1.160156934387582078e+04
9.284263262610994570e+04
9.965016586170814116e+04
4.241881881143717328e+04
8.256388015169627033e+04
-6.856468498040793929e+04
3.278734877267330012e+04
8.474511090373016486e+04
3.267591737410211863e+04
-6.725669557524932316e+04
5.576753040851894912e+04
-3.200508396001495385e+03
2.881965780952710702e+04
2.201407784520051064e+04
-8.748700992883082654e+04
3.746174156005561235e+04
4.535132953715619806e+04
1.743530291761664193e+04
-4.871913385372543416e+04
3.409871857521676247e+03
2.168758329914778005e+04
6.740798600453058316e+04
-2.239220779168206354e+04
-6.705502376359847403e+03
8.290718411792267580e+04
5.166016826951941766e+03
9.514873676007620816e+03
-4.466758062376405724e+04
-4.023724412218316866e+04
-5.308542229625130858e+04
-5.394432475313604664e+04
-6.990648808325095160e+04
-1.599902426700824981e+04
1.103961328775323273e+04
-2.843343997446787398e+04
-7.407813254845014308e+04
5.320630717816338802e+03
-2.089361186669730159e+04
-7.737332088728678355e+04
6.857812413033559278e+04
9.885124705369844742e+04
-6.926192352998993010e+04
-1.382619965735993901e+04
9.342943110929765680e+04
-2.008577968519878414e+04
3.874880563957225968e+04
-6.099610649980869493e+04
7.061605026424587413e+04
-9.259731611953293032e+04
-8.936632672652235487e+04
3.784437856073791772e+04
1.188904844459672131e+04
-3.347281109175282472e+04
4.278680624386426643e+04
-7.863476402785629944e+03
6.683620784484894830e+04
-4.621419707325315539e+04
4.968015837728147017e+04
3.698547974311727739e+04
3.375040404063675669e+04
3.266661005420632137e+04
7.019983793605779647e+04
-1.256831013487006749e+04
-9.625757838962131063e+04
-9.190982520770630799e+04
-3.270696578928038798e+04
-9.535896460114848742e+04
4.467946643939769274e+04
-8.948690248652167793e+04
-5.617932610802551790e+04
7.818213942518192925e+04
-8.636584909887322283e+04
6.515169174697798553e+03
3.082070620840986885e+04
6.994375374944014766e+03
-6.148665926878976461e+04
5.301438581099457224e+04
-6.948125184692080074e+04
4.716357357450757991e+04
-6.441079259517600440e+04
-9.507307164283788006e+04
-1.795120775485484046e+04
-5.062388725330598390e+04
3.173545652723956300e+04
-9.410638330476522970e+04
1.061804933396665729e+04
-1.372393399189362208e+04
-8.190807512786790903e+04
7.475628468996628362e+04
-6.580929581910544948e+04
7.125138459616345062e+04
5.683500345610942168e+04
-8.815887153730889258e+04
9.945382444435008802e+04
-5.281079355526107247e+04
3.638038885228624713e+04
8.548565237038453051e+04
-7.334057410183030879e+04
-9.866718868268439837e+04
5.684766329276685428e+04
5.212741101636084932e+04
5.664484482566150109e+04
-1.684854199955450895e+03
-3.364238462405539030e+04
-1.706243858036716847e+04
-5.607308931874518748e+04
-9.020588359090774611e+04
3.007253070749551262e+04
6.989646577670430997e+04
-8.505282705097318103e+04
7.201583037979195069e+04
7.912739037207138608e+04
1.406020840806674460e+04
4.466858975938240474e+04
-6.428342946391672740e+04
-4.042532001618967479e+04
-9.094335114985464315e+04
3.665929456474228937e+04
-1.402170417963286127e+04
-3.279433139494472925e+03
4.096676209308657417e+04
-5.756208861932190484e+04
-6.421175888466250035e+04
-3.366339918553939788e+04
-1.176197075298023947e+03
-9.344082700384287818e+03
6.527681077009770524e+04
-2.610021248709281281e+04
-1.364735888067777705e+04
-6.003540891927185294e+04
3.117495839830797649e+03
-9.937808468747437291e+04
8.496896490746225754e+04
-2.232677050945990050e+04
-1.217906942880438146e+04
5.501584786806769262e+04
-4.666005031143824453e+04
6.637816974050819408e+04
2.607922677671747078e+04
5.594964682974109019e+04
9.145142100594945077e+04
8.109487408031338418e+04
9.901778507978406560e+04
3.264420163814359057e+03
2.440406856989293738e+04
-6.385282550892657309e+04
3.384646776065422455e+04
-5.149224477529745855e+03
-7.509567761384147389e+02
4.411872031631264690e+04
-3.013779912373101979e+04
-9.207481343609855685e+04
-8.543866282116482034e+04
-3.560465132619583892e+04
8.155131754050540621e+04
5.797894398883117537e+04
-1.529509964700550699e+04
1.578024489588092183e+04
-9.441727414319894160e+04
5.441309948089061800e+04
-1.917371592076268280e+04
-2.218740931518532307e+04
8.403760687471898564e+04
8.335889987661120540e+04
8.575590456522180466e+04
1.494900179618470929e+03
-9.490178224219933327e+04
-5.851228124272235436e+04
5.042444343278185988e+04
1.380664335839728665e+04
5.636374223907932901e+04
-3.560234524380039147e+03
-6.583061788400908699e+04
-7.434873385658036568e+04
4.113268989701379724e+03
-4.038772549242203968e+04
3.771822090236726945e+04
-3.216143800653306971e+04
9.372260508011995989e+04
9.349493507985958422e+04
-8.477016492596779426e+04
