6.612662257073945726e-01
1.108738080333997011e+00
-1.652715234327083005e+00
1.994285381595992446e+00
1.039137072475721402e+00
-7.587033830008860225e-01
-2.426315868688066146e+00
-9.941488520530759043e-01
9.374085344029828848e-01
-1.517937636546277780e+00
-3.752358367957988605e+00
-1.202507962552969767e+00
4.054882580457820573e+00
-3.147955278539724233e+00
-2.989841437482339437e+00
-1.477013799067045108e-01
-8.502754783705610553e-01
1.674897514736082726e+00
-1.213392591672311172e+00
-3.046944831942353660e-01
-1.337770445439970812e-01
2.158082502149319293e+00
-2.718106356852347361e+00
-1.820924278666612661e+00
3.448275953799046500e-01
1.515192014607973925e-01
1.505491474731586177e+00
1.254131035429078445e+00
1.050024339505118087e+00
-2.814295129346075175e+00
-3.496922453634768502e+00
1.248755662397105892e+00
-4.652911182324175332e-01
1.689674835308380141e+00
1.751371732015017946e+00
2.008581772571019997e+00
-1.101887923322354634e+00
-3.165150006239158542e-01
1.239946535486918133e+00
-4.122533744849433135e-01
3.928609258742022381e-01
3.105188724066419437e-01
1.075467958346903563e+00
-8.094536844544780729e-01
1.790307551761290972e-01
3.202973174151482194e-01
2.102479423195042774e+00
-2.559326600476535596e+00
1.517545759943678352e+00
-5.592704480125187949e-01
-3.009615147206136029e-02
2.487435916192552998e+00
1.398737323735381288e+00
-1.247398248687808131e+00
2.556343989682294260e-01
1.124641499555541213e-01
-8.047627086249355965e-01
7.162106070890196241e-01
1.281730900722488631e+00
-1.149688602409833615e+00
7.265772712628286722e-01
-2.502806076192077844e-01
-2.354447340621043772e+00
1.855041044572356412e+00
-1.192847163365837515e+00
-1.045842858551248700e+00
-1.685877061196316418e-01
-3.233571322771877643e-01
-1.212756890979720614e+00
1.112416865529153309e-02
-1.789159831967902514e+00
3.753403648858603336e+00
-4.079184245423786770e+00
1.245043082293379122e+00
1.983433970140059177e+00
-3.956967300439953594e-01
-6.305040386639305661e-01
-4.002324235491003246e-02
2.243567646496504420e+00
8.824354917291152289e-02
-1.550783501994036584e+00
2.415874971918873015e+00
-7.825108014009587443e-01
-6.301819485170321311e-01
-1.646601834349600280e+00
-7.325383931979922991e-02
5.662851502803162296e-01
-2.411765409838553809e-02
-2.467081587685131527e-01
1.121234377104307622e+00
1.162509454621003802e-01
2.107434085857971873e+00
-2.323810387745887773e+00
2.545658435973105149e+00
7.065622684727110858e-01
2.037110378749362738e-01
-1.050533113178201416e+00
1.423467516177115755e+00
9.917644982368416240e-02
-1.119229554156136119e+00
-3.235610992779319739e-01
8.365604081228010802e-01
-9.694082220425948027e-01
5.122287326711600031e+00
1.160705223253055474e+00
2.526787508704865015e+00
-1.159865433486992448e+00
-1.985632513459946846e+00
-1.868851890962214934e+00
1.032878614487693802e+00
1.715314897908502889e+00
1.695704544440293615e+00
-3.207761760031827336e+00
2.335480361164985919e+00
2.935861264761594480e-01
-1.634504226128746240e-01
7.281460100660050450e-02
7.060063846823504408e-01
4.511710257027730098e-01
2.955148818034347702e+00
1.223926687970466887e+00
-7.998958399422470000e-01
8.193252727037372285e-01
-5.479881095471292873e-01
-2.741550485338458021e+00
1.535428392356447125e+00
-5.765398431091171005e-01
-2.242244111500439896e+00
-1.223360739320274115e+00
5.942112941430541806e-01
8.751031622633851370e-01
-1.828734133111887150e+00
1.526044599527696333e+00
-5.562029368197451973e-02
-1.491389705323626025e+00
1.904854536059414460e+00
-1.563694231793583689e-01
-9.541044964730909239e-01
-2.343380102835717516e+00
1.525007393859513893e+00
1.495983426316914278e+00
-3.477561222694015797e+00
3.380666274982774944e+00
1.072077656472785856e+00
2.014348174965845395e-01
-4.490520701759143085e-02
-2.124291782517350846e+00
1.849684421538143608e+00
9.354579996246931151e-01
1.119746392232191523e+00
6.603420677014988360e-01
-2.556880308328461027e+00
1.013818331464661160e+00
-9.967371131035316356e-01
-2.631575049775104702e+00
-9.161503779809856418e-01
-1.353840791308093261e-01
-3.764278528453577355e-01
9.167404419246474312e-01
1.652367938723158902e+00
-1.639779176645701941e+00
-1.619015382175917228e+00
2.777246780679521354e+00
-1.295861861126701431e+00
-1.396140323740366063e-01
-1.078556648212885438e+00
-1.371055687413595514e+00
1.055246044144824813e+00
-6.410655334939283634e-01
-2.565412481829607128e+00
7.793140668015667849e-01
1.909287978454520029e+00
-2.156103961612910513e+00
-2.783173346502573198e-01
-1.610047893793498108e-02
9.076925379659078752e-02
2.089199660240666501e-01
-1.083072053216106223e+00
-1.713276809090792607e+00
-1.561807129869795308e+00
-3.215672592282849407e-01
7.981879451629145250e-02
8.099860287950639837e-01
-1.286734152757501581e-01
1.570348475199035976e-01
-1.748033846651714462e+00
2.122270959227723075e-01
-2.010637171717034377e+00
-1.105975136829643102e+00
-3.370497063190905918e-01
-1.568536342250879345e+00
-6.296707505019212281e-01
-1.687927178674548445e+00
-7.698030633355796848e-01
-3.149621973925849083e-01
1.920862331947516433e+00
-2.557007847367107622e-01
7.418012811592163969e-01
4.773809538526578855e-01
1.561900967003263085e+00
2.494210070212239116e-01
-1.737219432771630157e+00
8.204628348708863372e-01
-3.779937319791659700e+00
-6.859455833776210154e-01
-2.465649172325837579e+00
-2.281202036581819748e+00
-8.971924741512238288e-01
7.565459697402679429e-02
-1.699089856061343440e+00
-8.582731164565082782e-01
1.306023377126348750e+00
-3.364146654422850991e-01
1.226436882823617625e+00
6.836949245604915237e-01
-4.183595936929192405e+00
-7.127992146407742258e-01
1.678714777243389911e+00
-1.046960345881237098e+00
1.076825081051315358e+00
-1.268409693862504017e+00
-3.422306053328941555e+00
-5.866520676944999568e-01
1.642630965158638601e+00
-2.431611543097808248e+00
9.451092653453081471e-01
4.069413362141824919e+00
1.204195518903486528e+00
2.740175479126152780e+00
-9.807907573520239231e-01
-1.763967927330933883e+00
-1.869388048447465200e+00
1.595954702718299423e+00
2.547356702533313921e+00
3.139847858669488012e+00
-1.757591243333824771e+00
-2.125329622027130494e+00
1.225701163855676512e+00
3.214427844973066772e-01
1.156327249590340722e+00
-1.087761349977711678e+00
-2.586932865928731617e-02
3.501937864992756833e+00
-1.494228951048393705e+00
-8.364856728813428732e-02
-8.151286028989096488e-01
-3.475389383583517233e+00
5.616340380694353485e-01
-1.382838950951060131e+00
1.155829046494152079e+00
-1.083598314158650933e+00
-2.296115159196465694e-02
2.504375052588740935e-01
2.488901765962113988e+00
-5.734160764097245844e-01
-7.541233073362650918e-01
-2.354202597058521640e+00
-4.491319928406112272e-01
8.947564274522794570e-01
-2.283531563879646953e+00
-7.693865338911274332e-01
-6.024252613260999700e-01
3.155366684939130195e+00
1.130060907949508447e-01
5.617836468107048065e-01
