9.199436316209336217e-01
1.816572167055715004e-01
9.231183299170065970e-01
-1.057541816085547204e+00
3.846760265374518650e-03
-6.252614427094524974e-01
-5.212911042079355906e-02
-7.403887349497009218e-01
3.977464591496970847e-01
7.330655755693432640e-01
-7.956564597806964345e-01
-7.262745203284222129e-01
-9.846109588822074543e-02
8.660677099046636407e-01
-8.975815049936751444e-02
7.899867799561288706e-01
-1.141260910039703980e+00
1.802037981235436737e-01
-8.467548670485750550e-01
-6.132341852295528639e-01
-1.052233327424761722e+00
3.874011015728464069e-01
-5.311015403581498262e-02
1.606282022894386374e+00
-6.372253112227903582e-01
4.548071035263539508e-01
-4.200455176691328951e-01
1.077187254749294443e+00
-1.099016063813332389e+00
-2.387620401490187297e-02
1.396411435897948472e-02
8.397452191287831935e-01
-3.165685341771257155e-01
-4.941184719041844531e-01
3.500608029649947550e-01
4.379332453046863582e-01
-3.544262484749864939e-01
8.124915949033610918e-01
2.624465001041543233e-01
-1.016374215046076390e+00
-9.740468089401702056e-02
-3.148905859043438227e-01
-6.634994921280280566e-01
6.502306485946570680e-01
-2.490550714964223367e-01
8.431685182394870193e-01
6.204051206643473870e-01
3.913207446172793924e-01
-1.207447141824298908e+00
-7.279698369033046346e-01
1.250773242832063925e+00
-1.060225211598806894e+00
5.052191536108983083e-01
-7.839968550406810621e-01
-2.404640089600887654e-01
-1.493801908709723625e+00
-3.428515594973061131e-01
-1.054129052084539886e+00
6.879221041620381394e-01
8.868156733459475749e-01
-8.668192046047379362e-01
2.116519112801597824e-01
-4.767154904392365555e-01
1.658504697052804455e-01
2.422953409600142050e-01
-2.389857156070430977e-01
1.957286796719712174e-01
2.155510071725386945e-01
-4.248966239940685785e-01
-5.054536408147299043e-02
2.912539365479005493e-01
-1.635055735996642445e+00
-1.980296316071383511e-01
-1.048959102857379921e+00
-3.730908807974662178e-01
-6.044820557315753184e-01
1.485909298357282471e-01
1.828755185674545425e-01
1.612130847435129521e-02
2.891358212198679722e-01
-6.812679408624989774e-01
1.858669885028618740e-02
2.450044634327460114e-01
1.755739474752537610e-01
-3.360551084762969931e-01
-2.439087302174887950e-01
5.981150919881857986e-01
-6.597698039290306182e-01
-3.444881696003815330e-01
-5.591987907178829209e-01
7.359376071634604610e-01
-6.657533186377978529e-01
-6.229493831657941794e-01
-2.301237630521007493e-01
4.636280058669704496e-01
-1.234080972044692803e+00
-3.021674565262280621e-01
-1.640281195434849071e+00
2.047217438593178063e+00
9.177960702363134882e-01
-4.222548242630058124e-01
5.255475257972845871e-01
-1.710192771879320284e-01
6.993111868547070842e-02
-8.106890434608511331e-01
-2.800448329326940544e-01
-9.532507348081801224e-01
1.619542198525696364e+00
-8.610635930735340005e-02
-3.975384166365962813e-01
1.812285698374963283e-01
5.190714311478069609e-01
5.689014226326428725e-01
8.203275701742436254e-01
-7.621817147682941052e-02
3.089424697243911555e-01
-4.099299685416289973e-01
-7.375077560774584429e-01
-4.801092900850516543e-01
6.030851804619936640e-01
-5.505170377530579362e-01
-6.064902028618159857e-01
-1.090839869557995279e+00
-5.626014880707722599e-01
-2.319756253804267920e-01
7.706745405055818177e-01
-2.632161874353126929e-02
-6.450788852995541500e-01
-1.075535032722150897e+00
-5.068919926690061972e-01
7.400342155689851875e-01
-1.322895505577881492e+00
-2.500617129433696517e-01
1.871435739952815314e-01
6.703917131983414546e-01
3.911405293159971874e-01
6.171756469989161387e-01
1.109867000804052095e+00
-4.751471599932767242e-01
-7.209978908398646524e-01
2.814425319261170122e-01
-2.830626633854433916e-01
-4.394029463302477345e-01
-1.586048980913910000e-01
4.272916079654183741e-01
-3.070144802811683449e-02
5.271815272802193864e-02
2.528102619523421302e-01
-9.250009059938435474e-01
7.083504444423776025e-01
-4.810540179014610729e-01
-3.150702860574796094e-01
-8.299525724616955147e-01
-1.860037934183279007e-01
9.075361536305615040e-01
1.332221449160989613e-01
-6.383418376018745732e-01
6.658290293248539937e-01
1.098370736378502910e+00
-3.930944901742586817e-01
5.969809503459078126e-01
-1.405181205874650452e+00
-6.432767696227235099e-01
-4.759363085457012366e-01
-2.560658527646598737e-01
-7.050849030093231384e-01
8.166360458888257678e-01
-1.024966748006273409e+00
1.168272483464312561e+00
-9.130885940794261080e-01
8.464123664827716276e-01
-6.042096092017463782e-01
-4.743394498617055088e-01
1.425396373581552245e-01
-7.753631589139463320e-02
-6.023966414131350089e-02
1.120952708300324563e+00
-9.393399491399737622e-01
-1.413925643175643621e-01
4.073243904603928156e-01
-2.431397298543886559e-02
-1.328653995100134821e+00
-2.400868338684017389e-01
-5.727739825893256587e-01
-5.321956785564185832e-02
4.041242103835692712e-01
-1.180554226224973968e+00
-4.028926338620966163e-01
-1.216319560712008085e+00
-9.548154175718918946e-02
-4.107285895541059606e-01
1.251476024667940445e-01
5.996788689652197135e-01
4.593957047805738991e-01
-9.930731198311172347e-01
-6.088198854811348593e-01
7.146433142658881188e-01
4.995708468863086504e-01
7.940958188077424929e-01
-4.122117106305527301e-01
-7.962306770126973410e-01
-1.234284007873545363e-01
4.198791299232822460e-01
-1.088564948671466581e+00
-3.509881741052230941e-01
4.746498467900348017e-01
-1.223353485904248750e+00
-4.834848185762950501e-01
5.584350815028240600e-01
-2.632855446131504573e-01
-1.285596284263945455e+00
1.863839239364787348e-01
-2.007471965638171763e-01
-1.638523588902607575e-01
2.979258425284931899e-01
-4.732734299526445421e-01
-1.675122723758902588e+00
3.126720655419886752e-01
-3.446659949050733251e-01
6.485667333041582605e-01
-6.261815436520448142e-01
2.879844256519242807e-01
2.283165931753994293e-01
-5.913951126557592808e-01
4.206694348614278267e-01
9.256088870915566424e-01
-5.819396900773075032e-01
4.522820104252149864e-01
2.934286017539942948e-02
7.312612298001227584e-01
-9.011297394366168945e-01
6.831935084261981928e-01
6.287979699261871946e-01
1.152615725782090816e+00
6.371073729652940720e-01
-3.652103134424292685e-01
-9.793239566027336362e-01
-8.047850340970962302e-01
-1.361591955502473861e-02
5.906279073812554375e-02
-2.863985763701522025e-01
1.857282485846675435e+00
4.611724846713488590e-01
4.815618675344011113e-01
1.485629966449853789e+00
-3.691530003935120097e-01
-2.833077775279770338e-01
3.841213741335958720e-01
6.263558011419118055e-01
8.743117641615822944e-01
-1.099455535347716451e+00
1.458888630260892327e+00
1.371644548285968490e+00
1.232147857211742803e+00
1.310981331823785623e-01
3.183430385623059466e-01
-1.849531345789437120e+00
-1.324999301701522025e+00
-2.754709833818248521e-01
8.555208548144338510e-01
-1.470632141718647645e+00
-1.819012595944583754e+00
5.516488213028235554e-01
1.449327273609376521e+00
-1.672499154931821885e-01
