3.064230741146608539e-01
-7.099165700947819291e-01
-3.311829700767664253e+00
-9.967378882339019697e-01
8.093678264665851163e-01
-2.111344800186614190e+00
-1.675421010252918508e-01
8.266874653799943795e-02
2.491092454778355947e+00
5.957003755818376378e-01
-4.604430569347114366e-01
7.836814244913723471e-01
1.410482924573545516e+00
2.486329920586648479e-01
-2.367801037653823659e+00
1.909227972916511806e+00
-1.209266275217298459e+00
-1.965957281405376067e+00
-5.349561211490467816e-01
2.577022101013360378e-01
-2.272985417036696987e+00
3.918948692859981486e-01
9.877920181376530495e-01
-2.172144510394331540e+00
-2.255752251334099956e+00
-2.125617040098516597e+00
-3.609018251377772435e-01
-3.220197627241563887e-02
-6.977937504877235186e-01
-3.133014783804087156e+00
2.110154043831389270e-01
-8.049737281021205337e-01
1.174225526896929495e+00
-8.266748133860214454e-01
3.474760018215451440e-01
4.524164205264793459e-01
7.607493292721578815e-02
-2.362004187344648010e+00
-1.029577794631194587e+00
1.907850937939560843e-01
1.225707536519240470e+00
-4.796509816790121006e-01
2.534677584931102068e+00
1.192346680395231506e-02
-7.353976067338386935e-01
-1.008611449898825008e+00
-6.843047181492437625e-01
1.121078731624908231e+00
2.330825420707682144e-03
-1.448197608368816169e+00
2.334461541055114164e+00
6.345073923335659005e-01
-2.922417890035785337e+00
1.344517088262786375e+00
-4.424456816765023337e-01
-9.832454694776046056e-01
-5.366938157590490643e-01
1.365200531526731709e+00
3.269005584151905563e-01
7.556504603429126110e-01
-7.408157314043535280e-01
5.037469165292236539e-01
-5.529307765661737317e-01
-2.168535145897869665e+00
-1.003917890591349726e+00
1.214225394290204818e+00
-7.779670511642884367e-01
-1.102827538829289855e+00
-1.142950998429036469e+00
1.470842617250455397e+00
1.102294182913312826e+00
-1.363757298122499240e+00
-1.390017746016918299e+00
-1.765694367778234408e-01
-3.310090494365824365e-01
-8.805352810140790742e-01
-2.697843374564072305e-01
-3.529405434307694156e-01
-1.103851999506308745e+00
1.158861303763766504e+00
-6.260714052762947901e-01
1.384400800348139837e+00
-5.991034187713464298e-01
-5.711032808770253322e-01
-1.168610155838797571e+00
2.628931320538970273e-01
1.791999569466787290e-01
-5.566497803845766451e-02
1.766234727909953284e+00
-1.262792488024994775e+00
8.025611261684675313e-01
-2.437405999107070009e+00
1.010138681373563274e-01
9.114636192999914233e-02
1.195173830248715374e+00
-9.652692402595336452e-01
-4.512622879176473867e-01
3.230293905335192672e+00
1.645772943574318026e+00
1.340002421286671686e+00
-9.652541611101796981e-01
-8.262010146755633944e-01
5.945736230666109901e-01
-6.001768826634218401e-01
-1.883399033834680436e+00
-8.925179819214765775e-01
4.405528756462605555e-01
-2.737138411160894957e+00
-1.921884813734532571e+00
1.326518859204661727e+00
-9.239080969155756273e-01
-5.361180283257123147e-01
-8.441737449835098328e-01
-9.235169183513108893e-03
-2.266829647321779162e-01
8.714678256207614160e-01
-1.178625643425533775e+00
-1.188217100075433574e+00
-7.538385265096878562e-01
-9.096571709213094881e-01
-5.582623049187224185e-01
-1.141887591329397544e+00
1.218886566328698073e+00
-1.253588772411600605e+00
-1.113002952203134138e-01
-2.015728201148671572e-01
-8.458053393831649336e-01
1.974366164069900620e+00
-1.859183576020077555e-01
-1.893922232906116443e-01
-5.477108723764274600e-01
2.446623518609531978e-01
-6.557294515809531932e-01
-7.390607841614367235e-01
9.418091493281702808e-01
1.057734603246905658e-01
9.024170540053719769e-01
1.657048131600465934e+00
-2.394771575495655558e+00
-2.462732672613334173e-01
-6.664853742215370858e-04
-2.736856802391251509e-01
9.049329017759490945e-01
-1.611275914591884240e+00
1.092811799861226563e+00
-2.830884232823944302e+00
-6.278336021141842638e-01
-6.216062701448388239e-01
-6.115571501929879528e-01
-6.513198880844685013e-01
-9.530743933937089185e-01
1.782129754583328118e+00
-3.287450162425740174e-01
1.371613565638286181e+00
2.027402976151440051e+00
1.432572497559705393e+00
7.945234187465153308e-01
2.288970288061333402e+00
-1.968667243182525839e+00
1.110595356432693137e-01
1.031713624550569808e+00
-1.713435298007496055e+00
2.095905747920318585e-01
3.937370116727825775e-01
5.264955961933756035e-01
-6.599476549899121469e-01
-7.348815857467135837e-01
-4.405402138794994871e-02
4.002673952769583710e-01
6.838208050867526921e-01
6.319388735343839381e-01
2.613086933092174102e-01
-9.553699653634339928e-01
1.659915676033957954e+00
8.001085899294372306e-01
2.142709415820627239e+00
-3.935654094100959899e-01
-3.379176034295978681e-01
3.645315019406827339e-01
-1.992858753309692532e-01
-1.235236351884265282e+00
3.529577879954255704e-02
2.016088769814955661e+00
-1.000716021965434521e+00
-1.034617039284472684e+00
-1.308832918269396961e+00
3.605543463554351513e-01
7.100860486164828345e-01
-7.988939420551484094e-01
-3.322123735942695277e-01
6.431826911412358294e-01
2.501009506832770901e-01
4.584792225539572885e-01
2.462155849243818473e+00
1.407117466090723745e+00
-1.103895073261870863e+00
-1.636303279608504746e-01
-1.041975819444254325e+00
-2.411811128740301291e-01
6.474806808590076734e-01
1.869733453716070082e-01
-1.341408522406095427e+00
1.597411533848713816e-02
2.132711092271577513e+00
-1.408984299088663406e+00
-6.619680027804013545e-01
5.966679915978102544e-01
-1.070915220715234761e-01
1.149326973228681714e+00
-5.255500962312942281e-01
-5.203284330751302145e-01
1.641624100769272898e+00
2.733959548832009201e+00
3.335571710004811563e-01
-5.691903974600892591e-01
-7.899793530730714330e-01
-1.389753325074823298e+00
2.021095718472478708e-01
8.288665819358711495e-01
2.391552156154046482e-01
-4.339157172582059907e-01
-6.572734552235746930e-02
1.856962711065190952e+00
-1.649300426883308246e+00
-1.221182530967542368e+00
-2.270444697553548608e+00
3.194792417056822043e+00
-1.206372295158184338e+00
-2.214358759481799832e-01
1.001030592693640919e+00
-2.364870561022425210e+00
-3.780555231340631206e+00
-1.663961312528960068e+00
9.801190525707957901e-01
1.580380146825050902e+00
-1.129718732948765680e+00
-4.548165468140448198e+00
-6.313822874696778387e-01
2.931139072632567011e-01
1.853067704317686415e+00
1.973872670405055318e+00
-1.000699045418179001e+00
2.260361990529201615e-01
1.493496435398633082e+00
-9.567374997703655959e-01
-1.001713677819018322e-01
-1.281987608988952587e+00
-1.192106093852869142e+00
9.413849358347587959e-01
-8.123533653520277342e-01
-6.265316982471361706e-01
-1.834541836704255857e+00
7.352343131160919976e-01
1.084624420381609333e+00
-1.538367596905916734e+00
2.421471547237740995e-01
-1.576111516197280737e+00
-7.818057947013082321e-02
1.818027532663463619e+00
-1.444508341801640672e+00
-1.689636657545083853e+00
-2.590088720225182328e+00
-1.138125681559211788e+00
-2.456965828652021844e-01
3.166648903114607894e+00
