-7.660500313031670521e+04
-7.044635728398096398e+04
8.813320540459397307e+04
2.403610386866952831e+04
5.824643290058095590e+04
-7.676209758343684371e+04
-7.106080683747646617e+03
-5.891404658631987695e+04
8.880827414791643969e+04
1.981958835280332642e+04
2.125485484253660979e+04
-7.492165891702019144e+04
6.896731113706949691e+04
5.811641183705820731e+04
-7.769887552720549866e+04
4.559105333666555089e+04
-9.007401974737878845e+03
-9.966279543126710632e+04
8.952122519358822319e+04
-9.986297487675890443e+04
-1.850999718085959466e+04
3.596684505493884444e+03
3.978737458031150891e+04
6.654746853332870523e+04
-8.616064658208334004e+04
2.851083166654657180e+04
-5.223106773321993387e+04
2.278345977646060419e+04
-3.896551945380105462e+04
-9.759083836400306609e+04
8.073247481240954585e+03
-7.320910983968275832e+04
-8.016850899789629329e+04
9.928674814066810359e+04
5.455351924005140609e+04
-5.369919664727111012e+03
4.787929297024469997e+04
4.657502274157893407e+04
1.284689090512811526e+04
3.463515952864127030e+04
-1.409410525845063830e+03
-6.399244991177171323e+04
1.518684901365386941e+04
-5.949389274186600232e+03
-9.575855329432188867e+00
-9.421528400136399432e+04
9.322167356519596069e+04
7.533417283118729756e+03
-6.514652026944552927e+04
1.935244490460977249e+04
2.374673346185054106e+04
-3.735395286040387873e+04
8.518085153843155422e+04
-7.663186696934660722e+04
9.699024807451012020e+04
3.357446441858300386e+04
-6.071502771075206692e+04
-7.325955417552948347e+04
-7.549458747125611990e+04
-9.766914173083614151e+04
-9.850488192176666053e+04
6.894769112171088636e+03
1.833722926467955403e+04
-7.636071260954298486e+04
4.782614768522462691e+04
-7.671774802777034347e+04
2.924939182894443729e+04
-9.325882102586640394e+04
-6.603650986599712633e+04
4.375549288165141479e+04
7.818017720850683691e+04
7.380321976805296435e+04
-8.180655399422661867e+04
-6.428266205595172505e+04
-2.801019751187445218e+04
4.895072038838759909e+04
-3.001506395766567948e+04
6.761252356620134378e+04
9.094391990667398204e+04
-1.330340791344038007e+04
-6.106101254227358004e+04
3.059402601127443268e+04
-8.961251237420225152e+03
-2.113769436838571710e+04
-7.064012254180450691e+04
-9.107397671400902618e+04
1.838835745547730767e+04
2.720707273967388574e+03
7.081188024681579554e+04
3.826634479764649586e+04
2.740570118824624660e+04
5.591312541301985220e+03
-6.747883546697274141e+04
-6.726687691373734197e+03
1.724199359118382199e+04
3.503747273232193402e+04
-3.015583541646681260e+04
-9.410796696699668246e+04
-1.700468011452739302e+04
-9.375475460758198096e+03
2.768105450434083468e+04
4.189135616501562617e+04
9.053300648181325232e+04
3.750158232636018511e+04
9.357840797294596268e+04
-5.161920082452307724e+03
6.459447872107929470e+03
1.041705826351818905e+04
-4.355177666384854092e+04
-1.090655329110707862e+04
6.655455864292637852e+04
-3.968537538755180867e+04
-6.585391218033661426e+04
2.693175923985871123e+04
5.804655798422933731e+04
3.597100808263946419e+03
4.487139845789576066e+04
-7.332677588415854552e+04
2.792013471724494957e+04
-2.012178397336938588e+03
-7.804588755287574895e+04
2.113255453841957205e+04
2.450455377993404545e+04
-7.852421183180337539e+04
-5.309652200380858267e+04
-2.395154885108055896e+04
9.040360360793641303e+04
-7.965887331700831419e+04
-2.244335622035690540e+04
-2.819228372378851782e+04
-7.850097368852303771e+04
4.747617100244140147e+02
-6.093607263669439999e+04
-2.941531372803399063e+04
7.155452490921865683e+04
6.881027477492921753e+04
9.404202767943451181e+04
1.407704719711193320e+04
-8.167996809665700130e+04
-5.665127032561694250e+03
2.974344310267437777e+03
2.030208832248014369e+04
-5.077342307846670337e+03
-2.598096415704564788e+04
-7.412874109336313268e+04
-8.416261378862615675e+04
-8.675696501630314742e+04
-2.042551974685817549e+04
8.171727090038469760e+04
9.767813292343310604e+04
4.808218074539431109e+04
8.820586025299777975e+04
8.896246534005062131e+04
9.449318619531183504e+04
9.590634501561512297e+04
-8.901864335358781682e+04
5.155559318543509289e+04
2.778937620318563131e+04
-2.967880020384101954e+04
1.036626309496422255e+04
-2.128458582201649187e+04
-6.439440054035335197e+04
1.566250649910333595e+04
6.017093373374560906e+04
-3.563188766750281502e+04
-9.146232606247285730e+04
3.507222408956379513e+04
-2.840089162716833744e+04
-4.821157762178083067e+04
-6.815748194949438039e+04
5.426025954705317417e+04
-4.031435309508949103e+03
-7.069138160106590658e+04
1.879015686502610333e+04
7.830447149680853181e+04
3.950098287411864294e+04
7.466305285406402254e+04
-4.953368012002018077e+04
1.026569853008413702e+04
-7.713168365229759365e+04
-3.850671573737916333e+04
-3.763368379654368619e+04
1.298874886846322806e+04
5.171829873538160609e+04
3.471504596959696210e+04
-5.454644553913006530e+04
-2.018852058622049299e+04
-8.756199744205280149e+04
2.062727034028327398e+04
-4.778371768479322782e+04
-7.842951062454331259e+04
-9.050061577174659760e+04
4.962433001521736151e+04
-9.275256345798312395e+04
1.332739921262769167e+04
8.218954024379463590e+03
8.129187543794116937e+04
-7.084018437616075971e+04
-1.661063399144259165e+04
-2.895307378733337464e+04
9.269956407068581029e+04
-3.296933234557732067e+04
3.169202742762174239e+03
-5.541945922298082587e+04
3.022040558957950634e+04
4.341189044694115000e+04
8.451361703563202173e+04
2.108769317740399129e+04
-6.596759296468275716e+04
-6.434880597558109002e+04
-9.437738393218746933e+04
3.585838167843894917e+04
-4.429636639202349761e+04
9.794302342484098335e+04
9.468987873482504801e+04
3.039434069383123187e+03
2.452510769980491023e+04
-1.376150440998161685e+04
3.230946635034445080e+03
2.545195977808130920e+04
-5.337071343713407259e+04
7.193683081630444212e+04
-3.631829811644860911e+03
-2.408377999171761985e+04
-4.403992798638432578e+04
-7.305385905391002598e+04
7.994608180308368173e+04
-5.405083687123860000e+04
-9.909885702998410125e+03
-5.705179474007946556e+04
-7.298508480192744173e+04
-7.133212811737593438e+04
7.449578850872851035e+03
7.810727408894944529e+04
-7.749344741862319097e+02
-8.563517035615953500e+04
-2.564811617195086365e+04
4.334400709952699981e+04
7.887273612357853563e+04
6.953286545996705536e+04
5.717438437132137915e+04
5.304572701344765665e+04
-7.992676798175378644e+04
1.832706991016531538e+04
7.933955040557890607e+04
3.769631111225563927e+03
-3.406514456124312710e+04
6.197533865079605312e+04
7.109577641319613031e+04
3.923929113700878952e+04
4.849463744841031439e+04
-9.589080451916440506e+04
-1.263222002870331198e+04
-5.774762546520536853e+04
3.996446579230983480e+04
-8.400821284791355720e+04
-3.828730602925960284e+03
8.907674832650989993e+04
-4.531952394206423378e+03
6.750486022383859381e+04
-6.873765532734215958e+04
7.881583650461761863e+03
-9.206829309704656771e+04
1.159493699826023658e+04
9.092953656217268144e+04
