-1.337162396416168303e+04
-4.876950114448889508e+04
-2.333942101614848070e+03
6.408275088331670122e+04
3.351565798041641392e+04
-2.455970843805200639e+04
1.800666618966924580e+04
-5.441530744841432897e+04
3.569257244997275848e+04
-3.694307309783864184e+04
5.833605859444333328e+04
-7.047254277536825975e+04
-9.969988381906636278e+03
2.641006606657358134e+04
5.911714139270981104e+04
6.592997191292372008e+04
-6.750117753946149605e+04
-9.870718265318998601e+04
-5.567695938923342328e+04
9.954617536140378434e+03
-4.904064485050654184e+04
-8.535736786497505818e+03
5.298758865513705132e+03
4.591932247255541006e+04
-7.949461745567854086e+04
8.654446417750355613e+04
-6.484326461107816431e+04
-7.891254600067490537e+04
5.522969690180488396e+04
3.720843442955373757e+04
6.819787359583606303e+04
-7.505449416506499983e+04
-6.425624625439447118e+04
-3.020042386003389765e+04
-4.061969561428879388e+04
-9.948167041463794885e+04
1.679659898146074192e+04
6.546335589696711395e+04
-7.089821366286343255e+04
2.008749373645179367e+04
-4.399410627318728075e+04
-8.140914916228073707e+04
-8.472641785248214728e+04
1.759657216236026215e+04
-1.376775674872882882e+04
-4.794516259332664958e+03
-5.901037267698390497e+04
8.896077710998339171e+04
1.264349381170817833e+04
-7.087528413436531264e+04
-7.866470423152907460e+04
1.621954341886064685e+04
-7.334820132704185380e+04
-3.283014117005655862e+04
8.316475102998317743e+04
-7.710814552050130442e+04
-1.265131738106220837e+04
-6.596305870686531125e+04
-3.803586403804115980e+04
7.520233253732463345e+04
-7.957671596364826655e+03
-6.988204769121123536e+04
7.010652251036324014e+04
6.706760003112354025e+04
-5.910836804476173711e+04
7.376140889808206703e+04
8.204793786976374395e+04
-5.943702230582629272e+04
-7.973166565437719328e+03
3.497768886258067505e+04
-5.984669333153841580e+04
-7.166169820386898937e+04
1.127283299478154731e+04
-7.690093576765521721e+04
-6.334008849005904631e+04
6.484999757331645378e+04
9.137268875123363978e+04
-7.264571823563528596e+04
-3.531280009575110307e+04
7.472629038332893106e+04
-7.370881156801646284e+04
2.896226559500039002e+04
-6.413054131094920194e+03
-1.332555631748126143e+04
1.331137223994766282e+04
-5.613075485506564291e+04
4.278740745381055604e+04
9.574968482515374490e+04
-4.930607564274570905e+04
-4.558892044023597555e+04
-1.355042291191854383e+04
9.815906140073260758e+04
-1.586638479057366749e+04
-1.614938076689662921e+04
3.749125898177316412e+04
-5.486330674397314579e+04
2.911156310350982676e+04
7.481571065452428593e+04
-2.222445813657996041e+04
-9.595677477361854108e+04
1.230770484958525049e+04
-4.106275599620791763e+04
-4.350075387634269282e+04
-9.782750788454043504e+04
8.591116353527871979e+03
-5.509580123528357217e+04
3.690438900783392455e+04
-7.691790170084794227e+04
-3.537771849265161291e+04
3.975587171075859078e+04
5.277070901337436226e+04
-8.787839878180720552e+04
8.970209239072322089e+04
9.611981112495275738e+03
8.281686732663749717e+04
-6.062479601640970941e+04
1.915917866255017361e+04
-7.473884977643584716e+04
-5.759099623201719078e+04
-7.555808992505328206e+04
5.667528374582863762e+04
7.635220134294662785e+03
-6.228636309266782337e+04
-5.073919899829321366e+03
-4.877952895147394156e+04
3.802031499836390867e+04
1.976171733766167745e+04
3.836904020102638606e+04
3.652099630848159450e+03
-8.953112942387012299e+04
-1.234669618884737611e+04
8.677615200416200969e+04
2.031462718617491919e+04
-7.406393181119652581e+03
9.981475840505445376e+04
-9.839897294881782727e+04
8.537034893021131575e+04
2.610359866415854412e+04
8.400035226050640631e+04
3.770999333294483949e+04
5.652943338655278785e+04
-6.956652202402260446e+04
-7.213870416186684452e+04
4.527472845149206842e+04
6.345165285290587781e+04
3.024802341312648059e+04
-7.856665631544325151e+04
8.509049321424073423e+04
4.557613695695497881e+04
-1.611716169082339911e+04
2.940818349027541262e+04
9.489772300096052641e+04
1.947264282134408495e+04
3.915430416114825493e+04
-4.316050412564718135e+04
-6.334567985409967514e+04
-9.525697630227466288e+04
-6.125973187301490543e+04
-3.717412228669400065e+04
6.072202315554527740e+04
7.308171557258852408e+04
4.690087616152392729e+04
-2.990496384197403313e+04
2.162623806406225413e+04
-3.687187394108982062e+03
-1.417697125036339821e+04
-5.170092403108466533e+04
-2.167596892292454504e+04
-3.886888362362278258e+03
-1.771066607203430976e+04
-1.321417897791258838e+04
-6.262308389733438526e+04
3.657542111100932743e+03
-5.070140526522466098e+04
-8.149726189762275317e+04
-9.472680184475805436e+04
4.066240482399020402e+04
3.138391064630642722e+04
-9.877854178967163898e+04
4.105334537950449885e+04
5.928017682797147427e+04
2.426449366506241495e+04
9.289736525242248899e+04
-7.712210949304456881e+04
7.114739104812336154e+04
3.659576791733883147e+04
-2.712113462537849409e+04
-6.204263173500410630e+04
3.346308640864062181e+04
6.109496458485595213e+04
7.523291886935544426e+02
-8.853540183682290080e+04
-3.651760820762046205e+04
6.525567848980952112e+04
7.496790415054310870e+04
7.842252796569808561e+04
2.602597468760822449e+04
-6.426886434241589450e+04
-2.013498133715768063e+03
-2.983475781714647383e+04
6.195527893429924006e+04
-3.500414162119937828e+04
-4.940560155782908987e+04
-6.948922027614412946e+04
-7.945312147910561180e+03
-8.674588334441698680e+04
9.361726833120998344e+04
-3.008954928772783023e+04
9.777930111885328370e+04
-4.530169948481881875e+04
9.942245647587722488e+03
2.152478240558866310e+04
3.762212949238024885e+04
-2.100376605475201359e+04
7.539307945508166449e+04
-5.348351801182936470e+04
8.498761499069671117e+03
-5.463385416978176363e+04
6.147508294219335949e+04
7.142440244748067926e+04
-1.415648639715654326e+03
2.945645903195581559e+04
-2.416164534458656635e+04
5.572233917905381531e+04
1.813728676362990882e+03
-8.701440491964761168e+04
8.845041295015947253e+04
-3.248248792885754301e+04
5.995969229854192963e+04
9.886797689767219708e+04
-8.768995880229692557e+04
-1.846132457068449003e+04
-1.528963805104526728e+04
6.672218980471609393e+04
-1.381481736474939908e+02
-2.307768499659769805e+04
8.619552697818377055e+04
-3.929550475951852422e+04
2.332601560983591116e+04
8.702260030956649280e+04
1.569360128947353951e+04
-1.629751359541229795e+04
-7.863908261293056967e+03
6.229107698664032068e+04
4.303355299584682507e+04
3.846858013013346499e+04
7.434990498510657926e+04
-3.931494296833834233e+04
5.450250367370458116e+04
5.983979386555702513e+04
7.409184927409434749e+04
-1.226998165923872511e+04
8.880441914830799215e+04
-7.402303521287989861e+04
-7.069229456809609837e+04
1.030589370113643599e+04
6.453531294414697913e+04
2.723141939266474947e+04
8.349467447573320533e+04
-3.213549069271161352e+04
-3.977437619289838040e+04
1.523624727243593406e+04
-9.002654782178795722e+04
8.043967806802886480e+04
-5.516960066779119370e+04
