6.486040421019790665e+04
4.757110680607601353e+03
4.015561621685794671e+04
-2.556732366841472685e+04
5.800705623215530068e+04
9.998983852810666576e+03
5.180949972039276327e+04
4.309132426091160596e+04
3.866417351003662043e+04
2.881663197896840575e+04
1.335574362627855953e+04
1.695358484702887654e+04
9.278877181045959333e+02
3.682128568647905195e+04
1.398257899517682745e+04
-1.505955178228518162e+04
-3.151378850226654322e+04
8.133153369824562105e+04
-8.212219250051453128e+04
1.995539042120265367e+04
3.892328280670124514e+04
3.443390190403918677e+04
3.371438314308215195e+04
-1.696677145786058827e+04
-2.656400951710972731e+04
-9.480332123761127150e+03
-2.382691615015115531e+04
-2.865211385083246205e+04
-5.971877893639411195e+04
-3.214220180268747208e+04
-8.615639523822512274e+03
-2.373705754612655801e+04
4.458066110320922598e+04
4.498384451744506805e+04
-2.746602101219882115e+03
1.709783055753240478e+04
5.309579918273931071e+03
2.592466843145926759e+04
2.629564230587195925e+04
6.692250015558660380e+04
-7.261267558926464699e+04
-4.883656682506214679e+02
7.201844796219975979e+04
3.540755284303665394e+04
1.089569362753597488e+04
-1.484670926485107884e+04
-4.022865092765561712e+04
-1.551513194285603822e+04
2.797182915831482023e+04
-2.312838495183225677e+04
2.021795043451599486e+04
5.691101336736066878e+04
2.434931450486247195e+04
-3.832004373453699372e+03
2.437851714070285743e+04
-1.256552923649295917e+04
-1.228468516224897576e+04
3.628690265916973294e+04
1.061780160517508193e+04
2.691673889450666320e+04
7.804401108538771041e+03
3.275989357325027959e+04
2.034842501958568391e+04
-6.652542076942675340e+04
-2.903203643118779291e+04
7.669106704290695779e+04
4.454277621521084802e+04
-2.467596509841100124e+04
-1.803580498088934473e+04
1.982541907936006828e+04
-3.679185679306361271e+04
2.304655896891119119e+04
5.456137511116081441e+04
7.914520050242419984e+02
-4.481069444235846458e+04
-4.861171233818133624e+04
2.850939498134901442e+04
3.041014250272217396e+04
2.001083815302790026e+04
5.036097967448952113e+04
-1.251901715791643437e+04
6.306196563015802531e+04
-1.035028722803433266e+04
3.018249755391364670e+04
5.207096632861917897e+03
5.253699398733172529e+03
-2.695941736023273188e+04
5.295550054763880325e+04
2.038141978081154593e+04
2.483821479190757236e+04
8.209014514939259971e+04
1.618089742409493510e+03
-4.888412329828729708e+04
-6.315954973741773574e+04
4.552791960711460888e+03
-4.366685000615905301e+04
2.790299698145062939e+04
2.539330430636418532e+04
-1.866535838770856572e+04
-2.198786543397826608e+04
8.026898039444690221e+04
-4.702233022262156737e+04
-1.739054938710128408e+04
-5.260812905109228450e+04
3.054836318801717789e+04
4.451686257259748527e+04
-3.847541845762282901e+04
-1.385884235348988477e+04
8.135797878638755719e+03
-5.942227718399976766e+03
-2.350443496186164703e+04
2.512816522572989197e+04
-3.672756741590327692e+03
-4.756664291466176655e+04
3.521076275467265077e+04
3.929003193124289101e+04
5.740208061143180385e+04
-4.593601541068247570e+03
-5.013208868541182164e+04
-2.613386728382884030e+04
-1.090728602642273108e+04
-2.690521266153633405e+04
5.972379910924546857e+04
-5.758161215903364791e+04
-3.409080434038490785e+04
-2.903203698725546565e+04
2.653973097598755703e+04
-2.477786850333555412e+04
-3.211007222577272478e+04
-5.374827061353126919e+04
3.960064114432502538e+04
4.411201384659632458e+04
1.908096541784106375e+04
5.665161455310721067e+03
7.479034244725022290e+04
3.509705804649618221e+04
-5.332200196949492965e+04
-2.405123583599179256e+04
-5.157014635731952876e+04
-5.729798908814498282e+04
2.903658254200589363e+04
-8.787938781929326069e+03
4.717828346586636144e+03
-1.773173643172440643e+04
-8.563894117739358990e+03
3.433796606233272905e+04
5.683927558254586620e+04
-4.953606788234278793e+04
-8.698891377243734314e+04
-1.820365182514948174e+04
-1.906934762357401269e+04
1.041250351616517037e+04
-3.862601449569338729e+04
-3.365334032813596423e+04
4.885114882141750422e+04
-2.874154599571579820e+04
5.424318251092468563e+04
-3.161852865962485157e+04
-6.810596427374708583e+04
-5.168630951012837613e+04
-1.273044332580715491e+04
4.844332879763501114e+04
-2.733015367744802279e+04
-4.757380538987577893e+04
-1.691541085832726026e+02
1.602769120959783686e+04
-8.256426335717210895e+04
-3.825465488810506940e+04
-1.078082102690864849e+04
3.184699689566213783e+04
3.716284764976225415e+04
5.293679910484969878e+04
-5.829977988840738544e+04
-5.446003022039304778e+04
-1.925959419811957923e+04
3.165492955049521333e+04
-2.396492230903371819e+03
-2.816866263611855175e+04
-4.733905932868218224e+04
3.392425805663736537e+04
3.778522843904678302e+04
3.996411571615310822e+04
6.798150718790145766e+04
-2.160434924862010303e+04
9.291483159871427233e+02
7.777644787814441543e+02
-9.746694965838460121e+03
-3.527372953752624744e+04
2.308261535424931208e+04
4.247643748146080907e+04
3.708038352058254532e+04
6.576117163424294267e+04
7.663965711372431997e+02
-3.917346558103790244e+02
3.535619388450267434e+04
2.948228586998186438e+04
-2.274882825963926371e+04
-4.048913428785545693e+04
-4.513930768603361503e+04
3.745660889028957172e+04
2.450955367719591959e+04
-4.370661411343061445e+03
-3.966560348216240527e+04
3.132596025639746949e+04
8.651138190489764384e+03
-1.756447063727538261e+04
-4.183098950227665046e+04
1.255425545362220691e+04
2.367686422001835308e+04
-9.594161843294805294e+03
3.130661863167630509e+04
-3.731965413416699448e+04
-2.981961136068579890e+03
3.073059189265720852e+04
4.470640969237171521e+04
-5.889937786715112452e+04
3.674665930682588078e+04
2.641297229228534343e+04
-3.093841737088865193e+04
-5.939061716113247712e+03
-7.088235158720428444e+03
-1.048292371202605318e+04
1.940450713214210555e+04
1.861537697148994266e+04
4.458528140747912403e+04
1.837418200462207824e+04
6.265275155973138317e+04
-7.568432908956134634e+04
-2.488521998806634656e+04
-1.411775524204915382e+04
1.548264607103306480e+04
-4.700818499493931085e+03
-4.204971960106097686e+04
1.683599075215532866e+04
1.973222122220463643e+04
-2.736920672166772420e+04
6.041489922008581925e+04
2.820628680802011331e+03
-2.259610233970042464e+04
-1.778410962012792879e+04
-6.281069474335099949e+04
3.360782956728782301e+04
3.928620891733450662e+03
3.100797603735863595e+04
1.798227141592404951e+04
6.369121310392899431e+03
-2.528107020577693038e+04
-2.893553116753200447e+04
7.299863624756278296e+04
9.301751874248856211e+02
4.135123842216048070e+04
3.448801143543935268e+03
9.191659989510277228e+03
-1.124442530077790616e+04
1.147538779482545033e+04
-4.069638327798419050e+04
-1.093956115539864732e+04
-7.342539806468592360e+03
4.806310358168776293e+04
-7.824889670286781438e+03
2.591850752326978181e+04
-3.076644173877255889e+04
1.649536563002361618e+03
5.046143359105318814e+04
3.314921829279222493e+03
