4.966549467461918539e+04
-3.904411228519818542e+04
3.918091879261501163e+04
1.402873523182772624e+04
-6.450047964496206259e+04
3.929595207864286931e+04
-6.455077071403060472e+03
-6.422602209320076327e+03
-1.215350100652363471e+04
5.047583688859447761e+02
4.317269733786417055e+04
-3.081230711168918424e+04
-3.007990911483826130e+04
5.656358963776486053e+04
2.562087390236743886e+04
2.208474362943046071e+04
8.862909348968258200e+03
-4.133521843707891821e+04
5.276946206123077718e+04
6.105492196901218449e+02
3.998253745180103579e+04
-6.454068569032946107e+04
-3.582141240839103557e+04
3.787349842100661044e+04
-1.380825242773408718e+03
-1.834656146827701377e+04
-7.266185137807488900e+03
1.171567391948091972e+04
-4.359551289044199802e+04
-1.257997975527883682e+04
-2.858854812841414969e+04
-3.123737600884291896e+04
-2.497185670959376512e+04
-4.981222191633350303e+04
4.511327390023168846e+04
7.121539562776249113e+03
-4.353976866989537666e+04
-2.893900147928915976e+04
-3.225713741014761763e+04
-1.162647103623777912e+04
-1.178033551630623697e+04
9.032109060523396693e+03
-2.186303245270359548e+04
-4.568069890241471876e+04
-3.742207037828287139e+04
3.389049635223264340e+04
-1.955551210507892756e+04
-3.729064963088772492e+04
-2.377083715709816533e+04
-2.529715467909797371e+04
-2.641313709083929280e+04
6.377829200703521201e+04
3.932198120389894029e+04
5.678622135159314348e+04
-3.875578403873105708e+04
1.739874594616269314e+04
9.212141188095050893e+03
4.939829398257142748e+04
1.732046970176618515e+03
7.521955136027987464e+03
2.583593298449554641e+04
-6.784597182183721998e+03
2.310125052820737255e+04
3.942712561743364495e+04
-3.573989660691442259e+04
4.937304874712040328e+04
-2.348210367644605140e+04
2.297770893573198555e+04
-2.162013796986455418e+04
-3.748065124983982969e+04
-5.033605412414397870e+04
-2.016608600654018301e+04
-4.708563370600117196e+03
-2.186705834945858078e+04
-8.524898660185142489e+02
3.325557294895301311e+04
2.501020605552105189e+04
6.199111826289893361e+04
5.997503496454274136e+04
-2.905901656292705229e+04
1.607383264608259014e+04
3.367777102455755812e+04
-7.963307099186281448e+03
-1.274379559457700270e+04
-1.931297298830136424e+04
1.109727383597355038e+04
2.673720033678732761e+03
-1.104104902031209349e+04
2.004619963292152170e+04
-4.419545102686957398e+04
1.470560104350147049e+04
-2.853724473052771282e+04
-2.019149535788209687e+04
1.404748222222064942e+04
1.427090122273892848e+04
-1.058188028420282717e+04
3.128766246674671493e+03
2.141460637390549891e+03
-2.557741558413277380e+04
-9.744737571153797035e+03
3.327940479917640914e+04
2.124135889341518850e+04
6.682281190098668958e+03
2.450815569164487897e+04
-5.365812934488266183e+04
-3.311114775070245742e+03
-8.822319721221489090e+03
1.628267741158258650e+04
-5.810241480911920371e+04
-2.405538906683579262e+04
-3.866825293825187691e+04
2.096866722746908636e+04
8.879151928165099889e+03
-6.867637234518624609e+04
7.607448836653474245e+03
2.450432933000585763e+04
2.518084519647416892e+04
-3.692201697798485839e+04
3.521771272978252091e+04
-4.764522589896246063e+04
4.255773883345769718e+03
-1.990329311234308625e+04
8.429929082969081719e+03
2.440679484624834367e+04
-2.152568313975597266e+04
-5.589403701560801892e+03
-1.348702963093437393e+04
-4.313293707663579698e+04
-3.231630349349993776e+04
8.686415604729447296e+03
3.992299953460615598e+03
7.923323518341850104e+03
-6.965671325557805540e+04
-4.628411578984688822e+04
2.846320821200816499e+04
-4.874093376626704412e+04
-1.715226536841015331e+04
4.333626197903053253e+03
6.451404810348232786e+03
-1.147855988443046044e+04
-9.230794653979064606e+03
-4.005597677240565827e+04
5.575101161466386839e+04
-1.412358031021148963e+04
5.621531549975560483e+04
-2.058687828912527402e+04
-1.477087185493737343e+04
-2.941913980021062889e+04
9.354154119728636942e+03
-3.747436017066465865e+04
-4.875340763697125658e+04
2.528919980486953864e+04
-6.629508806606909275e+03
2.738059999565937687e+04
5.102268891513816016e+03
-3.052175051508975957e+04
-4.225179990999730217e+04
-1.123863464284096335e+04
1.678851123807323165e+04
-5.961202626740525375e+03
2.276807049230537086e+04
-6.199318498603161424e+04
-4.770861990454772604e+04
-2.650134321861978242e+04
-2.723919405416356676e+04
2.476701004848574030e+03
-5.388489457711108844e+04
5.762338838776722696e+04
-1.222915145148384727e+04
3.651696689043100196e+04
1.245254337240480891e+04
1.021673037765713707e+04
-3.452939999515459931e+04
-1.787744048569783627e+04
2.881575579431245569e+04
-4.752095278632440022e+04
1.821557969411192289e+03
-1.324204216135500064e+04
-1.133184024497169048e+04
4.838212452669711638e+04
1.932450141089647877e+04
1.759092065921328685e+04
1.238231271282269518e+04
-7.087881749064340511e+03
-6.906872733718782547e+04
-1.512213602102037839e+04
-1.132763376874694785e+02
2.595768037192090924e+04
-3.430638691673998983e+04
2.696705345326755560e+04
2.205547562928142725e+04
1.560505753660220580e+04
-3.406497878099380614e+04
3.623010987531138198e+03
1.885976461437801117e+04
4.894197062313051720e+04
-2.284635117498809268e+04
5.012835602312145056e+04
-2.539171379903432899e+04
-2.172651403453430612e+04
5.228645532132864173e+04
-6.060443838033788779e+04
-2.679657586383211674e+04
-4.304215491121245805e+02
-1.538918342234322608e+03
1.090206101684080386e+04
2.336979433942332253e+04
6.899891685640899232e+04
2.342236428814712781e+04
4.912866068142963195e+04
-3.522084391323663294e+04
-2.605119189985815319e+04
1.127534931105641135e+03
3.404509765673007496e+04
1.195917470053760917e+04
1.142139096074588633e+04
5.132117170388506202e+04
-1.559164683181719556e+04
4.142616528771747107e+04
4.677912260795595103e+03
-4.844921620031614293e+04
1.166292692812817768e+04
3.082557083080232769e+04
1.224343646029176307e+04
1.950532087927679822e+04
-4.311070174409737228e+04
2.693891901758403765e+04
3.043929874908394413e+04
4.192683662952551822e+04
2.995209087885575718e+04
-3.299296680722032761e+04
-1.230647290792642525e+04
3.445791210698244686e+04
-1.761480579101325930e+04
2.649751992651933324e+04
-3.291474500680495112e+04
2.413097647421247530e+04
3.762431928090183646e+04
1.456034525081703396e+04
2.188453713382265414e+04
-1.526111862734070382e+04
-4.128518595612619720e+03
2.143040185448087868e+04
9.429968938756881471e+03
5.180118153903720668e+04
-7.397929867990149069e+04
1.870762615093909335e+04
4.301125885025642492e+04
-6.638165556030084554e+04
-4.841336326106076740e+04
-1.784918573030206244e+04
-4.760427883049058437e+03
-3.461424875744309247e+04
3.238927492125502613e+04
-2.921943166588042368e+04
3.480857128314046713e+04
-4.337870056130581361e+03
1.128930236035578491e+04
-3.643472912348865066e+03
2.319323288398870136e+04
-1.045926192555572925e+04
-4.415404291306287632e+04
-7.108019127005534756e+03
-3.015712443318455917e+04
8.176716656337388486e+03
