5.040712008586151933e+04
2.004710048111123615e+04
1.760936848860409009e+04
3.446088501635450666e+04
5.104480618302012590e+04
-3.487177313517149014e+04
-6.798993731025417219e+04
-4.850317473404237535e+04
-4.033227859602737590e+04
-4.094756667450557143e+04
-4.843269271120001940e+04
-4.510973563700755767e+04
-5.066932481983308389e+04
5.822942904365501818e+03
-4.171638008927257033e+04
3.344277332471895352e+04
-1.556207255324723337e+04
2.595501490933885179e+03
-1.419399992659088639e+04
1.198530031037726440e+04
-6.394234039330024825e+04
-2.443825363464791008e+04
-5.341254818958178657e+04
2.159527726709067792e+03
-1.328587086416297643e+04
5.767399452947526015e+02
3.065151183631350250e+03
-6.648506657362348051e+03
-2.158692417744340491e+04
-1.298059102662398072e+04
1.481900896567300697e+04
3.696883893959584384e+03
1.409075742766856820e+04
-2.630956066609906338e+04
4.491617646711743873e+03
2.303442601572511558e+04
-5.544095507299864403e+04
-6.413627053756182249e+03
8.614069014317388792e+03
-9.790236339872746612e+03
4.133688185960581177e+04
3.242197518140343618e+03
-2.737539433359853774e+03
-1.188896410486442983e+04
7.461833520189918090e+03
5.024340798216340045e+04
-1.713161156598882371e+04
-1.947759877551856698e+04
3.207952661221221206e+04
-2.182095734785075547e+04
-6.604487220725158113e+04
-5.983008472944860841e+04
5.272214095777359762e+04
6.570981606127243140e+04
-5.320603712748677208e+04
3.067496045620005316e+04
5.291453635641820438e+04
-1.532855343430463290e+04
1.680484717997584812e+04
8.036652364307103562e+04
1.152739193305066328e+04
-6.129817239292175509e+04
4.550396085976483846e+03
1.034764086866772459e+03
-4.655281127868005569e+04
-5.208788304392991995e+04
5.728513751189951108e+03
3.500332153369874868e+04
2.503293342575568386e+04
-5.418192798473020230e+04
6.068928377362099855e+04
-1.554309824107957138e+04
2.112049711467013367e+03
-1.952148295816067912e+04
8.182288951183727477e+03
-2.830785685852346796e+04
3.000336858868291165e+04
-1.502549112012040496e+04
-3.124706112962510088e+04
-6.696770248856386752e+04
-1.538613188065086615e+04
-6.636080757377012924e+04
-5.668712385861993971e+04
9.809345167138917532e+03
1.317059762618497371e+04
9.183370197229045516e+03
-2.999577707086654118e+04
2.141244661706010083e+04
-8.757467029007901147e+03
-1.477985909864373207e+04
6.995565830701199593e+04
1.502113517287442846e+04
2.314447170124550667e+03
-1.836453357268818991e+03
5.573776335038561228e+04
2.395637683995140469e+04
-8.198598518477575271e+04
-1.129975591324996640e+04
5.468288476447998255e+04
2.650596780241837769e+04
-7.600205460418695293e+04
-2.695309702340711738e+04
2.998643477778298984e+04
-1.044780379289374105e+04
-3.230529316755707623e+04
-2.312061654465399624e+04
3.939992232067260193e+04
-7.509798752488020909e+03
-5.698035640473901731e+04
-1.985891354329546084e+04
2.645043551449164079e+04
6.681800312276322074e+03
-7.575770981698097785e+03
4.803004628046648577e+04
9.150941940581152494e+02
-6.028453797562167165e+04
-3.653952420500730113e+03
1.847932020044711680e+04
2.622714406088994656e+04
3.310137264933642291e+04
-1.207279779182201855e+04
5.397887923318315006e+04
6.812721684763823578e+04
-8.102853027032491809e+04
-3.747255849869562371e+04
9.009503729179040238e+04
-6.829500129285362391e+02
3.419696405363039230e+04
-2.140319929256421528e+04
2.863212115286078551e+04
3.192349353423076536e+04
-7.743402353654571925e+04
-1.803052979111307650e+03
-6.362974075146459654e+04
6.662299538031224802e+04
-5.520677329587874556e+04
-5.540090318075195682e+03
-4.296527438512849039e+04
-1.637172123220554386e+04
3.340066904687170609e+04
1.994948326586040275e+04
-8.381786408962943824e+03
-2.107187936144109699e+04
-8.550184352110618420e+03
-5.839099807776144735e+04
4.371397413478814997e+04
6.704277880140995876e+03
-5.816650200239744299e+04
5.659312180096060911e+04
-6.690368271277181520e+03
-1.401966403584919863e+04
2.633183455120194776e+04
-6.901637547033127339e+04
-1.941183810925766011e+04
-3.134628925621478174e+03
1.684560803119060665e+03
-1.058538205957311766e+04
-5.584773407463663898e+04
1.199789132007481930e+04
-7.063218653497127525e+04
9.314455657027065172e+02
-4.515348111471224547e+04
-2.378709718583862923e+04
6.564468552884208293e+03
-7.913870095402945299e+04
-1.556525585006775327e+04
2.283861823736701263e+04
-2.381100182174003203e+04
1.088196072563159578e+04
6.538192952804114611e+04
-6.892263970317922940e+04
2.187126473254218217e+04
2.432995158158888080e+04
-7.409718641804547224e+04
-8.285928792992921080e+04
3.419871148483164143e+04
4.050485953566182616e+03
2.171918529403765933e+04
4.358683892045092216e+04
-4.040038118188329463e+03
5.028937638977918687e+04
7.427741626290683053e+04
-4.723982280791384255e+04
-1.568539820644964311e+04
2.575291090112744132e+04
1.620305799923509585e+04
-2.625496852133460197e+04
1.093121912669703852e+04
7.293876092320244061e+04
1.612942081951594446e+03
2.281521313532030399e+04
8.311144367503742978e+04
-3.616590744600913695e+03
-3.015767278963116405e+04
4.455327557313052966e+04
-6.292440700281559839e+04
-2.588349188080407112e+04
-1.361000749324110620e+04
1.272557589628320557e+03
-5.866619679973061284e+04
5.680146892063243286e+04
2.829769723711386905e+04
-4.412037374548264052e+04
5.906901529413220487e+03
1.218144658600147159e+04
5.870335047816384031e+04
-1.843233446153455589e+04
-7.549112452989249141e+04
4.234759987941294821e+04
7.682294991089426730e+03
-4.400284894724418700e+04
-1.189378883121182298e+04
4.654470928100938909e+04
1.160795802210277543e+04
2.268493737161760146e+04
1.902008784053766431e+04
-3.561366927370568737e+04
-9.174147699560913679e+03
5.354275402973795281e+04
2.865764564540903666e+04
-5.878740927574543457e+04
7.669559354044003703e+04
-6.491957970113063493e+04
3.126340391801836449e+04
-1.830308105448487913e+04
-6.280360929167183349e+04
5.301176646311902005e+04
5.425965840553742601e+04
-3.039753712356645337e+04
-8.333437232509815658e+03
4.436715853726147179e+04
4.085553693062694947e+04
-2.592611289281510108e+04
-3.769259808567774598e+04
3.028166767558429001e+03
-6.536666243158781981e+03
9.082081889776153503e+02
-3.674152877698449447e+04
1.069637216978278957e+04
-1.377124992230378666e+04
-7.874248964132351830e+03
2.668177717675185704e+04
-3.673839983020327963e+03
-7.130646706253297452e+03
5.368454238950328727e+04
6.157203207132728494e+03
-6.774588685417851957e+04
5.352717209815701062e+04
-4.081112014977353829e+04
-2.390878150425940476e+03
-2.393926639036009510e+04
1.284683194223648934e+04
3.469535647912529384e+04
-4.005257367847774003e+04
-6.272079942650442717e+03
-1.590706015435918380e+04
2.912163958927552449e+04
1.278721626019972246e+04
-9.401376959065248229e+03
-1.955261276690255909e+04
6.517067687136276072e+04
9.602537557622961685e+03
2.386019506225853183e+04
7.545844298229706510e+03
-1.654206816197021180e+04
