1.541054793840127331e+03
-3.573263029376032500e+04
6.955415948959984235e+04
5.746958178852868150e+04
2.518709884822482763e+03
2.629961287504639768e+04
4.857815620418784238e+04
-6.321716362963991742e+03
8.507820995604635755e+03
-6.721910303812685015e+04
2.964323060623151105e+04
6.731062834984341862e+03
3.602995892288316827e+04
-7.631687531761742139e+04
2.216234533948843091e+04
-3.196912108665589039e+04
-5.577299807387994224e+04
4.905550325035833339e+03
8.018328352501758673e+03
-2.101920958104475721e+04
-1.287678349151931434e+04
3.059748100451645951e+04
-9.417322044574559186e+03
-1.139322380313826397e+04
2.832045566139632137e+04
-1.262803721615323775e+04
-2.185117074799916372e+04
2.838526373956890529e+04
9.871421480513829010e+03
1.006666543870978421e+04
-3.993741256989361136e+04
1.037718791836071250e+04
1.607156777752960807e+04
-4.114962848768076947e+04
2.352289113805030138e+04
3.092977807091311479e+04
5.630922906700906606e+04
-9.546238286231277016e+03
1.988062797083553232e+04
-2.645508625511510763e+04
-2.227553030990816478e+04
5.538488996379038144e+04
1.600480290916167360e+04
-2.353623300614822801e+04
-2.131291110926505644e+04
-5.722955845783555560e+03
-5.867925642119532313e+03
-3.343810578080013511e+04
1.190549339134625734e+04
-1.608035385604646399e+04
3.514739586999467519e+03
-1.619423823874765912e+04
-2.080174155516978135e+04
-5.171430477219515524e+03
1.219466867489777542e+04
8.001840796025545387e+03
-3.135123236397060828e+04
3.150681977641956109e+03
2.437811607931354956e+04
-2.661368836725893198e+04
-1.024379392549192926e+04
1.641563919471805548e+03
-2.020637530307127236e+04
1.096952898140004254e+04
-1.448595163022289853e+04
4.783280746905922570e+04
2.578569948580251003e+04
-5.626753298859932329e+03
1.702889024378149770e+04
-2.067473736667415142e+04
2.189123758154390816e+04
3.185851926677461961e+04
-2.469934921236974697e+04
-9.963223194318492460e+03
-6.314644976842495817e+04
2.567880683497321570e+03
-5.041392698301230121e+04
-1.469421023698152931e+04
6.400039566340072633e+04
4.654286803672650422e+04
-5.405610248422516452e+04
-9.493631606665832805e+03
9.027820872008234119e+02
-1.556395616121745661e+04
1.263770588621436400e+04
2.151043879199134244e+04
5.297866378441764391e+04
-2.523089897666701654e+04
3.355086952728771575e+04
-4.224513452432600025e+04
-1.303485884987937789e+04
-3.591739463042913121e+04
-3.541937646108546323e+04
-1.886761231615922588e+04
-4.294164851710860239e+04
4.600243860569438402e+04
3.469044104218495340e+04
3.590983664520152524e+04
5.396636845314940729e+04
-4.447673254705571162e+04
2.127799032566677852e+03
1.796224313104887187e+04
1.677990465383433184e+04
1.987814421767156091e+04
3.077368742400610063e+04
-6.218264339550906152e+04
-5.207030643899537245e+04
-3.501742792514950452e+03
-1.558116555240441630e+04
-3.488566541691043312e+03
-2.154451786300418917e+03
-2.421658743512234287e+04
4.034077029733193922e+04
6.170135479296433186e+04
6.902280565682380256e+03
1.648851115433013319e+03
-2.656997761952529254e+04
-4.693680701105308981e+04
5.805073031907110135e+02
-4.187662717171513214e+04
-2.281797703563866162e+04
1.316722485601762128e+04
-1.087129047418614391e+04
8.617025018568794621e+03
-3.928736763310805691e+04
-3.042021924851637959e+04
1.414313452845641768e+04
4.275397526156213644e+03
-1.650306296517185183e+04
-2.436374897542040708e+04
-1.667030083363962831e+03
2.602361456257181635e+04
-2.852882219264465311e+04
3.641296948445037560e+04
1.210725669489576285e+04
4.340130978096218314e+04
-2.868418805022801462e+04
2.227545333315217067e+04
-4.563526860062775086e+04
3.928340525377887843e+03
6.896823160336892761e+04
-1.843066412823614883e+04
-2.135395016980075525e+04
6.259277272502347842e+03
-1.729071635809492363e+04
3.193095139781263788e+04
4.144573794588902820e+04
9.458522359783488355e+03
5.550706605080798909e+03
1.760528189196806852e+04
1.220389043223247427e+04
-2.928893966055358396e+04
6.323304104065541651e+03
-7.827760075709101511e+04
1.530059265514254548e+04
1.097494756673684378e+03
-1.309399384135275977e+04
2.539109407887417910e+04
-7.129949102792177291e+04
-2.264301888034308649e+04
-1.944914486691862476e+04
-2.472925517772899548e+04
2.518515572901950509e+04
1.626598374471109310e+04
3.131107912851716173e+04
5.536953412712619320e+04
-3.220303111899014038e+04
-5.586781508942810433e+03
5.546776559683334199e+04
-4.952765888829534379e+04
-6.110809697363623127e+04
-4.243356005285708670e+04
-4.293836677269543725e+04
9.401957944118534215e+03
2.730942347495118884e+04
-1.892752656026057593e+04
5.943935258433289164e+03
6.200918902444992455e+03
-7.597542602223392169e+04
5.343797208773759485e+04
1.452315683909028485e+04
-2.257709725699167393e+03
-3.527382959522376041e+04
6.164494394016519436e+03
2.188526946331344880e+04
-1.039260574089003239e+04
4.320607254663557251e+04
4.598561314810171461e+04
-3.865639313753524038e+04
4.346909016771469032e+04
2.467009105035949688e+04
-7.237216866023573675e+04
-2.664624645189598482e+02
-1.445863528732895929e+03
1.290978668247802307e+04
-6.578314957689990479e+03
5.797925803867101058e+04
-3.775823785011473228e+04
2.348853064888958033e+04
-2.026452264385569651e+04
3.769550924659128214e+04
-2.338539143152478209e+04
-5.147162465998731932e+04
3.902759433737075597e+04
9.196545066434655382e+03
-7.830911488485535665e+04
-3.857939442247766419e+04
1.547019195834717902e+04
-2.230642373128124382e+04
1.476918165151322455e+03
-4.108091546905181167e+04
-2.315503388197539243e+04
9.445800284273263969e+03
1.947233470526216115e+04
-5.505712108919417369e+04
1.419172334292411324e+04
7.314157784960696517e+03
-1.527733503542034487e+04
2.321436841002850997e+03
3.637540561482229532e+04
1.282438835901028688e+04
-2.019494308675947104e+04
2.800739641484849562e+04
-2.539563933317705232e+04
-5.165099893227258144e+04
6.208844387074052975e+03
2.840654693006641537e+04
-3.995702764059502442e+03
3.812363001352281572e+04
-4.566098169336579303e+04
-3.286688285715408711e+04
2.912038178413625428e+04
9.836080793191076737e+03
2.231685185998080851e+04
3.242393456530055482e+04
-5.196752118483350205e+04
4.599920896975346841e+04
-3.472266266253003778e+03
1.223758119264799643e+04
-1.813273079497048093e+04
-2.902247138275138059e+04
-3.311487453684835054e+04
7.663956134920644399e+04
4.712778109388188022e+04
7.633479344860438141e+04
-6.100883361633183813e+04
-3.291864334853536275e+04
3.302403451211688662e+04
1.493552178325181330e+03
-1.513380081812105709e+04
-4.172695853035528671e+03
2.684676605773002302e+04
-5.661304721667076956e+04
-1.799022134767194439e+04
3.327033421791773435e+04
5.236483399818561156e+04
5.052006156377771617e+02
2.123681080569642290e+04
-2.202501180637140351e+04
-7.751795135924069655e+03
-4.471847144456597016e+04
2.237303585761208160e+04
-3.622468015509576071e+04
-2.255583723579049183e+04
-4.624250191930094297e+04
