5.765771146241368842e+04
-3.067366870687105984e+04
-3.869056872018014838e+04
6.486806275892481608e+03
-4.449849075404288305e+04
1.798845138125319863e+04
2.471491076685001462e+04
-3.429394589073701809e+03
7.226754412240696183e+03
-3.071201193038572455e+03
6.420625563318929198e+04
-7.165710955688971444e+04
-4.049962755958079924e+03
-5.510138314555800753e+04
3.970504436796068330e+04
4.004055226083630987e+04
7.886054183696315158e+04
-1.741021162226402521e+04
-1.218726940957335046e+03
-4.642702775338132051e+04
6.193011828613553371e+04
-9.771265336188886067e+03
3.132946196374446663e+04
4.357102322098441800e+04
9.958129837959744691e+03
-4.326041085822640161e+04
-4.563746279870057333e+04
-5.036650805659378966e+04
8.707525458376000461e+04
-6.431108879675835487e+04
-5.957186531700796331e+04
-1.848293347923855254e+04
-3.524719570130315697e+04
5.028736179852791975e+04
5.470882892763231939e+04
5.513423874558840907e+04
7.720811191306422643e+02
-1.341716763861407344e+04
-6.658358546437141285e+02
1.438174933534945012e+03
5.718090127656738332e+03
-1.689910594665976078e+03
-2.194841086540354081e+04
-3.932859507195838523e+04
-2.863869365002895938e+04
2.964932511588114357e+04
-2.899850397288662134e+04
-3.676491408152101940e+04
-4.546098670088419567e+03
-1.149903615366101440e+04
-1.244073521549740144e+04
-1.985336315893687060e+04
6.179808085510602541e+04
3.574464556779897976e+04
-2.971530737950144976e+04
9.940146362012523241e+03
1.291256866770329543e+04
5.239153926085388957e+04
5.507741564767658565e+04
4.020166470271111757e+04
-1.532010124983107380e+04
-3.962161785937015520e+04
-2.465972499968827105e+04
3.696795383232858876e+04
-6.757074353226003950e+03
-4.100057786451928405e+04
3.904628861766808404e+04
-7.484495724847365636e+04
-5.952556152634249156e+04
1.336344271143269543e+04
5.506533916322974983e+04
-2.233149270922914002e+04
-3.998922509016533877e+04
1.200948917101962070e+04
-2.367390967266629741e+04
3.964924557210646162e+04
-4.975883742094654735e+04
-4.380496774656269736e+03
3.840692367600664147e+04
4.881802135115044075e+04
-2.878371015719675415e+04
1.294476454963370088e+04
2.240880356198927984e+03
3.995750127653219533e+04
-8.027307856455340516e+04
-8.625951730452037009e+04
-2.596414756630238844e+04
8.841073676290325238e+03
-2.726422847667647875e+04
2.932690346910804510e+04
-2.530749528726596509e+03
-3.596962617849482285e+03
-3.603533103511060472e+04
3.073457166131184567e+04
-1.489668220250110244e+04
1.806030332939179789e+04
3.270070087880339634e+04
4.347398853007369325e+04
-2.047187564826228481e+04
-4.297298117504461698e+04
3.628962709786759660e+04
-2.846635000572982972e+04
5.285914825587654195e+04
1.413769336160835519e+04
1.249843709043605486e+04
-2.631524186038672997e+04
3.307114206523478788e+04
-6.292293026250191906e+04
7.317838120077611529e+04
-6.482489941830636963e+04
1.115165631870851576e+04
-6.427945242804036752e+03
-1.683585277152681010e+04
9.092612099231198954e+03
-8.897485953132574650e+03
1.610556084118650142e+04
2.834039059040708526e+04
2.905581645863568338e+04
1.105930873425337631e+04
5.599208423813892296e+04
4.011742711359597888e+04
2.078689867979338305e+04
2.445479484688996308e+04
-4.081233627120127494e+04
3.919483464732367429e+04
-1.807684219573632436e+04
5.947509775757471652e+04
3.456368264778980665e+04
-5.549050228290476662e+04
1.643134177462598382e+04
-1.487660516220761383e+04
-5.391792708909692010e+04
4.095742124278017582e+04
-4.766402373819344939e+04
-4.306189913811336010e+04
-6.911104986441593610e+03
5.216252633662911103e+04
-1.617976529620046313e+04
-2.374805210944893770e+04
1.500539101521102930e+04
1.562992365596049422e+04
-3.639854130709646540e+01
-3.370925164761459746e+04
-2.632834919241234456e+04
-3.241476729760554736e+04
-1.663889613464234117e+03
-1.521623890203216069e+04
1.290345989958840391e+03
4.544396660635317676e+04
-2.798807648675694509e+04
2.049578892340482707e+04
-2.501951716689896057e+04
-6.094956854230070894e+04
-3.262688673689953794e+04
-9.541920496780316171e+03
-3.440269295765293646e+04
4.386505351647971111e+04
5.332998178424644721e+04
4.933618534549789558e+01
2.736873517263293252e+04
-4.824491610722311452e+04
-7.705849491727344684e+03
1.625397046194979521e+04
2.148426320862577631e+04
-5.904993585406558850e+04
-4.396415270048403727e+03
-2.933556718082429143e+04
2.163846896851656857e+04
1.536233389922183778e+04
-2.402721442057143940e+04
-7.442503196508537258e+03
6.748275213273588452e+04
5.298420827420434944e+04
-5.755882650904807087e+04
4.058772301136023452e+04
-3.689723374775113916e+04
2.844565068957463882e+04
4.859483515127768624e+04
3.135061782767067052e+04
3.775690744904994790e+04
-5.592428282168388978e+04
6.515994241255503584e+04
-9.729366815832996508e+03
-8.300338132114510518e+04
1.298440562073096771e+04
-2.018017984175670063e+04
4.052138454923107929e+04
4.991497864667640533e+04
8.887789387527893268e+03
-3.711997340112534584e+04
-6.938265643585193902e+04
-4.320063549332218827e+04
-4.889762097071780772e+03
6.662268736676523986e+04
-5.758401969372751046e+04
-2.665862451681188759e+04
1.403572790016369618e+04
5.178472510543130920e+04
-3.874898288360013976e+04
-3.438750360090850154e+04
-7.525016609835621784e+04
-6.355032313710243761e+04
-6.061848536351127404e+04
2.572460822167059177e+03
1.536214738310277789e+04
-1.785921628002394209e+04
4.763981660488228226e+04
-4.328413978414763551e+04
-1.824256036873006815e+04
-6.848325867472433310e+04
3.003432069787654473e+04
3.513191699850442092e+04
1.447315958457106353e+04
-3.722014466681821796e+04
-2.113183100430356353e+04
1.415014855955306848e+04
-6.824092064907148597e+04
-5.222111519023170695e+04
-2.237247655437771391e+04
-2.407117781648370510e+03
-1.337204389768962210e+04
-3.460554183806617948e+04
-1.508216974076087536e+04
-1.927042068059601661e+04
3.186616696737132952e+04
3.452891732502727973e+04
1.770603851157355166e+04
6.695305142530416197e+04
2.858517041229570168e+04
3.548468222863341907e+03
-4.442512328708492714e+04
2.990768827675087232e+04
-3.023864078784677622e+04
3.559231794489686581e+04
-3.500231133402643309e+02
4.053909964560472872e+04
-1.747490264581633164e+04
3.491142071696809580e+04
1.694523421732714996e+04
-6.759548190527634870e+04
-1.833366151837292591e+03
-1.185244344824519249e+04
4.085751534450794861e+04
2.010466803532931226e+04
-1.031283404990123199e+04
2.541685848273798911e+04
-5.352342722820433119e+04
6.299425675966134440e+04
1.876665864200669239e+04
4.977941387529755593e+04
2.931737436771345529e+03
1.432766452447762640e+04
-6.786285656805893814e+04
6.023493979378705262e+03
4.183885651106390287e+04
-7.069388946766979643e+04
-1.798574048559834046e+04
2.881943249656812623e+04
2.974813789292615638e+03
2.353540210104616108e+03
-3.462139814510234282e+04
1.505311636226022711e+04
5.063022890514786559e+04
3.775277806235281605e+04
5.140039960676363262e+04
