6.039755940293454195e-01
1.841101194474392688e-04
7.276237343956644121e-01
-3.099306480003383713e-01
1.120132778125583345e-01
1.314360347546311703e-02
-4.596935368210470774e-01
-7.169736299980185024e-01
2.686108428195511932e-02
-2.683818993513260587e-01
1.224189785067976155e+00
1.116405349014006676e+00
-5.836641105106463723e-01
2.241690480181422807e+00
-4.336290729124221976e-01
-1.752228948239000994e+00
-4.140625804946362343e-01
1.479447691250483643e-01
3.646918492777989629e-01
2.490817138584277279e-01
1.741929427069276670e+00
-3.862805742948034471e-01
1.369834654572499311e-01
-1.126210897331294813e-01
-1.588813617919887733e+00
1.848874257358777973e+00
-2.884848533534367099e-01
-2.258248428100513849e-01
4.949001946980410849e-01
5.533516205377833064e-01
7.298147960921618216e-01
7.449111707822758666e-02
-5.044496575896602053e-01
2.213547562840915695e-01
-9.815292153339005843e-01
-1.806909616563410204e+00
1.252320277249576452e-01
2.218393161641099010e-01
-1.632318058213497292e+00
3.054639587399214928e-01
-9.820897034253057711e-01
-8.399924025156513263e-01
-1.168192927928902058e+00
-5.534950551764720172e-01
1.127515258329412351e+00
6.464358882509582127e-01
4.459178263159103706e-01
-4.378778733078702023e-01
-5.803034017200925376e-01
-2.298702730548931039e-01
-1.295164284833617563e+00
-4.069463586727288806e-01
5.826617256440120851e-01
6.121731310127442871e-01
6.426316886853525312e-02
-1.486488553847522265e-01
7.296438970378148481e-01
6.932372984244686287e-02
2.905118239955906123e-01
2.306056482950175346e-01
5.601156928646333633e-01
6.134394131271225792e-01
-2.451907771032483252e-01
-4.060279313433357018e-01
1.036685078060953336e+00
1.121289021045002721e-01
-5.903017724518488940e-02
1.226479529986501227e+00
-1.802702542088149840e-01
8.654646935615806225e-01
-7.876636799414937773e-01
-3.612043962309161582e-01
8.199262372071602911e-01
-1.756066540312587021e+00
5.065492975230766470e-01
3.158795822468569714e+00
4.022787202751196833e-01
-4.643118844605526041e-02
-1.037929900706817676e+00
2.301068013473394736e+00
3.134652697107987995e-01
6.232449409891899217e-01
4.759827229900375212e-01
-1.104665841031559625e-01
5.820077502365506028e-01
-1.266403574383492270e-01
-8.875042876055661001e-01
-1.114777471375240359e-01
-8.755458273029554928e-01
6.200614733901982367e-01
-2.846708617324296697e-01
-1.511052163271714655e+00
-4.328028557203147386e-01
-1.715968597583471533e-01
-8.862094945872482921e-01
-3.459291112176940963e-01
-2.245284497961513581e-01
-2.687703918898464162e-01
-5.971020322169434680e-01
5.775913974923164718e-01
3.480295359287863821e-01
-6.863779615565981373e-01
1.123312172228361439e+00
7.461614647526088051e-01
-4.683117340549024510e-01
-7.075932347655168320e-01
6.008125256183571850e-01
9.998008570187406630e-01
1.436556350744847554e-01
1.734443646167750375e-01
-5.743566861037110449e-01
-6.252334452725225589e-01
-3.002380206391551676e-01
-4.069282494669835271e-01
2.720570025624139410e-01
2.153006839763733193e+00
8.297725815925282022e-01
-8.206770442991593306e-01
6.824066221399318621e-01
2.036313645113683179e-01
-1.208111028616467131e+00
-7.120058412554507443e-01
4.913439540691048046e-01
-3.106533786365125449e-01
2.636507033626944718e-01
-2.699155750384252261e-01
1.230660138511140422e+00
1.490811628823183466e-01
3.875527086167538382e-01
-1.784036030417974539e+00
-1.174164105008513731e-01
1.241123675964576067e+00
9.834905454161377847e-01
9.181090299742164507e-02
-5.875125552460800371e-01
-1.142929250449076672e+00
-3.370224910996559853e-01
4.988882553967947109e-01
-4.656001407537806447e-01
1.296768707697535383e+00
-5.260647687771242281e-02
1.282251241267769792e+00
-4.342046839842240713e-01
-2.146450766237979479e-01
-1.416490954701240756e+00
-2.588972026743860400e-01
5.236853223545674396e-01
7.599833842509385873e-01
5.168797823230879551e-01
-9.723299557261115833e-01
2.660000817627510283e-01
9.698577490376478760e-01
-6.675812951170694287e-01
-1.254417414617831739e+00
-4.623166402700369937e-01
1.520751537831180333e-01
-3.182201906966999339e-01
6.758503218399699586e-01
-1.291539606605844881e+00
8.566583831980466579e-01
-1.984441747747619361e-02
-5.684310941611452339e-01
6.905331439213346911e-01
6.897865541769945263e-01
-2.980237474554529031e-01
-7.219648882228835163e-01
-2.762248906883701949e-01
4.388657202064654150e-01
-4.455191423548731655e-01
-7.678751938894645690e-01
1.983120600513895160e-01
-9.718921225377610273e-01
8.177435115671202182e-01
2.058869046246081247e-02
7.047532818879184147e-01
1.795267253740878477e+00
1.670993865529804001e+00
-8.800362040918060513e-01
1.381226349677392218e+00
1.121950248351650803e+00
6.586563973696021312e-01
6.282061820904565330e-01
-8.450652834880341135e-01
1.311331116118306106e+00
1.317336094013618952e+00
-4.073270733510301889e-01
6.002312315809146259e-01
-2.677709210923046729e-02
1.741180233430183577e+00
-6.861094101509388477e-01
8.221835726871462580e-01
-6.936838584368330007e-01
-4.963018720554063234e-02
4.900412612631090403e-01
-2.744193625108078960e-01
-2.469546870407955397e-01
1.513339647391309661e+00
-7.727248964944983811e-01
5.527816808373656188e-02
-1.582131032611965304e+00
6.321362386679312273e-01
1.847770633254627315e-01
-5.576516640517055201e-01
-1.056823980206043956e+00
-1.652020792286073292e-01
-6.638587519664256309e-01
-9.279903640895750816e-02
-2.182606959352207526e-02
-1.010049272600914483e+00
-3.817964662645204621e-01
-1.422092865810695494e+00
-3.402497168684607276e-01
7.342669182656214044e-01
3.892008369969668369e-01
8.977865244942688783e-01
1.834414022219926776e-01
-2.031521988491687691e-01
-5.440002252668556526e-01
1.193083945903472554e+00
5.396784168470640797e-01
2.231394836651208746e-01
9.852887300782043889e-01
-2.204807041094238862e-01
2.085950544435201337e+00
7.184201340265350400e-02
-6.969256960181685612e-01
-1.386030308715363368e+00
-3.410046591052621201e-01
-2.008593758852517119e-01
1.494088886549419515e+00
4.176849024596429594e-01
1.988165193814576126e+00
1.280526027561259550e+00
1.389201807166510427e+00
-2.410315166106450913e-01
4.108053180237268842e-01
-8.926528687309489563e-01
-1.444509313172673559e-01
1.257947382077118093e+00
-1.421780099451757540e+00
-3.957647798866315014e-01
-2.391972422725949343e+00
3.992308885664165308e-01
-4.217995191980744574e-01
1.273568191727172838e+00
4.863480555988521359e-01
2.876262921345106860e-01
-1.705445520329483822e-01
-9.220322341119883136e-01
8.514959544772071620e-01
-8.724662482748170023e-01
4.367014338271130725e-01
2.956656153832699641e-01
5.034358216130150332e-01
-1.124281663556001787e+00
-3.398199103613830929e-01
7.804930577361337551e-01
9.216017312561924912e-01
4.955635851960584759e-01
6.023738695593371384e-01
-1.224186653306087898e-02
-1.873442792166437609e+00
1.595770162435069084e+00
1.683117136559758587e-01
9.018603100809863271e-02
