4.007202483551340899e-01
-8.588960333494999322e-02
2.752262578557803652e-01
1.075121242618042594e-01
-1.438436387924321824e+00
3.072433432906854778e-01
-1.368843732718480477e-01
-3.346271603076399204e-02
3.484653258552845023e-01
1.196728530970433857e+00
2.176849929727547039e-01
-7.588755702355617361e-01
9.206320845024944521e-01
-1.054306920058653452e+00
3.883013202241404893e-01
5.107448639228879816e-01
-1.663150492492241894e-01
9.273468526073249674e-01
1.757782071425726678e-01
-1.105940487378895387e+00
-8.427803061784165939e-01
6.159085248706396287e-01
1.069783311222539668e-01
-5.524538202019886324e-01
-5.466016264056554608e-01
1.162157907169125481e+00
-2.085091679756784500e-01
-6.122768695481263235e-01
-1.558039576202214227e-01
-4.811548256449849625e-01
-1.182314130345436115e-02
-2.200558240330950377e-01
-1.372129264611483102e+00
-6.902758246683647902e-01
-5.059297822149338986e-02
2.199998394335622720e-01
-3.036143269007095524e-01
-1.206413197700771378e-01
-1.039200549138814100e+00
-3.308219503683256235e-01
-9.629303598671823394e-01
9.500747476360482668e-03
3.841642480623700395e-01
1.242136005554432154e+00
5.461664217279325051e-01
2.567008328672823469e-01
5.376913563803148444e-02
2.077435890621990855e-01
5.279841632052358902e-01
-4.245161111787575936e-01
-4.312489261012001363e-01
4.390842669006261856e-01
4.273411227134857326e-01
1.138249510623378313e+00
2.229554134917985098e-01
6.226530599242307007e-01
1.834338840437141349e-01
-7.876573608559549466e-01
3.058115514452350303e-02
1.762110364528596818e-01
4.447777065090238735e-01
2.413015106641438479e-01
-5.718502395346666822e-02
5.557217784124546256e-04
4.781274626539530059e-01
-6.029612166104424409e-01
-1.424331836556844477e+00
-1.470900476611946006e-01
-5.575657528897909332e-02
2.382005783099821750e-01
-6.103062817353775982e-01
1.531570130500387705e+00
-1.961706989452102867e+00
-2.404765490673439476e-01
-3.213871506040182346e-01
-1.648494272801845462e+00
5.193943933406637292e-01
-1.243606103724163692e+00
-5.828071943340404903e-01
9.109618333981837068e-01
3.924899989427416136e-01
3.527167290955069978e-01
-7.724520456916252886e-01
-7.274713143350168831e-01
1.823366034769682287e-01
-5.581971500084684790e-01
-4.598085930369432694e-01
-3.164415356373707078e-01
-2.228388910485583074e-01
-6.548548001784852968e-01
1.046868702341603896e+00
5.776195061050575230e-01
-1.001900774068382738e-01
-9.399002036355483813e-01
-2.366445679370787758e-02
-5.503675497145500417e-01
3.488144965772308481e-01
5.529400346406686539e-01
-2.642212704655764743e-01
-5.289667222224689880e-01
-5.865326003438715574e-01
-1.064191087709323469e+00
-1.073034975451070849e+00
-2.238393060303722759e-01
1.862089654361413493e-01
-3.457716540605199063e-02
-9.136264257073350992e-01
-1.205490271673809732e-01
-5.829883008832666969e-01
-2.924034698096496521e-01
9.242039988450212462e-01
1.176976924310091599e+00
-3.029117334851356702e-01
1.219285872789979824e-01
-3.122366400448312596e-01
2.996047125110967713e-02
1.571790226457059347e-02
-8.348823717281516066e-01
-1.951281916460197718e-01
-2.076278781531413486e-01
1.720629824931954488e+00
-8.404116027294952218e-01
-7.034244815830994479e-01
4.898572234763809985e-01
-2.696910751392799233e-01
3.390043010627225017e-01
1.025524461930870934e-01
-3.240911517638016548e-01
-9.255974628694733086e-01
-7.467496258988987057e-02
4.433506347764741840e-01
-4.645009420939788525e-02
-6.792972420266968347e-01
-4.155155875341648430e-01
-2.411547861516774305e-01
-2.292142531009320749e-01
1.727759003836733809e-01
-5.228882250009673216e-01
-2.387964960995201391e-01
-4.765852828408292385e-01
-1.412635405365147978e-01
-1.685580016844909212e-01
2.570942579350182222e-01
4.367697896723023998e-01
1.360309497383470068e-01
-1.324972312637504035e-02
-2.559412955293111636e-01
-4.892718133212689557e-02
-1.675047876353105702e-02
3.374124068134359278e-01
2.102176496939034411e-01
1.286145125360557806e+00
3.378696713155485698e-01
2.057870202908551882e-01
-4.007204718758465289e-01
4.190313013058880043e-01
-7.047522539824141452e-01
-2.885728754065716717e-02
1.135237507038855120e-01
7.958661994328993794e-01
1.724312503369265503e-01
1.008368360647453332e-01
6.594120144118936766e-01
-1.121508736752279412e-01
3.282614596691562497e-02
-5.123630740657553195e-03
6.877081841866470313e-01
1.390840796722290773e-01
5.097981199364483018e-01
-5.299906959411523899e-02
-6.835148687779610821e-01
9.156657567532450193e-01
2.514943941165714847e-01
-4.986517522437923511e-02
3.633190192327963031e-01
-2.774606415114905245e-02
3.276892228344234770e-01
-8.092511380846058033e-01
3.080680630997734148e-02
6.947192569433158216e-01
-1.519288345925041139e-01
-1.517479927846080712e-01
3.071439725028545786e-01
1.171698977019411392e-02
1.233401892499830094e-01
6.884732534110926672e-03
3.835504028456563907e-01
3.744369489589707278e-01
-2.939825035529937125e-01
-3.678668109743219450e-01
5.293409630997003568e-01
-2.374271065431550198e-01
7.119971840865192414e-01
5.565209265870434407e-01
1.112943422262158422e-01
-1.108319060725022620e+00
6.902664171316831299e-01
2.068621323307197613e-01
-6.106460493683415480e-01
-4.707066741688057387e-01
-3.540472950125934659e-01
-6.347985285150753443e-01
-7.042733068642881289e-02
-4.447897112218854865e-01
-9.887512813628065445e-01
2.243660915762105690e-01
9.673371666431282989e-01
-9.120568058295479563e-01
4.143191170528939815e-01
3.265167698558977261e-01
-7.652735365933874823e-01
-2.019118186702814899e-01
9.194477342582432211e-01
4.688528929305599835e-01
3.300760277260512132e-01
6.582138340635432794e-01
-4.252023063072958298e-01
3.953722914444871006e-01
1.138593353549437193e-01
2.507789820471773012e-01
-7.994440231615647097e-01
-1.320286846781419277e+00
1.177510068586258563e-01
9.558863174980825050e-01
-4.230896595826297846e-01
-6.000921683696549547e-01
8.631493256508365741e-01
-4.959423055630600430e-02
3.575819073878696019e-01
7.421394845516776639e-01
7.935139480514482591e-01
-2.842305854560296385e-01
9.079494044548040710e-02
5.001495769829498172e-01
-1.596355265043956917e-01
-9.162914964966630826e-01
8.367105016472593526e-01
-2.415816930367170323e-01
1.168511660352713921e+00
6.697130233181087799e-01
-1.284663537391142196e-01
1.164506879617169588e+00
1.898228501117762979e-01
4.505291633343034841e-01
-3.048703483105850709e-01
-5.273181683889904825e-01
4.466055301739725314e-01
-6.653843991435735850e-02
-4.885581215493990936e-01
1.018439860914671868e+00
4.551564603268635767e-01
7.217737852204069160e-01
-4.119785547422904481e-01
1.268317260926815182e+00
-5.457866107508396736e-01
-6.143470458092683550e-01
4.729036465122193889e-01
5.212058361563215447e-01
7.699400917875779404e-01
3.831088181223303302e-01
2.435754094337518050e-01
-1.356807972356141700e+00
7.295945082702105511e-01
-1.437235644201889651e-01
4.766142557409708269e-01
