2.510846605484701177e-02
-2.870780565874354040e-01
5.143809887901582556e-01
-3.908430887817943011e-01
4.284720356529736485e-01
-1.722702413254890430e-01
4.047150038742570732e-01
4.152282558214752117e-01
3.773498640454198139e-01
8.722776086986883115e-02
-3.929961193410451414e-02
5.609331125283997244e-01
7.033731828936741204e-01
2.494224942210879203e-01
-2.722855669777773935e-01
-9.689242418957341729e-03
2.192381662299970890e-01
-1.227281774603362630e-01
-3.991201781605973054e-01
-2.114572669956181483e-01
-6.646398311514453150e-01
3.996881053025538866e-02
1.098377216778203824e-01
-3.562981127162049289e-01
-2.921407381988428975e-01
-1.766168000843304220e-01
-3.568113541672988109e-01
-1.721452938280370049e-01
-6.013198010281529671e-01
-5.063280090434750802e-01
1.333816754526787607e-01
5.297754835869781243e-01
8.656831333721176636e-02
2.657953520230705857e-01
-5.377233275641224441e-02
-5.703125739584116172e-01
-4.641801933848621609e-01
5.754352532217474891e-01
-6.458522373981050446e-01
3.713865242707568015e-01
-1.324937498317866891e-01
-7.882022186266832153e-02
-4.119134622714980543e-01
-4.367660298266661245e-01
1.702072006613170041e-01
-7.465448394325152615e-02
-1.512136706674935271e-01
4.075680036851382360e-01
-3.329211260834952779e-01
2.508105168121949058e-01
5.934849145254724734e-01
1.496496488429417959e-01
-3.998973064768239771e-01
-3.754934191017147427e-01
3.619037812417730260e-01
2.187932637114667345e-01
1.582568853886044402e-01
-4.063906815306297937e-01
-2.727089557128676289e-01
5.486380507691397401e-01
-4.478433073229402123e-02
-5.347158153753830412e-01
4.442664307383126787e-01
-4.337687815065010555e-01
1.718065624546988024e-01
-9.310800144701730785e-03
1.376228807635091478e-01
-3.320013964137314422e-01
-1.366669457682762046e-01
1.558052326694857048e-01
-5.859952252475807144e-02
-1.745567572124004374e-01
-2.021038862553397597e-01
3.368610158793897136e-01
3.996907037978323918e-01
-6.221191021797469745e-01
4.532049002111734337e-01
-4.673105637158255776e-01
7.377649765054647424e-02
5.062107428569031509e-01
1.538621059845318162e-01
1.503760874529270763e-01
3.355700679673908060e-01
9.170608141173491878e-02
-2.840428418565899560e-01
4.343177139599070646e-02
-5.146329047964806613e-02
1.168665684523819415e-01
7.806157809937663838e-02
-2.692816389122736909e-01
-4.305910000644512237e-01
3.857871174661000047e-01
-6.294285500603650219e-01
-2.927837198823941556e-01
-1.304335435765383855e-01
5.297011060815962624e-01
-2.553373172534369462e-01
5.130666897776291480e-01
-1.735769180322682126e-01
1.998982673723310455e-01
-4.275150696973805675e-01
-4.497527056465863704e-02
-1.726016113024470000e-02
-1.786729310794109016e-01
9.717033912611397484e-02
3.571246341105505095e-03
-1.061898153204144934e-01
3.185925545627705247e-01
-1.859796083940547934e-02
-3.239482282403693403e-01
-3.816924807280742682e-01
-3.607057943587239635e-01
3.588212067601766198e-02
1.496026580998268407e-01
-1.447537932203777911e-01
2.466494754510425436e-01
-1.408737066457727560e-01
-3.404584239799742229e-01
3.330839621590686583e-01
-3.885964593042621207e-01
8.410974026384029911e-02
1.629427091329316568e-01
2.754276973780169779e-01
-1.233671599655956630e-01
-2.029454268644104997e-01
-9.533307562181134176e-02
-9.977850438837421176e-03
-4.464385277671412133e-02
5.649853901889416719e-01
2.862220392547500936e-01
9.965146241951555739e-02
-4.864659795749874949e-01
8.189376504513837807e-01
1.809689902439068354e-01
1.461206612118629011e-02
2.831783802010024442e-01
-9.317922318814358951e-02
-2.400234372887745382e-02
2.796130166489849689e-01
2.588349325569470061e-01
-3.864691264381298064e-01
2.722553352016900963e-01
2.255307188119653472e-01
4.148008005736518733e-01
8.886262445009945887e-02
-4.029469212470427331e-01
5.328774844007028166e-01
1.640607177540935047e-01
-3.204245039755210245e-01
6.609984416793152073e-01
6.603198134082793880e-01
4.150244136884003732e-01
6.011529477586644576e-01
4.357635637128401962e-01
5.658289559828393045e-02
-3.975414364096777758e-02
3.793764878960106390e-01
6.884198690655281005e-01
4.736290911411084048e-01
-5.461347169428790171e-02
9.970917569826470706e-02
-9.854076763640605419e-02
3.885079884834606312e-01
-1.744970022848791880e-01
1.755501315921774441e-02
3.619233899632998686e-01
7.303608120705380458e-01
-4.686848726191257253e-01
2.841563498059994641e-01
-1.156508453159234284e-01
-3.185685053321234417e-01
-2.480292982251884049e-01
3.455033592717298152e-01
-8.472001454309499580e-03
-3.793857326461486656e-01
-1.070107231557201749e-01
3.191809303780845375e-01
-6.771026311102504303e-03
-3.306262146571636862e-01
4.770149786357480437e-02
3.235988250670867039e-01
-1.916249253147785103e-01
-2.681601451836102545e-01
3.167512385181398549e-01
2.551560442734052137e-01
-4.668253381727955342e-01
4.167520204996147393e-01
-3.112152353024901785e-01
6.186492526488066718e-03
-2.717740622228004832e-01
4.583994465114404199e-02
-2.333233250631963629e-01
6.841722556699568469e-02
7.455970232935645037e-02
-4.898913624636601627e-01
-3.679133431906608798e-04
1.069174147253619117e-01
5.893271448451953276e-01
1.122709305182198469e-02
-2.042616537413348143e-01
1.604238786898286306e-01
2.416825013848210302e-02
-3.908140530524790157e-01
5.976233022053519806e-01
6.384583046297319653e-01
-2.830125828786652642e-01
1.898457256394694703e-01
-5.302160722238984381e-01
5.209589681024701102e-01
-1.413596475034179512e-01
2.750396882188105852e-01
-2.323795631942613127e-01
4.057000920789118892e-01
4.588283420722319428e-01
-2.342179573330695486e-01
2.399890028049322110e-01
-3.929692255797918587e-01
-5.055193131316042532e-01
-1.137323645427873453e-01
2.430712478538801791e-01
2.432138461859860712e-01
-1.104911708007996762e-02
-2.877530182450641627e-01
6.826676078928747837e-02
9.739884372346860331e-02
3.028958227767418743e-01
-2.983567405385890159e-01
-5.662337200791558445e-01
4.785850776495060854e-01
-1.111731854115046159e-01
-2.087401571289591584e-01
9.952522150444101379e-02
3.665135584847261097e-01
2.939482355353613130e-01
2.032636138445038099e-01
-4.522223851286129581e-01
-1.929034651783170240e-01
-2.987618109687442680e-01
-2.219495576580727825e-01
1.489852330704528882e-02
2.405283816169555000e-01
-6.747069192715494657e-01
-3.900477182837718271e-01
1.508402618751991109e-01
-2.720793758697533371e-01
-8.746442465900051977e-02
-4.427764878739942067e-01
2.044621160175770780e-01
3.993313168229530863e-01
-8.529574116824799324e-02
-3.837615233766914491e-01
-3.124130353287840611e-02
-5.534347676953939033e-01
7.406902759253641833e-02
-4.123531659112005809e-01
6.325156512017915400e-02
4.506890380492620946e-02
-2.602380425918653928e-01
1.162858219349034161e-01
3.404506812925297415e-02
-8.192907903360163724e-01
6.197640154062279416e-01
3.091424471546301844e-01
-1.477652959947226702e-02
8.482810055037384167e-01
