-2.800195228628717947e-01
2.902079315575427643e-01
-7.872034111955623914e-02
-1.586741073767292121e-01
-7.627947513038474403e-02
1.077886878681835747e-02
-6.554964206617917011e-01
5.296829188648202180e-01
1.026844811853596523e-01
-5.603112533517820570e-02
4.866478339161957600e-01
-7.271367704562199386e-01
4.749484881590568253e-01
2.468186171392193484e-01
-5.051799773324039400e-04
6.578743557741905112e-01
-7.792284644531194404e-01
-7.077617158624658344e-01
3.465203602091122825e-02
2.636505999809089784e-02
5.200577428572304983e-01
-1.080319973502918141e-01
4.068080195880524053e-01
4.754555007286856427e-01
-4.288232591081784784e-01
6.285085517616493256e-01
-3.838337808444977628e-02
-5.872587100163932927e-01
-3.124432262742959932e-01
6.538360008616219687e-01
7.620182712865075647e-01
7.591464591334393108e-02
2.412930602427075244e-01
-1.029925637144640943e-01
1.553592589468937302e-01
7.307446341825249991e-01
1.402958054569414248e-01
2.334084155204134425e-01
-6.896586240406230583e-01
1.760914978832420208e-02
9.522733787970563135e-01
-7.585177842468151521e-01
-4.671336598287272879e-01
-6.030503238158636536e-01
4.019938327482763807e-01
1.720673259356926554e-01
3.393720256403579549e-01
-4.965446137550038053e-01
5.252685275582387181e-01
5.742384752328622000e-01
-3.297614437544278965e-01
6.114787353715590568e-01
-8.368624090080852840e-01
3.897933415631270604e-01
9.190012274032258177e-02
-2.314463287916021517e-02
-3.406420774096570736e-01
3.693613736521214608e-02
1.030403490264516719e+00
-1.064388183824664713e+00
-1.654284928588271586e-01
-1.889146519917485056e-01
4.698440378547314999e-01
-1.002156845956008402e+00
-5.725238432631828134e-02
-6.187869958058029862e-01
-3.363258156679399535e-01
-7.890413064671206733e-01
-1.264996363481460939e-01
-1.283608728688211686e-01
4.989106438229347629e-01
4.930427145878713002e-02
-7.160781320671010253e-01
-2.658678337587975782e-01
2.587212725390859447e-01
3.482603509881987969e-01
-5.472866686936984915e-02
-3.404473131623319548e-01
-1.192230593332162525e-01
7.308968035940915930e-02
-1.573745385610268721e-01
2.015990853837867913e-01
3.936904076878577907e-01
-1.858707451711424929e-01
-2.674854504138399758e-01
-4.153820397041546597e-01
-7.950241086988876216e-01
4.971530278946306725e-01
-3.560947287169403119e-01
-4.609283040964921585e-01
-5.287727407427844639e-01
2.339235313419125162e-01
1.959476492016645754e-02
1.339329816509234605e-01
2.408134005874360828e-01
4.614061741566379826e-01
-6.375770266824068999e-01
-1.836403389210559400e-01
4.139287308766975704e-01
-2.055806811967925141e-02
-4.835442304369027000e-01
-5.379708963470943850e-01
-1.080331310752991603e-01
1.667822555363804304e-01
-6.816865276642599669e-01
-2.533743492299199151e-01
-3.143873757823318904e-01
3.504148499845691211e-01
-1.501493485768821690e-01
3.687669087961862324e-01
-2.188148861110359167e-01
-5.627730099615377846e-01
-1.668673106716490329e-01
-2.063674689256891903e-01
2.069960317663576688e-01
-5.996485820740137251e-01
-7.429458554345234056e-01
-9.401755470867932674e-02
6.519592638005429208e-01
1.107411267585934667e+00
7.871540803710087575e-01
-2.569055487918628922e-01
5.273420656989384891e-01
-3.786880885788315720e-01
1.143555904332079487e-01
-6.965290229116518628e-01
-2.794803892995937344e-01
8.814042206235796206e-02
-6.127001624190593354e-01
4.406542140256031748e-01
1.364432386166953837e-01
-1.635522765248563770e-01
4.435048751268254041e-01
2.748838489963916221e-01
4.027674644216404642e-01
-3.529347744963040601e-01
1.917159481078849204e-01
-1.640393673574496169e-01
-8.188229663367890820e-01
3.058176031339494561e-01
7.787555425086041261e-01
7.892623768796451778e-01
-2.207517562260961630e-01
-8.271413529661062469e-01
3.395846528917966234e-01
2.648138861882441963e-01
3.135085514337036527e-01
3.487768930198767436e-02
3.749827202782137214e-01
6.984929742805405795e-01
-6.638439588957553150e-01
1.411877308308969292e+00
-1.593723625894432339e-01
1.799288460570044879e-01
1.842470225381206417e-01
2.219336417218994717e-01
-6.640257699835261374e-02
-2.645206665653997424e-01
1.647719647711623214e-01
-5.882495307298071241e-01
1.692449859490940678e-01
7.666853982269879186e-02
4.567299901200926882e-01
-1.323202983740666139e-01
1.553308849444306472e-01
-2.425865978926007582e-02
5.755889256731866466e-02
2.471692625493709383e-01
2.837342424139527308e-01
3.336979947435156912e-01
-3.875716687877417410e-01
1.842130899280281786e-01
2.902912986329551637e-01
4.022234222291973249e-01
-3.849571482873692663e-01
9.240988754527471594e-01
4.588674640300077212e-01
5.272875579541587143e-01
-1.317085492490149834e-01
-5.416376513228716716e-01
-7.498111994011431580e-01
-1.559592250845492911e-02
5.061877084979671260e-02
-5.824158368023223398e-01
2.602735766309221543e-01
2.873562347780766468e-01
6.068709047986622362e-01
-3.109884367919055204e-01
4.959597632503787157e-01
-2.495741063212819633e-01
-6.955726486098470773e-02
-9.009529034986363261e-01
7.394717285540453044e-02
6.462888172258951514e-02
-8.036210112269595029e-01
2.639915831140657865e-01
-2.450358281268164018e-02
-1.404587911099121289e+00
3.972085987825007547e-01
-3.520362170027017124e-01
-1.222634891861830025e-01
-5.905618852776892691e-01
-8.964462060597516713e-02
-2.867427264672073317e-01
9.502622511717628839e-02
3.500476272736370298e-01
-2.291000330384225792e-01
4.613372925498254173e-01
5.887783447865377329e-02
4.240626515092115190e-01
-8.523810924730501615e-02
-3.739053776843048738e-01
-1.462093866506016526e-01
8.701658396251794603e-01
9.892871347786652558e-01
-6.355433538671811933e-01
3.926452459832968089e-01
4.122105871487972140e-01
7.742133208672731248e-01
6.347318258475586061e-01
2.823620605271078832e-01
-1.228204923468739551e+00
7.732598323488855119e-01
3.040251176792203025e-01
7.095956747155486299e-01
-1.852305941851659088e-01
8.174851010352390812e-01
4.099630512221922457e-02
1.011092668709396403e+00
5.876086770878351517e-01
-1.015458648179658141e+00
-1.097536013407883315e+00
-4.114775390518963794e-01
3.047945508575856666e-01
2.333693500190585080e-01
-4.447787240854684243e-01
2.242935187891084703e-02
2.665063945883011653e-01
-7.417734374890789795e-01
1.872672950823229820e-01
-3.428870141470433675e-01
5.290372646298076020e-01
1.013408759893676514e+00
-4.205871815953144965e-01
-8.334400051476797966e-02
-6.354737496974420807e-01
-4.891695450692271629e-01
-3.447600317050690810e-01
8.804509489589823490e-01
5.958324074853050822e-01
1.224062467430540174e-02
-4.035991992701802866e-01
-3.626327432471995182e-01
-4.659731748107853733e-05
-2.274084191256744991e-01
4.635700055588548585e-02
-9.830905638515367029e-01
7.078642011641597676e-02
-2.019321763079277299e-01
6.314459554301565802e-02
1.165055418242577912e-01
5.261743525665019128e-01
5.871156181622038117e-01
1.990577651491076128e-01
3.060518406592600549e-01
