-6.718880272076319660e-01
4.488472807751597848e-01
-1.655399163669679652e-01
3.896437246290643253e-01
-6.567944765400327567e-01
-3.593399807193808915e-01
-4.157290773418691465e-01
-3.846939805671232282e-01
-3.938877696455437283e-01
-5.853878786342359142e-01
-3.504696618543898246e-01
-8.236466093352814988e-02
-1.489823437726141009e+00
-1.361511314116140348e+00
4.017896679771204571e-03
1.198976504255601316e+00
5.998526787211968525e-01
6.059927826863265032e-01
-1.146832222663490608e+00
-3.112368496128452566e-01
-5.627956643490307220e-01
3.899725693454395015e-01
-8.469044064784440051e-01
3.820982204313520814e-02
6.799933100450913370e-01
-6.595307224024058446e-01
9.778489424665619545e-01
-6.087952951632351617e-01
-2.473252783710168101e-01
7.608769707870258747e-01
6.517211039599903055e-02
-3.438685453655692670e-01
6.959438641515541812e-02
-7.508577381434843323e-01
-4.163820451776822917e-02
4.495512453951975296e-01
-6.313758400537632376e-01
-8.895519070894641889e-02
3.390016796060841830e-01
-1.076791434834320604e+00
-2.590875688527079501e-01
3.536722794640161371e-01
1.001725706099033664e-01
6.820052175266935190e-01
-3.234863282339703883e-01
-6.741570852761349375e-01
-7.141095373086874254e-01
-8.152935535628036412e-01
-1.129686353322929826e-01
1.257839005513007591e-02
-2.813733070805918834e-01
2.104266024979794203e+00
1.004433581319766067e-01
6.857060416305275075e-01
-8.286297770272138541e-01
-1.712689489634174222e+00
6.573961874517582071e-01
-6.321626554640270568e-01
-4.684217282434127716e-02
3.015429057911543920e-01
4.250350620923808997e-01
5.087776913166788817e-02
2.324341580290816278e-01
-4.142755659174572336e-01
-2.770896320746206176e-01
-5.735086554834587513e-01
4.773219167115089756e-01
3.580103269887888184e-02
-5.584843336547978820e-02
1.373575223573118287e-01
3.753588327384518863e-01
6.722321880404837913e-01
-2.648642055990198529e-01
-2.408445638699401314e-01
-6.534103046415774829e-02
-7.676447158991255293e-01
-6.564322053500013521e-01
-2.859830620744486795e-01
1.567687437976176268e+00
-4.098012087116291724e-01
-1.050546049279843741e+00
5.624229027479406007e-01
-1.288125982920479973e-01
1.023297532962900824e+00
-6.627971377308200518e-01
-2.140587421829920345e-01
2.891196846478306659e-01
-1.421162629107410202e+00
5.896522152196648214e-01
-6.398485801167683173e-03
1.244377846627212070e-01
2.288768061575726931e-01
7.026210682521948359e-01
-7.851525425230458932e-01
7.355790030842590532e-01
-3.036637420245535957e-01
-5.129192344620645549e-01
3.571246817348215363e-01
-3.781203402661899027e-01
-9.217657014018260098e-02
-5.802606307959534693e-01
-4.224810617887119202e-01
3.257292160384233637e-01
-4.595153730217461929e-02
-4.734925986732445580e-01
-2.357603956801716527e-01
-6.294810372486578931e-01
8.154040778855082827e-01
-4.567381416053378218e-01
-1.207512332534436822e-01
5.496024436976894023e-01
4.811839346316806876e-02
-1.791577142237975595e-01
7.382282893967528903e-03
4.749799677784634355e-02
7.886164353018630946e-01
-2.992350812534758653e-01
8.551385700800361034e-02
-4.064760187086817744e-01
-1.860834697889529876e-01
-8.642217256234649425e-02
1.408595790928687030e+00
2.020009298633532069e+00
7.461879754600800885e-01
-6.577001057731746148e-01
-4.024127135674788747e-01
-7.308886806205074915e-01
2.081493935019803898e-01
1.252676732811841998e+00
-5.882840925527997866e-01
-9.502462558361961520e-01
-1.206188232051353726e+00
-2.899398053431691546e-01
-5.789983887169365406e-01
-5.078640228277908619e-01
3.508292487315374797e-01
6.140231679941090537e-01
1.309015046462343346e+00
4.679492532098485924e-01
-2.710119350525660997e-02
5.642059175401770155e-01
-4.116838525801050919e-01
-7.676910808718873103e-01
1.821276570242784110e-01
-1.911065141450341287e-01
-2.720668121653564420e-01
9.660970361594925504e-03
-1.822177079014233869e-01
2.975993542054496399e-01
-6.651892782658783698e-01
1.914771298257334220e-01
-5.247397609832438192e-01
6.751866717110421856e-04
3.710144739981094952e-01
-4.062828485584132343e-01
4.123740456158744294e-01
-2.978846576117468725e-01
4.867315664006248155e-01
-1.442609485205599840e-01
2.141230121826345756e-02
1.366561515404156379e+00
1.318386757735568460e-01
2.656299064565598722e-01
4.396700374619544327e-01
-1.127669984089836597e-01
-5.809617716118119501e-01
-4.103942383777335612e-02
1.293584644847301179e+00
1.241430568864825834e-01
4.520214008514759074e-01
4.905230933351230060e-01
4.527279053898878858e-01
9.936256397556969544e-02
-2.698987378307498020e-01
-8.595383778409056985e-01
5.072998944339448535e-01
1.091695403586379065e-01
-4.639058186081119195e-01
3.660554783317244293e-02
-3.242174178257735129e-01
-1.054089785087938824e-01
-5.868907125483329157e-01
-2.057495592056941547e-01
-1.938261899878000460e-01
3.210909306627688919e-01
9.732558068917691874e-02
2.826619505987437164e-01
-1.135846103763371140e+00
5.692278622074248284e-01
8.699441202015567587e-01
-1.445586337998083781e-01
-3.373098720014985896e-01
-1.083457494062470827e-01
1.036082045602186641e+00
-1.598046090746619297e-01
2.631629317755043163e-01
-9.192365255456821371e-01
-7.726312623997448614e-02
-2.679863845645144016e-01
-2.684717911131766499e-01
6.717744438890234093e-01
-9.619181981254699698e-01
1.216747679451252728e-01
-7.698578636381886442e-01
7.021618067266428564e-01
-2.710168554374323135e-01
-3.011559603477290681e-01
-6.882626274972866720e-02
3.092513311620815886e-01
7.584237961448215826e-01
-2.759907612188936543e-01
8.968458855536463881e-02
4.636054590053036994e-01
5.061642826111303339e-01
6.101467404388862814e-01
-9.119338857337422333e-01
3.661948261058862730e-01
-2.999285163316059433e-01
3.965284366001721184e-01
4.734253189509830539e-01
-5.267240600457867572e-01
-2.019467083873187629e+00
-3.375381814743311226e-01
1.304175830429097793e+00
-7.537083243533897470e-01
7.049417122344338038e-01
-5.894535055405916157e-01
5.175511936858736561e-01
3.238781919882744442e-01
5.013390108602207018e-01
-2.519376778932345129e-01
-1.046126084281280511e+00
1.321819359261851901e+00
1.481668894513070711e-01
1.432157066272214285e+00
-3.813742567624735236e-02
8.265250651064534049e-01
4.987270308454633261e-01
-2.429290138653123488e-01
4.831511061645322180e-01
-2.468296720463347693e-01
1.581781326627893502e+00
-3.676630627114794159e-01
-3.828204753758874812e-01
4.161900109474604426e-01
5.471834584550042679e-01
-8.291829464438731367e-01
6.122277368126737285e-01
8.042593310096659565e-01
-1.050839020073772723e-01
-3.741535527825164131e-02
7.725061426889670013e-01
-7.380250837654882545e-01
-7.156937676320027641e-01
-7.641395515605670097e-01
-3.794659543859738027e-01
-9.131993484628295743e-01
9.851398012572676333e-01
1.720267494167023736e-01
6.047652661892884973e-01
2.331079248503002410e-01
-5.898441276456218851e-01
1.824112152541665366e-02
3.332842532529274315e-01
-4.750509858791537310e-01
