3.692012240624210073e-01
9.671839977132659638e-02
-8.715364393476816574e-01
-1.693097748431207639e-02
-3.603959458681731398e-01
4.267005398802224958e-01
-6.184191677666909248e-01
1.184699832908871070e-01
-6.495169138458810609e-01
-6.236888874204107314e-01
2.227055356328063729e-01
-1.323341972454918469e+00
-1.263291791827891863e+00
2.757784008379063234e+00
-6.259929041198420974e-01
-3.900210676628455830e-02
4.030606813302173852e-01
-5.345713347545406613e-01
1.853475441518640299e+00
-6.817732442946047300e-01
-9.709732848265389960e-02
1.064702845487773164e+00
1.740905112470881311e-01
2.139304952389620151e-01
6.685976331983778387e-01
3.463564472957847973e-01
-5.825924372919606409e-01
4.636420845247977707e-01
-7.099167912708671535e-01
-1.589328503096246736e-01
5.678300465559390497e-01
-3.326600106978713223e-01
-1.915797540215097072e+00
8.890939965347892660e-01
-5.478453159770385605e-01
-3.702662967290653029e-01
-7.472137112121124414e-01
-7.810876666736799034e-01
-9.102948238374360956e-01
-8.514812162377090043e-01
-3.506016096523376646e-01
4.043755714055373707e-01
4.561883846391920905e-01
5.445205587304235983e-01
-4.724640037338784238e-01
3.920699338641802090e-01
2.874928665120371485e-01
-1.503338272214077564e-01
2.318827148779547057e-02
1.326772227395831560e+00
-7.008856610910871865e-01
1.065824024218166466e+00
3.290977398554042477e-01
-9.452928437088135016e-01
1.973539776523537681e-02
-8.485209736758800303e-02
4.234444176982209429e-01
6.490406132156911756e-01
9.428582739558935000e-01
4.961784540582047098e-01
2.859298710922191789e-01
-5.352216828476632493e-01
-1.507957566091806534e-01
-6.311521067929559692e-01
1.370873618352369538e-01
4.179932928943114745e-01
1.421963038687293346e-01
-3.874572103967303116e-01
1.969565166668577061e-01
-9.034221403991277155e-01
-1.497660941045399152e+00
1.978541405840352096e+00
9.711657882079433035e-01
-1.292025691000746601e+00
4.478169641805094803e-01
2.444783161074517430e-01
-1.069477954384612461e+00
2.766085680512295752e-01
3.597994055385828061e-01
7.704438797296060404e-01
-1.297566069863234972e+00
1.776682545029599547e+00
2.010175520485053824e-02
-5.791836801832507264e-01
-3.234724589804994777e-01
-4.421785065148800542e-02
-1.479814455605741763e+00
2.707984038011455596e-01
-8.696761979754161764e-01
7.458117491759183593e-02
1.706325780565575156e-01
-4.502964932249103325e-01
3.502593234324870575e-01
1.820584403503374415e-01
1.307772672935346048e+00
-1.570243839800943286e-01
-5.533283848783907555e-01
-3.832333825844845276e-01
-1.867766600026267987e-01
2.251895183171962467e-01
3.579961033320941399e-01
3.946392468697932920e-01
-3.944518916599443203e-01
8.827456452173778612e-01
-1.117077799243368919e+00
-2.320088641971355947e-01
-3.917709471756875561e-01
1.966508922371703327e-01
-5.025971348142701522e-01
1.519566186497129046e+00
-1.102351125798393117e+00
9.372107565833367460e-01
-6.009710867013408064e-01
-1.354018824362746898e+00
1.100497000156531513e+00
6.239467734828108014e-02
-4.176531281759979231e-02
9.521472618959543333e-01
-7.392216034211989140e-01
7.954200994040852568e-02
-6.085125459769293865e-01
-5.307612899236757720e-02
-2.191972770547817029e-01
-3.034363563356474724e-01
-2.292546878208649719e-01
-8.722796478817647081e-01
-5.630819927851493656e-01
-1.599660565172431326e-01
1.865917991114343644e-01
-1.634930542560155464e+00
-1.252528138865949270e-01
-7.349099478198848345e-01
2.391162047646651356e-01
2.953348833262652295e-01
2.989851444301137029e-01
-6.257847421677671385e-01
-3.152108619055994376e-01
3.303941007842692290e-02
7.673747335509126799e-01
-2.320775862019694435e-01
7.574640430238090971e-01
-5.724726619503950342e-01
1.381894630321059136e-01
-5.921805747932374908e-01
-1.102082016369242190e+00
6.884325508374050662e-01
6.464050607304738794e-01
-1.085827230575099556e+00
-1.452464670434027161e+00
-1.401694710420923862e+00
3.837894688507594299e-01
3.493016717893720480e-01
4.327579753128147910e-01
-8.725881347183335190e-01
7.779598524701460960e-01
2.448892574203015426e-02
-1.287269525213334598e+00
-7.504489959245893571e-01
6.317438893323108484e-01
3.005676808849960802e-01
7.497557169245797626e-01
1.431962719189508126e+00
5.778767369302166834e-01
6.704489815992767388e-02
2.621432819199694952e-01
-1.954478366552652446e-01
9.625842189761846246e-02
-3.120626047999482400e-01
4.616037046222473128e-01
-3.881995997655638408e-01
5.874260163628318709e-01
-8.863064651834082763e-01
-1.641646436180106416e-01
3.712926484922253745e-01
-3.388838158637298981e-01
4.982776390632958630e-01
-1.255857174949527866e-01
1.097481492924542668e+00
-5.731332494659178156e-01
-1.010104601591238493e+00
1.290872911456969918e+00
7.191185182046735402e-01
6.743339275180867398e-01
-8.677377407050468339e-01
-4.728820963090399343e-02
9.686384353513887158e-01
-8.356123762284380085e-02
-5.010935695973994797e-01
-6.031230074439906108e-01
3.762900571456400528e-02
6.519164304149999145e-01
-6.629003972665984401e-01
3.425412015674502708e-01
2.572626477972551617e-01
-9.364377166482480419e-01
-1.236831668529968953e+00
2.274007055976746128e-01
4.757271196683087178e-01
-1.827621864512027350e-01
1.584714042332414086e-01
4.592434970515089643e-01
-1.451961167278982501e+00
-2.668746984921217813e-02
7.184122767567094336e-02
-3.715545381877555786e-01
9.295725149848077518e-01
1.150487615067012914e-01
-1.389696212469335723e+00
1.345538357265889107e-01
7.167497859502719448e-02
5.313169207458565135e-02
-1.723127914405176153e-01
-1.239137601922138537e-01
1.039379942568431636e-01
3.296860178323707813e-01
-9.725197252922184177e-01
3.377902354653421479e-01
1.265421730675331258e+00
8.759500547516618774e-04
-4.197554373135866101e-01
7.074653957079196642e-01
-1.637752456388581024e+00
-4.911012718430072255e-01
8.371010218475464226e-01
1.309023794652492079e+00
-6.937049583642735939e-01
-1.191493347227863708e+00
5.002788142710596908e-01
4.993453538349049703e-01
-1.522825945828008676e+00
-3.773502613980289633e-02
1.451762878608861662e+00
7.659402988868831974e-01
-1.803262386720438926e-02
1.161745885769554398e+00
-8.145696601961296412e-01
-2.463433449263832120e-01
-7.069166308901642104e-01
4.967158504921856954e-01
-6.204887086043433531e-01
-8.127134090995191684e-01
-4.625874916343817866e-01
7.539732570019664903e-01
3.307128323587360530e-02
-3.522682970394895863e-01
9.718596718153938996e-01
9.949114032557790921e-01
5.413467239452535162e-01
3.986224489924984904e-01
9.689975185985557626e-01
-7.402130990427066015e-01
-1.957255893297814797e+00
-2.450670852781701436e-01
-2.240731379474310003e-01
2.285351627953374765e-03
-6.952857147954096817e-01
3.903020442431005543e-01
1.531696835338878238e-01
1.381943923366577565e-01
-1.013865463324343796e-01
-4.720748077965438716e-01
-1.105361370073185467e+00
-1.588262693887544819e+00
1.575958834563457645e+00
-3.592901072750239178e-01
