6.605513712550266370e-02
-7.861553722975027358e-02
-1.005286354017355666e-01
3.271477521531641897e-02
3.212409238396822797e-01
7.593333191601017162e-01
-8.309175911180383123e-03
8.988102162440717025e-02
2.097751663566981284e-01
-1.268300473192802459e-02
2.501251831410679638e-01
3.216040893294432879e-01
-1.519429426835514352e-01
-3.502280896992908676e-01
-8.024772707763129509e-02
7.750562836034072256e-02
1.872678696992374214e-01
-2.210090550776716567e-02
-5.442635817217622574e-01
-4.829090651409354562e-01
-1.696139044786726668e-01
4.562613548507827299e-01
7.429312117719800990e-02
-1.311434021640242253e+00
-5.614194259218855398e-01
-1.138116458574847556e+00
1.049072693548728008e+00
4.183579209996261816e-02
-9.280400455938968562e-01
-3.161829540245729153e-01
3.470152355558159818e-01
-1.116183916711520063e-01
-1.476645477485466762e-01
-8.997835704219359076e-03
-2.607838127259526351e-01
1.421207324818160589e-02
1.541782874926365565e+00
-2.328127306472122654e-02
-1.967937884718121144e-01
4.943523223185699589e-01
1.277271390954707098e+00
2.068596622915566674e-01
-6.728086636527496056e-01
6.451611804890583501e-02
5.989591118121948693e-02
-7.595631075134310350e-01
1.208784567420987610e+00
-2.419981646292376221e-01
9.203021306290998238e-03
-8.921191607054057560e-02
1.900957600383872959e-01
-6.844385980205422992e-01
-5.200425555604829553e-01
4.004662255533570914e-01
6.617770057445491183e-01
7.007390353171520925e-01
-5.324625683572677959e-01
1.009241603595172343e+00
1.053838321164646041e+00
1.139246678737287688e+00
-2.914984436525175360e-01
-1.533628058030025998e-01
3.085345501511334021e-01
1.167978508109559943e+00
-1.107215522312707395e-01
-2.178033096466990837e-01
6.309376115048958011e-01
-1.312978080332534603e+00
4.094863798801052224e-01
-4.876951877620521181e-01
-5.656466116575380454e-01
2.884286068418774884e-01
-8.595841907298246154e-01
-5.617857671549351117e-01
6.935760436709176302e-02
2.794952447477617730e-01
-7.290227364688732781e-01
3.966637590470229457e-01
7.384182694208909492e-01
-3.110431643252578038e-01
-6.876153213066685810e-01
-4.568911120852774121e-02
1.013110874734000078e-01
-1.241291926860304817e-01
2.937866160195558018e-01
-4.098522433558063338e-02
3.942456749040595398e-01
2.836620713859177578e-01
4.624139060348630981e-02
-2.507677829795639246e-01
-3.355561535139370832e-01
-3.427523696206102866e-01
-2.296729651534288874e-01
4.768507302162228734e-01
-2.485837212462436441e-01
5.082329758603494341e-01
2.149377875833634877e-01
-7.417923838973534689e-01
3.071103869682889620e-01
-3.367359586948551198e-02
5.775658981171227779e-01
6.808540888863957585e-01
-1.156082541645021972e-01
-5.210234473739473460e-01
-5.587196552224477086e-03
4.462838435128074210e-01
-2.751780317463605741e-01
-2.163271499607597181e-01
1.328784559018459377e-01
4.670725288461917146e-01
3.755686657415525653e-01
6.304685881542488879e-01
3.383695043715460038e-01
8.813239240887790205e-01
5.922340218971401393e-01
-1.968931564681110358e-02
-3.311303698156307651e-01
-6.160538002520222767e-01
2.453096813398255027e-01
3.524183988647664467e-01
-7.250977796764479510e-02
3.452848977512221751e-01
8.758322097960102859e-01
-8.613760321276520138e-01
-4.042588680944983470e-02
-6.323777225857628304e-02
-5.864146734945823169e-01
-6.519203989675832478e-01
-7.021958921100308615e-01
-3.149652564029317148e-01
-1.764641183476826081e-01
-1.858157202287986920e-01
6.093961135222307757e-01
3.216291340274282651e-01
-2.676998791342907746e-01
-4.488850919934329609e-01
-3.593330716983051953e-01
4.596072822396393698e-02
3.283307512474524792e-01
1.839600382100273213e-02
-3.865962959778964092e-01
-1.108708370525106846e+00
7.033417588365833972e-02
4.536397227440219226e-01
8.553692198391099621e-02
-5.685243247683970935e-01
-2.293081589382433561e-01
-5.342483594216714815e-01
-3.848942901075658174e-01
6.631915653979379988e-01
-2.091955394157684056e-01
-5.659484971381354423e-01
-1.367863916926312373e-02
-3.709703845347476214e-01
-2.669569743731074474e-01
5.150989089755473316e-01
1.829450522098967080e-01
3.077024767911983871e-01
5.758279792369648264e-01
-3.806651449704269718e-01
5.448341621443854033e-01
7.207217506486285341e-01
-2.293054462815217742e-01
7.130785790526051882e-01
-4.267771772907239525e-01
-5.476983745796163427e-01
-6.757031361877667841e-01
-3.737606805389946385e-01
-8.146052930155940341e-01
-1.010936272968077088e-02
-2.699403993955413750e-01
1.697992134192031766e-01
-1.635664004503859237e-01
-3.018001273153102515e-01
4.298597947230484162e-01
-6.679539883319353111e-01
-3.568888160255909159e-01
-1.980781733743593176e-02
-7.616138721254994692e-02
9.287892417294692227e-02
-2.119237682698245084e-01
2.795548988188956141e-01
-9.137131238103209097e-02
1.407074192389245471e-01
-6.249950669799348990e-01
-6.393643378831305457e-02
3.149974515374507900e-01
-2.442010915974345553e-01
-3.444950393719015125e-01
4.689970307132002025e-01
2.639307552922514066e-01
-6.668533111408980751e-01
2.568483440002924945e-01
-3.190803948427453074e-01
-5.302323791212608661e-01
-4.340969312120143697e-01
3.386293419320675069e-01
5.959218103499948349e-02
2.733669971108840246e-01
-7.837523215833713808e-01
-5.172311833872326181e-01
-9.823396238446892026e-01
-6.252485112114685162e-01
-8.114949695692782461e-01
-1.049118053145395996e-01
4.928514822812194440e-01
1.754938560888828492e-01
-6.432694078308019703e-02
-5.502532043168607556e-01
-5.364840103919134018e-01
-2.500776440476260021e-02
-3.654771417260377353e-01
8.305601205428930767e-01
4.039175864882589839e-01
7.975278649166869238e-01
9.547263459865146240e-02
4.556409565668276263e-02
-1.365691615916588275e-01
1.769768692432731605e-01
3.113695120789490289e-01
1.445945760384697298e-01
6.053323174136659990e-01
3.087637466818858867e-01
-3.131459555153856544e-02
-2.878424934241546884e-01
-2.914945357620718491e-01
4.675605047907183121e-01
4.181528448911878693e-01
2.009836040745188457e-01
6.196328236866243122e-01
-9.334329616539943641e-02
-8.312340172665422244e-01
-4.565353922417108024e-01
4.105562214283552391e-01
4.882819569378581415e-01
2.420723738016460347e-01
-7.830033207792368444e-01
-6.363931120468053759e-01
1.860640708295728807e-01
3.671351925844601460e-02
-3.492203442532214597e-01
-2.010264864883528624e-01
-4.077625238385375050e-01
-7.302467356878291627e-01
6.254309364744339295e-01
-3.935645896534052390e-01
1.141712524205501733e+00
6.100837034773296530e-01
-3.402319590037419239e-01
2.794604745686868341e-01
4.785671058780702203e-01
-8.703507542473570835e-01
2.476640988277072908e-01
-1.483953877482370454e-02
-7.917503338725163653e-01
1.143522582574059698e-01
-9.796067863851156687e-01
3.594589512948989096e-01
5.219993396886823955e-01
2.359130600067280703e-01
-8.318781549486448101e-02
-7.580163954256949888e-01
5.054406512474611812e-01
-1.233860456276087703e-01
3.401654120558888494e-01
