1.595377998660731009e+03
-3.890913873455568591e+03
2.630302565977063568e+04
1.112475027756241252e+04
-8.207099320166704274e+03
2.261336041341379678e+04
8.118896545196191255e+03
2.440346629765716443e+03
-6.248860902322261609e+03
-7.317205545395858280e+03
-1.544983873947274151e+04
-1.605034655526171809e+04
3.037331245261836557e+03
5.123379191549992356e+03
-1.826794240138735404e+03
1.502467930702271951e+04
-5.287660207451242968e+03
-6.511876018089898025e+03
-3.969804092160712798e+02
1.110134566713650202e+04
-3.911467671860543760e+03
1.166465230547411193e+04
-1.081059046949409822e+04
4.558772701344333655e+03
-3.308031827882361540e+04
2.498810922436254714e+03
6.258063428384604777e+03
-4.180986134383881290e+04
-2.689127743582477706e+03
8.672047840182889558e+03
5.782419557985725987e+03
-6.766187833913431859e+03
-1.054215165078843165e+04
-2.813028480827094427e+03
-9.506776958362632286e+03
-1.152704060121902876e+04
1.351603409912993084e+04
9.043732587230855415e+02
-2.507244693200665097e+03
1.288142556164586676e+04
-8.623214592336175883e+02
-1.461911407267287723e+04
-1.827199069870449239e+04
1.038105543572679198e+04
5.910322406537423376e+03
-2.608059077090283245e+04
2.446560263033048614e+04
-1.068155326763136873e+04
9.731633321715555212e+03
1.653657869591421695e+04
9.189664906767655339e+03
-7.905055701514268549e+03
-6.484343895983121001e+03
-1.776850241209398155e+04
-5.049845322607485286e+03
-2.665098222325582537e+04
-2.289141795370806722e+04
2.084623032982078439e+04
-2.385699530941608828e+04
-9.943544927479028047e+03
-1.458165693816385465e+04
1.522290707520083015e+04
3.057122125060364124e+04
-2.435033290908941126e+04
8.147574778209352189e+03
-1.306557455460880192e+03
-1.084952858402926176e+04
-1.767064038160623386e+04
2.188642330585941818e+04
2.392039145608322997e+03
-2.325113263084128903e+03
6.099101101521760029e+03
3.194592447591567179e+03
2.017737613977174988e+04
-9.084157940103941655e+03
1.546033260997116122e+04
5.447434795932133966e+03
-2.764831244986872207e+03
5.828119352377895666e+03
1.040653338324966535e+04
9.308878934664344342e+03
8.896729049829880751e+03
-3.810219926825349830e+03
-2.939985751294775582e+02
1.626331151837885045e+04
1.049004563475488430e+04
1.487088150659378880e+04
-3.013898896261840491e+04
-1.800649368389449592e+04
-1.727572906096378938e+04
8.195687155454406820e+02
1.629494064944875208e+04
-1.566107149780906730e+04
1.471117671170640460e+04
-1.129625628324667377e+04
-7.152933443179643291e+03
1.443087990433374580e+04
6.795490876060622213e+03
-5.935291323890692183e+03
1.624666061254220222e+04
-1.195958040059959239e+04
-3.824459742760855079e+03
2.206562620583047101e+04
-1.496117894306667222e+04
-1.712465976054786370e+04
-1.274585761038159262e+03
-2.010951913850318670e+04
-1.374878491494903392e+04
7.290460830010929385e+03
-2.427649633855662250e+04
-1.806183492154028136e+04
7.475779619107567669e+03
-1.163472580763053884e+04
7.724934720731397647e+03
-1.710685417542271534e+04
1.061046517670506910e+04
-4.687986926348756970e+04
-1.309977921898882596e+04
3.356099647429280594e+04
2.154023034689456108e+04
7.288490902321894282e+03
-2.445539461717705490e+04
2.398503490779999629e+04
3.211989540129435682e+03
9.233492162667085722e+03
-3.214975278535164762e+03
-1.752183453696188008e+04
2.612892433194072055e+03
-2.342454355214647512e+04
-2.699868853890469381e+03
6.498483033901287854e+03
-8.878170870582180214e+03
-8.393570887737581870e+03
1.157669179004999933e+04
-2.294797385235889669e+04
-2.124648459801301669e+03
-1.082669210742335235e+04
-1.035700529824140261e+02
-1.780729007718482535e+04
4.347936213945365125e+03
-5.786833828881485715e+03
1.886230968986875450e+04
-1.017684182217136549e+04
1.974265237066322152e+04
-1.339781324587586653e+02
7.349959056077287642e+03
-4.397775177310001709e+03
-3.379579239395960940e+03
-7.469132511531729506e+03
-1.539283280141135037e+04
-2.342874213427285213e+03
-2.979481600037360840e+04
-2.213156027911161073e+04
2.419386587611152936e+04
1.200670958432313819e+04
9.513760294481629899e+03
3.267299632359567568e+03
-1.586002490995201333e+04
1.771821372698775804e+03
-3.206900587840704975e+04
-1.001294432340438107e+04
1.117667065372254183e+04
-1.609680513579005128e+04
1.295073566317723999e+04
2.984673622594363223e+03
-4.447012133561002702e+04
2.478805697240979498e+03
-8.462575042665584988e+03
1.098926730196149038e+04
4.056616213132810572e+03
1.422727393261895486e+03
1.340734696866160084e+04
-9.729190367922075893e+03
-7.249903329698555353e+03
8.865071909199927177e+03
-1.336136235402116654e+04
3.449112620596296620e+04
3.101456496436575435e+03
-4.003494959809848751e+03
-3.990862507789762458e+04
2.232665111658360729e+03
-1.180742206732034720e+04
-2.371458497070864269e+03
2.906569212825653449e+04
3.540009871296259917e+03
2.992610617959683805e+04
1.422252985912154509e+04
-6.598052055577616557e+03
-5.731424145746910170e+01
-1.695562435288887718e+04
1.242151334911593040e+04
-1.336302128070467916e+04
-7.140725435151459351e+03
6.892365575993119819e+03
-1.389618001834017923e+04
-2.577481755693035666e+04
-1.068543024157460877e+03
6.375923360522549046e+03
5.031571332550877742e+03
4.832799824222845928e+03
4.927281315070850724e+03
-5.390288344875766597e+02
9.139595001941628652e+03
-7.365447360066321380e+03
1.282756675784800791e+04
1.209898811449306231e+04
-1.931139220773342822e+04
2.533803614485723665e+04
-1.397463869340706151e+04
3.378648604401211742e+03
-2.140404682554616375e+04
2.779997954770716387e+04
1.207046823882349418e+04
1.524460453110291951e+02
-4.961779354897718804e+03
-2.088334942652193422e+04
7.709270786893950572e+03
-1.097991943599898696e+04
1.213279589835343359e+04
-2.759558357183254429e+03
-2.707356807877356187e+04
8.114472144271602701e+03
-7.361823669613073434e+03
-1.699116641033546330e+04
-1.462350410037102620e+03
1.040649143204784559e+04
1.107719342306123053e+03
2.991946069924159019e+04
-1.143205157782886272e+04
1.885457502922858566e+03
-3.397263029213783739e+03
1.183203197827298754e+04
3.347314424507093645e+04
4.513569154981656538e+03
-1.425388963591511856e+04
8.690645286947201384e+03
3.427430597061401932e+04
1.791333853792250375e+04
-2.361447397947417994e+04
8.102246341113260314e+03
9.783659519431150329e+03
-3.490775883914679980e+03
-1.063819886675686757e+04
-1.867623706465143914e+04
-8.062011082303599323e+03
-2.095586644114564479e+04
1.823201416052059358e+04
-5.934668299982773533e+03
1.278744814714225140e+04
1.715461405107574137e+03
-1.521480960076857446e+04
-1.971372590247936387e+04
-4.813091426495660926e+03
6.554390018075626358e+03
1.490063756973050113e+04
-3.533338869876853096e+03
1.905625596753281116e+03
-5.766228932631624048e+03
-1.268455961242231024e+04
-7.971739587259131440e+03
-2.375502477224420727e+04
1.741830814737918899e+03
9.269355452050756867e+03
-2.341120881649359490e+03
5.057301364360938351e+03
