8.015953006163465488e+02
8.220464929516425400e+03
-4.081967386842429732e+03
2.399795399650233594e+04
-8.489374353432263888e+03
2.416069783404012014e+03
8.350938684627863040e+03
-2.780892262391393615e+03
1.834021531239235628e+04
1.912092317546449704e+04
-1.372091454128414262e+04
4.358975401219788182e+03
1.105809003067529193e+04
2.806616308972177649e+03
2.282751030870177783e+04
3.068467965672983701e+04
2.890983148917362996e+04
-3.866872817071365262e+03
6.851856518566773957e+03
-2.820123107008070292e+04
-7.032780871407455379e+03
-7.839218654452567137e+01
1.543566478821011697e+04
-1.574557889845550744e+04
-1.414547442818451418e+04
1.735468006581955342e+04
1.081741289302571204e+04
6.785596123258156695e+03
1.147106635885240212e+04
6.590991280448819225e+02
8.167387594433889717e+03
-1.114631330064293167e+02
-2.653163490527262911e+04
-1.116268615023933307e+04
1.427211894620954445e+04
-9.210809057569738798e+03
-6.730032927040630057e+03
2.102734519035189805e+04
-1.404516196231313916e+04
4.103207749233220625e+02
9.990489130401438160e+03
-2.198876021817931542e+04
-3.476052337639478651e+02
-1.141320005292958558e+04
-1.389769204559251875e+03
1.486025993021024624e+04
1.337898334974184081e+03
4.736287521455746173e+03
9.936132763649942717e+03
6.915085265051317947e+03
1.059443427881038770e+04
1.233633419797894248e+03
-3.290399478378980348e+03
-8.690633754108735957e+03
-7.464996921381194625e+03
2.286054872546641491e+04
2.346494583491227240e+04
1.610205485380872778e+04
-5.539639137264112833e+03
1.378427967364307733e+04
-1.674960223291926013e+04
7.237889083098333685e+03
-1.072347108555636987e+04
8.298866708279381783e+03
-1.404955721515894766e+04
4.497934271346525748e+03
-1.680171389874075248e+04
-2.687546555020854612e+03
-1.203344030594338255e+04
8.560226861362667478e+03
-5.424652612146635875e+03
-1.173452691279472310e+04
1.609376749646952703e+03
3.256967803178295435e+04
-9.777135345519209295e+03
1.175182491910525641e+03
1.084536560832752184e+04
2.665834290229685848e+03
7.646919323888424515e+03
-2.346616996527273500e+02
-3.985060102930616267e+03
2.375171790857070278e+02
-2.073731905845993879e+03
1.688210700764420835e+04
6.841224897271446025e+03
-2.947523636292569063e+04
1.997565933794675402e+03
-8.126011763770803555e+03
1.047077296000871320e+04
1.193946171815468233e+03
-4.662585954306649910e+03
9.359722627427623593e+03
5.024269658963468828e+03
-1.196938514011299412e+04
-1.533095531003333417e+04
3.106882176424399222e+04
-2.629530106159057254e+02
-5.937626053667717315e+03
7.351470637972527584e+03
1.601141665486720740e+04
4.011160767107159700e+03
1.338478089588414878e+04
9.985556333589713176e+03
-2.917673699168422900e+03
-6.951627476543972080e+03
-5.101620856255791296e+03
1.770123702043681624e+04
8.336426553854629674e+03
-9.506169002740321957e+03
1.557780263490084326e+04
1.506155001379705755e+04
-6.332778606148951440e+03
-3.984125047579916099e+03
1.492478014665117917e+04
-6.913597174528580581e+03
1.517023092557885138e+04
2.868301135032511866e+03
-4.814785660131730765e+03
3.992118430194550001e+03
9.532515465921649593e+03
1.340755310099590361e+03
3.969181046645512197e+03
-1.975007167830721301e+04
1.510021678835476223e+03
5.763244052543458565e+03
-1.151452747307941493e+01
-7.946180305109388428e+03
1.249547857986849885e+04
-2.507088821814715175e+03
1.695986420613897644e+04
-1.100515166313861300e+04
-2.042108982368504439e+04
-8.557599010373187411e+03
1.799830493714618206e+04
8.533262945004182257e+03
1.254239742404888784e+04
9.069128982267604897e+02
3.081694546486577110e+03
1.335128570755889541e+02
-2.199256759913694623e+04
7.859997187913362723e+03
5.780605647327798579e+03
-1.444384894617546024e+03
-1.715855360851699743e+03
-4.009641031418709190e+03
1.144696366906113690e+04
-7.385958946540949000e+03
-1.955040589292212462e+04
-1.088263296595830980e+04
-6.340067121224005859e+03
-1.609541039098435476e+03
2.114644318290714364e+04
-1.091553780552829721e+03
7.057510053142482320e+03
1.113882653176536769e+04
5.542277641081261208e+03
-6.397268564793562291e+03
-2.659872284108709209e+04
-1.589231600168223122e+04
-2.543812827538166857e+03
3.201338421970023319e+03
3.545483877705780287e+03
3.226070991547185713e+03
-1.574634435097153437e+04
-1.278173728235653834e+04
1.683684364919999643e+04
2.261000976031902610e+04
-1.242335014736527592e+04
-3.099605356650683461e+04
1.584037619429102733e+03
1.019267493760423167e+04
9.687899619458950838e+03
1.194227655846911330e+04
1.477840959569001825e+04
-1.499240588503077925e+04
-1.919759429597072813e+04
6.172202472531824242e+03
-2.001779067874144630e+03
-1.926954598131072999e+04
-1.020539362591137615e+04
-7.102899622877334878e+03
-1.377549971429061588e+04
-3.095471706087384882e+04
5.001752362306543546e+03
1.287300575791056190e+03
1.160635986326544844e+04
-2.083039132017669544e+04
-1.329784755873788754e+03
2.885752626573193993e+04
3.528581431266543973e+02
-1.184997389856983682e+04
8.093001811150481899e+02
-6.817486075340669231e+03
-1.124377927105283015e+04
2.705503700377152200e+03
-1.490896122482632018e+04
1.331508290015521197e+04
1.659629018796261562e+03
-2.781692057727503197e+04
6.417063937825255380e+03
-9.611543866764368431e+03
-3.437633518714732872e+03
-1.404065523172720714e+04
1.021077826664526765e+04
-6.520422861207265669e+03
8.637283286618394413e+03
3.021698528936216462e+03
4.668606565975752346e+03
2.205389550940074514e+03
8.812495461818665717e+03
-2.477751483215216649e+04
7.306881880114052365e+03
4.845914709562194730e+03
3.806720902237971313e+04
8.871500743557346141e+03
1.229647059577929940e+04
1.662794272887086845e+04
-1.356460734719147695e+04
1.929009919649276344e+04
-1.765372032431831030e+04
-2.996162694865459707e+04
8.900767752317749910e+03
-1.867054574685212356e+04
1.997262632266873334e+04
-1.596288657701239754e+04
-1.511275265178807422e+04
1.203182592377430956e+04
1.081053849925574104e+04
-1.847261448002375255e+04
8.636356254526515841e+03
-2.858560622002988021e+04
-5.925578798992335123e+02
-1.562485375071599947e+02
6.497832459629024015e+03
4.118737708370510518e+03
-3.066554466265203155e+04
-1.025612685032798981e+04
-1.498620125511084552e+04
-9.288297551560059446e+02
-1.512103087480182512e+04
-1.405930855014098779e+04
2.826748005612439738e+04
-1.668703674319388301e+04
1.466336047042559403e+04
1.682370125558815562e+04
-2.163160759585243068e+04
-9.411930931992867045e+03
2.051351347486778104e+04
3.294694305747493672e+03
8.594240254386622837e+03
9.355669835701229431e+01
-2.157175214933965617e+04
1.281772190112207318e+04
-3.135661189239733176e+03
-1.627082483120401321e+03
-7.355720933122187489e+03
-1.664791654421822750e+04
-2.355395427186555025e+03
2.848997687999987829e+04
6.487662453912472529e+02
-2.003648395920201801e+04
6.910533964130215281e+03
-1.371757505625512931e+04
-1.073411246901677259e+03
-3.230329128248003599e+03
