-1.967369048200093630e+03
-1.472874282161307065e+03
-1.216520848993361324e+04
-1.492690193287483226e+03
2.732828390169586055e+04
-6.434622374342522562e+03
8.644505427480169601e+03
5.328283939512472898e+03
9.642136879724812388e+03
5.522822768637943227e+03
-8.568072485334027078e+03
2.204697464331539231e+04
-7.714760829982856194e+03
1.617808939862832449e+04
3.031964330987950234e+03
-8.285738237181947625e+03
3.935034368176924545e+03
1.120034405864212567e+04
3.880806067183274990e+03
2.136374267143440011e+04
4.075604303342695857e+03
8.362169100342314778e+03
2.393944207019641453e+03
1.466501060674951623e+04
1.459851244288765884e+04
-2.279546366484116788e+03
2.375736092324945730e+03
1.201324563243702687e+04
-1.117204005870262336e+03
3.792535736157785323e+03
-5.358998935949930456e+02
1.805706290363802691e+04
-6.903405025032316189e+03
-2.687826502356390483e+04
2.007113045464400784e+04
-1.095633312882599785e+04
1.789744743041806578e+04
-1.385635758377831189e+04
-1.700029503798435690e+04
-2.837400280247554474e+04
2.990069151899198914e+03
-5.645741550063355135e+03
-2.037916404411075928e+04
1.640114779031966100e+04
2.041032539439137327e+04
2.250341922211788551e+04
6.885382035747509690e+03
-3.676348709143620908e+03
-4.850731165303426678e+03
2.208313293763959882e+04
7.712491670470433746e+03
1.030032711322655459e+01
4.649492676471344566e+03
2.364817105115272352e+04
-2.190065044718865465e+04
-7.926220921580428694e+03
1.395919526488228257e+04
1.153901915094989818e+04
-1.021878061891151265e+04
1.103185719364076613e+04
1.719437885597674176e+04
-4.370454225199114262e+03
-1.188028537573843823e+04
1.329490273350868483e+04
1.642639538753619945e+03
1.065960749333319472e+04
-1.380348606380799174e+04
2.436251636309611422e+04
2.108936900631040044e+04
1.738151581077875380e+04
-1.523116608575114924e+03
-2.063195626713170714e+04
1.619844295663427329e+04
2.085041365750044861e+04
5.313348208281858206e+03
1.039287976460380378e+04
-1.276523104228655029e+04
1.333386191914154188e+04
-9.835533377932515577e+03
-4.192974023115373711e+03
1.041503158506074760e+04
-1.997526367888354071e+04
-3.781955027237790637e+04
-3.067491969183516994e+04
-2.296854520798931844e+04
2.166579153108243554e+04
2.843967371522662870e+04
8.863279897894470196e+03
-3.169136083623306149e+03
-3.383231034847015508e+03
-2.296751632214601705e+04
-1.582996825994446226e+04
1.472698577241579551e+04
5.302853212850558521e+03
-2.069292632811286967e+04
1.054397709902729730e+04
-1.759567188468521272e+04
-2.867910868403969744e+03
1.559993290399490434e+03
-7.126196873529452205e+03
1.347297388119368770e+04
-1.170574230266432278e+04
1.841875086345356613e+04
-5.323867488987762954e+03
6.575980651610007953e+03
1.711723152719594873e+04
-5.736694943617327226e+03
1.623405262031067468e+04
-2.680081984991793433e+03
-2.845675940142452964e+04
-6.979417767134793849e+02
1.727376545976208945e+04
-3.262005388276741996e+03
-1.673922600990219144e+04
1.138789231171533902e+04
-2.293013282841621913e+04
-1.065499382698553927e+04
-2.107558125826165633e+04
-5.782802355484652708e+02
-4.070089577858912435e+03
3.130252619576673897e+04
-2.004679885512674446e+04
-1.997059832422072759e+03
6.164444167263928648e+03
3.653042877164385573e+03
-2.468140465677211614e+04
-1.453548556134033606e+04
5.863562343973366069e+02
-1.055844410665177122e+02
6.857150473389630861e+03
9.786168506338397492e+03
-2.120324103448638562e+04
-5.769949286968721026e+03
8.853970914007473766e+03
2.516899761453633801e+03
4.553565335762763425e+03
-1.782628537209445858e+04
2.660785630827150726e+03
1.091176602707976286e+02
-1.105281531856007132e+04
-1.669728808014216384e+03
-3.808482910678002099e+03
1.933645279071243203e+04
-1.408322267293032382e+04
3.098759537575101149e+03
-7.476489682143774189e+03
-1.329247335811467929e+04
1.543367783308353683e+04
1.337296693431771018e+04
-9.097389415883391848e+03
1.906492777161762206e+04
-1.530374511124288256e+04
-1.714691868147531568e+04
1.292143940576925343e+04
-3.910536665531419658e+03
-2.463041229041373583e+02
9.532512658450684739e+02
1.535785578117749719e+04
-9.811463174828160845e+03
9.326459351594132386e+03
-1.483974048749562462e+04
-1.153512697377724726e+04
3.128834716633607968e+03
-1.170582927856918832e+04
3.574506144182269054e+03
9.418166710898691235e+03
1.422619855221621219e+04
-3.398588396012777139e+03
-3.607466274243317457e+04
5.404425346550691756e+03
1.516016754045471134e+04
-9.703764022717279659e+03
1.492074023187270541e+04
-8.461761640217957392e+03
9.400338576264104631e+03
9.415090554625530785e+03
6.767694675871221989e+03
4.407585266474424657e+01
2.076749707467124608e+04
1.362729751213459713e+04
-1.442570071525277490e+04
-1.433625696876076654e+04
-2.232514347238709433e+03
-8.450912826152825801e+03
1.207084458118819748e+04
2.846128744428429491e+04
2.108980543330354340e+04
-4.680691197986467159e+03
-2.417675388735374509e+04
1.879329009993474028e+04
1.488832641135842550e+03
-2.411519228595977893e+03
2.104968310578208911e+04
1.125371709998793449e+04
-1.905148700452362027e+04
-1.167380330156247692e+04
1.557564007641350508e+04
-1.159105462663179935e+02
-1.534893592938132497e+04
9.353485726831127977e+03
-9.410854294909324381e+03
-4.166552406426651942e+03
-3.008515325473662870e+03
-2.581421678254440394e+03
-2.033948361283356280e+04
-4.186466855250292610e+03
9.926910831656901792e+03
-1.426313899947208483e+02
-3.130303103970013399e+04
-9.687522777772262998e+03
-4.778480694645953190e+04
1.113493940168791369e+03
-4.958210940086162736e+03
1.795210832747733366e+04
1.637714546619811517e+04
-5.384150325473792691e+03
2.252572595452913902e+03
1.767779177439902560e+04
-1.759140897860207406e+04
-1.157624248821142646e+04
2.100531165606444119e+04
1.811446137819828436e+04
2.601246662233051552e+02
1.373077242436895358e+04
6.542333098382830030e+03
-3.487920477658638265e+04
9.777637173065952084e+03
-1.441257709566422454e+04
-8.665766522705733223e+03
2.083972115201409906e+04
-2.744368225365630133e+04
1.657417533016642665e+03
2.379191695254473234e+04
1.722251087780229864e+04
4.738085064263569620e+03
-4.747387852075194132e+03
1.890180264248689127e+03
-2.367789201100476203e+04
5.534819437604206541e+03
8.648121979024872417e+03
-5.509257415342465720e+03
2.553011593652962620e+04
1.344565780257649203e+04
1.914117463803256032e+04
2.230774168914845359e+04
-1.149752167937735794e+04
1.740549459477949131e+04
-1.214472988788871226e+04
8.321857084766310436e+03
-4.213139289832854047e+03
1.342096001555331668e+02
-2.447720030329250221e+03
-1.190257456988694139e+04
2.501240971016363619e+04
1.651502643146500850e+04
-4.298425821843672020e+04
9.152375762909812238e+02
-8.948422379366224050e+03
-1.343775434406276327e+04
3.817760209029192083e+03
4.076563149218165563e+03
5.032744296928321091e+03
-7.281653998799957662e+03
1.348044662086876087e+04
-5.531703566400507952e+03
