-4.352008634349512249e+03
3.761245023641316038e+03
-6.836217306200816893e+03
-8.749670041089491860e+03
-3.115153290521050621e+03
8.499366748444195764e+03
9.375816400013296516e+03
4.136035640865015921e+03
9.667478382056126065e+03
-1.231902883696156459e+04
6.974295570728274470e+03
3.278727564854477532e+04
3.921639992151431670e+03
5.079128287648352853e+03
-1.126799580068128853e+04
-3.187776738432151978e+04
-2.544409779525956026e+02
1.897964468462728064e+03
-4.899745315801649667e+03
1.306751161974998467e+04
1.764891850488811178e+04
6.820983037018969299e+03
-1.598263236854827846e+04
-2.106379345154051407e+04
-1.661002841126716248e+03
1.843119643775264194e+04
1.577985398407551111e+04
-1.603496566824637193e+04
-5.063719676114173126e+03
-8.163512585260436936e+02
3.848601765003058517e+03
9.965194343671084425e+03
-1.089895602396423601e+04
9.073571815025254182e+03
-2.011725530083946069e+03
-1.864945017427622361e+03
-3.205392847551483283e+04
3.281748491051664314e+04
1.662894411427617888e+04
9.114312594456485385e+03
2.935035023014835679e+04
-1.001608372322412106e+04
2.110790498604419099e+03
1.745074502115555151e+04
-1.896516065231425455e+04
4.866563036240413567e+03
-7.349702451438012758e+03
-6.944140189101652140e+03
-1.921897975731764745e+04
-3.876401243619455727e+03
9.238533602010826144e+03
-1.040029712521287001e+04
4.734201129173806294e+03
5.107648013867142822e+02
-1.132314914614549889e+04
-5.360643039914609290e+03
1.633568560529476599e+04
3.079779756723339233e+03
3.641027931442493809e+03
2.737181997400015825e+04
-1.685583387136024976e+04
-2.741422250936660930e+04
-1.446788382111121064e+04
2.436270003863091188e+04
2.074831151302023500e+03
-2.161581638219531669e+04
-2.488080718998672455e+04
-1.894521677249918503e+04
-3.431530653310855541e+03
-1.411446284389275831e+02
1.594212246064252668e+03
-3.137787318428378421e+04
2.588380952403712217e+04
1.174175017309835675e+04
-1.758139638231918798e+04
-1.006286937597849465e+04
-2.018802740003103099e+04
1.034300006461644080e+04
1.277143811739990451e+04
-1.903138718874133701e+04
-6.418602614441136211e+03
-4.847721460267770226e+02
4.535025171147704896e+03
-3.344860422305577231e+03
8.580371226539351483e+03
-2.003751096187742587e+04
2.281958128932329601e+03
-1.868937095357024373e+04
-1.680477883513685447e+04
1.563512232791002134e+04
4.208841446625059689e+03
6.655682417592262937e+03
1.535975202687795172e+04
2.061123393942365874e+04
1.186190634973339911e+04
-6.965280577302556594e+03
1.874997148261786151e+03
1.617234444005178193e+04
6.386297422422318959e+03
1.032857659449748098e+04
2.691052686452215994e+02
-6.969775073920440263e+03
5.123397164750813317e+03
3.479272062503084271e+03
-9.658761216509500400e+02
2.273152631744567771e+04
8.115153542408597787e+03
1.287797162148712232e+04
-2.330487484648816462e+03
1.141719451614860373e+04
-1.984333046572512467e+04
-3.432335991185179864e+03
6.786944813212539884e+03
-3.424330237570173722e+03
-1.485095572286952483e+04
-3.720722886764640862e+03
-2.293475223677427130e+04
1.499404270428450582e+04
2.731899156902687082e+03
9.554155381581485926e+03
-8.162231136597541081e+03
-5.638352204441045615e+03
1.287955422805901071e+04
-1.146955799417168419e+04
-4.552661236771743461e+03
-2.308687477953377675e+04
-2.560058575430142446e+04
-7.297919499304717647e+03
-2.680547131797785187e+04
2.166915433636289526e+04
9.017329189049934939e+03
9.586805137662689958e+03
-4.826134866410715404e+03
-1.929022264420656575e+04
1.073207479212297767e+04
1.300319241666358539e+04
-3.049447912505595013e+03
1.829188277793880479e+04
8.247377251284189697e+03
-1.774916165698928671e+04
-4.563667558960627275e+02
6.190860230909331221e+03
9.032105321882185308e+03
2.837021838897085217e+03
-2.918233888740098337e+03
7.836910588417579675e+03
-2.151793718019985317e+04
-9.603795179448658018e+03
-1.503791061771818931e+04
-2.382207931459945758e+04
4.070101146335633075e+03
2.685094716643902939e+04
-1.934213782871631702e+04
9.794322042904839691e+03
-2.807869869912438389e+03
-1.272964666792237949e+04
8.384086372991616372e+03
-3.677752780446072848e+03
2.188955509711595732e+04
1.213688762939805019e+04
4.996406483717727497e+03
-1.789760280680600772e+04
-1.164814372070737772e+04
-1.034775590765355082e+04
-8.583606333456931679e+03
-2.712859922853189346e+03
-1.468712067333580080e+03
-4.272476972778829349e+02
2.700870927594761451e+04
-6.929327187649095094e+02
-2.862162547475884639e+04
-1.241598089435892916e+03
-3.205107716375063376e+01
7.787874430615293932e+03
1.567076715278123447e+04
8.685988544259769697e+03
1.637207419196765113e+04
-5.492375948592475652e+03
-1.922576813323183842e+02
6.513008367936937248e+03
1.963394701927448693e+02
7.359147817052410574e+03
-1.120281833644019343e+03
2.779151009313526083e+04
1.119308584225215236e+04
-4.750379166837230514e+03
2.792839464885210418e+03
1.664916012147275751e+03
2.224649790582481000e+04
-2.195300879279621950e+04
6.271975352092284993e+03
-2.612732653928692343e+03
-1.775889995125606583e+04
1.471337109301986311e+04
2.738234431405817304e+02
-5.595102697362396611e+03
-6.967601789279058721e+03
2.048422625135014459e+04
-5.551562496026703229e+03
-4.337602107413090562e+04
-6.095435189628172338e+03
-1.294449221089323146e+04
-1.120828542989714697e+04
-4.014651911022763215e+03
1.178425786775319102e+04
1.582981675111129880e+04
3.694561446367436474e+03
-1.137364213818107783e+04
-4.849839414713342194e+03
-3.312091063668883635e+03
-6.266398518917175352e+03
2.395051276498805237e+04
-4.154270950522804924e+03
7.335848416226795962e+03
1.474025424424094490e+04
-2.113943615803669309e+04
-4.040784278355479728e+03
-2.063290641598053116e+04
2.794228623889637674e+04
2.325513387315717409e+03
-1.136163323155832040e+04
2.378269039201220585e+04
2.341433741516135342e+04
-1.162231577318136988e+04
-6.692678215486520457e+03
-3.073419802459589118e+04
8.400745682766643085e+02
2.344414555904299050e+03
8.138038469904481644e+02
-3.396169417289603734e+04
-8.496161420940738026e+03
7.695833647576308977e+03
-1.163684820907762742e+03
1.660481136033443909e+04
9.577239637891683742e+03
-1.093213711864904099e+03
-3.108114823788112062e+03
4.176213853946242125e+03
1.544971481194096486e+04
-5.444289213150198520e+03
-2.129574399427995741e+04
-1.408880747874681583e+04
1.924514179648952995e+04
2.158701838706187573e+03
-1.265098494037187720e+03
-8.449223520356394147e+03
-1.024421895437393687e+04
-6.048334324530094818e+03
2.222299380963070507e+04
2.314388434261647126e+04
-1.285908816298950478e+04
-5.265627086016642352e+03
-4.681218182971030728e+03
3.173912569972315509e+02
2.204475638595206328e+04
-2.906755680771010702e+03
1.134961925099323707e+04
-9.093712588262165809e+03
3.495834920249273273e+04
9.267093385729782312e+03
-2.595822667404795357e+04
-1.513616391510731046e+04
4.767162949131156893e+03
2.263542716735532849e+03
-3.520323432893372228e+03
