-1.596504953635916900e+04
1.428070079745288604e+04
-1.993260466267362790e+04
2.950884496373595084e+03
1.319535745537475486e+04
-2.683905229615028475e+03
-6.878824718209976709e+03
-1.622240215189018454e+04
-2.869604851435715318e+03
6.504011452018848104e+03
-7.609730136424227567e+03
-1.030981349958002465e+04
-6.572891446310411084e+03
-1.982585758258401984e+04
1.104002873836478466e+04
-2.086986439042120037e+04
-1.300824001725563539e+04
-1.659060094002977348e+04
8.600326176134212801e+03
2.350884989301072892e+03
-2.514791017193104926e+04
2.422759248507321900e+03
-1.222559827728796881e+04
8.515878571441968234e+03
-2.101534197385806237e+03
-8.089965630536486970e+03
-1.325929495700886218e+04
1.763978688035925416e+03
1.120177810823707659e+04
-3.837107677600663737e+04
-1.332072270513013063e+04
1.999012623503072973e+03
5.661255116739848745e+03
1.478807726788737273e+04
2.417060586959786815e+04
1.850574405717361878e+04
-7.853587025582817660e+03
-3.225356625467246886e+03
-1.352691754029729600e+04
-1.323406756390289956e+03
-3.604857288320026782e+03
1.856643920383801378e+04
1.975842427517110264e+04
1.941447450975359607e+04
-1.688151149791859643e+04
1.781166463336560992e+04
-1.968199687384075514e+04
7.876462194299555449e+03
-3.346882740880929487e+04
3.393163422466515385e+03
7.537828323519262085e+03
-4.568865147397735200e+03
-1.204444784892402095e+04
7.609999988601279256e+03
-1.928438539438238877e+04
5.099253450575526585e+03
-4.653312835123570039e+03
-7.841359937070675187e+03
1.537064730412528479e+04
1.520965699014665552e+04
-1.787918285542270314e+04
-3.220988899959789705e+04
1.727398747289774519e+03
7.432091540366365734e+03
-3.040524272077999922e+04
1.268299394848212614e+04
-1.978833744988300532e+04
2.828393886163789284e+04
3.700004207498849428e+04
9.006227030127065518e+03
-3.368926750905696827e+04
1.512621939691227817e+04
4.932400772446439078e+03
2.407737847559115835e+04
8.672917223578064068e+02
-2.508932075946049281e+03
1.829085345118679106e+04
3.577675488559089899e+03
2.236343048590526087e+04
-1.299030490608332366e+04
1.563366071093979372e+04
-1.930158789986396732e+04
-7.533955656939085202e+03
2.094646504315005586e+04
-3.699877355209998495e+04
-6.102028199940344848e+02
1.567475977108788175e+04
-1.952778554006581544e+04
1.762848605948809791e+03
-2.326810303960110832e+04
-4.277145278775560655e+02
1.157161205984861772e+04
-1.891085298494326253e+03
-2.455987660527415937e+04
1.108523873008040027e+03
4.285508019585056900e+03
4.778033658098011074e+03
2.551071799128470957e+03
-1.725136811970363624e+03
-1.285420921747784996e+04
1.734309424850610594e+04
1.634912401236419782e+03
1.095274337332522691e+03
-2.539385521501410767e+04
-7.378890385364697067e+03
1.152480396436100273e+04
6.660477526882998973e+03
3.036841243908669276e+04
1.295132503219453247e+04
-5.753454407086578613e+02
2.571470504318627354e+04
7.287629300350729864e+03
1.957480999537645403e+04
7.747806010411295574e+03
-2.057554775259772214e+03
-1.509598630799113926e+04
4.940393068055920594e+03
-3.569752103157296369e+04
-4.273654070200615934e+03
-1.008663629852206941e+04
1.511699358583353569e+04
1.694797116780500801e+04
-2.231912973818381943e+04
4.709796230237861892e+03
-6.528300690986630798e+03
7.461505395236879849e+03
-3.685835313982261141e+04
1.984821411977398748e+04
-2.104771432659934817e+03
-4.219284681425483541e+03
1.702412850986199555e+04
-3.238502168342538880e+03
1.550109440910007652e+04
1.323594556639829716e+04
7.080118263950902247e+02
-1.146593629762483215e+04
-2.251885982748273091e+04
2.118991120535782466e+04
-9.872594265218645887e+03
-6.434452868609927464e+03
-7.347324299083755250e+03
1.081125193081906218e+04
-2.093499166478464758e+04
1.397738583872888739e+04
-2.953547322739250012e+04
2.998014788822483752e+04
8.201955028394022520e+03
-1.479275635829973180e+04
-1.019378863500413354e+04
-1.199875221635670459e+04
-2.872422629004099235e+03
1.193556332928744723e+03
-4.260884175399147352e+03
-2.104074791661305426e+04
-2.431810201931489792e+04
-2.756217833878848069e+03
-1.076239944744187960e+04
-1.457180306106402713e+04
1.742025068382473182e+04
-1.548350566232260462e+04
1.560575817182433821e+04
-2.720348687870102731e+04
-7.344741252056237499e+03
1.283778746844718910e+02
2.449621190285120520e+03
2.215032397657657566e+04
-9.794042813453536382e+02
-1.948688306717938985e+03
-1.539746753895995425e+03
-5.090338411416352926e+01
-1.199618121669899119e+04
2.700074599615757325e+04
1.181877980335344910e+04
-1.388539377271133890e+04
2.863844448938316418e+04
-3.446769445631436156e+03
-2.266553757329932705e+04
2.157800990616957279e+04
-8.339453349339485158e+02
-1.201221273396595097e+04
2.390321798792634581e+04
3.780821801727994625e+03
1.224230690341382797e+04
6.042657072655689262e+03
-9.821643118430538379e+03
3.277629473493560454e+03
-1.480631734592158500e+04
-1.453558582618030778e+04
-1.988000409126234445e+04
-2.410551720042583111e+04
1.314877513748174124e+03
-6.519569778585712811e+03
3.314199003710901252e+03
-4.573589335809619115e+03
-2.768822642024746165e+04
2.430185450623747965e+04
2.622999257244727687e+03
-6.835824924084977283e+02
1.137919783903137431e+04
2.384457582407037262e+04
1.673261371348824468e+04
-2.219487775796740607e+04
6.707798550049652704e+02
-4.900166054942355004e+03
2.998696129103718135e+02
4.549840516310621751e+03
6.303578865988147300e+03
-3.183208868780654302e+04
1.139059505475538572e+04
1.712909173270813699e+04
-2.212353250627245870e+04
-1.701659230044428477e+04
9.490022791620642238e+03
2.776882738227317168e+04
-5.564651051890622284e+02
-2.056726610093972704e+04
-7.606845661541406116e+03
-2.403307005222882435e+04
-4.850351173164447573e+03
-7.365556329699090384e+03
1.715696545807071743e+04
1.386423955316747379e+04
9.069685280449411948e+03
1.282824785531895941e+04
2.125949732076250802e+04
-1.774551218691405666e+04
6.466864320406885781e+03
4.970618738092835883e+03
-3.621382229999996525e+03
7.776163052943667026e+03
7.496963305940435873e+01
-5.547214720454098824e+03
-5.024681417029639306e+03
2.075149843788838189e+04
1.903672739033268590e+04
4.970412443844463269e+03
2.272785046504361526e+04
-1.624824997497271852e+03
-1.845419259601909289e+04
1.540161973002334526e+04
-2.496655678456113037e+03
-2.069783204588570698e+03
1.264324427094698876e+04
2.732413698068647500e+04
1.997771217552176677e+04
1.342173606284019479e+04
-1.011204391477971399e+03
-2.942870780957644456e+04
2.605525014279127390e+03
1.316887229412709348e+04
-1.491869463034273940e+04
-1.907138931974699517e+04
9.557828942321444629e+03
-3.556743917258356760e+03
-1.744708999901651259e+04
-1.447554004333609555e+04
3.353773872132728684e+03
-1.027432173375892489e+04
1.506984254045666785e+04
-1.495409745538245625e+04
3.054944629466681727e+04
-1.273252495048000674e+04
4.943484728873811946e+03
-9.503801887771944166e+03
-3.189007598451918966e+03
