-1.216107617780328655e+04
1.093030709955126258e+04
-1.423063243510292159e+04
1.148317262937749729e+04
-4.699601495750445793e+03
2.309166817905400603e+04
-1.409333440125846755e+04
-1.600758019386567685e+04
-9.759802982014385634e+03
-5.412647978652829624e+04
4.093947317160770763e+04
-3.561902582123914181e+04
-1.708160763713074994e+04
4.145340240351099055e+04
2.259416726295048647e+04
1.194178315270005805e+04
-1.905923756718613004e+04
2.583113558049300627e+04
7.171512843846388569e+04
2.295340357789941845e+04
4.486007137599820271e+04
-5.706232864619290194e+04
-5.511185516060579539e+04
-4.391766410222126433e+04
-6.009478123694840178e+04
1.036267534579266066e+04
2.184691638415331545e+04
-3.247219567154688048e+04
5.767373248247076845e+04
-1.034352353474630399e+04
-5.182347174159762653e+04
4.691911142484883749e+04
-2.570169531016742258e+04
-1.419661706920954202e+04
6.627000436003555660e+04
3.053150222195858078e+04
1.389829921278597067e+04
3.254782933504495668e+04
4.431893817703618697e+04
-5.446538712129811029e+04
1.064862850189384153e+04
-4.820771952943397628e+04
-1.604887301149362975e+04
4.018110671104763605e+04
3.951085275308137170e+03
2.433374056646695317e+04
-1.196562607680475958e+04
4.894097817647503689e+04
2.578679266058888243e+04
-1.209975479151085347e+04
8.749584590774751632e+03
2.395250949955489432e+03
2.880648615870767389e+04
1.991493316764977862e+04
-3.685250888731067971e+04
-2.497579277859237482e+04
-4.851340987615275480e+03
4.332678202439443703e+04
1.998536409945675041e+04
-2.939484444331078521e+03
5.744879385284272576e+04
-7.120394414255952870e+04
3.411545343937049620e+04
-1.700947087837291110e+04
-1.108051744101165968e+04
-4.962614783131490549e+04
1.304178409075507625e+04
2.813239845063036046e+04
2.446368048766324137e+04
4.993783854998111929e+04
-1.848308956038523775e+03
2.685679069883378907e+04
-6.712186511902752500e+03
-5.229032935481287859e+04
-3.101704982289904729e+04
3.610450790557693836e+04
-5.220563469659737166e+04
-5.029769033043231320e+04
3.556510873723308032e+04
3.140564492800360313e+04
-3.287195044266492187e+04
-4.863834627712220026e+03
-4.117471758329093427e+04
3.240994661537748470e+04
-4.802155517567354400e+04
-1.005941979898065438e+04
-4.885990460587468260e+04
2.840097991511955115e+04
2.062582037284657417e+03
-5.044476174144192919e+04
-1.066522161607659473e+04
4.109467147433283390e+04
-5.970173991607067728e+04
1.478154176657739481e+04
-1.799047492937968491e+04
3.372610646440439450e+04
-1.048766005742099424e+03
1.874982544458076154e+04
-1.343315644096042706e+04
2.121400317917032226e+04
4.323543766300279822e+04
-3.492242055108454224e+04
-7.775632275942319211e+03
-1.021645958829478877e+04
3.634518866590457947e+03
3.246172130535951510e+04
-3.971068465596255555e+04
4.922768996518444328e+04
-7.483929845745579223e+04
3.420279221392122417e+04
3.498824306544683350e+04
1.918544456289154914e+04
-6.013514962269398529e+04
-6.838903133365919530e+03
-1.602681330199360673e+04
2.352233825720467576e+04
-7.024378537622786826e+04
3.933971731679913501e+04
-8.036290460644067025e+03
3.461478872271423825e+03
5.025934077621805773e+04
-4.491383508082556546e+03
-1.275298765483717216e+04
-7.168953036885994152e+03
-7.710554656093504491e+03
1.372400009741879876e+04
2.655244710911041329e+04
-4.510474969831180351e+04
-3.148133353011601866e+04
4.670640437291016860e+04
7.602815295376495669e+03
-5.624164075774518096e+03
-2.078777644000866712e+04
-3.598691101122312830e+04
-2.142499206822768610e+04
-7.780840582835719397e+04
-2.043974888728924998e+04
3.179298721417954948e+04
-5.447993955935391568e+04
1.030613503794514509e+04
-1.584433608930819719e+04
1.221254049993964145e+04
6.414597384555992176e+04
-3.993257926203409443e+04
1.755963953950107316e+04
-7.394526288705432671e+04
-2.776784549431587948e+04
-3.106339550322103605e+04
-1.328011083968921230e+04
-2.718130533510051464e+04
2.593599953741731588e+04
2.280955710289580747e+04
-1.089832270978041925e+04
4.239892785337437090e+04
3.385023162538278848e+04
-5.729269969949599908e+04
-9.470632182507941252e+03
-4.532035358765236742e+04
1.414661113643869430e+04
-4.387657257052794012e+04
4.340166892022634784e+03
1.493096851008066733e+04
6.347887501442100984e+03
-3.514092031677553314e+04
3.903152744001696192e+03
4.777882450565405452e+04
1.470477715795083350e+04
3.508483982946653123e+04
5.257681783981325134e+04
2.939446840724899448e+04
-1.523459286179833498e+03
1.766346938608624987e+04
4.228915843502098869e+04
-4.751855879747940344e+04
1.731703427362562070e+04
-2.193221328445374093e+04
2.807536692096908882e+04
-2.343519213643286639e+04
-2.541348897615606620e+04
-3.774311384018050740e+04
2.562395835245260241e+04
6.093598272791505588e+04
-3.304498685057468492e+02
-1.962059457973446115e+04
-1.815565664172459583e+04
-3.342505838365996169e+04
-2.389313782403398727e+04
-3.301880973961754989e+03
2.964644326732947593e+04
-1.101735944472047231e+04
-7.385584888489649529e+03
8.546586474076882951e+03
-2.438455858432353125e+04
1.549834453032040983e+04
-2.537143568403799509e+04
-4.423661303718793351e+04
-3.988038304753493139e+04
7.215023403514629535e+03
1.330547918698956710e+04
2.651545502618606770e+04
5.599614841037800943e+03
2.367296639319703536e+04
8.746835917405020155e+03
-5.339263284400184784e+04
-1.089644516656487940e+04
-1.295354173486699983e+04
-2.494671969086707031e+04
5.317987158722325694e+04
-7.478022785824026505e+04
-3.101910406683047040e+04
4.862769715171898861e+04
-2.523026523659151644e+04
1.541069592286419538e+04
3.666147452058968338e+04
1.690089085249290292e+04
-3.316905739417395671e+04
1.510553608320847161e+04
6.072019252023269473e+03
4.192394453041120141e+04
9.682758580570189224e+03
-2.580835793864934749e+04
1.357517687180432404e+04
-1.459648488269944392e+04
-3.448376153358269949e+04
-1.340498930032522003e+04
1.326822359823110492e+04
1.382853951199555922e+04
4.630255807755696878e+04
-8.298080422962077137e+03
2.727774546437864046e+04
-1.481961691095672722e+04
-5.043717636023650994e+04
-4.583253888193552848e+04
-1.193898188770701836e+03
-3.931746930322630215e+04
-4.097735723737565422e+04
3.776441149961530027e+04
4.624983418079147668e+03
-3.020134944339322465e+04
7.081123227896612661e+03
-8.048206847123628540e+04
-7.782787785480754974e+04
5.024777278777791798e+04
-4.750450113872805377e+04
4.191227220669841336e+04
4.938715841654337419e+04
6.120451526579509846e+03
-4.834922431711187528e+04
7.443552286540958448e+04
-5.976052381219556082e+02
-4.542714734648821468e+04
2.448433190358023239e+03
3.769494590716592938e+04
3.174888828933042078e+03
6.452849815992947697e+04
8.429082109905368270e+03
-5.331345449722833291e+04
2.742309473588160108e+04
2.933861436381145177e+04
1.060481543966492791e+04
-5.248153565786371473e+04
7.774068791235113167e+04
3.570491688416818943e+04
4.707990849122179497e+03
2.548858839862261084e+04
