1.856398541117252535e+04
-5.043101165641216357e+04
-5.815674084294139902e+03
-2.160171856013859724e+04
3.594707938575433218e+04
-4.403553100628322454e+02
-6.818644091614213721e+03
-3.125666493334337792e+04
2.808615845903100853e+04
3.166424365065613983e+03
-2.681505001753674151e+04
-1.537459679000596225e+04
1.486523497166678499e+04
-5.205945703249016515e+04
3.972599886578745645e+04
2.919147226750893242e+04
6.892625396344718865e+03
1.863977491114240183e+04
-1.096488277844004006e+04
-3.141640778036543270e+04
3.358056506518377137e+04
3.219142993962166656e+04
-6.872626372424453621e+03
1.228817112721985359e+04
-8.377625704756226696e+03
1.819094824719136341e+03
2.432696341190701901e+02
8.892183116079033425e+03
1.334975317945339157e+04
-3.219057313948733281e+04
2.062358266990509946e+04
3.828880105850898690e+04
2.068546097809301864e+04
-7.825217204276596021e+03
2.206840664222772830e+04
5.527603990767423966e+03
-3.149930678919975435e+03
-7.461418568229115408e+03
6.621083414252165312e+03
-3.057988981931464150e+04
-1.358242769370721817e+03
1.242594333475777603e+04
-2.781539218456801973e+04
5.379207948342485179e+04
-2.699624176546960371e+04
-3.685682050004587654e+04
-2.413283991837905342e+04
-1.542470130519560553e+04
-3.131934256895862563e+04
3.738280839127110812e+04
-7.401479563310086633e+03
2.580204260338448148e+04
-1.313989511510529701e+04
6.224891609121752117e+04
8.693378589616913814e+03
-5.517576515132431268e+03
1.822540319746160458e+04
-1.981540598254473662e+04
-1.309777231563040368e+04
5.477306789310556269e+03
6.877008609292015535e+03
4.599835579760894325e+04
-6.188582427257418749e+04
1.475784662480345105e+03
-1.492289047807982206e+04
2.675861033035156288e+04
3.920528266655649350e+04
-5.985401694883682649e+04
3.192644199168705200e+03
1.914435732469225286e+03
3.071961208808854644e+04
5.154919399179651919e+03
8.437801371489707890e+03
1.151750161802989396e+02
3.993963006222755939e+04
-3.656158146352160838e+04
5.078425359931429171e+02
8.579607757326839419e+03
-2.713834645242213446e+04
-1.743818190365221380e+04
-2.147693411567310613e+04
-3.492237912984119612e+04
-3.164983994940741104e+04
3.449589665665452776e+04
1.530319592018842013e+04
-5.116884052777705074e+04
-3.996162493226279912e+04
8.975793885770210181e+03
7.046215264750348979e+03
8.054131703519024995e+03
4.436777830151755916e+04
1.210179561757302145e+04
5.386465536778692331e+04
-2.092504116814462031e+04
-5.938359947772172518e+02
-1.456525426871933996e+04
3.888530738571645634e+04
3.116319283414548408e+04
-9.010858295093295965e+03
1.288724173849995168e+04
-2.164204117013007271e+04
-4.591261932175848779e+04
-2.112246502001203771e+04
-1.974450814214669299e+04
-1.349359296680807529e+04
4.234155436632143392e+03
-1.152364793601862220e+04
-1.606637835803058806e+04
2.969318043712000417e+03
-1.796971429040204384e+04
-4.237600934047139890e+04
2.966187804570694425e+04
-3.466518532783396222e+04
3.195711327843792969e+04
-1.501319782146038415e+04
-1.392965625524012830e+04
-1.886599759281077695e+03
3.076504476361845445e+04
-2.863723813438141951e+04
-1.472373721585699423e+04
-3.280274355509808083e+04
2.541734242902961341e+04
3.654202619212257559e+04
-3.538731974093650933e+04
-6.762561480945802941e+03
-2.474471668840929851e+04
-3.944638394596635044e+04
3.628924868140937178e+04
4.506280799689974810e+04
3.171231036261723784e+04
6.524794791076942784e+04
-1.578650819587111982e+04
1.523375665796181966e+04
4.289471094370870560e+04
2.567368484077929679e+04
1.611009072913989985e+04
4.118476091474092868e+02
-2.458543502504621210e+04
-5.656984982588326238e+04
-1.194411404761158155e+04
-7.162936597369126503e+03
4.811495924686385115e+04
-4.823739778386631770e+03
3.238894695032038726e+04
-1.429808587549130789e+04
-6.502683908777845500e+04
2.613295075851664296e+04
5.074539255573574337e+04
6.207150665749493783e+03
-2.213990641277644318e+04
-3.968405058306238789e+04
2.150487284980983532e+04
-2.227370318282718290e+04
-8.020737444229522953e+04
3.113544231212779778e+04
-2.205496628632715510e+04
6.814417666634038324e+04
2.759849164648832812e+04
-1.951720375496624911e+04
-3.231401086735620993e+04
2.282468612637170008e+04
1.879831574265331255e+03
-2.564314989340483226e+04
2.627247969298399039e+04
4.832963949280539236e+04
-9.633984048362872272e+03
-5.497236769379579528e+03
-6.315218925037359440e+04
3.550612986399780493e+04
-3.866419151248892740e+04
-1.876511667884247072e+04
7.427119739528453465e+03
-1.742669964965630061e+04
-1.719098705395648949e+03
-6.381515622894023181e+03
1.162534538824818628e+04
3.287605105657578679e+04
2.616717822137150506e+04
1.966668118846245125e+04
-2.321042860874193866e+04
8.303505600391619737e+03
5.793618987935729092e+04
-9.325655811649339739e+03
-2.143681165435406729e+04
-3.297829189376433533e+03
-1.747831009344342237e+04
-2.328281226023604177e+04
1.508869801699998789e+03
3.488219406849941879e+04
3.431669223220578260e+03
3.645074438450426533e+04
7.300205937143345182e+03
1.937798816501518741e+04
2.715092296829723637e+04
5.396738013494705228e+03
3.021716910790382462e+04
-3.246472243898983288e+04
-4.247234123567581264e+04
-1.109401539202278764e+04
-1.740455093122429025e+04
1.888533966498374502e+04
-4.143409664021764911e+04
-2.280536020770652249e+04
-9.185791804425070950e+03
4.944173684722326288e+04
2.062136492508695665e+04
6.116084732808719127e+04
-4.061197851209514283e+03
-2.603759785874845693e+04
-5.028490654256869311e+04
-5.691504400860869646e+04
1.192927542797871138e+04
-3.781659874670913996e+04
5.670435299769274025e+02
-1.611718097088565082e+04
-4.777988959733771480e+03
1.574973898411926530e+04
-1.108666261907794433e+04
-6.301155815540770163e+03
2.627886816894587810e+03
-3.015397729734253971e+03
9.228632211194670163e+03
-1.020724340639736693e+04
4.653882082837498456e+04
4.805794165776087175e+04
4.315051887002569129e+04
-9.770271436018825625e+03
1.723434454100885705e+04
-2.614679916665300752e+01
3.212412402508026571e+04
1.783910817088355179e+04
-1.566649560173890904e+03
2.466848351267908947e+04
-1.091499395338950308e+04
-8.045521645979135428e+03
2.348668550687447350e+04
-3.727303064161816292e+04
4.667373330271949817e+04
6.997222542175515628e+03
5.980216472562654235e+04
-3.172899697324173394e+04
4.419853529646361130e+04
-1.939911465406243951e+04
5.014807712715589878e+04
4.168239507360959578e+03
1.006671523329870797e+04
1.214934641918024863e+04
3.227387273841590286e+04
-2.020388468190917820e+03
1.784380497187438232e+04
1.570208012294770742e+04
-1.706812559796113783e+04
-3.404430846063011268e+04
-1.697878629038810686e+04
-4.554152134384402598e+04
1.284953463517113050e+02
-2.789222044972154617e+04
1.518556991414508502e+03
3.818186930170940468e+04
-1.264604718494405461e+04
1.538387654018748253e+04
-3.628307180634404631e+03
2.945576780368302570e+04
1.225079612205061130e+04
-1.455654013506397132e+04
