-1.045926757692000865e+04
2.702177554292491186e+04
-3.850177791625790996e+04
-7.775354875768965576e+04
-2.821682050662162146e+04
2.064419182032161916e+04
1.552124827719037421e+04
-7.100841070263242000e+04
6.368575919843895099e+04
-3.556094706765448791e+04
-5.503752847008910612e+04
-2.072220677387624164e+04
6.749071594487408584e+04
-2.888439256372922046e+03
-4.362247645105666015e+04
8.620012396360969433e+03
2.071521729814703212e+04
-8.714620019251344274e+03
2.294829722577735811e+04
6.585544849780829099e+04
2.776477288112765746e+04
4.662815421182164573e+04
-5.998555363579608093e+04
4.417361627868506184e+04
-3.406790401494260550e+03
-1.356745416514783756e+04
2.138657162822324244e+04
-3.889044248432473523e+03
1.816169497250868153e+04
-4.725436290880254091e+03
2.418463232010324191e+03
7.353786141049455910e+04
-5.098920885246252146e+04
6.240510614888155942e+03
4.485587321919387250e+03
9.807173535410858676e+03
3.507743373401776626e+04
-3.160370163337085251e+04
-3.529001079376619145e+03
2.348085840321615979e+04
-6.417060479709794890e+04
1.291773225350471512e+04
-1.481496902857081477e+04
4.934600119230196287e+04
-6.300676983975014446e+04
3.773237308199686231e+04
3.340820800948390388e+04
2.019885750015022131e+04
-2.350798047310763650e+04
4.701148723099978815e+04
2.796774202083389173e+04
-4.898554282009716553e+04
-6.037774782402242272e+04
3.953671219705425028e+04
-1.550753335117069582e+04
-1.848120905706503618e+04
6.450897946097274689e+04
-1.206891864913952122e+04
-2.534733730136203178e+00
1.620134146060754028e+04
-3.405887116508531471e+04
2.930584257778157189e+04
1.742249736607751765e+04
5.355032885839953087e+04
3.084586813330434597e+04
-5.418516908743006206e+04
-3.217636690399658619e+03
6.641498782563275017e+04
2.834346504433354858e+04
1.064513578651068747e+04
5.507639696205165819e+04
4.023677946374097519e+04
5.442239566427073441e+04
3.319490393527417473e+04
-7.247145860605209600e+04
7.147660557123854232e+03
-2.598326359844995022e+04
4.014768596157566662e+02
-6.925355590332481370e+04
4.487189241184433922e+04
2.942215831525304384e+04
-3.247812817326745790e+04
2.998069924718104630e+03
-4.721230766609671264e+04
2.908113993069666685e+04
7.171988272954859895e+03
2.850301235385781911e+04
3.172502211666538278e+04
3.066082357835132370e+03
4.736290804754049168e+04
9.039879095138463890e+04
2.153364575206162408e+04
3.059903212754794367e+03
-3.254328298307785735e+04
6.829734721827969770e+04
-2.062369335732053878e+04
6.826329889307952544e+04
-1.462486538260536690e+04
-7.055401294940974913e+04
3.361237647729687160e+04
4.255330546333552775e+04
3.004825126600871954e+03
3.017347423031393191e+04
-1.956225604819775981e+04
-3.987979701608451433e+04
-8.521857213361987669e+04
5.001866711728045630e+04
1.079282776354895577e+04
1.391553699056707956e+04
1.102967312690225663e+04
2.088597530335771808e+04
3.870180207860431256e+04
-1.768141791581238067e+04
-6.263056098437036417e+04
4.598541777442857710e+04
4.428601691534475685e+04
5.433598011393123306e+04
-1.154661237716925370e+03
5.001744795837134006e+04
-3.455240236063428165e+04
2.311043513107544277e+04
-6.828812886208343843e+04
-4.294462034712499008e+04
2.833500865423174218e+03
-2.113232175060588816e+03
3.241799263012707161e+04
5.197993031401607004e+04
-2.719617536496119556e+03
5.783502643502228602e+04
-8.143692849464962819e+03
-3.571857030598745041e+04
9.133948371255959501e+03
1.647709810255343837e+04
-6.271411844760073109e+03
1.086730299337586803e+04
6.881508150211516477e+04
1.666017659230052959e+04
-3.074110228266133709e+04
3.448601174549416100e+03
-5.451065927890010789e+04
3.683578097298678040e+04
-4.695783707516203322e+03
4.995559120058114786e+03
3.263805705755394956e+04
8.365304067612500512e+04
4.365910963677885593e+04
6.160294950066795718e+04
-7.493956262292890460e+04
-1.841585436739035140e+04
-2.760008540871488367e+04
-1.114141551382566286e+04
4.419244952383505006e+04
3.535427504025875533e+04
8.885878699319366206e+03
-3.266888665273070001e+04
-2.064876020628939841e+03
5.678040028332141446e+03
-1.337141223076993992e+04
-5.074391261656817369e+04
5.657764693703314697e+04
3.545931063005018223e+04
-5.837952793410728191e+04
5.306833936371903110e+04
-1.690397143206713736e+04
-2.196038914649800972e+03
5.047554200540031161e+03
4.934266132189569362e+03
-2.379340396907494869e+04
-8.708199728992705786e+03
-1.398243108518810914e+04
5.860510688368901356e+03
-2.365104881874440616e+04
-4.272230125445646991e+04
1.229578894633113805e+03
-1.593379873048041918e+04
-7.495691671547044825e+04
-8.201000391054265492e+03
3.279142387263830460e+04
-1.601452182292275211e+04
-8.730519879830091668e+04
-2.071010635419284881e+04
-7.471310963140234526e+04
5.590816617891368514e+04
3.814121043513989571e+04
4.439774645758367842e+04
-1.658623936912368299e+04
2.019389353638203102e+04
-5.675486816272068245e+04
-6.890797546688340844e+03
-8.192871278628618165e+04
2.062697149428674675e+04
-2.805350869191525635e+04
-6.920457193155442656e+04
-6.666720253548121036e+03
5.968127031239963981e+04
-2.391288096306869193e+04
8.417286280976337366e+03
-1.991782638565030720e+04
1.749959788261633730e+04
-7.622731688421560102e+04
5.075455137497195892e+02
1.054251022735271363e+03
6.605955908569731400e+04
-4.919160879081507301e+04
-2.101458727042494502e+04
-2.017971747399281230e+04
8.378284146164744016e+03
1.582161498319074963e+04
1.559867051551759505e+04
-2.089687901696740300e+04
-1.095222648186596416e+04
7.818763418596085103e+03
4.310424051019189938e+04
3.456358693359915924e+04
3.140527501191059127e+04
1.923478386123212476e+04
1.237777484642772652e+04
5.432775008353759404e+03
2.818286551306330875e+04
8.166471692728622293e+04
5.149049326936867146e+04
-6.131397919642143097e+04
2.306197078904812952e+04
9.128571502034635341e+04
9.003933914485251933e+01
-3.481549600165923493e+03
7.721105549735671048e+03
2.546186015624683205e+04
5.267949281067258562e+04
-6.759971106451298692e+04
2.998111037377402113e+02
-9.333416021536126209e+03
4.131937356376905518e+04
4.748735441507335054e+04
6.714987559810129460e+04
-1.258663673918111090e+04
-2.534530665462200704e+04
-1.424526282776296466e+04
1.576075080634999904e+04
4.295979488362716802e+04
-3.144880881096347366e+04
5.110658920152816427e+04
-3.080897689014761272e+04
-1.223854168298969125e+04
-2.465371026210715718e+04
-8.014047592115226144e+04
4.964379494321717357e+04
-3.178641734982288472e+04
3.511766760675568366e+04
8.907357899486668202e+02
-2.248779469806223642e+04
-4.209716290214220498e+04
-9.435447435819834936e+03
-1.815811825897029848e+03
4.575503148912362121e+03
-6.475224946987225121e+04
1.137343516883168923e+04
-1.800017882908821048e+04
-2.716409452899199823e+04
6.335415044319215667e+04
6.567090731597757258e+04
8.568303601939148211e+04
-3.007901292532340449e+04
6.954326853547430073e+04
7.775383708368965927e+03
