-8.021926155559095787e+04
-2.247788728863353026e+04
6.798676421880838461e+04
6.836140456787741277e+04
-2.016689618592002080e+04
5.432599503220166662e+04
8.673860799124315963e+04
-4.191808871463449032e+04
2.636593446130384109e+03
7.365654366907855729e+04
4.517240393791467068e+04
-3.707378675154664234e+04
9.253048158944951138e+04
3.709047723926103208e+04
9.689973113510216353e+04
-8.843319732652463426e+04
-5.274787151211366290e+04
1.538355804637685651e+03
5.055539477381182951e+04
4.862946339834234095e+04
-2.359417395189333183e+04
9.058061676007087226e+04
2.630526678106666077e+04
-1.243292775281821378e+04
5.435304425046980032e+04
-6.660343247816509393e+04
4.515913806139168446e+04
4.281152724682629923e+03
-3.781011064417243324e+04
-8.626093757648699102e+04
-5.333044462881499931e+04
9.101264642238989472e+04
8.687596638241913752e+04
-1.208173465008677158e+04
9.285059112426580396e+04
-9.614548163171227498e+04
7.996449957375510712e+04
-7.620089249338212539e+04
4.738612046473610098e+04
-7.553187326272767677e+04
7.028752066713091335e+04
-6.350837288631891715e+04
-8.841006055630915216e+04
4.245663300021109171e+04
3.813202934036811348e+04
3.682866381700010970e+04
4.375743208655164926e+04
4.733777984844634193e+04
7.034844073979230598e+04
3.784114354520663619e+04
-6.410070808260470949e+04
9.465744858925099834e+04
5.569935813026022515e+04
-8.988454397962098301e+04
-9.436144419836482848e+04
-4.195592297741779475e+04
1.214509299397177529e+03
-3.366801505152981554e+04
-2.849640908754098928e+04
3.437425419812876498e+04
1.319297665114130359e+04
-3.443789802628052712e+04
4.577710017014530604e+04
-7.013520533916051500e+04
-3.798981190080479428e+04
1.628296247219062934e+04
-4.373131258094680379e+04
-4.753141292209297535e+04
2.709791612857674772e+04
-1.503036773681196792e+04
5.232119110541124246e+04
-4.532677921019487985e+04
1.423404780651944748e+04
-1.956671004427837033e+04
-3.861368081640752644e+04
-2.346215550866954436e+04
-6.515738102893286850e+04
-1.028414082685622270e+04
-8.554018342711872538e+04
2.312550587695483409e+04
6.500718674378821743e+04
-9.403346676451909298e+04
6.585637378922046628e+04
-8.494051758648888790e+04
8.008361115306144347e+04
-3.783491742268383678e+04
-2.227002401580610604e+04
-7.863576149583212100e+03
3.210895233488839585e+04
5.033839879803924123e+04
-4.553177474931147299e+04
-8.838046550318771915e+04
-6.714953792463210993e+04
-3.559972279769467423e+04
-6.156374769989331980e+04
8.101096515688856016e+04
-5.368813633107693749e+04
-6.348351605397867388e+03
7.704066006380022736e+04
7.533707388799136970e+04
5.192963720224250574e+04
-1.812508347966497240e+04
4.931241179167741211e+04
-4.440038520657110348e+04
8.107786697629431728e+04
4.956233525552196079e+04
7.086728226005504257e+04
4.993782901268274873e+04
5.700068355756270466e+04
-5.623818471816821693e+04
-5.302984739430427726e+04
3.377515860272478312e+04
8.497768425297163776e+04
-4.977292032548767747e+04
8.199993294697650708e+04
2.483995935512987489e+04
5.364318949210597202e+04
-9.715624099602873321e+04
-4.513890049719724630e+04
4.274858856982129510e+03
1.464230379154099501e+04
-1.776090103515081864e+04
4.262099553683467093e+04
-1.335729366384095920e+04
-1.668541547414941306e+04
-1.782123871346806118e+04
4.449257507026076200e+04
4.535937199946338660e+04
1.219675343640189385e+04
-7.725061515118397074e+04
2.080530503170113661e+03
-4.280313218859428162e+04
-4.020634414969732461e+04
-8.792629758610190765e+04
1.499340498268519877e+04
-2.911659209502488375e+04
1.508908819656087144e+04
-8.704732941185114032e+04
-1.371196991751737369e+04
7.945679054206193541e+04
5.804240836023451993e+04
-1.941005221749815973e+04
-4.188514346774145815e+04
6.744041490076639457e+04
-8.884742777204720187e+04
1.230265492081831326e+03
4.435863147984354873e+04
-7.031156931741084554e+04
-2.286182471316038573e+04
2.597861775291206141e+04
5.476643982888170285e+03
-4.499855078086795402e+03
-7.617750368685125432e+04
2.910450635518375202e+04
2.717977213544263213e+04
9.394647143424014212e+04
8.842235162151441909e+04
1.246955539295786002e+04
1.924259681224338419e+04
-7.104591553910181392e+04
9.138411742038949160e+04
4.213757499403328984e+04
3.471671676414983813e+04
6.213001666125375777e+04
-5.712189785214556468e+04
9.478740190868190257e+04
2.757437202864587016e+04
9.547176099721415085e+03
-1.449398213840808603e+04
-2.419818502020514279e+04
4.269031704987477860e+04
-7.751212330925272545e+04
-5.159871223661363183e+04
-5.263578265560904401e+04
6.886477064902544953e+04
-7.720956872582333745e+04
2.231006410715532547e+04
-8.152312599700906139e+04
-9.543388031248188054e+04
-8.380826688686320267e+04
-7.222334315392287681e+04
-8.764198014248642721e+03
1.169894677788627450e+04
-5.579143150597310159e+04
-7.234960999549666303e+04
3.821082079197562416e+04
-3.811992049371173198e+04
5.634610063508062740e+04
5.464286785501657869e+04
-2.864367185938365583e+04
6.733586194306900143e+04
-7.899921213301816897e+04
2.479834153633363894e+04
-9.975249700499553001e+04
3.160165259730204707e+04
4.227117888020895771e+04
7.161101475588403991e+04
-4.601327602120950178e+04
-1.806598101280127594e+04
-4.315752210133027984e+04
-3.331200795456711785e+04
9.621908491552734631e+03
-2.171987063623055292e+04
4.618065694853544119e+04
-2.854815515911286639e+04
5.386552078942884691e+04
-8.206561556793139607e+04
2.690642405387575855e+04
8.551370244650417590e+04
5.779539031680912012e+04
3.379666246496126405e+04
-9.071408020030656189e+04
-5.248881487042367371e+04
-9.111619328514217341e+04
3.253442816741467686e+04
2.970407103812933201e+03
9.327579656420231913e+03
-7.372097619450130151e+04
2.733354446017924056e+04
-8.432364704640058335e+02
-2.712626762978472107e+04
7.187936561895380146e+04
2.518419754823106632e+04
-8.073583005776064238e+04
-8.393058700535213575e+03
-4.346188208259296516e+04
5.971971258319681510e+03
-4.713941148182476900e+04
9.118101565052021760e+04
-9.527128639308581478e+04
-3.389102189702508622e+04
6.983261455768404994e+04
-1.861014158366902848e+04
-9.546838086483041116e+04
-8.194036807330293232e+04
1.591357036519255780e+04
8.567669569707862684e+04
4.030269357647289871e+04
-8.707970314366917592e+03
1.205812974572318490e+04
-3.443711354899035359e+04
-9.937477397504856344e+04
1.435115733699190605e+04
-4.013634976031912083e+04
-3.986553460798665037e+04
-7.746811781920226349e+04
-9.785163394702802179e+04
-5.711223079994603177e+04
5.997836771239532391e+04
-7.386815106030048628e+04
-9.118406745202804450e+04
-9.485421709740671213e+04
2.843799114383233245e+03
-1.964665174365154235e+04
7.589304165379615733e+04
6.761673263499027235e+04
-4.669995489653606637e+04
8.735032750102801947e+04
8.402305005847077700e+04
8.768673588315519737e+03
-3.294184109705968876e+04
1.833179487936325313e+04
-6.158788529002965515e+04
-8.341827218792235362e+04
-1.493354811231173517e+04
