-4.953226655636519718e+04
3.308998567320137954e+04
-4.124565771934801887e+04
-7.888795969255946693e+04
4.260217526607176114e+04
-1.046223370507229629e+04
2.717951599375347087e+03
-3.271563123510762671e+04
5.710724564419419767e+04
1.511445926649729881e+04
-2.669579590632651161e+04
-1.200883545997204783e+04
-2.891128278867662084e+04
1.757581642400226701e+04
9.624845195657326258e+04
8.059957491661056702e+04
4.463659811367026123e+04
9.346466883187461644e+04
3.179832675393265527e+04
-9.262677922603426850e+04
4.494763042577311717e+04
2.795851581529462419e+04
-6.887198082793360300e+03
-5.373463658036241213e+03
7.741846901373383298e+04
-2.568076512916112915e+04
4.553225446832107991e+04
2.980001972827382269e+04
5.196971295368492429e+04
2.976924965740528569e+04
5.572410731007330469e+04
-9.086930173770179681e+04
-9.457816990995890228e+04
-8.495318126455766105e+03
3.117840813372870252e+04
6.788039335987418599e+04
5.158955705620493245e+04
5.187872587634007505e+04
5.630385726696541678e+04
5.982108552771867107e+04
-8.970155581229645759e+04
-9.988103634196234634e+04
-7.989405439471041609e+04
8.744440772762076813e+04
5.128910330234104185e+04
-2.499873804647519137e+04
7.500948151942028198e+04
-8.101516776154037507e+04
3.344849272746645147e+04
9.931557715873430425e+04
7.726229741154218209e+04
-9.766065721489574935e+04
-9.752055353978076892e+04
-5.029321853152276890e+04
4.568082505139451678e+04
-8.884255834716108211e+02
5.425392366069986019e+04
-8.791956925186148146e+04
8.692688118689667317e+04
-6.880491999298363226e+04
-9.701082126644336677e+04
6.324684120901180722e+04
5.172504317031673418e+04
-4.163618861500547791e+04
-5.905478379085662891e+04
6.391140279360408749e+04
-5.355248702966483688e+04
-8.262395192886737050e+01
7.393905142141800025e+04
-8.544144136126083322e+04
-5.859804036564043781e+04
5.249762768569777836e+04
-5.442421583910246409e+04
4.817947823052804597e+04
-5.423337951752558729e+04
6.401508029595162952e+04
-6.076309883454499504e+04
-9.611560293377815105e+04
-9.563476410058414331e+04
-5.394297593734088150e+04
-1.008868053381460413e+04
-3.291789830935886130e+04
-5.489424852962086879e+04
3.002624411688583132e+04
-4.536661267203524039e+04
-3.845937058133455594e+03
8.110608809696506069e+04
-6.191640952433176426e+04
-6.827120609463370056e+04
-1.034591566299917395e+04
-2.837341521177273899e+04
-6.599845344161294634e+03
2.565938561713197851e+04
-7.502418914131553902e+04
4.924782184050997603e+04
-5.071809571344602591e+04
-3.220266623121343218e+04
-5.420340125849720062e+04
-1.053212726844435201e+04
6.738546356059043319e+04
-3.987949741827778780e+04
-6.243187858575931023e+04
5.742015842589407839e+04
-6.556748965000784665e+04
-1.168961988378282331e+04
3.105346101436093886e+04
-6.685996372174919816e+04
-6.678339121947567037e+04
9.577946689227051684e+04
-9.408323372394549369e+04
2.153242725239657375e+04
9.508281842917556060e+04
-4.921360857775645854e+04
2.945239344798838283e+04
-7.740917619940033183e+04
1.031708944711569166e+04
-3.825449384860773716e+04
-9.313878475309547503e+04
-2.441595072262414396e+04
6.902902656607319659e+04
5.248045801536955696e+04
-5.912052791353065550e+04
-7.652238889065926196e+04
4.973818732659243688e+04
-8.771531497543674777e+04
1.880706089549399621e+04
-8.717370418128439633e+04
-3.140949594016453921e+04
-3.607927149302614998e+04
3.775818886437553010e+04
-2.091257481514950996e+04
-4.165852428159489500e+04
-9.500786888528126292e+04
-1.062733554385058778e+04
2.216626785721872511e+04
-4.183965469573606970e+04
9.740541272597023635e+04
-3.764304618933596066e+04
7.781608296774246264e+04
-5.542606779211272078e+04
4.400763371260182612e+04
4.835228339592174598e+04
9.421964383926123264e+04
-1.002259062922583871e+04
1.088537520672667233e+04
-8.688184157302862150e+04
-4.842075248821482091e+04
-9.065003884168403602e+03
-4.654478924040988659e+02
1.390694054331533516e+04
-7.123888002697358024e+04
-7.265874189205652510e+04
-2.825726270615118483e+04
8.712534343193618406e+04
-8.819242019440850709e+04
6.437286391758250102e+04
5.303838198150232347e+04
5.354557430185753765e+04
-7.293006858687219210e+04
-9.309501036327499605e+04
-1.925851990308573659e+04
8.047347147951864463e+04
-3.169201994641242345e+04
2.564386949047056623e+04
3.329810503421763133e+04
9.550267692975628597e+04
7.659780737516029330e+04
-7.582799058130808407e+04
-3.438869130742989364e+04
-3.900885994427346304e+04
-8.869573043770960066e+04
-4.312499865381131531e+04
-4.354641131203806435e+04
-4.449332989846634155e+04
6.461011503211193485e+04
-9.243055072854316677e+04
6.154998671113493765e+04
-8.958357665971235838e+04
-9.877457987837537075e+04
6.998387485463188204e+04
-8.783549749122589128e+04
2.728947460282588872e+04
-8.608452384312840877e+04
-2.289469289865210158e+04
6.852549527090560878e+04
-9.005643705763886101e+04
6.714835759254102413e+03
-6.358913165631005540e+04
-4.478559605418697902e+04
1.520671598903543600e+04
4.078685013664603321e+04
-5.036317549949813838e+04
-6.568173453010118101e+04
-3.097074665760899370e+04
-3.710876214454108413e+04
-2.030945190917015134e+04
5.058210616847674828e+04
-9.528124191870669893e+04
7.315732696593283617e+04
-5.535892406579745875e+04
-6.209629822739688825e+04
6.582658985360959196e+04
-6.990141894228123419e+04
1.252819290151763926e+04
-5.353172430451193577e+03
5.610002049046794127e+03
2.792108766892123822e+04
-1.082264220960343846e+04
-8.945597752988636785e+04
3.709602819914740394e+04
-5.478337565444427310e+04
6.237162835316201381e+04
4.800196963851326473e+03
2.957609615307548302e+04
-9.690763892751952517e+04
-6.026457486153251375e+04
5.316916840369876445e+04
3.595501118016766850e+04
8.738697599888817058e+04
-1.622106236347911909e+04
-3.000072019663190440e+04
7.285860503415351559e+04
8.390527625533661922e+04
1.531959946188657341e+04
1.188357324042916116e+04
-4.897065877432465641e+04
-1.850210594000624769e+04
-5.536187810636042559e+04
5.127316190898398781e+04
4.560811809695576812e+04
-7.646918653649337648e+04
-3.164635720886759009e+04
-2.301457034374156865e+04
6.649021036951660062e+04
-8.420421771491885011e+04
-6.901192829199737753e+04
8.449469704784953501e+04
4.444167250071164017e+04
6.593624361900956137e+04
1.181158545576054348e+04
7.191188910657586530e+04
6.866329304393620077e+03
-4.925378611559508863e+04
6.653190825868184038e+04
6.075818238136384025e+04
3.560979874021395517e+04
8.849950381370364630e+04
7.157407909965497674e+04
6.462454863464365189e+04
7.029910563526822079e+04
-1.411470545725055308e+04
3.493178250627063244e+04
5.880749965646467899e+04
-5.118848693365212966e+03
-4.590356670067953382e+04
7.328287126791589253e+04
4.930443483836198720e+04
2.619682179589881343e+04
3.185322789372807165e+04
-5.151410787491369774e+03
-7.895102585908999515e+01
7.098023993045452517e+04
1.426931489310725374e+04
-7.395214206686741090e+04
7.757331040384824155e+04
