4.618101048295222277e-01
-4.050524457775028786e-01
-4.138258859526017241e-02
1.906287917655154374e+00
9.571622302532643012e-01
5.513672391017587771e-01
-6.757751235581597182e-01
2.072868697039738639e-01
-1.831266995752722559e+00
1.088255934832407679e+00
1.914266336911544686e+00
2.497411441455226200e-01
-3.946576837343505062e-01
-6.471921737123290663e-01
-4.788804110307580686e-01
1.414469745879225915e+00
-1.787800895060920325e-02
-7.015984861883020618e-02
1.402665737157634096e+00
-4.005352486262277467e-01
-1.297552663395181050e+00
-7.346511223353715536e-01
1.656987433691990419e-01
-6.269678809956253929e-01
2.550187906535752447e-01
3.780843299899223076e-01
1.217091186485179666e+00
-1.009102178963013019e+00
-2.788791222290173955e-01
-1.078327573709582238e-01
5.670062632276912096e-01
-4.355522960556801326e-03
6.168707555760799544e-01
-2.657831564482807440e+00
-2.997976604379894994e-01
-5.766942529529245354e-01
-1.288156315763655746e+00
-6.226999597371184469e-01
-3.373961332403254687e-01
-7.737972478725990699e-01
3.818901046193411974e-01
-2.355886615627782898e+00
-7.485592629397267439e-01
-3.382628330114852977e-01
-1.494520273185139025e+00
1.010571422330273528e+00
1.493494929595516219e+00
-3.083672895412415405e-01
1.030727005068525992e+00
-1.386938279304184674e+00
8.896038257453822151e-01
2.772910634247872652e-01
4.235260956653614239e-01
1.285281108020365437e+00
1.806208981227390487e+00
3.785599265689784110e-01
2.112608932581359955e+00
-5.767052744053204894e-01
-6.844027953971274503e-01
9.593429515492872817e-01
-9.659966091834552016e-01
1.612421518968115419e-01
-4.112302671182385128e-01
5.398735933631512163e-01
2.334532822591357082e+00
-6.267308363892059031e-01
2.931201519198913807e-01
-1.577304186768268834e-01
-4.258477058238657742e-01
-6.370145701588725284e-01
-2.823758988277905058e+00
-1.373877675311535818e+00
-1.265330162514145984e+00
2.389516979782874417e-01
1.671218372967849142e+00
-7.746424535971941916e-01
4.359807364361854010e-01
1.313861103286972032e+00
-1.951562795081752399e-01
-1.919684652169518016e-02
1.004222227120562527e+00
-1.052102314982195086e-01
-3.444351837730060817e-01
-1.569150455363448327e+00
-1.048372216015035274e+00
1.292031682028493389e+00
-6.078474863849420151e-01
-9.944451534942118087e-01
-6.403384358903984053e-01
-1.759691654054290400e+00
-1.403433635719438133e+00
2.392197417053060493e-01
8.888344034391595927e-02
5.669800605304102792e-01
1.502699455744141765e+00
-1.384865322958941380e+00
-1.205232065482794157e+00
-3.682106736815426995e-02
5.020150835464300965e-01
1.440310170548207758e+00
3.732115312986017397e-02
-2.715111228441652313e-01
-2.068753653111610191e-01
-3.789368268996343159e-01
-2.222072346936353471e-01
-9.398629635480670874e-01
-8.424541980867907842e-01
-7.877034774272770878e-01
1.052337858903828138e+00
-4.678785007969437637e-01
-7.455961390264591593e-01
-1.187177923555278458e-02
-2.555632174564360093e-01
-2.262838742302156758e-01
-1.036054322083783230e+00
5.923473670116679024e-01
3.146099232136301271e-01
-1.268169421956865550e+00
9.062007374099673163e-02
1.161007540121362203e+00
4.415146395955840686e-01
4.486301805428768996e-01
5.986292010924623153e-01
2.776933334262875475e-01
7.035988753621396086e-01
-7.144724365929324694e-01
-4.953575093232717719e-01
9.197756075006426890e-01
3.772553859836381140e-01
2.251851077903305187e-01
7.718418264984635568e-01
-3.895932394390573261e-01
3.884261591408382785e-01
4.833832120682461930e-01
1.214873650910276881e+00
-3.161774158772431287e-01
1.637347020469698489e+00
-1.201919855173384288e+00
9.267416814409261683e-01
1.906120711706285942e+00
3.414253302912039767e-01
-3.035068145747152890e-01
4.337946059581634928e-02
-8.078904864268940944e-01
-8.512708497312893030e-01
8.042644160695875399e-01
4.109639525483560485e-01
-7.375354576786213867e-01
-7.855275638591560639e-02
1.144893599150306196e+00
6.057788982194657335e-01
-3.724847667528668471e-01
1.820562099974181169e+00
1.951930115652688036e-01
3.096853108031399904e-01
4.345750090986935654e-02
1.441905451460047782e+00
4.174301396722517321e-01
-3.398770638119157361e-01
-1.929325426793967457e-01
2.392054387201530130e-01
1.270869448905809218e-03
-7.014094368155863179e-01
4.814618852178663699e-01
-6.604337875042628481e-01
-9.937108816575019876e-01
8.776680185509259102e-01
-7.011290580644822246e-01
-1.614952526042674197e-01
-9.818336919881935909e-01
-9.702192650450409683e-01
-6.022178155582210701e-01
-8.890720959646960520e-01
-5.040740673318088172e-01
-8.005538710805817360e-01
-1.757820649629840415e-01
9.990208528271087296e-01
1.146486886832818186e+00
-8.794387567730310717e-01
-3.791559366079776394e-01
8.957181718984330576e-01
-3.068985167950347703e-01
-3.086720776489981777e-02
-1.294357888169125337e+00
5.926272303674227082e-01
-1.068690836990752402e+00
-1.242405692718482779e+00
-1.514512542220094904e+00
1.497362648002442009e+00
-1.539499501218925870e+00
1.028857167864795086e+00
-1.895615517191877042e-01
-5.505937850968236624e-01
6.123766516876167909e-01
-9.911999250186875887e-01
1.321302086357740491e+00
-9.859783006994283783e-01
-1.938360852467037265e+00
-3.343145786623394899e-01
-5.051164931066125519e-01
5.417453802411031916e-01
2.724765774797792764e-02
1.050752159609095848e+00
7.036710149686575821e-01
-1.171114576098645221e-01
1.109976192607431633e+00
4.982025899242009670e-01
7.656218670084561362e-01
1.174343514360734142e+00
-6.598828818423008169e-01
-1.290275169229302854e+00
2.500730490005125262e-01
1.148789555738109813e+00
-6.250253785277355423e-01
1.741496992498660079e+00
-2.155463619836689215e+00
1.892836406011691341e+00
1.508687606609128984e-01
5.526528791541720498e-01
6.370749042625314940e-02
-9.455112477580447372e-01
4.216680756654936912e-01
-2.722516099731395744e-01
-7.376413460253083976e-02
1.768148446886097735e+00
7.391765608253502151e-01
4.009880721069808418e-01
1.630789545866054624e+00
1.709117105243658508e-02
8.540390941707002304e-01
-8.361682924874143108e-01
-9.456201182949620643e-01
-1.060405666791112589e+00
6.291067442936391085e-01
-6.825556921233603136e-01
-3.090477670602995719e-01
-2.927436964195921476e+00
1.192540588409146229e+00
1.829005790377778995e-01
8.065254397322211277e-01
-1.010881101122798498e+00
1.792442138888130643e+00
1.321768796095216802e-01
4.035137385401170729e-01
2.015538388353259325e-01
-1.905863278521088555e-01
-4.168690913862875824e-01
4.833568298229893867e-01
-6.128766338922084778e-01
5.171130843104404518e-01
1.220495742408400641e-02
3.240378492943753463e-01
-5.194712906710701183e-01
-7.039747421336828292e-01
7.826317790935916063e-02
1.710954726647884172e-02
1.262938472442922955e-01
4.242203849380838387e-01
9.675066500408635584e-01
5.286740843002016854e-01
2.187749312862335982e-03
-2.266730647823583134e+00
9.189447209291129459e-01
1.456371020039756159e+00
5.077951769303601370e-01
