5.829188399163887091e-01
2.197553153898403056e-01
-7.769541488000466511e-01
1.763793701920860491e+00
-1.783570213715460984e+00
2.415243201711572585e+00
-1.788543890381321111e+00
2.456646782140347263e+00
1.631890203349840363e+00
-2.594659048015658165e+00
4.987773485504262694e-01
-2.529255235334758600e-01
3.989150346303949046e-01
-1.817031279410806999e+00
2.120493236859434916e+00
-6.137840823450441130e-01
4.209740864135558258e-01
-1.043188085980356394e+00
8.437908604057567930e-01
1.976401782383915562e-01
5.670359193141473186e-01
5.903204024204211642e-01
3.695890314782480646e-01
-2.092186076582159160e+00
7.073744363846860006e-01
-2.778916589213096255e-01
6.609660528805232360e-01
-1.408710256285287121e+00
-2.916655380348170956e-01
-2.129607076399302024e+00
3.175636061420690215e-01
-2.188386150516802298e-01
-4.611505926978735070e-01
6.151538184974456591e-01
5.399486068658903015e-01
-8.822915867060528994e-01
7.838271592181793590e-01
5.906512631290359305e-01
-4.140855060171306362e-02
3.852075637311053180e-02
8.008201587591770587e-02
-2.620995367324074898e-02
1.428411901900058956e+00
-5.822344852453410491e-01
-1.513337524021705072e+00
-5.384900172064051027e-01
-2.879374267734930992e-01
3.394451860107391972e-01
-1.319877246330779297e+00
-6.111147068401399096e-01
-9.422927163355786506e-01
-6.596319881041464717e-01
-8.644276561236172718e-01
1.938033846694650730e+00
4.784723241130158233e-01
7.624754982677622861e-02
-1.916101395512467942e+00
7.080740452232011650e-01
-7.810469086893401247e-01
2.194204719760347588e-01
2.466929679382180218e+00
1.088850272582223111e+00
-8.594639357605486918e-01
-1.608647539557714223e+00
3.246277603784887278e-01
4.495705796398082876e-01
7.178580756988506284e-02
8.677580556189563588e-01
-1.214170261477110824e+00
-2.767880425651124687e-01
-1.752200160343598601e+00
-5.049423035936976278e-01
-2.237780880135944894e+00
1.440621891360789775e+00
-1.893546140282190260e+00
3.866132347424263704e-01
-2.105445421899802216e+00
-5.544596892735337290e-02
1.098936439045134161e+00
2.040980900288321465e+00
-8.980233313772572057e-01
-4.540839566065277833e-01
-1.099216777683534874e+00
-1.214979067587584005e+00
1.525098953639295596e+00
-1.999037512354014279e+00
-1.921968077764576677e+00
2.506216577012711499e-01
-9.231212702523430291e-01
-4.953084952680483211e-01
-2.020552971991198099e+00
5.144271252129637428e-01
1.260694646692907539e-01
1.441632898213193847e+00
-9.455245108677452492e-01
3.153421528187684064e+00
4.894244152290319616e-01
2.560028440943635242e-01
-1.565455859280357576e+00
3.627122871742169963e-01
5.265219009404119577e-01
-1.586367871272876817e+00
2.209359068029029816e-01
-6.540452921147184018e-01
1.010968003569983509e+00
1.020470428643326100e-01
2.479705074674479981e+00
2.077364517804159982e-01
6.205879953409462191e-01
-4.836177309470958696e-01
3.594782255524795467e-01
-4.582888769225485492e-01
3.767485873701149623e-01
1.427915930252506627e+00
1.252715363981331542e+00
-1.012287819015243340e+00
-1.047877348120477947e+00
-1.702762567371448821e+00
-9.937610772954227900e-02
-6.752463164802441353e-01
1.616692736437218780e+00
8.168785326581313733e-01
-4.501648362190602826e-01
-2.137116793373329826e-01
3.461079736284102260e-01
-1.287725817812936047e+00
1.107102374802956701e+00
1.857013135995871367e-01
1.769736771208703097e+00
5.653179149968341477e-01
4.334306178293481082e-01
-1.645946348141037019e+00
1.160114982410397344e-01
2.134048129774911984e-01
1.477023438067316397e+00
9.497555602486653648e-01
-1.726334315970956323e+00
1.554315699363734593e+00
8.415644347541226811e-01
-2.884337055763487312e-01
-1.251549955560143257e+00
1.986677802413846228e-01
-3.824906432624664010e-01
1.239012108554808700e+00
-5.515802233384210496e-01
-2.823914777811029064e-02
1.668457824943174295e+00
-6.329655219267911193e-01
-2.576662714276589661e-01
-2.151833079060038456e-01
7.023631889395843819e-01
4.580243218271574657e-01
-1.285779781871185801e-01
2.128253999178960854e+00
-6.893266641838988740e-01
2.005170082465559389e+00
1.026687091545233632e-02
8.980903287636418098e-01
-1.641482893692710832e+00
-1.964128316935843110e-01
4.782690679704240666e-01
-1.340743009712668243e+00
-1.067800349595321219e+00
1.770724611442687224e-01
9.346094121059059789e-01
-1.302044824096653342e+00
-7.687695395499170026e-01
1.550859856314234175e+00
-1.915429287773584566e+00
-3.023920273921919533e-01
7.506211196938752384e-01
-1.808038935936162606e+00
4.094100194677138815e-01
1.169446377315744412e+00
-4.616425519058429128e-01
-2.000228431214408076e-01
-3.405552342437716540e-01
1.773118955931856311e+00
-3.841818905955636243e-01
-1.164149497826463819e-01
5.777698040384139366e-01
1.020773479454929467e+00
-9.584341219404080014e-02
-2.164305039712222545e+00
-5.375277191242333608e-01
2.039492772654639130e-01
3.001308797025069586e-01
1.324259791831037036e+00
-6.627121704727698681e-01
-2.052922495953733772e+00
1.201717937038658590e+00
-9.139121583880261968e-01
4.428587350524732513e-01
-3.854028363972493154e-01
8.154212953048409762e-01
3.133227029712836731e-01
-1.311830265810630447e+00
4.553184484000008525e-01
-2.601712497874114072e-01
4.264716296966091780e-01
-1.207837278594257935e+00
1.505987923697960307e+00
-3.986854654535813558e-01
-6.598037959912874673e-01
-6.832688770820774526e-02
-1.219499155117951705e+00
8.246527611506043742e-01
1.040354457684504075e+00
-4.242480736616076609e-01
1.216939953295670673e-01
-4.523585302206925007e-01
-2.826057846793142980e-01
-9.582653958719736798e-01
9.731408768998427439e-01
2.092428202927885561e+00
-2.305895232643494719e+00
1.112571430589605281e+00
-3.206812439480181687e-01
7.819770143030457810e-01
8.009647942369106932e-01
-5.917392399450077667e-01
-2.962985481008431066e-01
-1.343165554005095075e+00
9.907703122927669082e-01
3.307368778993265424e-01
-4.947224205535690755e-01
6.131406406346378013e-01
5.293376843838454304e-01
-9.211516799023081736e-01
2.051831526446619702e-01
-3.974311412172499280e-01
-1.969957097974756266e+00
2.820457314087021494e+00
2.024749401938196414e+00
-1.282595081030620532e-01
3.171785051530822130e-01
2.809039900779364274e+00
5.435682735510058983e-01
1.098099339581987133e+00
1.811016846095092836e+00
-1.977897346980527771e-01
-3.258737969853883865e+00
1.418997610013252419e+00
1.223221373919353816e+00
-2.569136798850797931e-01
-2.772608320146119354e-01
7.611447321165423219e-01
-1.447365936661222374e+00
-1.202623379447528285e+00
-1.681772405889876421e+00
-1.296568843304353402e+00
6.149555551370596840e-01
9.781040612837386128e-01
1.607542184663556251e-01
-1.196704954298189350e+00
-7.206311775878557757e-01
-7.095988887567912240e-01
6.495080281639773467e-01
1.932691868929173884e-01
5.692630941438521219e-01
8.153231678874824917e-01
-2.167725397164425694e+00
6.673568611993351274e-01
1.198232288744166318e+00
1.296791445284482425e+00
