6.208451588169997558e+04
1.659823452164941409e+04
3.941090761254364043e+04
3.919346291660640418e+04
-4.619608290321310778e+04
2.632895249895853340e+04
8.380475595028455427e+04
-1.598229584795545452e+04
-8.888589701797350426e+04
-2.623132465621908705e+04
-8.283498539108232944e+04
1.700381112847888289e+04
2.544367843924675617e+04
-9.605261736601914163e+04
-8.558777897552198556e+04
-5.041269742106834747e+04
1.159564781236653653e+04
6.784581977492569422e+04
-6.016048073997573374e+04
-6.116523364309450699e+04
-9.411614908372962964e+04
7.314221395654721709e+04
-9.569879628805322864e+04
-3.847086018239322584e+04
5.895369813291076571e+04
7.759700715114810737e+04
9.831751072462125740e+04
8.402046222940922598e+04
-8.451332961038542635e+03
6.558775715017992479e+04
-9.006470023082687112e+04
9.898189140876976307e+04
-6.116572369862710184e+04
4.240636468794304528e+04
1.673301575803885862e+04
-6.112686033928027609e+04
7.378268119924922939e+04
-9.638693193701763812e+04
1.528996896073426069e+04
6.070677178120624012e+04
-6.581203546567726880e+04
6.938743281122448388e+04
-7.362644495274055771e+03
3.450161662312459521e+04
-6.394195801208873308e+04
6.775720110178878531e+04
-2.967022460954226335e+04
2.772252246436008136e+04
-4.475995172053412534e+04
-8.305990702644604607e+04
-4.231672115523002867e+04
3.606844284517455526e+04
-9.785936105466549634e+04
9.756568949731020257e+04
-4.917751068491723709e+04
7.660646753245234140e+04
3.486162907068415370e+04
2.235040548548598963e+04
-7.890492092200445768e+04
4.969656050688071991e+04
3.885882321753348515e+04
1.338816568650516456e+04
7.516347415863226342e+04
-7.025583689217167557e+04
3.207829200003646747e+03
5.439460446129518095e+04
7.462191293295161449e+04
6.907688473942261771e+04
8.186061414398810302e+04
7.940287670674723631e+04
9.382848869306530105e+04
-8.994208234888172592e+04
8.932821933639225608e+04
7.349159687771643803e+04
9.467885868405441579e+04
5.914385295024872903e+04
-6.007031396628553921e+03
-2.046913681824540254e+04
-9.500435126531841524e+04
-7.210683688937476836e+04
-7.374953520641603973e+04
5.547318297389487998e+04
5.707979343322704517e+04
-3.332346796509114938e+04
-6.496133598254394019e+04
3.014244544574197062e+04
5.304456077391429426e+04
2.403568970249199629e+04
7.771264116048005235e+04
-7.206949718304553244e+03
-6.402153818426521866e+03
6.492212114173264854e+04
-2.055764867134675660e+04
-7.219246051099500619e+04
-7.485826176476925320e+04
-3.909397975525510265e+04
-8.200414766594990215e+04
2.540103342341602183e+04
7.653170436010876438e+04
5.108480886243576970e+04
1.774669559534752352e+03
7.005019156250589003e+04
4.663014486725332972e+04
6.708327284929635061e+04
-4.600693999687019823e+04
9.743680268952020560e+04
4.519225510304851923e+03
-8.589170003805139277e+04
-4.463327206352153553e+03
-8.779211981009670126e+04
4.641918212156726804e+04
-9.507887001365929609e+04
4.724780037641461240e+04
6.740903943554651960e+03
9.430449610880634282e+04
-6.736363894510621321e+04
-9.467745886821272143e+04
-2.037111380316181749e+04
-4.406151510078816500e+04
9.968125613244870328e+04
2.446177927043565433e+04
3.582826300858260947e+04
3.077018658668884382e+04
-2.525985644977986158e+04
9.850741193171944178e+04
-2.543707237760153657e+04
6.942596620972882374e+04
-8.788080283968125877e+04
-7.443241084609579411e+04
4.043321225110796513e+04
2.797012906149806440e+04
7.180072016883228207e+04
4.846711928505030664e+04
-2.865535653572723822e+04
-4.812570164144091541e+04
2.493394890112314533e+04
-3.199933073104342111e+04
5.317382960997406917e+04
5.570398190421471372e+04
1.772106072047911221e+04
6.457415137038805551e+04
-4.543262804632815823e+04
6.221456504971587128e+04
4.017072019638512575e+04
3.416726393361551163e+04
3.179020104159182665e+04
-3.676651046009569109e+04
-4.205802613667565311e+04
5.061922186883474933e+04
3.004329524937895621e+04
-8.583748830385170004e+04
-8.296060254674051248e+04
-8.988354887746875465e+04
-1.132882070625076449e+04
2.360856344708750476e+04
7.930514415062456101e+04
7.693891964898987499e+04
2.886924715009292049e+04
8.556368620912173355e+04
8.180488354255800914e+03
5.545451548585141427e+04
-2.709285203319598440e+04
5.157400801888893329e+04
8.585637048009215505e+04
5.120673185089517938e+04
-7.185625151211305638e+04
2.750769699159976517e+04
7.445726150356080325e+04
-7.258237126464281755e+04
-7.594013252198192640e+04
-7.640402204255446850e+04
-1.940910142608894603e+04
-2.628085467266242267e+04
-7.419456947436802147e+04
-9.381617073136896943e+04
1.270459722957489248e+04
-4.435567696284403064e+04
-5.798075448075588793e+04
6.604912326022262278e+04
7.979811417755109687e+03
9.845992388375283917e+04
9.608897792816864967e+04
-7.853539308925019577e+04
4.663645054626575075e+03
-4.593720733833144186e+04
9.637433690155936347e+04
1.329976171070681448e+04
-4.996124750067322748e+04
-2.564197328208396357e+04
-8.437452809054467070e+04
5.135818150606036943e+04
3.196980299407042367e+03
8.711140531541832024e+04
-1.729302360618424791e+04
-8.962981591643103457e+04
1.374007945329145332e+04
8.097862025139050093e+04
-6.475607940700717882e+04
9.400705704601190519e+04
8.061584719950750878e+04
-1.385650695054669450e+04
-8.148249748307063419e+04
-4.287575949200441391e+04
-5.598602048066886346e+04
-3.339141639167135872e+04
-2.671799843170038366e+04
-8.593623437445043237e+04
-1.258588631618193540e+04
8.160211472875505569e+04
-5.957768276678534312e+04
-4.402306309647378657e+04
-8.275516640965135593e+04
2.928915213272165784e+04
6.874369060127242119e+04
-6.266047842660958122e+04
-5.243662841650163318e+04
-7.977015455629366625e+04
1.559081426378245851e+03
6.481292230142303742e+04
-2.450609800207716398e+04
9.518925707715141471e+04
7.004512169440588332e+04
2.197784343500446266e+04
9.046881607323975186e+04
5.684803348700606875e+04
-8.130871466947683075e+04
2.098958998724715275e+04
-2.535460359777801204e+04
-9.618848903946031351e+04
1.277978229229872522e+04
-4.203154482428015035e+04
2.166924686832603038e+04
1.999464895252769929e+04
-1.676737328070140939e+04
9.544557329570986622e+04
-3.502989748788850557e+04
4.977171173747332068e+04
8.036759909872768912e+04
5.877730057728195243e+04
2.967915542267774435e+04
7.994998037176505022e+04
1.289653549185653173e+04
7.763880708170210710e+04
-2.108841883573753148e+04
7.059541844366425357e+04
-3.819877965729582502e+04
-2.172690427703953173e+04
4.053990730658415850e+04
1.208383073339028124e+04
8.375819804279516393e+04
-2.665451133369982927e+04
-7.311964719229836192e+04
3.111251338430720807e+03
9.895193549846614769e+04
1.331714747496013615e+03
-6.412310567439563602e+04
9.253931917188271473e+04
3.645090867750517646e+04
-8.652457388716920104e+04
8.617220961986909970e+04
-2.975071582482664235e+04
6.630690105368076183e+04
-1.484719324323203182e+03
7.315973321397317341e+04
6.889163275820990384e+04
