-3.890842728207558685e+04
-5.012831283591071406e+04
-1.018003215952190294e+04
-8.590565361938091519e+04
-5.396925749474682380e+04
-2.254904580107932998e+04
2.362025402551525622e+04
-8.166925752701342572e+04
1.586225154901516180e+04
-3.700133171632637823e+04
7.379116002034036501e+04
-7.806390360919192608e+04
3.610777543963979406e+04
4.590722211307362159e+04
5.447600322559738561e+04
5.034945542522479809e+04
7.648244309420620266e+04
6.869414608480982133e+04
-2.814637542596788990e+04
-3.339187731932273437e+03
-9.800119476614148880e+04
4.845032297752890736e+04
-7.586088754426818923e+04
-8.527834963319718372e+04
8.669775929810650996e+04
7.562318584698393533e+04
-8.661263854964687198e+04
3.213865420330456982e+04
-1.462368596416749460e+04
-6.937140703182258585e+04
-5.239411550222992810e+04
9.726715340758037200e+03
2.682748285407178628e+04
-5.425545387553756882e+04
7.755666356712351444e+03
7.166482719917681243e+04
-9.606683589920825034e+04
-2.910256302524923012e+04
9.708735357748683600e+04
5.897438848641587538e+04
-9.375698875174220302e+04
-6.287280067533648980e+04
-1.899682009773779646e+04
3.589629256890380202e+04
9.126112328801329568e+03
9.331417237108218251e+04
-5.513341615985077806e+04
-2.311242318082534621e+04
2.214816367643931881e+04
-4.272547423012228683e+04
-5.385435161105744919e+04
9.817970345744061342e+04
2.733149301915203250e+04
3.528599953002056282e+04
4.383309330346940260e+04
-1.581285967668803642e+04
-2.380216030130055515e+03
7.055451455463108141e+04
-3.850937780221291905e+04
3.325334250707749743e+04
5.924933713237060874e+04
1.777777274016386582e+04
5.933730577774596895e+04
3.557500689615937881e+04
-6.250946613952069310e+04
6.518367667185894243e+04
-1.611939704718701614e+04
6.952723936459093238e+04
9.914203293740237132e+04
-6.247479150252553518e+04
3.988528564206865849e+04
-8.572220403988062753e+04
8.596169625503235147e+04
-8.480070690182888939e+04
-8.449202950718459033e+04
2.559041290357122489e+04
-2.068995163242895069e+04
9.609753392463696946e+04
4.579248200096113578e+03
6.044618089715279348e+04
4.383855287455520738e+03
5.180740133802994387e+04
-8.277191997137447470e+04
-1.788181574248462857e+04
-1.928322465963704599e+04
8.214426817351972568e+04
3.904602186516276561e+04
-6.674383539224688138e+04
-4.191208429200084356e+04
-7.044930145974722109e+04
8.792558512017501926e+04
8.344006250474134868e+04
-7.498694047444613534e+04
-2.528689830178205375e+04
-5.440063076514222485e+04
-1.754152149137655215e+03
-5.574694154831148626e+04
-7.226759678177352180e+04
3.351968469595951319e+04
-5.122048642919712438e+04
9.528383580399939092e+04
-9.803763620903014089e+04
6.420495359286710300e+04
9.429790866855348577e+04
4.108063320318498154e+04
-5.833078250402503909e+04
-7.338684825359887327e+04
4.370040921045582945e+04
2.882851794733774659e+04
7.944793851686122071e+04
-3.288858239357847924e+04
2.593954874644003212e+04
-3.852263768544860795e+04
-5.439877162280095035e+02
-7.457737241877515044e+04
7.840260331015331030e+04
-4.554160184954989381e+04
8.459130384481212241e+04
-6.500758596978469541e+03
6.117780829048063606e+04
-8.401706570062390529e+04
7.136822630223352462e+04
-5.033970411325038731e+04
3.424936605007074832e+04
3.562310307219282549e+04
2.298659969404531148e+04
4.986231904956011567e+04
3.882115183650065592e+04
-6.676946946893497625e+03
-8.794902105341207061e+04
-9.204753664208529517e+04
-7.039075465067151526e+04
8.729290853039000649e+04
9.441496399151938385e+04
-8.202624769175978145e+04
2.351426041179618551e+04
3.072109905865346445e+04
5.078618988008348970e+04
3.442208670711245941e+04
-6.786121703152115515e+04
-6.604803654530421773e+04
3.753160615893349313e+04
4.844098645239885082e+04
-2.706247915365555309e+04
-8.510670932443113998e+04
-2.745564311871943573e+04
-1.584483611903826204e+04
-4.802740821544072242e+04
1.024343865541221203e+04
-2.099597669304829469e+04
-1.928034927263467762e+04
-4.424421026367665763e+04
-9.718325136473498424e+04
-7.218115057413569957e+03
-5.654372539505406166e+04
-4.649046555951888149e+04
9.739949147834701580e+04
-8.480214525832104846e+04
-8.126809931160858832e+04
2.204658902212856265e+04
-4.296831265053368406e+04
-4.969078522771390999e+04
5.281748081411993917e+04
-4.775389001015736721e+04
8.598802972698358644e+04
2.633060505448383992e+04
-2.532933003143258247e+04
-8.014265807475446491e+04
-9.338581602561271575e+04
-5.547708025269363134e+04
8.135044505579619727e+04
9.539649271023894835e+04
8.300592885066995223e+04
-8.756031071101981797e+04
7.680106867688507191e+04
8.818640006862541486e+04
1.712608333517768551e+04
9.367494307371927425e+04
4.413903465425479953e+04
-9.973645501168246847e+04
6.936165079583559418e+04
2.651836233888833158e+04
2.065043969892821042e+04
-2.754467843641551735e+04
-4.347001306998595828e+04
3.629374626118282322e+04
9.636429383849812439e+04
-7.271642551318176265e+04
-2.271064558128730278e+04
3.591786456621980324e+04
-5.661437073305083686e+03
5.257639354097995238e+04
-8.112939387650093704e+04
-9.008119422096517519e+04
1.900872354489875215e+04
7.962593173784157443e+03
3.838591581448866782e+04
-2.971018528285764842e+04
-2.589467567075003535e+04
-8.661267944240594807e+04
3.809670067588170059e+04
-7.041244751258121687e+04
6.217385233071743642e+03
2.916252058574628245e+04
-8.353841069130173128e+04
-1.981226972308451150e+04
1.099044214250318510e+04
-7.167527931487566093e+04
-7.318553977685153950e+04
-7.488790878967184108e+04
2.954846349367726361e+04
6.449865230833381065e+04
-3.209456404502769874e+04
-1.372163324352743439e+04
-6.135797169695929915e+04
9.019945198496694502e+04
-5.794116426752496773e+04
8.571130652675663441e+03
-5.029706068182753370e+04
-6.289058857213764497e+01
8.797257615077099763e+04
4.804013009444007912e+04
4.695233842158985499e+04
-1.933194122622418217e+04
-7.268076753823125910e+04
-4.702158946064799238e+03
-2.063945197004170851e+01
2.368926472113173440e+04
2.070587954075066591e+04
9.274574682575013867e+03
6.568201055404133513e+04
-7.208475268815724121e+04
1.765141477301342456e+04
-1.565228853960294327e+04
-4.806496615987132100e+04
1.521633086057765104e+04
-5.674272311975273624e+04
-8.251189607331635489e+04
-2.195928071631446073e+04
2.201281052050517246e+04
-7.954651633033687540e+04
1.492835982033629443e+04
4.249350482656032545e+04
-9.823217959681680077e+04
8.396020436795794012e+03
4.997421304731231066e+04
3.735166609095888271e+04
3.815587975231000019e+04
5.936371081484622846e+04
4.566302666440790745e+03
6.434157815608468809e+04
4.831913703461636760e+04
-8.584339397781740990e+04
6.226463425429699419e+04
-8.099537958815020102e+04
-3.539849007986504148e+04
8.453762048854156455e+04
-4.165508649876929849e+04
6.524398020972595987e+04
-3.249469635734654366e+04
-9.747382376906576974e+04
-3.539787322136537841e+04
-3.795860370439093094e+04
-3.870140926117104391e+04
8.149895861828316993e+04
