-6.511615809911381803e+04
-3.121439834241487188e+04
-5.351724604495673702e+04
1.018536196909896717e+04
1.444040182743684272e+04
-5.248605322369891655e+04
-6.039744571745923895e+04
-1.860199883415625663e+04
-5.892316662597307732e+04
2.733284226021360882e+04
-8.191548931480439205e+04
-3.304957143010090658e+04
7.889630864220003423e+04
-8.003492430199314549e+04
2.012972829232270306e+04
-8.615943281992772245e+04
-2.179123742954616318e+04
1.635593713219592792e+04
-1.586826394656788398e+04
1.030945564609187022e+04
2.567422850917721917e+03
3.175732795086640908e+04
3.582426931392167899e+04
-8.555797649999339774e+04
-9.239572249183853273e+04
-7.012694539278224693e+04
-9.297596460087528976e+04
9.116722248530674551e+04
-6.983845170458652319e+03
-5.190189480529208231e+04
1.724273210346204723e+04
4.125061745531199995e+04
-1.657864419149971218e+04
-1.320096894632784824e+04
6.459570192302279611e+04
9.821225718306533236e+04
6.055618505340890260e+04
6.609311301360456855e+04
4.601316364966408582e+04
-6.043975526958640694e+04
1.153285048193845978e+04
4.264787689911600319e+04
-3.888666486987400276e+04
4.840648916017700572e+02
9.677176206901314436e+04
6.548955469701477705e+04
2.474636471632032408e+04
9.512106263387853687e+04
-9.189503379333156045e+04
-7.704417804388677177e+04
-1.185499177978824628e+04
7.989277912260284938e+04
5.707242454913974507e+04
-5.477209925123854919e+04
-7.373056080194820242e+04
-7.754971757405812968e+04
-6.929294611253666517e+04
-7.242381058123554976e+04
-4.766672865786549664e+04
6.441336706128610240e+04
4.587729533381169313e+04
9.032969499399237975e+04
-8.112574606496148044e+04
6.586931388818449341e+04
-4.234427921983293345e+04
-8.054775970239832532e+03
9.991970261403157201e+04
-5.987474535900539195e+04
5.717992622178402962e+04
-7.745581193997889932e+04
2.632550425467847890e+04
2.635024729283592751e+04
7.109010219864108876e+03
3.902727694283780147e+04
6.467207454036606214e+04
-1.082255944825646293e+04
-1.841406785701452100e+04
7.001635333342550439e+04
3.247345454110766150e+04
-2.030965874555944902e+04
2.185072325422544964e+04
-3.275386857821882586e+04
-9.127196890339274250e+04
-3.115473030885290427e+04
4.373670825284606508e+03
-6.185944631689010748e+03
-5.664101546117463295e+04
-8.491229027486615814e+04
3.345377832751236565e+04
-3.346931055972392642e+04
-4.201975619013616233e+04
-5.326992598307252047e+04
9.048053779386571841e+04
1.298069031575921508e+04
6.103967026507804985e+04
-7.300829452213487821e+04
3.070756835643538943e+04
-2.980293773166619940e+04
3.235016612609472577e+04
6.342208121986410697e+04
7.325636845915879530e+04
6.226695795624241873e+04
-6.207191477487517113e+04
-5.062098803077502089e+04
1.304129096182125977e+04
-3.296124444741034040e+03
-8.855711852012081363e+04
7.477858580077109764e+03
-6.558737205746170366e+04
-1.661547827555834738e+04
-8.130777213863132056e+04
8.064632790712597489e+04
-1.830640475981469353e+04
1.785131854637631113e+04
8.141091753015680297e+04
-4.814639597377618338e+04
1.983358872498369601e+04
-1.329202581116750662e+04
-8.211210724209762702e+04
2.491721114199802105e+04
1.947737356025332338e+04
-3.302895762564816778e+03
4.550395905568293529e+04
5.563217694325379125e+04
-1.751314050118012165e+04
9.128655711963310023e+04
6.125088114710882655e+04
-7.775052434828516562e+04
-7.827727952052799992e+03
-3.432831866430956870e+04
-1.271599991929557063e+03
-2.265700336865992722e+04
-8.254107322190981358e+04
-4.274992388845623645e+04
-4.013133920570164628e+04
5.741778207531615044e+04
-3.421420394589307307e+03
-6.550443261254165918e+03
8.753519511946607963e+04
1.354737688423397049e+04
1.094692402667656643e+04
6.469578814890173817e+04
-2.215779011574736069e+04
-2.547629281425232330e+04
-2.850706341342029191e+04
8.870102029786122148e+04
8.830964881152368616e+04
-3.122736728122684508e+04
-5.870448767107282947e+03
1.607790438423221167e+04
6.325331988260745857e+04
7.378343711897240428e+04
6.619727262788241205e+04
-3.648241462875781872e+04
-7.917981616739019228e+04
4.279264260781196208e+04
-3.206720350843630513e+04
-6.009535422512378864e+04
-9.206203788007472758e+04
6.775808605079629342e+04
8.013905892173823668e+04
2.157340424818957217e+03
-5.497840737643773173e+04
-9.886667863959266924e+02
4.464354029035352869e+04
-1.943827675156915939e+04
2.881197784651731126e+03
-3.921779127486566722e+04
-3.803278112761384364e+03
-8.103760855761039420e+04
4.195235820117984258e+04
-9.966873521621235705e+04
-1.104411230087833064e+04
-9.652227779982911306e+04
3.208457041062810458e+04
-7.663091495839599520e+04
-3.297557549080414174e+04
4.653444656892916100e+04
-7.517005260587883822e+04
-3.853076037993163482e+04
2.390390664017523159e+04
-3.295838114372434575e+03
3.556730000724545243e+04
7.905324029273443739e+04
3.603666949027012015e+04
8.869021733211255196e+03
-9.922942145335544774e+04
-5.643889833348989487e+04
-9.849254880879346456e+04
4.775696766851474968e+04
5.475839134344855120e+04
-5.798584094495081081e+04
5.181464891089245793e+04
-2.170171664666906872e+04
6.237698672870827431e+04
4.560490986882121797e+04
3.929187022986655938e+04
-7.622068256907573959e+04
-3.330734076712463866e+04
-8.899124433213265729e+04
-6.479082199449407926e+04
-3.318820817906735465e+04
6.714969142919819569e+04
-9.671467466390108166e+04
4.800704354130577849e+04
9.500141246935675736e+04
4.919192264677595085e+04
7.459284621896680619e+04
-5.586487924856629434e+03
1.405174384822983666e+04
1.983820082367573559e+04
-2.284972751492659154e+04
5.896382722093311168e+04
-9.192333671652626435e+03
7.302561270935664652e+04
-1.449434762794356902e+04
2.856919523125858541e+04
-5.050846553492530802e+03
9.538042119405357516e+04
9.199835174161632312e+04
-6.315804176866541093e+04
-9.256639188031933736e+04
2.952775930073586278e+04
7.475910376652880223e+04
5.113870851671102719e+04
8.323457707638591819e+04
-2.514009131958490616e+04
-2.597782225578450380e+03
6.652995229752396699e+04
-6.527266327367570193e+04
-3.507299478992159129e+04
2.843385889982524532e+04
2.674617620465412620e+04
3.369559913667458022e+04
9.570284729045174026e+04
8.724322848147237892e+03
7.462840993681739201e+04
-3.194258955563060590e+04
-2.205236846200465880e+04
8.606392008600043482e+04
-4.876295799478771369e+04
6.481698193350415386e+04
9.293443602134339744e+04
-4.966664995198775432e+04
5.788424660568321269e+04
6.187035016315650137e+04
-9.567617106458152193e+03
9.318072465615475085e+04
2.725184170025791900e+04
-8.266925176638388075e+04
-7.011683822007011622e+04
-6.681722045608235931e+04
-5.127062926608412818e+04
-4.206571372292410524e+04
-3.127478893482989224e+04
5.191547799119341653e+04
7.751639153088558487e+03
-7.740769547672724002e+04
-5.922518749875295180e+04
-1.832788501968699347e+04
-3.411877945045488013e+04
-7.697433894623201923e+04
-8.455233444070593396e+04
6.795829483440985496e+04
-3.259042948592534231e+03
