1.139301771066794922e-01
3.044421820305089413e-02
1.139300174865775089e-01
5.563857024169901466e-01
-3.301641323898921176e-01
-1.843054729467236974e-01
1.654898323136175797e-01
-2.506005512449683281e-01
1.369805525463638762e-01
-2.619834821974383887e-01
-2.470484346327138717e-02
2.558123543331050076e-01
1.421237728275237533e-03
2.497769624730626914e-01
4.622842479896604323e-02
9.822156226992964645e-02
1.679686444265096057e-01
-2.122699064669502922e-01
1.854056998213729213e-01
1.348950386034417637e-01
-9.959571197333418058e-02
2.689827529406353390e-01
4.957504703858910955e-01
-5.482865644349235734e-02
-3.212631517015236970e-01
2.584379639676937512e-01
-2.794385826942134554e-01
-1.707319958165376128e-01
1.805556066885846134e-01
-1.810673071596569789e-02
-1.920292112236625937e-01
3.245720810340319701e-02
4.374706759360256214e-01
2.682258991909283394e-02
-8.912580240278741850e-02
3.255853628151034185e-03
-3.200096400625572213e-01
2.032938796873741683e-01
2.155861515367117620e-01
3.085242201725390543e-01
-9.629519053373780668e-02
2.470987947359650216e-01
-4.077123405021589042e-02
1.679814429243096929e-01
-2.844551500368052710e-01
3.501994226707543234e-01
-1.702796789521562881e-02
-3.852530907151523465e-01
-7.563042874887425382e-02
9.748349499513121741e-02
7.202132953937878668e-02
1.521361379752765308e-01
6.760473993611300358e-02
-4.895255353652396002e-02
-4.058653872740485002e-02
5.560465633608326075e-02
1.132577034422238699e-01
3.870978491390438259e-01
1.116359521113506267e-02
1.176650585249180980e-01
1.928262495323153913e-01
1.571260549608349266e-01
-1.803311148667536279e-01
8.329095477235527040e-03
-2.845452536142394073e-02
2.987894840946466735e-01
-6.097534468083555537e-02
-1.487281325598430182e-01
-7.716778676630654810e-02
2.066589654152507505e-01
1.079234846549101401e-02
-1.002801199547417310e-01
-2.334548741071579281e-01
-1.097953086344308216e-01
3.336389758176769305e-01
1.747227502695473111e-01
-1.450454092169480569e-01
4.363458716030688828e-02
-1.429457548878230178e-01
1.865809121698525086e-01
1.525870741233533723e-01
-2.217833314067186451e-02
-6.647836693760092452e-02
-1.973175151951969131e-01
-1.161773400287710589e-03
3.618562966388153557e-01
1.543434453544179907e-01
2.084012525476530431e-01
1.691058267891806244e-01
1.042797171175881971e-01
3.051203751711094037e-01
5.269501742503027719e-01
-5.128513244000673099e-01
1.404347167604252655e-01
3.375019875268090441e-01
9.036072699191430302e-02
-2.574565034491939075e-01
1.490324712852813260e-01
8.637524755551570510e-02
-1.273224515445267047e-01
1.350555857873187160e-01
-1.714058970067659504e-01
7.756783756940882624e-02
-2.171366285634734328e-01
3.379049992592355611e-01
-2.224286473939345726e-02
-2.752292127389896481e-01
6.476125489258462153e-02
-1.795534361889696007e-01
-3.574428802222650442e-02
5.515225706759149110e-02
-1.453136521807604220e-01
5.025279161365504843e-02
2.358723685622326760e-01
-1.708280224927482271e-01
-2.617814564154985479e-01
3.792670976628903512e-01
2.292130160422749252e-02
-2.793819961887959447e-01
-8.739202524983790549e-03
4.612720991410265703e-02
-2.950208549327511531e-01
5.100840935104614116e-02
7.294961022091861480e-02
2.892279720611549143e-01
6.099610748058439252e-02
1.505279944396787639e-01
5.974592475943025366e-02
-2.058561033440448884e-01
2.313512129034564768e-01
1.651885184335795051e-02
-7.592021449490879426e-02
2.960506122396479589e-01
5.913066644804895744e-02
-2.383004024242403041e-01
1.020191715747268829e-01
3.690872707437805045e-01
-2.535588320043559718e-01
-7.053735312515183042e-02
-8.368038173233711616e-03
-8.805238732262984924e-02
2.273781549192737117e-01
2.881514070147564999e-01
-1.335042449198985959e-01
2.171774744207371488e-01
-1.009697707813883710e-01
1.494064607975877645e-01
-9.603454157981393402e-02
-1.587509199991341824e-01
1.191865905203056547e-02
-3.053510103433271228e-02
1.338527928611568107e-01
3.119231978121274340e-02
-2.969631427697906334e-01
1.409171616500353441e-01
1.194418743921776827e-01
-1.906110285418263217e-01
1.620952347455603959e-01
-2.353881714590517343e-02
-9.204047168929924139e-02
-6.638626279277203002e-02
-5.420374163908599219e-02
9.639365111171437073e-02
-2.252193103842069499e-01
7.415497628928216511e-02
6.756390196500412434e-03
-1.553565264405161739e-01
3.846050718132820734e-01
-2.901509432059967003e-02
-5.877208351537542216e-03
-3.135974673779518551e-01
1.025985273867395936e-01
-5.038240500098925198e-03
-8.833925016294036370e-02
-1.808796725787051307e-01
-6.779074789791561528e-02
4.202681826024244616e-02
-3.502157331935179529e-02
-2.763136876096796701e-01
4.396880271744551399e-02
-1.886706839367764121e-01
-6.863454899972201706e-02
-1.342050678269746389e-01
-4.353441985383988549e-02
-2.858621801915084762e-02
2.270971941969565366e-01
-4.716602176297444715e-01
2.687822997849110274e-01
2.214740280191089539e-02
-6.249306947864285283e-02
-1.504798323396561166e-01
-2.664624627828204306e-01
-1.734437130378962966e-01
-2.207462917998628815e-04
6.658459687741223598e-02
-7.099197489083869383e-02
-1.613121572387726799e-01
-7.848533890649075917e-02
-7.359651865853990282e-02
-5.292056304434218372e-01
-5.815732148284813441e-02
8.005518881671160047e-02
5.106752579826156352e-02
-2.146293913496469252e-01
-2.220981983849375785e-01
-2.521553829032164296e-01
-1.619272528867963731e-02
-2.595046282925802528e-01
-1.460319568418579905e-01
2.161165456791367956e-01
2.236182751908772914e-01
8.760474746846630412e-02
-3.758828104138373094e-02
2.293165180927967950e-01
3.996363729166948486e-01
-5.793800971306150016e-01
-4.483885647179710054e-01
2.834426234047834336e-01
-4.640949290674635519e-03
-4.822364669093284761e-02
-2.846015047332611236e-01
2.040225401041682041e-01
2.531693485507073849e-01
-1.280523520769460966e-01
-2.007014030743007812e-02
-4.185958048677513865e-01
3.391551711684164250e-01
8.189260711009366256e-03
1.724532691595493938e-01
-6.502747021218184542e-02
6.335528578385453413e-02
-1.411587056410771313e-01
1.157234355696734052e-01
-1.116638348031255834e-01
-4.954187876222203996e-02
-5.799270514593703185e-03
-3.623243104412013360e-01
-1.600690680912247310e-01
2.758941118011796201e-01
-1.239834158530155397e-02
-2.930196753087552231e-01
-1.252300267584900706e-01
1.149326441643752361e-01
1.445707731608336100e-01
1.256397054239902777e-01
-5.898007851651516920e-02
-9.565616661993031622e-02
-2.179896354001261416e-01
-3.932080870889153035e-01
3.102692764559632499e-01
5.469346065911437349e-02
2.513960434682768197e-01
2.619295562363092855e-02
8.676027150261270138e-02
-1.388651286341955893e-01
-1.485980027311418761e-01
8.468523555370174871e-02
-1.811198588158444422e-01
2.402009431285930252e-01
4.541000849071715612e-02
-2.008792769900885344e-01
-1.740323332027382819e-01
2.304394619073694972e-01
1.100224761321004496e-02
-4.553591808989265050e-02
