-9.493896228861545827e-01
5.571641460101686150e-01
-3.146880068910438144e-01
7.448928395087099918e-01
-5.499614043811555941e-01
-1.048604998640397135e+00
8.056942638509576593e-01
1.592771932584418515e+00
9.694442287696095617e-01
-5.125789194128435033e-01
-1.824007689220563666e-02
6.719028899161723078e-01
-5.024451515804845281e-01
9.681158686346758024e-01
-1.774926706093287732e-01
9.948423834986462877e-01
1.099151997573124317e+00
1.241070361843271019e+00
-1.601984353448786980e+00
-2.619573254285663122e-01
3.513943770846544856e-02
3.083079814589188838e-02
5.299698311255554017e-01
-1.486620976044311093e-01
9.508338332839222362e-01
6.389751466115428657e-01
-5.608445134068790194e-01
1.581442575370667125e+00
6.076271995180980712e-01
1.466519596637519962e+00
-3.176496811518408903e-02
6.442237635893736103e-01
-2.622095812920876567e-01
4.771028491883962941e-01
1.082406457503901187e+00
7.634341226907435107e-01
-2.865936636440420404e-01
4.043357361519228643e-01
-1.512140289285903050e+00
-1.063700507731108136e+00
-7.593781073914744884e-01
-8.691322144201436561e-01
2.933558937009643208e-01
5.790524383525849084e-01
5.641926246939452660e-01
1.544630590029973494e+00
-2.435709780366835664e-01
4.543521174320909739e-01
-2.163557279120557619e-01
-1.989717089604121192e+00
-6.121923843763623641e-01
4.546402112761893100e-01
2.901247458251785538e-01
-1.252544199909586320e+00
-7.785149212010300523e-02
-6.347424440927504907e-01
-9.370436325602640171e-01
1.395656415079841395e+00
-1.165253496732773009e+00
1.434836987486052817e-01
8.515676206228545153e-02
2.119121099024322830e-01
-5.200286705505279272e-01
3.754628319852282292e-01
7.097301520189629453e-01
5.951795295636319594e-01
-7.254837830624329964e-01
4.867190386717012984e-02
1.556267214502142782e-01
1.025098779964743745e+00
-1.190875927045913496e+00
-7.001528177538455244e-01
-5.321637934080304388e-01
-1.900780802557918703e-01
-6.236945633713631976e-01
-1.337392347259587666e+00
1.424851083167670840e+00
-2.368053103505175727e+00
2.238841926580684483e+00
1.279685943249706526e+00
8.019881644460777337e-02
4.377320574988640689e-01
-1.211417559369774910e+00
8.611951072521886186e-01
3.070415862465493140e-01
1.153305704616988669e-02
-1.112444216636698568e+00
-6.262165041861837977e-01
-6.364361493352406196e-01
-4.194327575976752875e-02
3.650557795863131894e-01
-1.273955072081625062e-01
1.409902328867018495e+00
-1.051652339017771887e+00
2.189229082005370586e-01
-7.843628933328636865e-01
-4.017546810074710262e-01
3.368827835375119983e-01
5.801882117393605265e-01
1.878745430642550174e+00
1.114541527444188329e+00
1.949080575450856223e+00
-7.191547156709768851e-01
-8.027011275061531892e-01
3.229742308958302721e-01
-8.503665124527547414e-01
-4.758850480298144059e-01
-8.285974977896264360e-01
2.162931700668485890e-01
4.309621691906044827e-01
-1.868649482282834562e+00
-4.696524373657106066e-01
-7.351130062076944860e-01
-7.164201433176774492e-01
5.180422307848261410e-01
1.793116146179773551e+00
-1.537379749173937826e+00
-1.789067969790400503e-01
-4.955533752565862149e-01
1.511310909925509094e+00
1.445609505796336958e+00
8.200220926423150702e-01
-7.094426165150385932e-01
1.144902307728923541e+00
3.272359893497562844e-01
2.512237678252513540e-01
1.641533585320430255e+00
4.203406088896485260e-01
-1.731463435838908271e+00
1.515099701232619500e-02
-6.530574762935332789e-01
4.788600283756165865e-01
-1.150945367960922505e+00
3.841905233121968577e-02
-7.293052604947890261e-02
-1.451962872525502934e+00
8.960076096965333692e-01
-1.623873783588084541e+00
9.993978349573321429e-01
4.862084210240821269e-01
-3.089666995562934670e-01
4.512992276584515405e-01
-1.237631921451929351e-01
6.347063633068890098e-01
1.247960093510987134e+00
-5.691334868988587870e-01
8.250675856200522240e-01
5.221874385027804877e-01
-1.318796455581666249e+00
8.086710801166231422e-01
6.989063457388242639e-01
5.981480968624111050e-01
7.084612996887305059e-01
-4.855542892263314814e-01
-7.159102071780852894e-01
-1.151477823971748915e+00
6.202698472799320628e-01
-1.030920496270573805e+00
1.089238088961596240e+00
-7.175367480363413764e-01
-6.552757853437796154e-01
5.907631307968688184e-01
-5.787857616342597655e-01
9.240541429747047009e-02
-7.676116445813305766e-01
3.662717546055156426e-01
1.259348966667437564e+00
-3.774949140620175170e-01
-2.245543292543200620e-01
8.813888981757239671e-02
-5.342816142954469605e-01
1.262980304727296277e+00
-6.916364582222959134e-01
-1.505071492307318071e+00
-4.105099004980062860e-01
-1.715517726820573741e-01
3.740485146036449660e-01
-1.272464276038093867e-01
6.647047987914891376e-01
2.440432568574295580e-01
-1.831383682701130666e-02
-4.176453804775079326e-01
1.078566961714325423e+00
7.013514916340722882e-01
1.410375005265055992e-01
9.681108101593252080e-01
-9.036730070909786416e-01
-4.493341318316349531e-01
-9.027162848930456729e-01
-1.400977285884344337e+00
-1.200299839871888374e-01
-6.004158848682299432e-01
-1.433294212816080826e-01
-2.507802197013017653e-01
7.381108351245366794e-01
-5.026402881646432341e-01
1.097187789333961661e+00
-1.805646944580898028e+00
1.172115932237346003e+00
-7.026897829142342289e-01
3.568137677736970548e-01
1.366203313353963056e+00
-3.428938655710317973e-01
-5.900911321833559597e-01
-1.496679618938763778e-01
5.283929244783795998e-01
-5.775369125344271826e-01
-1.116733510536791929e+00
7.386258438613363397e-01
-1.317115704823546896e+00
-1.105734427685585164e-01
-1.437210798425422098e+00
-6.557202577201676208e-01
7.764690284645411333e-01
1.252957990849870584e-01
9.812365556607177686e-02
-2.024132041980721275e-01
-6.914959066219159567e-01
-7.268287121398346873e-01
6.101485812380107454e-01
-8.454533778477538175e-02
6.007257294251814317e-01
-7.686942755273336036e-01
1.344135788767900852e+00
-1.939402477849098694e-01
2.269577943944866560e-01
2.561236561279707225e-01
5.196065337032598208e-01
6.570869464668296356e-01
1.009922079846980791e+00
-3.130740736430441262e-01
1.229018902336643571e+00
8.538288258941960640e-01
-4.121329813317364810e-02
4.164964273766906810e-01
-7.085507103223622760e-01
1.711400852747986923e+00
8.292889781760672818e-01
1.504422493814417061e+00
2.184492328157725538e+00
1.453195691129355316e-02
1.382425872011097567e+00
6.908737131699700385e-01
2.333008368415147304e-01
1.078485331900376432e+00
-6.717643416040022242e-01
-1.053640787074151541e+00
7.904411654204521742e-01
4.017034504571797005e-01
2.479681394611455980e-01
-1.560082194074910555e+00
1.491295426074491060e+00
1.177664194639608253e+00
-3.407838591633049474e-01
-9.649993764724983381e-01
-1.074311588398004114e+00
-3.736701719975255021e+00
7.044642116913677476e-01
1.790699478511043052e-02
7.477717271478394323e-02
-1.196024355762072000e+00
-1.572259842764664128e+00
-1.149951646158061447e+00
1.804691613159898900e-01
-4.313217693796730229e-02
