1.839509482461165746e-01
2.041211362454016243e-01
-3.433211056150891043e-03
-3.164381585187442392e-02
-3.209721969818531973e-01
4.209383305348206594e-01
-1.473181723322684877e-01
1.192528756509196319e-01
4.320073191904194032e-01
5.400883122173601170e-02
-1.694403886798073744e-01
9.183201588208074473e-02
1.459081077184639363e-01
-1.491170014534708432e-01
1.467750283424560931e-01
1.034880213787368608e-01
-1.027562152231855236e-01
-2.156719986292328639e-01
-1.741634359221667094e-01
3.987820147603697851e-01
-2.775897953629136161e-01
5.865677088648156845e-01
-2.950670819786272436e-01
-7.033077998637547734e-02
-6.365936722593286412e-03
2.281864025205527224e-01
-4.269675610224412110e-01
3.229091988337975949e-01
9.815872254225274651e-02
-2.079252031248904897e-01
1.048837651730598064e-01
3.166145317608251575e-01
2.939250543853939024e-01
-2.655922866333436730e-02
6.846823882432596931e-02
1.605856307435837016e-01
-2.135027511511648768e-02
-5.300852406646588966e-02
4.017300845641116336e-01
-9.508343464428438419e-02
2.357511590615566921e-01
-4.625885380641511779e-02
1.150366351505703426e-02
-2.298786971556175326e-02
1.964039290074343358e-01
2.499165165600373550e-01
-8.064197327805584792e-02
1.592222114920454623e-01
-9.169867287621516483e-02
-6.663972098527287669e-02
4.912937305946885481e-04
-7.735892410835895627e-02
-5.471748730408237255e-02
-4.078787029162486144e-01
7.482189798413504955e-02
-2.182938672537803881e-01
1.006470452897818141e-01
-5.872387419100292411e-02
-2.713140622369206723e-01
5.757986812805285931e-02
-1.594174072786038454e-01
5.215110242106271721e-02
8.691953541125931049e-02
1.120602006760431923e-01
-2.506043798961250096e-02
3.041270230160130969e-02
1.697763650019563642e-01
-1.494685184522852039e-01
1.125956703969242245e-01
-6.470525670905095950e-02
-4.909640666618104304e-02
-1.705880748881397624e-01
-5.321674267513656909e-02
1.821225060131199947e-01
4.002005368280068254e-01
-3.948979922957263772e-02
2.280109004761647629e-01
-3.133382310519110259e-02
-1.297547358320025324e-01
2.473400944565010695e-01
-1.132898318461128713e-02
8.793530593237651460e-02
4.837618434094407838e-01
-2.759778103293834550e-01
2.655686433666805124e-01
2.300418418760675765e-01
1.362292510865960142e-02
1.757713926559697215e-01
9.780044231027022750e-02
-8.494271151286766908e-02
2.007814399461830268e-01
8.523403507819260483e-02
3.648950516081061329e-02
7.818015360853981799e-02
-5.424239909202676485e-02
-8.442328896501694047e-02
5.801151333010902411e-02
2.290048703006892505e-01
1.199282275020101124e-01
-3.687586403030435611e-01
-1.388717034115040661e-01
1.117095787430957485e-02
-1.989544547829335264e-01
9.664871088049561965e-02
7.391852568676704482e-02
1.053227813046095085e-01
-6.980256184647809503e-02
1.331804981795200182e-01
-5.373154484748674659e-02
4.884110669564883933e-02
-1.051317318083894864e-01
-1.244979789736158637e-01
6.406057004256884846e-02
1.501188947865603751e-01
-2.583602700047260559e-01
1.194705428350033016e-01
-5.101715536200589901e-02
7.958562591419272858e-02
4.790001607152503671e-01
-1.285946030226065018e-01
-8.013558017702507308e-02
-7.374992254260136215e-02
2.653970724671190218e-01
-5.801175203666101288e-01
2.327091503709515230e-01
-1.586780064200465079e-01
6.654226498810091039e-02
-1.516546289454829832e-01
1.064099778293727677e-02
3.755760997955104319e-01
-6.412222471200308693e-02
-1.090241351030622474e-01
-1.528638494561407324e-02
-1.520667975940036554e-01
2.288800951330813571e-01
4.648857681942754339e-02
-2.896717306443347129e-01
1.346485882423637259e-01
-9.563880014471189128e-02
2.133880279100761057e-02
-2.220522901325669152e-01
1.413036137125007752e-01
-1.789545769164652828e-02
-2.446247118517460017e-01
3.766283541280520536e-02
9.519539515600287938e-02
-3.226722189126763739e-03
3.041498111802194426e-01
-1.240738676060858803e-01
7.319311562415480032e-02
1.944880308775642427e-02
-2.260645567652987686e-01
1.999795006492343374e-01
-2.283620168685349672e-01
-6.065178359692469101e-02
1.655071009023522111e-01
5.915569296932082083e-02
4.255813712057609499e-01
-1.159510213084076480e-01
-5.577688321661092297e-02
-3.322801118905572837e-01
2.126949119084375894e-01
2.689892456512292251e-01
-1.442034067521455742e-01
-4.940294287951541539e-03
-2.454448599644676043e-01
-5.677299345242795697e-02
7.520919677712756268e-02
1.636099665699878025e-01
-8.648249280882852608e-02
5.978614776390611674e-02
-1.102499385601999199e-01
-2.128698594055051796e-01
4.242173444317150488e-01
-1.025289318695128404e-01
6.957042402586428864e-02
-2.337798124565851343e-02
-2.862424407720928765e-01
-3.094570456647492696e-02
-1.069025886623888033e-01
2.753111685436046008e-01
2.091412479304743943e-02
1.911017435167943201e-01
2.372877151848781785e-02
3.161625106677138364e-01
-3.480216687132311332e-02
-8.976492588710896503e-02
-3.076826491497897664e-01
5.374817128338415378e-02
-1.316731263630685766e-01
1.969375367653732611e-01
3.265496652465996186e-01
-4.048478892629590042e-01
3.782499880620955879e-01
4.135946417550493553e-02
9.249256405260442016e-02
-4.005464183281692153e-02
5.303179333278734697e-02
1.123372573023160986e-01
-1.951426782022665229e-01
-2.436306190834066493e-02
4.392448764111138160e-01
3.153347627450236307e-02
-2.055282635029764549e-01
-2.694658753145821040e-01
5.188397113265485333e-02
2.884305319734670747e-01
4.405930015728497934e-02
-3.842204990124638009e-01
-3.431462318330111977e-02
-1.854730760743641405e-01
-3.572777658711143167e-01
-1.058335812071066057e-01
4.783882527326202561e-02
-1.956126085373984524e-01
-4.336242990407692538e-02
-9.751894114836275052e-02
1.188574473898885292e-01
-6.560935765783485613e-03
-1.562645343350176630e-01
-3.586242832661459268e-01
1.012728095536688661e-01
2.000347491441608061e-01
8.229543981094958327e-02
1.241755288390572337e-01
1.092175138500233074e-02
1.666541516102356679e-01
1.417392494723785923e-01
-9.097008261199772405e-02
1.021210261106638524e-03
1.927107226931637149e-02
-1.262659763994149545e-02
-1.936836121824292156e-01
-3.832461959735855572e-02
-9.940529975778324145e-02
-1.095286258523772011e-01
-2.167505014845915179e-01
4.779798465253549261e-03
-1.083238150653253670e-02
-8.317292507819196157e-02
-2.158631523369703986e-01
1.585216253127567088e-01
-6.053568564781647288e-02
4.211893875050832792e-01
2.541411211610550280e-01
-1.119910602307025577e-01
4.028408397351566084e-01
1.645697591934102144e-01
-2.389601393354684206e-03
-1.149860987626498271e-01
-7.152174723751068830e-02
-2.432139712362837158e-01
8.557223363227645097e-02
9.856574290708484953e-02
2.667726091402968236e-01
1.639318449780376996e-01
-1.128241132188736728e-01
-1.051491442889933153e-01
7.724141608301077211e-02
1.265719218032673177e-01
-2.620397272397035487e-02
2.245065277955708705e-01
7.945759352701436962e-02
2.375067056534204968e-01
3.723651601673665379e-01
