1.069784956664798781e-01
-6.360181016023803979e-02
2.759484326794644504e-01
1.658142299132694120e-01
2.966045147569713047e-01
-9.406431535222817275e-02
7.672598140464918781e-02
2.866886934991334790e-02
-1.057939336389679269e-01
2.229848399513047474e-01
3.010955785541669649e-01
8.202158506965137597e-02
-3.030596794205062811e-02
-1.764936015647117218e-01
2.679450807155264180e-01
-9.976516619790566642e-02
2.474748684958917311e-01
-1.100983551099112417e-01
-7.463988617915748303e-02
4.136159347257667429e-01
-1.832498174553258419e-01
-7.861879143389792490e-02
-1.433478231851102458e-01
-2.609718943722708767e-02
-7.394502879331422973e-02
-4.297239031347156457e-01
4.607056788123464197e-01
-2.684563024111470686e-02
6.752345547764683487e-02
2.709718699396683195e-01
3.543628157406374379e-01
-1.596067354524466908e-01
4.468217726277526336e-02
9.604930669743416694e-02
-1.050817600099878263e-01
-7.952608332171548500e-02
3.490829520357285332e-01
4.263619717870270609e-01
1.127878359888451754e-01
2.836081324315563312e-02
-6.950460170053143760e-02
1.772599741783001948e-01
-1.263282672952505958e-01
3.575556405448645503e-01
-1.689965210783669902e-02
-3.088565725026167219e-01
1.288617661986852514e-01
1.416598271113772567e-01
2.903815891546722705e-01
2.908768564145012073e-02
-2.216533920377719569e-02
-1.408927303139824172e-01
-2.865502737936328481e-01
1.733063094663936654e-01
-1.177768889277815284e-01
1.562667525898384924e-01
1.648199329612929365e-01
5.973480406000681447e-02
1.427111433633432291e-01
3.787475783881975172e-02
-4.962098452735577148e-01
-2.808866146631783800e-01
-3.155087578515207158e-01
2.457300124907417158e-02
-2.017397149184876892e-01
5.937881471091908253e-02
1.830675693731767806e-01
2.610758262477583802e-01
4.106513875340531139e-02
-1.800772085119850263e-01
1.573169576716683116e-01
2.005330266045392551e-01
2.791164724933329899e-01
-7.297996787669801255e-02
-3.588109539539175996e-01
2.580077412324952579e-01
-4.596242260797568646e-02
1.461439052243903580e-01
-1.159119950384493863e-01
-2.202619291276879943e-01
-8.371733315607922388e-02
-1.874448326750736138e-01
3.322358068354786531e-01
-2.837483632075480933e-01
7.500517025823358330e-02
-9.270477164064433451e-02
2.988799597085908255e-01
-1.862173211161681496e-02
-2.085931334533348835e-02
-4.980164709491544800e-02
-3.567806352686508919e-01
2.150013203405524709e-01
-3.371457191384743535e-01
-5.349630066593936972e-02
-8.409653502041430917e-02
1.324173741684932237e-02
-3.523808102435671552e-01
-1.122042550985793696e-01
6.956394910827658207e-02
1.824806439964101468e-01
-1.774191869447549474e-01
-3.286728694682414798e-01
2.256325620823531608e-01
-1.896769010557644297e-01
3.786454126862502934e-01
2.759737693759615196e-01
1.659230265562127715e-01
1.118669311195738675e-01
-2.970837933765069216e-03
-7.913900482426523830e-02
-4.262220155457546733e-03
-2.326374468726889189e-01
-2.887725674577944490e-01
1.038965305829245567e-01
-3.642600514566417536e-01
-8.142378461994337346e-03
-1.891848182296770875e-02
3.055023162869888731e-01
4.499708450094680456e-01
1.789713443367661194e-01
-4.854661401410479415e-01
-8.036398241390452224e-02
-5.971201933731729028e-02
-3.844259940216349092e-02
-2.376041585398702138e-01
5.052717506495903177e-02
-1.408117045826250968e-01
-2.738381394156782500e-01
1.719148479293458043e-01
6.762391223354453917e-02
-4.557571415208266918e-03
-5.743491181133852236e-02
5.203505519407623792e-02
1.545457472889004147e-01
-1.035532603221795550e-02
-1.258780484862667692e-02
2.002535360978893730e-01
-2.602179531272935664e-01
2.051103819094854674e-01
-1.453044425711342569e-01
-1.915277744379463576e-02
1.978485951317045521e-01
1.494887045027622763e-01
-5.684053212918764586e-02
3.632879897532638180e-01
-3.457530305318824992e-01
-1.164283159439147702e-01
-2.523641915801595470e-01
1.116940447708835299e-01
2.487385626384551185e-01
6.531842442197233201e-02
1.254177831290580469e-01
9.304867090467500157e-02
1.630127230156012130e-01
5.298853455974125715e-02
-4.057500806248353492e-02
1.820173751339932422e-01
-1.697912397078415736e-01
-5.381620019451188730e-02
-3.607896906532174763e-01
2.848646525469717417e-01
9.916412327957138673e-02
1.397404119657862792e-02
1.624431440536901472e-01
-2.891259804588097171e-01
4.286375153261245963e-01
-6.059766200133358260e-02
-2.042724352150525613e-01
-7.274218109317179271e-03
2.466615668348404733e-01
-2.170893452246996230e-02
-2.797090124757303786e-02
-2.520855986843163477e-01
-1.583824503381232318e-01
-1.762345750852407633e-01
-1.444084487755944446e-01
2.250949537901884845e-03
2.409508117162494772e-02
-1.158056084400070074e-01
-4.632728683494450883e-01
-1.180589582173274671e-01
4.825275176779015851e-01
1.224844091093046372e-01
-1.123955028426244090e-01
-1.123321845170211220e-01
-1.035348022670710966e-01
-2.586321618253516474e-01
-4.837838725380186888e-01
-2.593389422814307843e-01
5.246488337257062401e-02
-3.217854214753040898e-03
-3.773289930364165379e-02
2.927946893877456103e-02
4.665785140275420240e-01
-1.112165555384275195e-01
-2.910039309257014262e-01
-1.079952348998252515e-01
2.222735784922916513e-01
1.688827531994158138e-02
-5.696982234778358301e-02
6.984923874801264587e-02
-4.226053119695809268e-02
-1.014373441877505777e-01
5.324368333562077421e-02
-2.673664273407951875e-01
1.030943184811490138e-01
2.897343466266197876e-01
-1.270660268634163370e-03
-3.548595161521030938e-01
1.550194217240580263e-01
-3.747136554048351442e-01
-1.966736386923543800e-01
-1.056889634977427606e-01
6.356638473329252748e-02
-8.239418729171303635e-02
2.049844409637165688e-01
-5.181847922062939871e-01
-1.705270605738939960e-02
2.452189602662434298e-03
-2.400063218456342795e-01
1.467361490832978510e-01
1.588219809903588381e-02
-3.484443162719407239e-01
3.223315608673548160e-01
3.027832706351201233e-02
-3.575868306983153583e-03
3.562748059680970747e-01
1.712068574993542425e-01
-3.136544870116740602e-02
3.852349049339163223e-01
-3.696758393772910933e-01
1.345770132594267809e-02
2.471529347337507176e-01
2.093471340511756651e-01
-1.771221444359925498e-02
-2.204109602739923179e-01
6.886648758827756955e-02
-3.307811783314429377e-01
3.423886961886019598e-01
-1.188136815553937631e-01
-2.326319384376906441e-01
2.026951164539757544e-01
1.589688424572480441e-01
4.695068568506282486e-02
2.048444260187636257e-01
-3.449830037419129858e-01
2.738430085573771433e-01
-1.953926343268209687e-01
-4.020674969730786419e-02
4.516693898541865315e-02
7.572415662716124041e-02
3.169404187770875625e-01
1.866623105818774331e-01
-6.637212029268772795e-02
-3.987295717469740985e-01
-3.818965918790264702e-01
-3.432102977638362695e-01
3.167082318570569877e-01
1.722042810616370989e-01
1.109634876538447001e-01
-1.420062967236023765e-01
-1.162095523520433327e-01
2.021275815146567623e-01
1.866855009917592345e-01
1.110000001496011801e-01
