1.726596642878156784e-01
-1.903607874454399940e-01
-7.465209883028662841e-01
-3.013429459031038427e-01
-6.449237983783023820e-03
-5.064103925385368132e-01
7.587980455031476112e-02
4.524599254615951360e-01
-8.835021094894035532e-02
1.085959592055971840e-01
2.065366818302400154e-01
6.534320100276233001e-01
-7.506186082844373830e-02
1.986627307941606357e-01
8.149487796978090171e-02
-5.621939223582828049e-01
-8.644142090603593176e-02
7.826355739247888021e-02
1.068414370925078183e-01
-3.941504873766186190e-01
5.682882255473581390e-01
-7.195917415907469028e-01
4.714444087475946898e-01
-5.480137115168415285e-02
4.500940049973395363e-02
-3.753760937012826093e-01
5.021669905335650330e-02
-2.897459143340375132e-01
-4.091303134853171986e-01
-6.763974659367069098e-01
3.753205346074903748e-01
1.137807674366859978e-01
5.783991235861004609e-01
-9.820806805723683586e-02
-2.416230462019390290e-01
3.007015658269731606e-01
5.760683544740351492e-01
-2.225570910125642121e-01
-1.515654641925513468e-01
-2.725271873298514003e-02
3.378457675189962262e-02
-2.225737597302930859e-01
2.478318824075325666e-01
6.508087974533286468e-01
-4.276260753513356772e-01
-4.337030752329597560e-01
-2.740122030465197422e-02
-2.636471789431047430e-01
2.380007842823744779e-01
9.095022772468173977e-02
3.118391587979157942e-01
-1.433269214118817747e-01
-4.266154807302335872e-01
4.255519533552678535e-01
2.616827586626909175e-01
3.969580412863589480e-02
-3.473714642126726204e-01
-4.150312719679274398e-01
3.813253184456537048e-01
-2.516523382157438427e-01
3.348633992179683161e-01
4.524022049243497934e-01
2.445808534841100168e-01
-1.250239460154973503e-01
-2.269190495208110031e-02
4.306509184717807748e-01
-1.531621425415929383e-01
2.573749461016227591e-01
1.159051372105909250e-01
-3.227746900392756690e-01
6.485422611514149449e-02
-2.607787607629301063e-01
-8.219074212580133876e-02
3.217762971325006660e-01
-2.274536836641321003e-01
-1.506148616361700776e-01
8.080442294556441918e-02
-5.803466632002978187e-01
5.130098032358103577e-01
4.839510747956516923e-01
1.594815340017810557e-01
-4.071063600096538893e-01
3.482934826507307902e-01
6.746679666446835366e-01
7.296458116587166420e-02
-2.496562873892254064e-01
-2.201174275503051392e-01
3.396805485273934888e-01
4.232614164066856310e-01
-5.799914599482411393e-03
1.054508873968127217e-02
-5.538677817073789367e-04
-1.084373901257515427e-01
1.070433961117418370e-01
1.909399427679744077e-01
9.572309028084419191e-02
-1.834551008486419166e-01
-1.731563699150511226e-01
-3.682259444858477226e-01
2.249947323424055790e-01
-2.048873612538205380e-01
6.924140197269663677e-01
2.642756509089229100e-01
3.189407630375578062e-01
-1.360346468255289598e-01
-3.458288635309045844e-01
-2.412936187647328479e-01
2.854116139065950020e-02
-1.989496015698937192e-01
-4.046626982283749174e-01
-5.527420709397314058e-02
-9.240165101171330386e-01
-5.690610776930234982e-01
1.194230796064221500e-01
1.221625630598593970e-01
-3.012404768993713899e-01
1.569285940992835027e-01
1.108757467477995418e-01
-4.532903082319710286e-01
3.689357309948937957e-01
-6.015887319615733642e-01
-3.372318430853493698e-01
-3.199288991307189800e-01
3.213039885974220966e-01
-3.149992462489622502e-01
1.781569796270034978e-01
6.403893242377275974e-02
2.431753059127580441e-01
6.773544771007725673e-01
1.479179561692831046e-01
9.599112091704972705e-02
3.771580861557821684e-01
1.739955988695993661e-01
-1.048985944286337235e-01
-4.966207577093635639e-02
-7.500017428931544661e-01
9.356711717350774116e-02
-9.597689639962829478e-02
-1.386875730790526340e-01
5.150994073329556722e-01
-1.141015900229282176e-01
8.747258037375721385e-01
3.868397397572718166e-01
1.945620948542919892e-01
2.702873123315389231e-02
-2.246170388989665589e-02
3.404503071862771679e-01
-3.875850174044997987e-01
-5.911219855937030476e-02
-1.702870180206626505e-01
-8.948617543181332235e-02
1.285244520098208776e-01
8.567837170323407137e-02
-3.845326100831348293e-01
-1.842329897605818056e-01
-5.783420861380976774e-01
-4.478950375415171603e-01
-1.903182815395022820e-01
-5.050500168092449116e-02
-3.274152807029912515e-01
-6.063997463906446450e-01
-4.113031331567300053e-01
-2.055737317443157020e-01
-6.272974557219071490e-02
2.599884084611350232e-01
1.245305671141132414e-01
-6.618734975865866454e-01
3.568947922589687516e-01
-5.125923201713089572e-02
3.260887321076805789e-01
-3.911510697837281558e-01
5.284163255717697627e-01
4.077590001097056160e-02
5.356829173128234700e-01
7.875008479710302600e-01
-4.005887405680271240e-01
5.011769987952552352e-01
-4.125732791745675976e-01
1.597892347526264079e-01
2.461558277387096150e-01
4.592784649466585822e-02
-1.571248416383176361e-01
1.186995626334102494e-01
8.798310006826429164e-02
-5.644010571618690575e-02
-4.453641758958608032e-01
1.388455653205634133e-01
2.474582213386206653e-01
2.525374613140440871e-02
-2.953029887395048902e-01
-4.717139119289983640e-01
2.251643764733267383e-01
1.042296609068572577e-01
6.350949012305451280e-02
-6.743639798341513059e-01
-5.164802326640389740e-01
1.929740014585314412e-01
-2.244884330708194764e-01
6.008617851852369185e-01
-4.933778338996981372e-01
-4.156509660182950983e-01
3.539797006033033044e-01
8.293660334214664198e-02
-7.702693928228202536e-01
4.468458647361724101e-02
5.325328487179659120e-01
2.763230064990916390e-01
-1.708436714754603125e-01
5.325149149166800988e-02
5.955131573011316348e-01
1.355714767047446756e-01
-1.833382720794352050e-01
-3.491496194867398373e-01
6.078215861556737765e-02
5.199736328964373877e-01
2.259033623024347404e-01
3.136925898449730021e-03
-4.177931431533566942e-01
2.757210490603674291e-01
2.074852185103479019e-01
-7.874502728749428471e-01
3.589132851674155522e-01
1.404548365656180797e-01
5.897241330856869412e-01
2.520850295662757090e-01
-3.007688812957949320e-01
4.151313569350352228e-01
-4.727408761231627343e-02
1.362918993641322463e-01
1.010675305640294508e-01
2.830731837306096899e-02
1.612620419972367325e-02
3.839001760022620058e-01
5.162241758281239934e-02
-9.011043515603706089e-02
3.418313494114010309e-01
-2.775601096938812851e-01
-2.345848823416596951e-01
-2.404808502258828085e-01
-1.501999064877665435e-01
-3.172272769234226186e-01
6.301206015289797513e-01
-2.788337142481343012e-01
-5.033235190770132261e-01
8.003774869114736734e-02
-1.023010181652489192e-01
-6.762137647620355407e-01
3.399007249637042705e-01
-1.478130876907690627e-01
2.060766826790182416e-01
-2.165830505890440905e-01
-1.243190496590679955e-01
1.222091229229906872e-01
-4.705157475161880765e-02
4.864291220139438376e-02
3.034310311899082735e-01
3.138245810194481566e-01
6.617465127444576156e-01
1.043458938215674481e-01
1.340641122183187650e-01
-2.960909186733552967e-01
-7.389004001037342839e-02
3.607377372870184118e-01
6.224633019275947754e-02
2.056735289921297893e-01
