-4.110732136350320198e-01
3.309729347127541299e+00
-2.333067108666259326e+00
-8.571374252935234361e-01
2.154329315826812863e+00
2.382774385454788035e+00
1.097144614008602748e-01
-9.725947277718101081e-01
-3.244708829105606984e+00
5.846205665458639178e-01
-3.902356291298074153e-01
1.395554946185766920e-01
1.597768903025750253e+00
-1.220012726080875298e+00
-3.546336878287398520e+00
-2.365577599459796065e+00
-9.649161629072353641e-01
3.414312735433716606e-02
2.543284870289402644e+00
2.408538966782288515e+00
-2.211296740474046896e+00
8.274649382087571059e-01
1.124067426895976052e+00
5.955283968294449171e-01
-3.558120418184517408e+00
-3.246297141694490573e+00
2.136233721315740297e+00
-2.027996788150818297e+00
-6.492745212803003874e-01
-1.772805189592128183e+00
1.144996333921241449e+00
8.548332810793338732e-01
2.428838072389871705e-01
-2.767649078581920219e-01
3.905222814691768907e-01
-2.155991117188367223e+00
-1.063815220615074608e+00
1.544556166210921955e-01
3.922610520089375274e+00
7.237890394550133832e-01
7.881871528275200545e-01
-9.705660616540624508e-01
8.336411001675203547e-01
-6.259598284603705709e-01
-6.009808230392281736e-01
-5.880336023474699303e-01
-3.469546049649321340e-01
-3.824699696956029848e-01
2.658035459429700875e+00
2.467372627454129219e+00
6.901172135145905440e-01
9.862314035585189043e-01
-2.237493840087501962e+00
1.533097430633509006e+00
2.348982588509199942e+00
9.252620985137519627e-01
1.443939805772891105e-02
-5.971790438022667180e-02
-1.698834851547636582e+00
4.585710487507419497e-01
-2.280375749999192792e+00
6.806414244277617653e-01
-1.900056946344081954e-01
7.016235121099108074e-01
7.016080083208087181e-02
4.234843263347203290e-01
6.062407044565663039e-01
1.402778082427653894e+00
-2.224359804155401577e+00
-2.488747974387624851e+00
4.380030930957312107e-01
-1.393077433162356993e+00
7.346659002351443313e-01
1.899024604086384738e+00
2.847342466245817327e+00
3.313542448709215216e-01
8.415262694440071023e-01
1.202189716357837890e+00
-3.906690072365716637e-01
1.927194377757249222e-01
8.742696809865044827e-01
-2.517520443646444672e+00
3.581036854907274414e+00
4.223991593325412963e-01
-2.420480461337680023e+00
-1.653212721311787259e-01
1.578202291141981961e+00
-7.496710931652875720e-01
-4.159856798844405179e-01
2.067449449999200439e+00
1.157498578527961008e+00
-1.617597360283832497e+00
1.006598499068407371e+00
-1.302858391280436345e+00
3.896514464492760066e+00
2.887033631496842112e+00
-3.909991520241073992e-01
1.166562940258531134e+00
1.116407928360992452e+00
-8.633770265427972990e-02
-8.122616180662572960e-02
6.479261040484043388e-01
1.142059200103538785e+00
1.338830388757828782e+00
-7.957564776753129898e-01
-1.257231299013829573e-01
6.921573901414507235e-01
-1.377349253512582639e+00
-1.697320768004551006e-03
-2.154162579935954724e+00
1.425225764953409247e+00
1.143985004523328519e-01
1.313354632228438179e+00
1.775778660156158706e+00
-1.992712950661050253e-01
-3.599658686372826932e-01
-3.341891866962978241e-01
-5.033431566339544028e-02
-1.490949996610385186e+00
-3.059153471222472831e+00
-3.934327990147973297e-01
2.029560294664856102e+00
1.363103685479703620e+00
-2.605708800883486553e+00
-1.580505740286816563e+00
-5.530205420766709512e-02
-2.401547676944359555e+00
-2.505081863790886043e+00
6.952632331593663340e-01
-6.310766465400396985e-01
-2.008309333017255227e+00
-5.152370551623024486e-01
1.065088128578677434e-01
-2.157452557122672698e-01
5.217449142582785138e-01
1.351413420217245864e+00
2.539221165807423741e-01
3.941143141830094621e-01
-1.662327991345495581e+00
3.458066895256782236e-01
-1.029306933890879794e+00
-6.202220955025600224e-01
-3.023799503658876731e+00
-3.090438274887755465e+00
1.690987529639564890e-01
-1.118316458598330287e+00
-1.126182889685649169e+00
2.937725415603659851e+00
-1.171715745325653479e+00
8.900545992557069575e-01
3.258490096762498567e-01
6.386484520680782984e-01
-1.497208762406788685e+00
8.217511875872756111e-01
1.425139991489106750e+00
-3.267593313459548066e-01
6.625587644478997396e-01
-1.830552682180346169e+00
5.370493454118806520e-01
-1.144513536972344842e-02
-6.475922494163902643e-01
-3.303725538043852938e-01
1.923658949959420883e-01
-1.647208843367170550e+00
-9.321464758228791281e-01
-9.318070530143373054e-01
3.971735171234184181e-01
2.652166788469533798e-01
5.436324661956322135e-01
-2.472592974106828934e-01
-3.340715714943165437e-02
6.376797879908999711e-01
-1.858647678878398768e+00
-3.790612518246254670e-01
1.735807928344720585e-01
6.064725112802180629e-01
-1.587050706991505189e+00
6.964439757414230270e-01
-2.030189194753193038e-01
-9.730578970143789475e-01
1.166028958575063168e+00
-9.309130716824569329e-02
6.599255413005455928e-01
-2.048963930806729117e+00
-3.286123095132313043e+00
9.615543591377455623e-01
1.460854834223440868e+00
-2.562139364528604468e-01
-7.702276966476919728e-01
-2.108131760429436952e+00
-3.565195468142564605e-01
2.216079714765679110e-01
-1.935236947415123643e+00
-1.451274454483155063e+00
2.954435658265579079e+00
4.034496408673513557e-01
9.247536433202019346e-01
-3.812520579787937458e-01
2.568253263191663471e+00
-1.379200702329389960e+00
6.831758243637841010e-01
-4.471084928918472867e-01
1.050036640322074222e+00
7.954956694654619076e-01
1.056350117777831998e-01
-1.497246749447771252e+00
5.404188350925656081e-01
9.567820336914536483e-01
1.425096436412519818e+00
8.838176675129414406e-01
-6.907751999093031392e-01
-3.233252044175502493e-01
-4.656227758795749572e-01
3.406292334765361751e+00
5.559079601855085873e-01
-1.100220442362681017e-01
-1.153249270123557269e+00
-1.107152362095529252e+00
-2.342264726417106757e-01
2.323427868249954287e+00
1.372293878913905862e+00
-3.770257163126297106e-01
-7.929800418006999196e-02
1.471811754761664925e-02
-7.900880424894562992e-01
-2.227336054007021282e+00
4.463443278229128452e+00
8.393547039454762881e-02
-1.145211566407813297e+00
-8.348653182215918234e-01
-3.450551434740464218e-01
-2.508937859540616433e+00
-3.903819310038552648e-01
-1.581559895177968356e+00
-1.507814501902311199e-01
-5.395964863719900917e-01
-3.549841994956405511e+00
1.677266604377812831e-01
1.724836468630347674e+00
-6.623380768547078024e-01
4.278130541072652226e-01
-5.148762474627428531e+00
2.285681023338676177e+00
-1.112009149334750369e+00
9.396096735373763442e-01
-1.011699287725104646e-01
7.753781578480907211e-01
-1.904162044750807858e-01
2.170072063333693124e-01
-9.045553351057623592e-01
-2.608165270126217461e+00
-1.598029829457989326e+00
8.068834129366725394e-01
-9.132199407074798048e-01
2.054086009431758786e+00
-5.480026648317931626e-01
1.423371735179099762e+00
1.961841089022969831e+00
6.579109892479522159e-01
1.748148747270263703e+00
4.376530548221216899e-01
-5.001534515086614618e+00
1.193149549720878277e-01
8.106050712598078523e-01
9.608973694037559188e-02
