1.377822009808353121e+00
-7.448444638731795964e-01
-4.416523982696842210e-01
-6.337228954398863578e-01
1.592565164446585746e-01
-1.316813260406535513e-01
-5.827905699485518287e-01
7.585803794814940382e-01
-1.160721710823340858e-01
1.220746464531182962e+00
2.620068941612198332e-02
3.211258264077821445e-01
-1.764679780776178264e-01
5.158768739184496077e-01
1.364734981578405559e+00
7.030374833167648552e-01
-5.004191196415279652e-01
-3.793024025629269103e-01
5.001064403983729312e-01
8.555878238540414182e-01
-1.602724094053941117e-01
1.106094931317894436e-01
7.899774937643340433e-02
-3.353923842909811159e-01
1.449921708340436100e+00
2.188620543425240927e-01
1.164199683648498851e-01
-1.195232405443303225e+00
-7.790141444177199892e-01
-1.718298318854948104e+00
6.022691164416185128e-01
1.410717787676867840e-01
-6.322737249369418944e-01
-5.095390503590419007e-01
5.409976536167736549e-01
-4.008555152852540937e-01
6.688969593140605685e-01
-3.329064230434768401e-01
-4.821782176243938345e-01
-1.177698012292015539e-01
-1.207713172719112826e+00
6.552676137390484046e-01
-4.055590277824653866e-01
-5.213117033188348071e-01
-7.546242950373269753e-01
7.100118624534856870e-01
5.202920353586239222e-02
5.213332397360531667e-01
3.304866101220446661e-01
-1.581536522827744928e+00
4.973266044099124983e-01
-1.195169292543842854e+00
8.641784588433509828e-03
9.372452337113795773e-01
-8.887127699153611893e-01
-4.847027112959878536e-01
2.968671636123277890e-01
2.044477444490297724e-01
-5.969166039210825891e-01
5.830880773602458156e-01
7.333949083786393819e-02
1.723148721020522633e-01
-2.721701163237651155e-02
-8.438220577754422802e-01
4.349405271738233936e-02
4.344790438312419734e-01
-2.068398353845673499e-01
-1.507542446700874894e+00
-9.922357557007938089e-02
1.241413156012970420e-01
3.648886745706264589e-01
3.605608007076142041e-01
-5.698256585356721304e-01
6.417180068884270616e-01
3.176854165467660890e-02
1.441781211225850456e-01
-1.875986077104845606e-01
6.496406360774578115e-01
-6.082282084997530092e-01
7.224250685668793803e-01
-2.217249107233773830e-01
1.558369189929891541e-01
-2.941186831433233451e-01
7.084879182623600169e-01
8.278836441817118974e-01
8.307066372551742406e-01
-4.239743399551509917e-01
-5.845062126109108747e-02
-4.207363509128995149e-01
5.605360124442209102e-01
4.723880169796637607e-02
-5.950667966446645529e-01
-2.652778605929145828e-01
-6.887057036467932880e-01
-4.507097439100735681e-01
-2.039320513531704682e-01
-2.212281459489452151e-01
1.566550812958948102e-01
-9.799248423813825548e-01
5.282419586514995880e-01
-5.781892330636844157e-01
-3.257818509368550774e-01
5.537996127749565956e-01
-2.342913231472316948e-01
-6.656417844225419600e-01
-6.161367619146717045e-01
8.352627552403288358e-02
-3.909534126235197915e-01
-6.688192392178673451e-01
-1.154262550254134378e+00
-2.064245663894622579e-03
5.736211212772732715e-01
7.733694573215285084e-01
-5.074155632337155053e-01
-9.580875392286364312e-02
7.128364746989127032e-02
-8.781216213110500934e-01
-1.953018965927066919e-02
2.434417511491077102e-01
-8.354982277364647603e-01
1.125785889156190461e-01
-7.226039762223166463e-01
-1.269542427201718060e-01
-4.404975215450611103e-01
-2.308447536177972437e-01
-6.291072866827472909e-01
-3.620180237236623744e-01
2.828148963230418533e-01
1.060642532387206849e+00
-1.163849744401500574e+00
-3.360667998405880708e-02
9.022724862803432888e-01
8.224332481922536076e-01
7.732317434987867610e-02
1.302962372558811865e-01
1.302099266911898590e-01
8.944755327323815619e-01
-1.822391963090156108e-01
-4.935318793701896078e-01
8.816761324083417506e-01
4.856323891857110553e-01
-4.717319471229213246e-01
2.922329360694076450e-01
-3.800088972548226751e-01
-3.969375375547198326e-01
-1.275536735131638233e-01
-3.624277618041427118e-02
-3.215430190888417528e-01
-5.323409712887920003e-02
6.469029562306133352e-01
4.082514812022744466e-01
9.209468740320340130e-01
4.857657049877103783e-02
-5.105866000594175835e-01
1.224849200638334079e-01
5.630137656052064399e-01
-7.311177806676666391e-01
8.635649008980630925e-03
5.294529600563628868e-01
3.205232211488474037e-01
-1.379352443722932087e-01
1.054420480853418773e+00
-1.640660648612850103e+00
-9.786618222407914569e-01
-1.642826792610925901e+00
5.294002812788352053e-01
3.362744533533567060e-01
-3.430903070573566582e-01
-3.984161218822124262e-01
-5.566926810869256004e-01
-2.660521320419719227e-01
-2.167421818085240037e-01
4.386319883832401900e-01
-3.592760293806185334e-02
-4.891370221560163989e-01
2.727910102880301002e-01
3.300345244323973914e-01
5.282830103741591454e-01
-3.187086668856066729e-01
-5.495322055750396784e-01
-8.053662108311739898e-01
-1.275033329387172953e-01
-7.164264746130466488e-01
1.673108423109092580e-01
4.552199819695250116e-01
-5.990324052109696068e-02
6.098844028396702144e-02
-1.967735810174826294e-01
3.575180931616833702e-01
-1.764543444734949784e-01
3.607541611849729435e-01
-7.751410605250113051e-01
5.627923706604860410e-01
-9.388460953291738464e-02
-4.063877695450965888e-01
-5.157420507400639620e-01
-4.487830301792448684e-01
3.840255862250235852e-01
-1.395761670374452423e-01
-2.213504133330423673e-01
3.048466791364504713e-01
-1.977671406130072362e-01
1.545181722995137896e+00
-1.505436259536231391e-01
3.108602083821453976e-01
-2.909435985893731313e-01
-5.340693187445985091e-01
-2.136405878689523474e-02
-5.571124987866488132e-01
-5.498573324658625472e-01
-1.060258740802381583e+00
1.246948468574945457e-01
1.117754354916849824e+00
3.245490343275365119e-01
2.790043615924595599e-01
-4.342934930315497377e-01
-5.816806007499473186e-01
-1.154248757841614959e-01
5.580480074884455188e-01
1.079349230103846535e+00
3.363067946526435842e-02
8.269214652792483689e-01
4.352337340543284139e-01
1.209279132652456290e-01
2.860607810312728039e-01
-3.327836084413492990e-01
-6.416730386368521000e-01
3.798773715686473706e-01
6.153146727588705289e-01
5.163377305747602897e-01
8.041404253128997537e-01
-6.038559320050190804e-01
7.949975431788999791e-02
1.976893106472788486e-01
9.836437631695849060e-01
-5.380216960770998202e-01
2.033153693175587140e+00
1.253659722198997128e+00
-2.238204627750886924e-02
-6.679083285102740408e-01
1.805670188809201659e-01
2.274595659714080675e-01
5.637730030954175853e-02
3.553538713983454556e-01
-5.893786500583793053e-01
4.058313576703294623e-01
-5.236858070993219982e-01
4.516783864897965239e-01
7.088922456521548066e-01
4.409199469909226565e-02
-9.777788395807582300e-02
-1.721818359976441837e+00
9.299664607280353490e-01
1.994494948915348786e-01
1.548361620939339156e-01
-1.586142551369905451e+00
-2.963577104002286799e-01
-8.646218299430358245e-02
1.286328353785851641e-01
-7.293264223657003331e-03
-1.519554776957817432e-01
-1.113652378330616699e+00
6.093875106889745652e-01
-8.759413368844969350e-01
8.209311308514175565e-01
