-1.551178059545252674e+00
-2.006650219648871136e-01
1.952445853899008599e-01
3.671028887411437180e-01
-2.116788607400275080e+00
8.897613061281894886e-01
6.212087377220292250e-01
1.169827257419460809e+00
-1.044722710978758906e+00
-1.418255644794121917e-01
-2.385406551369123052e-01
1.634843712003015259e+00
5.307290146543010012e-01
1.408301433605013697e-01
-8.963693290301165684e-01
-1.781876480150193842e+00
-1.630325883198044112e-01
3.743324063675235736e-01
2.512532553059786400e-01
-2.820077321918209590e-01
-3.912544432488384016e-01
6.964782329142100714e-01
-7.440684575305137605e-01
7.669564518508443784e-01
-4.446243149398223515e-01
-8.637874987479109423e-01
-1.216602691861560670e+00
-3.910658223222331920e-01
-3.661773392031892893e-01
7.678967477238674011e-01
-2.879883134381291954e-02
1.986753821108999396e-01
1.075383432946321882e+00
3.200155507358228846e-01
-2.920325960439915103e-01
-9.214692968480397983e-01
-1.728682525504489975e+00
-3.111547834144213764e-01
7.155647997908833879e-01
3.349263729286716673e-01
-9.089670857113442137e-01
7.293337602566269950e-01
-7.560809429875847698e-01
-3.072203244927358412e-01
-1.963254721276272985e-01
-2.875579683987828372e-01
4.283627399422678117e-01
-8.058283043623426511e-01
1.967456704445583182e-02
6.858549072141764125e-01
-8.108667665785329604e-02
-6.008743590405872803e-01
3.894032660855845096e-01
-1.124448207533515376e+00
-1.072619288752532096e+00
1.447673073311689151e+00
3.315738201867695079e-01
6.787622418850266515e-01
6.460639051989180981e-01
-2.459093298403104422e-01
-3.433067902514024272e-01
2.948277792343961812e-01
-6.763885180021925181e-02
-9.894425253091060357e-02
-3.789328813958098285e-02
-4.959508725468542711e-01
-8.413930833676439569e-01
-7.596012983404418772e-01
-8.260626510405735257e-01
1.204367169198431675e+00
6.473186767632396199e-01
-6.506869762497566878e-01
-7.888990608416219796e-01
-1.349448913691402019e-01
2.698480994902525687e-01
4.215878978815659761e-01
6.320441854613800814e-02
-1.429474358698009206e+00
-3.805123605532589881e-03
-9.029514867854715465e-02
1.017367061041897225e+00
8.784078830307081587e-01
-1.234822303476919458e+00
8.264130529596596109e-01
-3.907486199300504448e-01
-2.867291997866550091e-01
-1.201957541490159542e+00
-6.076980404593382845e-01
-1.716594908403539899e+00
-3.834510641266841713e-01
-3.432284106841642646e-01
-1.246403018855894107e+00
2.021183281308651658e+00
-2.909389593195281509e-02
1.068123572844168701e+00
1.581572336092901931e+00
-5.910712239082487329e-01
-3.005577322088808234e-01
2.554383225010423142e-01
-9.332138476724013976e-02
-1.199922171498175871e-02
4.132521516844040455e-01
-4.480352658424265888e-01
-2.393753358278363219e-01
4.115974659513558231e-01
4.145250008560299460e-01
-1.022462318546319748e+00
-8.163786505431838147e-01
5.912372496637787744e-01
-5.490085617522945383e-02
-1.010843203933427525e-01
-4.574090068050656877e-01
-9.511281945209546507e-01
2.985122326956063943e-01
1.315536685331298861e-01
-1.381704104557523127e+00
1.191321931297057546e+00
1.562005753943798980e-01
-2.030231236319841592e+00
-9.058201189729189751e-02
5.091442577755330712e-01
1.981799017909270932e-01
-2.429165782233432824e-01
2.705833202232664769e-01
4.538722365447868112e-01
-1.099393093709738922e+00
-5.543132275303789269e-01
-1.434470540916268633e-01
1.011122398257062516e+00
1.077484715953995753e+00
-4.686516070044507987e-02
6.927235702309986198e-01
-3.990559648936529702e-01
6.225492745603273814e-01
1.249135202385544208e+00
1.920418531985007560e-01
-3.126424488674064972e-01
-6.193223872415619669e-01
3.683108019668691613e-01
3.724382043569149370e-01
-1.236072767912547388e+00
-2.294784141004738709e-01
2.205158378765176286e-02
-2.726376758245200316e-01
7.837458277006348339e-01
3.111723462911017424e-02
-4.607427444635334712e-01
-6.735478071460431204e-01
-5.720726530749489225e-01
-1.301863957145183548e+00
2.124664613980263295e-01
-4.639043139079366274e-01
6.319258686817256221e-01
-7.939671011350120100e-01
7.615372329943127516e-01
6.567478887431053014e-01
-1.027019022393143688e+00
8.132224733736121980e-01
-1.005264658881958928e+00
-1.290722952135053281e-01
-1.707276245367487788e-01
6.105682205397602313e-01
-1.001084481946147964e+00
-8.489306935483366123e-01
3.855370731545655349e-01
9.750748737765786434e-01
1.630328937296095237e-02
-6.425604725340540169e-01
5.494536891399800504e-01
-7.631067118588437115e-01
-4.428486488262652898e-01
2.538283884559685011e-01
4.604120304780984219e-01
-1.188932350502412083e+00
9.864132590736335304e-01
2.325008644343823649e-01
-3.883765734416269599e-01
5.376887608417452863e-02
-1.130988413662836978e+00
9.257403236853678496e-01
-9.968838970073531924e-02
1.333651885131853509e-01
1.267694259062757123e-03
2.574462312152188681e-01
-3.515182073626593739e-01
-1.247407495818626089e+00
4.470592477439995216e-01
-4.164687855703526065e-01
-1.078038473205473302e+00
2.290171954137817933e-01
1.211543360710425121e+00
5.536498163097085257e-02
8.262310258303042776e-01
-1.351256706079514869e+00
1.034916811282157401e+00
1.494710503067287755e-01
-7.970849724565336469e-01
-2.333545048881918993e-01
5.366065737011973535e-01
-1.847019725215271579e+00
-2.340167581995480361e-01
-2.568817704703386662e-01
-2.899041976820999622e-01
8.305332965386356958e-02
-9.136971866485570359e-01
6.521647155552605657e-01
-3.547327626956253699e-03
-4.160934410604810729e-01
-7.861870085772886263e-01
-7.568654174423379288e-01
-7.488577875301056785e-01
-1.960746375105900385e-01
1.475926988376424775e-02
1.134164342784498514e+00
3.065023263278384702e-01
3.253328328181789852e-02
-8.396578678570397747e-01
-5.232863129919177458e-01
-3.858062879336114914e-01
3.472930695534902079e-01
-5.464248368271853451e-01
1.471377061914172835e+00
-7.151760125909972787e-02
6.682217905984429995e-01
7.306643448006927555e-01
6.888532239606600660e-01
-1.828475847157648992e+00
9.112802975817364537e-01
-2.050962509945451484e-01
1.652151939014991022e+00
1.187010053550285604e-01
7.205502076129135514e-01
1.358757211676225873e+00
5.428638887909489341e-01
1.238398190474141181e-01
-2.145717535061831271e-01
-8.461312977501348476e-01
-3.420761129999843053e-01
8.080122933831336285e-01
-2.201687306148125689e-01
-1.540763642400423183e+00
-2.141247787314359829e+00
-5.253443826870711764e-01
6.011191810352629616e-01
1.638872404842859343e-01
-6.848258530483534168e-01
-4.152623128418336806e-01
1.376122427599822118e-01
5.704362723710978411e-01
1.000425150257005180e+00
5.071812080762532204e-01
-8.269879490853565551e-01
4.491260987446413222e-01
-5.749892913241685388e-01
6.540021351568650054e-01
-4.795831773149307753e-01
-2.012560387341225443e+00
2.338130977526656107e+00
-1.550856865054490719e-01
-1.718955914905510307e-01
-5.095092213439934570e-01
1.452309618770066812e+00
8.319913974541113255e-01
9.637459856179242390e-02
1.483515490500805223e+00
