2.298932582973644556e-01
1.387956485516059768e+00
-1.944276850701238235e+00
2.273793663333709691e+00
-8.766596902643176703e-01
-4.921969870977866979e-01
-1.032032228420787900e+00
2.921653624760209844e-01
-1.135297468122570264e+00
1.404359905281634013e+00
-7.086261244863263364e-01
-9.255374070800923558e-01
2.152773793820915049e+00
-2.015480342977807648e+00
-1.004988134195112126e+00
-3.934008507791930120e-01
1.071773504716365455e+00
1.295808103454112459e+00
-9.009046559986445546e-01
-1.629691988690530779e+00
-2.085642351777790837e-01
-3.978664737578756494e+00
1.950344099691522448e+00
-1.712995506513192101e+00
-7.189222370831881426e-01
-1.807022972976118247e+00
9.645022095703972842e-02
-1.327039648945645078e+00
5.320059981343555622e-01
9.027286283139079881e-01
-1.093253920434168025e+00
-4.123069519425803242e-01
-3.691195816424962528e-01
-1.720973648527509781e+00
4.773968956204580616e-01
-9.746294851484894606e-01
-3.264566098591319965e-01
-1.076206252451876955e+00
-5.719374986854127707e-01
1.201481860380927413e-01
-3.359431334230424393e-01
-1.292659612641444911e+00
1.842808389411775050e+00
-3.820869824732595066e-02
-3.816034403423691490e-01
-1.838411607314431429e+00
-4.222583684847131535e-01
5.152648072638493781e-01
-1.299990945419362331e+00
1.794879480755566359e+00
-7.518258709172974397e-02
2.628251668903855975e+00
-1.454825298106827924e+00
3.469984096935124107e+00
7.245569966224316705e-01
2.079931973205660922e-01
2.188593885981352738e+00
7.177739171216208636e-01
6.118972560036234354e-01
-3.076935923521781358e-01
-1.410369727047250832e+00
1.298812161074203386e+00
1.576167868696439545e+00
-2.970489881477164085e-01
-4.457756018473433279e-01
1.872035960280544531e+00
6.059080985695738386e-01
-1.330969454337240121e+00
2.062983595008272886e+00
1.014233850290620076e+00
-3.147237301290440881e-01
9.673832818612856377e-01
-4.917067415475718795e-01
6.165987206847910462e-01
-8.673777074195695991e-02
-5.741849096337147129e-01
6.429955809352919660e-01
5.981882366491659830e-01
-1.135125697750882789e+00
8.635495637859458284e-01
-2.022857102005549912e+00
2.272059908650315985e-01
1.216248120989167569e+00
-4.922412912063748314e-01
8.649239126921696164e-01
-3.960122660277813345e-01
7.593976397589901062e-01
-8.373686288355920437e-01
1.633839813431565258e+00
1.669446380878387259e+00
4.607304281505758548e-01
9.718345671921887474e-01
-3.644143180388803582e-01
9.733120242598836125e-01
3.594254726614792839e-02
2.526559931023513172e-01
7.034110531166954949e-01
-1.096208559501028024e+00
7.081004552924072826e-01
1.330855778120358268e+00
-9.031640088100856278e-01
-1.179721500053597438e+00
-8.442940751260428200e-01
-5.996485155404230882e-01
2.066009803367043207e-01
6.822192596486542637e-02
2.158748166614067543e+00
-1.174711099309847739e+00
2.284706753757473063e-01
1.070391697687432808e-01
-5.537927301899379096e-01
1.113993272209192267e-02
-8.303190457691180804e-01
1.415570300792827196e-01
-3.239130247962615505e-01
1.181309912027846742e+00
3.375093111465901075e-01
1.225793758265686373e+00
5.237128612984992548e-01
-1.940787419700987226e-02
1.125932122756526876e+00
1.026652564939660284e+00
1.120524003697032311e+00
-1.435853334136063530e-01
-1.033526784447098779e+00
-5.602902364164989990e-01
-1.989641171186977475e+00
6.800584332232115781e-01
-3.295851205014186935e-01
-3.565517278087240172e-01
7.198453140877508760e-01
6.760032816767330699e-02
-8.001670892259151735e-01
3.015587684436255578e-01
-6.012618150431708886e-02
3.611565444845343809e-02
-1.003312580400135934e+00
-1.114139093856161722e+00
-1.485265608958107997e+00
-2.138298296564446144e+00
1.147583159954069343e+00
6.070019299524754830e-01
-2.471034180115548873e-01
-1.549424624276747986e+00
-1.155352990048977846e+00
-1.268908266061051227e-01
3.254627800604598664e-01
1.513325107924165525e-01
4.246020750943997335e-01
-8.639468350198735713e-01
1.620440717154779109e-01
-1.510349806588539845e-01
-5.726150622521313238e-01
-2.060640103874598061e-01
1.711039516095631319e+00
-3.488610563575789136e-01
-8.144042250423407792e-01
-3.698712211273973982e-01
5.098797478272379946e-01
-1.009945692742079792e+00
1.132117264465652695e-02
-1.652336251503687237e+00
-1.260528631278070022e-01
2.271930961128629800e-01
5.484771365765250817e-01
2.082101980770479255e+00
-1.967790484577395804e-01
-2.165337027915708035e+00
-1.395701019198111181e+00
2.626945209103474177e+00
1.578800414344411207e+00
-3.311776749160617039e-01
2.213370607623476316e-01
5.379566104107381674e-01
1.778124610071090794e+00
1.540517527990757252e+00
5.524462809415743303e-01
-1.126570751217742083e+00
-4.196560299377112835e-01
1.671984204305458688e+00
-4.165697894870625251e-01
-1.355893748428907308e+00
-2.105250580743232847e-01
-1.185786601135736529e-01
3.221742417563571159e-01
1.617787898190587437e-01
-7.329219138246064746e-01
1.697270779147188380e+00
1.358846973586645135e-01
-1.982983959049561706e+00
1.996676257172030899e-01
3.128269551482280031e-01
-1.269085703344087435e+00
-1.603152041647136095e+00
-5.843851204869197069e-01
2.657393631520094113e-03
-8.929124645922267844e-02
-1.827828927172576723e+00
-1.860799507184418555e+00
1.041593087169022658e+00
-9.547917390792314274e-01
1.473041046875036564e+00
6.848804890228890052e-01
-2.333350654883127873e-01
-1.624442442677875853e+00
8.347821529002772412e-01
-1.276681651527188155e+00
-8.238770470235202703e-01
-1.786362785441800993e-01
1.538281152244746153e+00
-1.961329792391393045e+00
-6.485970528792995848e-01
2.896100378557489585e-02
1.653643862220649963e+00
-2.601704956938380442e-01
-1.254989903770422632e+00
-1.498111686073591908e+00
1.588574926160666312e+00
-9.426600812533230123e-01
-6.439955612990283518e-01
-1.399943229406834355e+00
-4.588030343165674374e+00
-1.416555544405494915e+00
2.018899977756583031e-01
1.994489488950206058e+00
-1.022414926014665326e+00
2.227494183539406869e+00
9.862435708635947096e-02
9.133818542412099895e-01
1.996559894651172229e+00
-1.741383245010727832e+00
-2.294712835781544946e+00
-1.092373247231011479e+00
-6.554623689290001165e-01
1.248273415735332126e+00
5.209894344847800784e-01
6.553514067374357488e-01
-4.448317618797384410e-02
1.129462162218491050e+00
3.062350845174449443e+00
-6.315541263741878408e-01
-4.004293781113195116e-01
1.557293590674689865e-01
1.108734398276277178e+00
-7.510483148995437119e-01
7.100504802245753977e-01
-9.658622294353540472e-01
-1.984535008271222756e+00
-7.643710557082453727e-01
-2.805334409535072404e-01
-9.789063027400279893e-01
-5.557073489966873892e-01
-6.236275760161849036e-01
-3.970270399361306990e-01
-3.496645645357409071e-01
3.560837803999746809e-01
6.617092420584902435e-01
9.844303286697666522e-01
4.026435668624942510e-01
-1.022972027242553095e+00
1.722609942470690658e+00
1.470113586212671297e+00
2.140654528738338502e+00
1.920882754271930004e+00
1.065508783153072958e+00
