1.390934161940436934e+04
-6.887914906246864120e+04
-1.222990011247866096e+04
-8.237965540880877234e+04
1.446406889437957034e+04
-8.554857739422426675e+04
-7.108034180846172967e+04
2.742769003209767470e+04
2.407189904281996860e+04
-9.048163369718000467e+04
-8.482366408114825026e+04
9.330595299051630718e+04
-7.548038228649887606e+04
-3.375365133586781303e+04
3.084097780326095381e+04
6.981182482170248113e+04
9.707678673310026352e+04
-5.193419962455685163e+04
4.274738650082879030e+04
3.803351065289534017e+04
2.834421602336917658e+03
7.603432151224352128e+04
7.562845119165370124e+04
-6.631106291564156709e+04
2.653560825173428020e+04
3.321857093119651836e+04
-9.601241125708965410e+04
-8.346019313080537540e+04
8.839817432447522879e+04
6.402501548704894958e+04
5.041487034624351509e+04
-3.272058224370519019e+04
-8.705110127378976904e+04
-2.349738125015764308e+04
7.653990982877086208e+04
-9.242059109921235358e+04
8.262524345907250245e+04
7.185970253525991575e+04
2.836189135371739394e+04
-9.073973700211393589e+04
-8.499719030017209661e+03
-4.288034481179626164e+04
-9.762000520136744308e+04
-3.319173169985546701e+04
-5.187261604907205037e+04
4.747617309386647321e+03
-8.913677420052082743e+04
1.723110924501136105e+04
-9.420655681850264955e+04
8.779629871688243293e+04
-5.972035315713074669e+04
-8.886932417651700962e+04
2.806161302149827316e+04
-9.057725632248564216e+04
-9.592776474138862977e+04
-5.300657131943756394e+04
6.619393159738073882e+04
-9.945329704275752010e+04
2.525595223194796927e+04
-9.679492388956560171e+04
9.885038118604365445e+04
6.069972996360131219e+04
7.331806798754811462e+04
4.250760185211845965e+04
-5.880213255117707740e+04
9.153979756833062856e+04
1.066448435292466274e+04
-2.203777050385796429e+03
1.288707320898939724e+04
-9.438791263388420339e+04
-5.794983439260070008e+04
3.592773756551203405e+04
-3.004286367496461389e+04
-7.675072665817785492e+03
6.392471387855571811e+04
-8.449705577275667747e+04
9.242512261104755453e+04
3.223298046208967207e+04
-5.028755782062343496e+04
-1.821341264620011862e+04
4.176056337091245223e+04
8.650862888440716779e+04
5.004001766316046997e+04
-8.190898734405322466e+04
6.507086512681105523e+04
6.588523158179430538e+03
-7.291627083626265812e+04
-8.546707262307152268e+04
-6.026703730642354640e+04
6.073065327531329967e+04
9.148299980802112259e+04
5.654647265325932676e+04
-7.676546366597960878e+04
-8.922106684808990394e+04
-5.220015688667958602e+04
-6.547911555103733554e+04
2.876056200107936093e+04
6.798069242093194043e+04
7.302944910467171576e+04
-4.837365308734175778e+04
4.331827417425683961e+04
-2.865140238150000005e+04
3.412321367016277691e+03
2.861029613262338535e+04
2.798843152871971688e+04
-5.311153032061774866e+04
3.240281298264269572e+04
4.629294791653239372e+04
6.501920840686319571e+04
4.249805703288732911e+04
6.188209087911833194e+04
-3.356045631271505408e+04
8.998846486871340312e+04
-3.487159063537649672e+03
9.422535810907858831e+04
3.547754978297981143e+04
-8.882561325126215525e+04
9.764783771429912304e+04
2.567818295242848762e+04
1.901412466237500485e+04
9.733549483244647854e+04
2.942602441819094747e+04
7.098963423653649807e+04
-3.986123861683342693e+04
-3.622034475189579098e+04
6.701564653813779296e+04
5.907068092368367797e+04
-3.771962751765007852e+04
-8.670129740383948956e+04
-7.014878217684068659e+04
5.406381228156983525e+03
-1.813211029894564490e+04
8.734182818871757945e+02
-9.179768321683043905e+04
-6.748179777717618890e+03
8.190815979286389484e+04
4.432638105789762631e+04
-3.937936378455367958e+04
-2.418761340357883455e+04
-9.053697537343818112e+04
-6.243715596944862045e+04
-5.635564272129598976e+04
2.289280222932119432e+04
3.638263596444224822e+04
-3.553411710795582621e+04
2.071164685330935026e+04
4.802906761565106990e+02
-7.230575454535876634e+04
-6.879755055209613056e+04
4.856608998805060401e+04
7.938959632482135203e+04
7.211733250936526747e+04
8.840927883083613415e+04
-3.222014284946148837e+04
5.044407840098491579e+04
1.775167791526046494e+04
8.230112449306994677e+04
9.137793871343643696e+04
6.467245943424094730e+04
4.201955348509630130e+04
8.975914318961757817e+04
-5.638091935076415393e+04
-9.145711131308297627e+04
7.416387615582260651e+02
-4.620505269083016174e+04
-1.394028557161836579e+04
6.722781244532648998e+04
-1.114823402332057231e+04
7.825039423612043902e+04
1.641147179711492208e+04
-5.438757501084600517e+04
5.865211245454840537e+03
-2.839939775837615889e+04
-5.324902249048274825e+04
-5.662859616026868025e+04
8.444485742719697009e+04
8.927289204754390812e+04
9.704408736616368697e+04
8.025081705181235156e+04
-5.158988841358922218e+04
-2.241698761488698074e+04
7.954970777507882303e+03
7.446349971197958803e+04
7.215570668334462971e+04
3.085347634610231762e+04
3.080317012694880395e+04
5.320276957581745955e+04
-4.492601740253867320e+04
8.940697127401831676e+04
6.007700520995866100e+04
-5.839458392052028648e+04
-5.998718272290023015e+04
7.584549953725338855e+04
5.313636224957407831e+04
8.087544816070602974e+04
4.142036678162952012e+04
1.211137980536966825e+04
1.959316767508478006e+04
-6.749122767910211405e+04
9.464858921424884466e+04
4.259916380434077291e+04
-9.000496842706651660e+04
-2.416274010340863606e+04
-5.621265031766318134e+04
-3.718832559446000960e+04
1.153511065465567481e+04
4.719508218427465181e+04
-1.346240895263291532e+04
-2.391817596615570437e+04
-5.523173727209166827e+04
2.194303660594040048e+04
-1.861747105205963817e+04
-5.941312199230956139e+02
6.796343557925570167e+03
-5.435865331115898880e+04
-1.344038710587909554e+04
-3.212016020655447937e+04
-6.248386370765030733e+04
3.235154802474565076e+04
-5.655888257460590830e+04
2.187724784331813862e+04
-7.324907401007360022e+04
5.092513031266143116e+03
-9.443557827437017113e+04
5.717035205567930097e+04
-8.814793142886052374e+04
2.743369705076879836e+04
-8.399862190275861940e+04
-5.435039719980024529e+04
-1.067156577147487405e+04
-9.344945673079801782e+04
6.580851659812194703e+04
-6.456522080685647961e+04
-7.477598062331737310e+04
-3.211263983552879290e+04
-6.262260341135967610e+04
7.398990093576010258e+04
-6.203472112137229124e+04
3.182863362844508447e+04
8.600351833898723999e+04
4.044087066304669861e+04
-3.479745813790220564e+04
3.274498005878301410e+04
7.075442735136832925e+04
6.412474386346842221e+04
9.121755640188686084e+04
-5.777256631989073867e+03
-5.190324092380672664e+04
8.184084491634629558e+03
1.489591868676105150e+04
-8.651717753843839455e+04
6.405459999917171808e+04
7.572999262335864478e+04
5.555526883147378976e+04
6.333968649813917727e+04
3.234213753135432125e+04
1.134657404806561317e+04
-9.502904017021368782e+04
6.214941592998537089e+04
-5.807343093053522352e+03
-3.326842153025621428e+03
9.557225709439128696e+04
-7.109279987751568842e+04
-5.485566575399538124e+03
-5.684602959961631859e+04
