9.566515215287847968e+04
-1.659393985000168686e+04
-9.352305235499124683e+04
7.941434697342195432e+04
-9.100849194305516721e+04
7.501391627514957509e+04
-4.392149828845996672e+04
3.716442177704657661e+04
2.999015808557494893e+04
4.726495447341381077e+04
7.847259471058868803e+04
-4.706925255234387441e+04
3.247122699510249731e+04
3.486609281072598969e+04
-3.303121032566506301e+02
8.203163820766670688e+04
-3.469215560311800800e+04
3.879254801787654287e+04
-7.457997357348049991e+04
9.630426081895673997e+04
-8.963504037596182172e+01
-8.819826715708784468e+04
4.238756074064032146e+04
-6.499179081643628888e+04
-4.200048806862240599e+04
-8.078273796905028576e+04
1.000001700286198320e+05
8.528216489412460942e+04
-2.207141526082113342e+04
-6.233836431906145299e+04
-6.127935518754296936e+03
5.111037684839517169e+04
-3.634816851833435794e+04
7.811779969637075556e+04
-4.036437409730378567e+04
-4.608962309985240427e+04
2.397756795370463806e+04
-4.758194644432189671e+04
-1.558171936481480043e+04
-3.399947755182167020e+04
-7.137618256346645649e+04
8.246431294312543469e+04
9.396450968659856881e+04
7.305063225908907953e+03
-2.258018532306707493e+04
1.650595868469495690e+04
3.978651060527395748e+04
2.160286017652025839e+04
-8.173175678097910713e+04
-7.009356175827032530e+03
-1.574960127515888962e+04
-2.835829772123710063e+04
-7.354127044018504967e+04
4.820293511774404760e+04
7.126962808661932650e+04
-6.464921880109192716e+04
5.890985090713528916e+04
-1.807332614726512838e+04
-9.246409554458170896e+04
2.116860154390541356e+04
7.089902362076813006e+04
6.862279172288418340e+04
8.013389174162955896e+04
-5.492313052311095817e+04
3.194477836068323813e+04
4.203395602146079182e+04
4.067488038774362212e+04
3.785460694294828136e+04
-9.329826302107768424e+04
7.430599020720955741e+04
-2.785629446364782780e+04
4.077558812480060442e+04
7.588340175890151295e+04
-3.454483024989807018e+04
3.530775803443758923e+04
5.424190782690474589e+04
-9.902819390721107993e+03
-2.921033544035624800e+04
8.942939526450568519e+04
8.721387992454778578e+04
-8.490412565837036527e+04
-5.629020800838751893e+04
-4.274900964580517029e+04
-2.418873033820481396e+03
-7.671838617155146494e+04
-8.653161396220551978e+04
-1.671278894437558120e+04
9.659677003396998043e+04
4.859661800325676450e+04
1.118612105309913932e+04
-4.897394892918007827e+04
-2.250902536669453184e+03
5.152688721190773504e+04
4.804270561795155663e+04
-4.268742530296488985e+04
-1.567274334577938498e+04
-4.158617898331877950e+04
2.958488587709155399e+04
7.350916191833512858e+04
3.135635737120371414e+04
-5.799681798423820146e+04
5.509388098710335180e+04
-5.025423459294677741e+04
-4.146406918195166895e+02
2.503841613476111161e+04
3.773482374772779440e+04
-4.095284622742968349e+04
5.410912673757447192e+04
1.655813312420207876e+04
5.531905394605689798e+04
5.404178581767821743e+04
9.765492290405865060e+04
-8.813981432605365990e+04
-2.043042200283272905e+04
-7.120149147916804941e+04
8.927640073963391478e+04
6.832595911537618667e+04
6.802178439843427623e+04
-6.265224708476317755e+04
9.436307459891540930e+04
4.011377878005775983e+03
-6.748662520353872969e+04
-4.186029884835647681e+04
-7.868800634995588916e+04
2.152239380797050762e+04
-5.039175172962203214e+04
-6.804186370167364657e+04
-6.994341160480312828e+04
-4.510308582313021179e+04
1.365492248405747159e+04
-9.490945230980264023e+04
7.008179698240282596e+04
2.161123306173279707e+04
9.036351643041531497e+04
-6.314644904192820104e+04
4.524996286097622942e+04
-9.546164899912108376e+04
8.537210173219816352e+04
-5.081822767916326848e+04
9.240033513541863067e+04
-1.415421712841772933e+04
4.411252116390907031e+04
9.847070982462479151e+04
-8.284084111235632736e+04
6.261557886304228305e+04
-9.803676709787834261e+04
-8.445243750777309469e+04
7.343541322255908744e+04
-4.809229122466367699e+04
2.041375685572865405e+04
7.436878656034322921e+04
-2.517879084160587809e+04
4.623752072026026872e+04
4.894026833066521795e+04
4.692102511455763306e+04
-8.474057872663096350e+04
8.719199244311508664e+04
9.557453222518760595e+04
-3.128240824524355412e+04
1.808549797985904661e+04
9.506099163017657702e+04
-2.104374603805989864e+03
7.972171479283955705e+04
-8.463138002205174416e+04
1.909695617618882534e+04
-2.307264243821834316e+04
-1.619959168906128070e+04
8.633929165813600412e+04
6.782976547533618577e+04
6.298505706732799445e+04
-6.121686653335067967e+04
-1.259910537483549206e+03
7.270039794701359642e+04
-6.193029877854491497e+04
-1.850369093548199453e+04
-1.612575786599159801e+04
-4.805210569219278841e+04
-1.747123872990446034e+04
6.202602092431514029e+04
9.522768623035759083e+04
4.431647556615156645e+04
-1.265003234048971899e+04
8.663610321971666417e+04
-5.711880077812989475e+04
9.516044834007762256e+04
1.245065999329843544e+04
-4.684966163980459532e+04
9.201907989099420956e+04
5.929183162809562054e+04
3.942989454918856791e+04
6.446679451238928596e+04
1.040585947595847938e+04
-8.032538007371719868e+04
-4.558067557282731286e+04
4.646347980591203282e+02
-8.184501926221238682e+04
9.028865290474699577e+04
-6.686389337356011674e+04
-4.761341017632391595e+04
2.002141915648341455e+04
6.622733714332034288e+04
6.739993797199033725e+04
1.450740294949664712e+04
7.184867183076027140e+04
-2.273700956185928590e+04
-2.310598102333294082e+04
3.672187314485981187e+04
4.514171578346211754e+04
-8.410004164401446178e+04
-4.592684574174149020e+04
5.922933363970582286e+04
9.972141521386493696e+04
1.982228837917013834e+03
7.517205924224462069e+04
-3.809991626345270197e+04
-9.296136195929053065e+04
-9.172739651567766850e+04
-2.854226293152372455e+04
1.707688355162196603e+04
4.776617978679853695e+04
-1.073529454952184824e+04
8.604907385627222538e+04
5.884899351206942811e+04
-8.096565425428091839e+04
7.634214750837595784e+04
6.156971435900178039e+04
-4.559190665526752127e+04
7.232952468562434660e+04
4.057759901006154541e+04
-4.054536863264583371e+04
7.180158204921561992e+04
-5.636678064964176883e+04
7.984443422928793007e+04
-7.722033286499293172e+04
-2.153041986697456014e+04
3.677220000940647151e+04
2.458656341275447994e+04
-6.345489194206282264e+03
-6.802349793757234875e+04
-4.180999040345525827e+03
9.941948068584079738e+04
-4.843227652152292649e+03
-8.803963365890378191e+04
3.631880629187846353e+04
5.539016859989921613e+03
6.756745221159231733e+04
-1.526585384181940935e+04
8.201969464517183951e+03
9.325152877688591252e+04
-2.169944910077141321e+04
-6.632660917197194067e+04
7.439199492741265567e+04
8.456478279801621102e+04
8.089868189645807433e+04
1.019200877682989244e+03
-3.031636894484214281e+03
-5.624387585667938401e+04
5.583161807280317589e+04
7.531522804986318806e+04
2.477821757833290758e+04
7.053689976977181686e+03
1.634641046982502303e+04
1.058817142610345218e+04
-1.329981641228697663e+04
2.033347965002884666e+04
