6.399385980267494233e+03
-2.243028916628536899e+04
6.943640904951766424e+04
-5.994617292183195241e+04
4.547649383436021162e+04
6.832971309496252798e+04
-1.268180712313769436e+04
-7.841895752378787438e+04
-5.948913449902778666e+04
-9.847919246063564788e+04
4.873969423916624510e+04
-8.325840555484069046e+04
6.956782121050918067e+04
-4.529476791646970378e+04
-1.931253673399184481e+04
6.296922399624555692e+04
-3.683278442317091685e+04
-4.503950615740173816e+04
-8.910351160995522514e+04
4.861709843630311661e+04
-1.147480702591767840e+04
8.052945359512419964e+04
-4.476575571310686792e+04
7.750001879281220317e+04
-7.429826683372000116e+04
8.564761051571332791e+04
-4.016595770763236214e+04
6.528604978189588292e+04
1.526405043872578062e+04
3.718736376798022684e+04
-8.702366647237242432e+04
1.703091825554090292e+03
2.619151220666656445e+04
9.493374527890684840e+04
-3.949133927207595843e+04
-9.435595719256880693e+04
8.734079727881358224e+01
-5.671790725884320273e+04
7.841756493720064100e+03
-6.895478399840313068e+04
-8.230436535773907963e+04
4.162202283921305025e+03
2.023507474622066729e+04
-4.227323246606851171e+04
-5.570007805424013350e+04
-8.987228439986788726e+04
-1.754945049400645439e+04
-2.735428288661608167e+04
7.422943704576832533e+04
6.119349940432365838e+04
-9.629904905619872579e+02
4.177799393574809801e+04
1.308252169860367758e+04
-5.078180100136908732e+04
-6.033786570448517159e+04
9.227434636496467283e+04
1.358478767233762846e+04
-4.106515110386030574e+04
3.548493896661810868e+04
1.902138012882945759e+03
-5.103408051722487289e+04
-6.346492113362466625e+04
-2.234705134267083849e+03
1.280825554817305965e+04
-1.029053305224670657e+04
-1.932743120459083002e+04
9.745941684163756145e+04
1.235107749709564087e+04
3.986956445694065769e+04
3.080846093208462844e+04
-7.168977171829817235e+04
5.726041440028203215e+04
-5.895290796307200799e+04
3.094149150969943366e+04
-1.939751026931272690e+03
-5.661734622409614531e+04
1.407465997985869944e+04
-1.701646200197560756e+04
-7.168347227514120459e+04
6.576112169658236962e+04
-6.076204873763392243e+04
4.245324058064893325e+04
-5.779345522657409310e+04
8.488169733076608100e+04
7.820219266741187312e+04
6.636262028786590963e+04
3.931930843793481472e+04
-2.908610968544898788e+04
7.333749604811797326e+04
-3.853346589496731758e+04
6.554456206065828155e+04
6.610994775734296127e+04
4.340552403387351660e+04
-1.899084172837390361e+04
6.015248165140217316e+04
-9.769179143374868727e+04
8.310226566757293767e+03
-2.705856858105984429e+04
-6.883705559912938043e+04
8.691743850164588366e+04
9.164601467986276839e+04
9.776039981924921449e+03
-6.253517597233867127e+04
7.247209441734172287e+04
2.295065471519782932e+03
-7.050584923145764333e+04
-4.084318461763733649e+04
8.933027945504918171e+04
-2.735480439491496509e+04
-2.493199492356889095e+03
-6.631656805075729790e+04
2.212074134185787261e+04
-4.356635426470429229e+04
5.654329099688819952e+03
7.730715615088611958e+04
-4.357358824879441818e+04
6.646302541573859344e+04
6.024169696374869091e+04
9.122122114468168002e+04
2.956212131416661578e+04
-1.332341178989299988e+04
7.188014686488345615e+04
-2.812180332238082701e+04
3.293344723325114319e+04
-1.772353609629040875e+04
-4.787329862945898640e+04
-4.790263921997858415e+04
-5.820357039811832510e+04
4.415573504726393730e+04
4.003397249127044779e+04
3.462633630779928353e+04
1.846353532412324421e+04
-4.334754339452985732e+04
-7.233833059946022695e+04
4.030542516768030328e+04
4.376504101720015024e+04
2.658000785352168805e+03
9.498463273733705864e+04
-1.388737983534730120e+04
9.657420983135551796e+04
8.853204306077511865e+04
6.590081487125565764e+04
-9.622769688813648827e+04
-9.769927260364878748e+04
2.729255708440763192e+04
-9.897529501309878833e+04
2.296114742811931501e+04
-7.558881768555537565e+04
-5.627158233107229171e+04
8.850377987787190068e+04
7.813062624220154248e+04
-2.142365424062299280e+04
-6.201075444504550251e+04
-3.853446322905605484e+04
-3.931551448234443524e+04
9.045929593818212743e+04
-4.296382178866180038e+04
-2.476443083765768824e+04
-3.526392828688393638e+04
4.536157171918279346e+04
8.364435362594162871e+04
-6.322132282132532418e+04
-1.969796822622072796e+04
-2.823229806902428390e+04
-9.886033835779110086e+04
6.821166212307794194e+04
7.439936991547685466e+04
1.118521915447078754e+04
1.614973898486595863e+04
7.697643655994311848e+04
3.847561275021580514e+04
6.052572155205959280e+04
-7.649782081389296218e+04
-2.122298304245396503e+04
2.272496899098063295e+04
-7.895062586039313464e+04
-3.373411111615288974e+04
-8.436586372880707495e+04
4.080336684936365054e+04
-9.968768837351119146e+04
-4.285757647173896316e+02
-1.976098746405411657e+04
-4.236594194874646928e+04
-2.669945237974376869e+04
7.158763890709688712e+04
-6.503965696471470437e+03
-3.577534142551477998e+04
2.911825714988829077e+03
4.468303718622069937e+03
-6.169467623083088984e+04
-7.711653447978758777e+04
-7.733047822922357591e+04
-8.155948463271351648e+04
5.531765991018297063e+04
-5.860647657745436300e+04
8.113259448971012898e+04
4.961650984560593497e+04
-3.941054669034157996e+03
-3.670902943605311884e+04
3.627126047479439876e+04
4.600968712157638947e+04
4.763876209643275797e+04
8.444400558930309489e+04
3.562865247985127644e+04
-6.543645940037890978e+04
2.663389705172539834e+04
3.544496295266595098e+03
5.006169140560417145e+04
1.113226162286302133e+04
-1.353433501201240506e+04
5.425676237323589885e+04
4.982456621488115343e+04
-3.078537622902605290e+04
2.176626760602912327e+04
7.085079346568892652e+04
-3.064174319819268567e+04
-5.257153685136730701e+02
-1.393116296560521187e+04
-2.636567423680559295e+04
9.132616633097841986e+04
-7.398126660457490652e+04
-3.331922504135175404e+04
6.579353132519464998e+04
2.064474338653539598e+04
-7.198394136257588980e+04
-5.238042497314714274e+04
1.996523635975442085e+04
5.806924502320939791e+04
5.015269012844192912e+04
5.589543091546835058e+04
-3.273001623449040926e+04
-4.435159825603962418e+03
-5.756493857604954974e+04
-2.664787985602673507e+04
-8.301269534353654308e+03
-9.106754743434082775e+04
2.686864590409485572e+03
-8.377698808596149320e+04
7.278417644351665513e+04
3.610764124699138483e+04
9.312289804188435664e+04
6.055646990341631863e+03
1.651341316449855367e+04
-9.700122719809341652e+04
-5.943639345111169678e+04
8.591084105636192544e+04
2.945446638133652232e+04
-9.865735547189654608e+04
9.758856002327699389e+04
3.204192079501160697e+04
3.786353398269083846e+04
6.630066224562838033e+04
2.639470335421232085e+04
6.790707829373421555e+04
9.317718820784679338e+03
2.875440543030305707e+04
-4.197520800331869395e+04
4.930877646486004232e+04
-5.041937792075108882e+04
1.530015986210969822e+04
-8.538460647263754799e+04
9.515793604811931436e+04
1.282150455500303724e+04
9.080913058538255427e+03
5.197174315157320962e+03
