1.405514146509606326e+04
-2.819966117994438173e+04
-1.672701873403274658e+04
-4.164021205266737525e+04
3.575598854842927540e+04
8.130860513942314719e+04
-6.616298501482739812e+04
8.432102679336861183e+04
-2.306319316006057488e+04
9.550103024817934784e+04
5.017169665821538365e+04
8.189366553733673936e+04
4.948898540133475035e+04
-8.000998678986802406e+04
-4.318259902430649527e+04
4.994426689654873917e+04
-2.024361191025319567e+04
6.489188253481162246e+04
-5.098534768777236604e+04
-4.271923943897148274e+04
-7.739666479464297299e+04
-6.764385761890522554e+04
-1.566326716975799900e+04
5.258219234850578505e+04
9.045172431971102196e+04
-4.084864821090643818e+04
8.161673109622107586e+04
6.248203579954666930e+04
-1.453146080075211830e+04
-6.147656849777491152e+04
7.577241382412462553e+04
-5.218452128039961826e+04
3.016916421042347429e+04
2.842381154742508443e+04
-9.912999681837762182e+04
7.431554410069142250e+03
-4.528839347974403790e+04
-1.879304966509188671e+04
1.769576916723699833e+04
5.987935631826018653e+04
-8.916121715643814241e+04
-2.747178982028086466e+04
6.615022390421025921e+04
5.197663372451775649e+04
-7.183893396454337562e+03
4.742609654926348594e+04
-6.975329023626209528e+04
-9.072834001870670181e+04
-4.935672094727140211e+04
5.921207490107350895e+04
-9.904269504972088907e+04
-4.283321987681657629e+04
-2.883286795134981367e+04
2.174196450943462332e+04
-2.308028659364279520e+04
-7.995232423787729931e+04
2.098299173558023540e+04
5.051053021177361370e+04
-9.836204106115440663e+04
3.484662878695881227e+04
-7.664245955038236571e+04
6.919408155569300288e+04
-5.591727964858668201e+03
-1.083710089251209411e+03
8.435861100687606086e+04
4.964243839280300745e+04
-6.615919147505094588e+04
-4.403788884756223706e+04
-4.157227820322447224e+04
5.469215357126276649e+04
1.310750767427035862e+04
4.073181030683199788e+04
4.937882773040176835e+04
9.431566622251711669e+04
4.135116147233887023e+04
-7.865075057068558817e+04
-4.468943140302652318e+04
-1.762038517170873456e+04
-6.133765386273970944e+04
-9.591572894448116131e+04
-8.755591693256767758e+04
1.775039079160321853e+04
1.837499715435926555e+04
3.778673106795571948e+04
-5.828091745582209114e+04
-2.878728522858083579e+03
-8.642399139952864789e+04
-4.971695472707435329e+03
-6.035410338432177377e+04
3.281232400985471031e+04
4.745834603199166304e+04
-5.701412205608905060e+04
5.937076929504744476e+04
-2.898198295755270738e+04
-3.599997343037303654e+04
-9.447723324649823189e+04
-3.458767547411987471e+04
-1.792366344367467946e+03
-6.103811201057273865e+04
6.965645823547261534e+04
2.025890407358519224e+04
-2.228153734516205077e+03
-7.951859601479966659e+04
8.556505767750286032e+04
-1.851498537477646096e+04
7.915046833299081482e+04
4.407781306263893202e+04
6.321055152255917346e+04
5.585439353424277942e+04
3.970180417974249576e+04
-1.282713858050190356e+04
-2.072478929957957735e+04
-6.697020460071880370e+04
6.139813251321153075e+04
4.127788149465009337e+04
5.413678827307100437e+04
-2.264144536494520707e+03
-1.578405636093408611e+04
1.124550241952536908e+03
4.735482724832518579e+04
1.236549548625879652e+04
3.370692707894545310e+04
8.841311483714322094e+04
3.343701420574222720e+04
-5.280029164802209561e+04
-4.650337967088625010e+04
4.202547431878934731e+04
-4.570655905076055205e+04
-1.366069519524610223e+04
-7.785744602937456511e+04
9.477835292115877382e+04
-1.205819425721436528e+04
6.539875522004235972e+04
-9.897034314521742635e+04
2.160208968029856987e+04
8.180567713161632128e+04
-3.851556901405187091e+04
-5.554139395318784955e+04
-9.615584850850203657e+04
-6.679926248117380965e+03
2.029621875427679333e+04
8.333987841945611581e+04
-7.113660139186349988e+04
-6.603557036437910574e+04
9.718000424270954682e+04
3.162459474345195849e+04
2.217251394437706040e+04
6.998434323397511616e+04
3.093099666688608067e+03
9.378031949138073833e+04
-4.095294357959583431e+04
6.040268906809321197e+04
-7.423823027416257537e+04
-5.676440283065015137e+03
-4.906326806961218244e+04
5.682380900827123696e+04
-6.428855869966890168e+04
-8.735242933734833787e+04
7.373839946258033160e+04
-9.775667759052294423e+04
2.938067482554374146e+04
-2.934371000727818682e+04
6.677519232019440096e+04
-9.713655119022591680e+04
-9.785781103453756077e+04
7.482257992435173946e+04
5.287802611288284970e+04
6.577382255914762209e+04
6.078083349440878374e+04
7.400133360865936265e+04
8.980996352210364421e+04
-1.715386305991302652e+04
-2.650608615435786123e+04
-4.406716589832378668e+04
-3.304658258223414305e+04
-1.338541895870690314e+04
-8.742028659022033389e+04
-4.413102799156052788e+04
-7.382741284466006618e+04
9.983539050382169080e+04
8.234408151016135525e+04
4.506433665301277506e+04
9.982067901807029557e+04
2.004790953995345626e+04
-7.922207868555105961e+03
1.217900648947535956e+03
9.297317259886581451e+04
-4.758268267552485895e+02
-1.209335066435127374e+04
5.662495517529997596e+04
1.265097151744275288e+04
6.076060596338484174e+04
-6.115379250115244213e+04
2.156496215586238031e+04
-2.701297138743816959e+03
-2.209189527780548087e+04
3.052266081972877510e+04
-5.656816822146632330e+04
5.232450483500464179e+04
-2.679282072056733159e+04
-1.432752493287948164e+04
-4.002352999514582916e+04
6.636910333895980148e+04
-1.860836605115034035e+04
-5.200126642978543532e+04
-7.957299641415498627e+04
-3.198460327302605947e+04
-9.462275027971761301e+04
2.476406731141073033e+04
-9.710099834028324403e+04
-6.242205551457142974e+03
2.006345797537675935e+03
-6.269441266636909859e+04
-4.994429497508802888e+04
-6.085527384231235192e+04
-5.895563926059677760e+04
-2.782971909290491749e+04
8.021740209079282067e+04
4.209168900665443653e+04
-1.394787670542339038e+04
-9.781061226324952440e+04
5.136553740158376604e+04
-4.381881374791178132e+03
-1.368188159285773690e+04
4.875041373252311314e+04
-3.531530416174498532e+04
8.735548811033272068e+04
-1.600451534620861094e+04
-3.192550502172748747e+04
2.694464522031133674e+04
-2.192688595692788294e+04
5.114112233944558284e+03
3.364683039530448877e+04
3.470757757051976660e+04
-2.714386826545577424e+04
3.700362986447315052e+03
-6.927506191917632532e+04
-8.265676844485827314e+04
-9.011401595436051139e+04
-8.456479249330595485e+04
8.284508256358500148e+03
-8.466532010254847410e+04
-6.059526207034164690e+04
4.017885993115625752e+04
-7.964844430891197408e+04
-5.292256439687579405e+04
9.688850010768137508e+03
1.817020566035462252e+04
-5.787487295832359450e+03
-3.652099191223605158e+04
2.898331440472768463e+03
1.606300351029775811e+04
-2.278038150529862105e+04
-8.196559956610159134e+04
2.077788298376587773e+04
-2.031916345373528384e+04
-4.325244198290213535e+04
7.813482460516090214e+04
4.375549451718984346e+04
-2.534038529517068673e+04
7.719420877237549576e+04
9.040385022212644981e+04
-3.969396284892828407e+04
9.510665570944252249e+04
-4.655636555087813031e+04
