6.974357789491156291e+04
6.205671824182866840e+04
-4.030360577146887226e+04
6.122477952819263737e+04
1.535433508414879907e+04
-9.591632671390040196e+04
8.551019320609788701e+04
-6.976186883269873215e+04
5.825732927963729162e+04
-1.126561085709973304e+04
-7.468360347915509192e+04
5.244458594391203223e+04
-6.084586509928292071e+04
-5.222925332445573440e+04
-2.928348539242320840e+03
3.229446271004707887e+04
5.891588763473899598e+04
7.016918425077287247e+04
-8.490557433660118841e+04
-4.049921501472143427e+04
8.943718641987624869e+04
-1.891573531125068484e+03
-4.069073611735467421e+04
3.640051189266375877e+04
-4.974666242454735766e+04
5.272558903459506109e+04
6.192568480815992370e+04
3.110356280243639048e+04
-4.574635730811038957e+04
-7.619773582958615407e+03
-6.637329253255023104e+03
2.374597765146374513e+04
5.084266854868039081e+04
-8.030721225283328386e+04
1.024692698029570056e+04
-8.055406889297280577e+04
7.514388357457029633e+04
1.112683223890195404e+04
9.887321679339375987e+04
-1.073149751429954631e+04
-6.330057274468041578e+04
-4.297646941154775413e+04
7.039580842399735411e+04
8.527955687605930143e+04
1.544929803293455916e+04
9.825463824387572458e+03
-6.564186273912654724e+04
1.564134328269720754e+04
2.294282365903157188e+04
-1.702917843446313054e+04
-9.340274251616596302e+04
-3.625746658692316123e+04
-2.863388362779945237e+04
-4.538365561311609781e+04
6.072641114024109993e+04
3.382441819662495982e+04
-6.745148828881145164e+04
3.813070972954505851e+04
-1.705553515879001498e+04
-3.141869567985804315e+04
3.697936274671784486e+04
-9.859464006897299259e+04
7.345052719129326579e+04
7.910999593602344976e+04
6.557442630958184964e+03
-4.543808311268348189e+04
-5.261151802024876088e+04
-5.236321357431879733e+04
2.780814580548243975e+04
-2.719846792115335847e+04
-9.914236583112420703e+03
-7.782273897557423334e+04
-1.088053968096931385e+04
1.153384438399579449e+04
5.001988495634213177e+04
2.475933089681284764e+04
-9.014621869232137396e+04
-7.659343581807719602e+04
-3.974613254200141819e+04
6.435119515233905986e+03
5.515010970290698606e+04
3.701548065652970399e+04
-5.403157170375845453e+04
4.177337129940286218e+02
5.052698326103040745e+04
5.572687715065762313e+04
9.992006498001726868e+03
-5.491395339757936745e+04
7.524423864519273047e+04
-1.087395792565244665e+04
8.963541712789535813e+04
7.566783818674272334e+04
9.506665317772619892e+04
-4.635924718462321471e+04
-8.496024434885842493e+04
5.943741108870751486e+04
-8.913556151708393008e+04
-4.276977246836769336e+04
-1.002890796486504587e+04
1.755974753538977893e+04
9.414124676897559766e+03
6.401826260966214613e+04
-8.631755423592936131e+04
-4.471584541437563894e+04
-8.849260267182291136e+04
2.259222995540222837e+04
-7.667206760521627439e+04
6.970942454933022964e+04
2.124884324332465621e+04
9.639818451827805256e+04
-4.416372980025436846e+04
-9.734985016534462920e+04
3.593856563469332468e+04
7.710248160388451652e+04
-8.795903869548362854e+04
4.558010247433219047e+04
7.474115977601458144e+04
-7.921689760840647796e+04
2.666495632398544330e+04
-6.191162648706720938e+04
1.402623994988562481e+04
1.435141813164570158e+04
3.376716363900922443e+04
9.840298994776949985e+04
9.714273738823342137e+04
-2.690534599120460916e+04
5.583510310045017104e+04
7.412392661581166612e+04
7.602126273078532540e+04
-8.303825917939733699e+03
3.707057370662673929e+04
3.557072163045422349e+04
-4.484037972289984464e+04
3.351218591737367387e+04
9.168660938602796523e+04
3.781103927298933559e+04
8.859144875878955645e+04
-6.519190513319729689e+03
2.128855741914161626e+03
5.578166270886042184e+04
7.297279274289522436e+04
6.051488917627268529e+04
-8.732482396391981456e+04
9.694522230028144259e+04
-5.767282596845646913e+04
-8.804423422638655757e+04
-8.990836819111417572e+04
3.758098177560258773e+04
4.597505289024915692e+04
-7.242167743889994745e+04
-7.691508448995211802e+04
-8.671988227620920225e+04
4.510100872398841602e+04
-2.092043606282701512e+04
7.869330610779627750e+04
2.499214459344393981e+04
8.743570702827128116e+04
-3.605651325513844495e+04
5.617923262023593998e+04
4.312068579019005847e+04
7.299683149509776740e+03
-1.686892162457382437e+04
-4.832459110620791034e+04
-9.159091899877526157e+04
-1.975311736559936253e+04
3.135591311531783867e+04
-2.113247537105895390e+04
4.887469826309406199e+04
-4.580717323308201594e+04
8.154675915492801869e+04
2.317981950750833857e+04
-7.537920809932431439e+04
8.540675179892679444e+04
-8.786416956761383335e+04
5.442144767423054145e+04
-1.048478642506746655e+04
8.081525081384848454e+04
7.762511186996738252e+04
-5.834382143123886635e+04
-4.443500059407655499e+04
3.865622380652658467e+04
-3.315334103415237769e+04
-8.814879265124633093e+04
4.963105537043270306e+04
-5.175625413436769304e+04
6.191439621503805938e+03
2.352395835051184622e+04
4.693522784948445769e+04
-9.848950680990067485e+04
-9.400722711053991225e+04
-7.295637024139428104e+04
-4.050395314530700853e+04
2.284219361588367610e+04
-5.559215965657377819e+04
-9.589845994563179556e+04
7.006222468234642292e+03
-6.981890435679769143e+04
-4.660661181750729156e+04
6.830398024786652240e+04
-8.914632696681185917e+04
-3.298411506368104165e+04
-2.168741795392384302e+04
3.739843574226737928e+03
6.916607058002488338e+04
-5.457674352299303791e+03
2.158178571902917611e+04
5.819908937425207841e+04
-8.921274226183815335e+04
-1.778407883889986988e+04
-4.843495100226632348e+04
8.292237077231440344e+04
2.692528259021709891e+04
-4.391419567276105226e+04
-8.131968076261070382e+04
-7.586070705330345845e+03
-6.673625840020336909e+04
8.635897668010192865e+04
3.415281868963889428e+04
-7.913521894936378521e+04
-7.203157449954787444e+04
8.557482484837393713e+03
2.937646288389885376e+04
4.537114678717987408e+04
-3.396818917274826526e+04
-4.227539177329845552e+04
-1.768322062481512330e+04
-4.579675499057925481e+04
4.590155036847262090e+04
-8.075438636548945215e+04
-3.064055417054184363e+04
-3.977402226312290622e+03
5.411101226410625532e+04
8.542289314854827535e+04
8.478148939409162267e+04
-2.017651580256229863e+04
-1.140971247197230878e+04
-3.009852715874378555e+04
4.181076238542742794e+04
-2.439399141080833215e+04
-8.575945803526988311e+04
3.736057830566545454e+04
-8.270458846948732389e+04
2.750939643895638073e+04
3.110997549688888830e+04
3.195869946113260812e+04
-7.440105020592357323e+04
-7.542636474641563836e+04
-4.677527720182392659e+04
9.683500960093823960e+04
-8.961094954227199196e+04
1.743977345721808524e+04
-5.538597384885297652e+04
-7.853238260498690943e+04
4.884868902246408834e+04
9.022783145289782260e+04
-8.153547066667255422e+04
-7.221011899852763236e+03
9.013641802639512753e+04
4.867967514841633965e+04
-4.293684272036389302e+04
-6.337734107577883697e+04
-8.372035386715354980e+04
-6.357573426527684205e+04
8.978507194119991618e+04
5.505801152284137970e+03
