-3.317771627913300472e+04
-2.780310237088180656e+04
-2.687718399391201820e+04
7.629644512514871894e+04
4.083611358575292252e+04
-4.908141358242293063e+04
6.856590613848004432e+04
-9.501620129488073871e+04
1.459023458738874979e+03
1.423142736857680029e+04
1.138289294028239965e+04
-3.336787770886281942e+04
-5.060808747877080896e+04
2.983263532098812721e+04
6.210314231816108077e+04
3.148466149318461976e+04
8.909839828297401255e+04
-1.033930797227517360e+04
-1.869903444795152973e+04
-6.709728364036513085e+04
9.838662026134593179e+04
-9.523111220305053575e+04
-1.342949233098214063e+04
-2.358216501488060203e+03
-8.910557073774481250e+04
5.551539417370350566e+04
3.632758909009210038e+04
8.526768832636131265e+04
-7.699160191841430787e+04
2.619706861144525828e+04
1.459614604329218537e+03
-9.776333683361386647e+04
4.027877711709807045e+04
7.123471905821394466e+04
8.269397818855777587e+03
7.939168545405745681e+04
-5.827900300767120643e+04
-6.897638995737662481e+04
-3.552257243165025284e+04
3.873321197497422872e+03
3.575582259761000023e+04
5.396729292606126546e+04
6.501840684392814001e+04
1.958235624175778867e+04
5.721907101553118991e+04
-3.606089288084943109e+04
7.262421881709726586e+04
-2.431594853286873695e+04
1.203571579735403066e+04
3.351861305386135791e+04
4.923138125114935974e+04
2.402676404761183949e+04
-9.315847412863491627e+04
-1.411897983428323414e+03
-9.292252860714945200e+03
-7.608602582536040018e+02
-6.635083728782931576e+04
8.949352005634432135e+04
-9.432113976392682525e+04
6.405047443672600639e+04
3.831269763071714988e+04
6.833163969478614490e+03
1.376883000714534319e+03
-2.476177817496338685e+04
1.701705761302571773e+04
-4.081893680793167005e+04
8.366621270953000931e+04
-6.316347504575180938e+04
5.412175338644589647e+04
7.773409834249813866e+04
-1.541695207088276584e+04
4.095978282286992908e+04
-1.000684800511514914e+04
-2.672536892616641489e+04
-8.039998930256858330e+03
-2.055416001888820392e+04
7.388722669544634118e+04
-7.512908790400676662e+04
8.831073038698603341e+04
4.360937031747266883e+04
-4.823914934432585869e+04
6.861193053466697165e+04
5.595080937016281678e+04
5.381798597965393128e+04
2.370124186154634572e+03
-4.711055869293039723e+04
-3.740772821283734811e+04
-4.854770545900334400e+04
-7.839754427014941757e+04
8.439795126989163691e+04
-8.964723547464875446e+04
2.493857455534796463e+04
6.247401025392802694e+04
-7.685863069483063009e+04
4.662403535625888617e+04
4.808803978469554750e+03
8.889684017735377711e+04
3.937832780061915400e+04
-1.878087527098244755e+04
-6.436397495581228577e+04
8.967358014505318715e+04
-6.277301368954972531e+03
-3.113074014437552978e+04
-2.162529669214039313e+04
-6.262118971286246961e+04
-3.995849446064459244e+03
2.217126947603475855e+04
-4.057197415431205445e+04
3.963940883119133650e+04
-7.610703115129224898e+04
-1.234192446822704733e+04
-3.292170221496054000e+04
-3.520391622120027023e+04
-7.915240885649657866e+04
-7.698788733353400312e+04
7.827729839381331112e+04
9.141197223388410930e+04
8.289161738161048561e+04
-3.138532155266182235e+04
3.490631805439848540e+04
3.766009775027626165e+04
8.975766088993575249e+04
1.036965532156250629e+04
4.546515430728333013e+04
1.460076544518954870e+04
1.120792090090639249e+04
7.286208806855275179e+04
-9.186531070084159728e+04
4.053663609301784618e+03
-1.734783729436809517e+04
6.979320614850861602e+04
-2.596907187894237359e+04
5.064585486077079258e+04
-6.558950220389546303e+04
9.893043048644429655e+04
-5.431081024537497797e+02
-3.695182514499482932e+04
5.205792164918813069e+04
-8.522193370332782797e+04
-7.964191736209472583e+04
6.126981494853785262e+04
9.298729741792009008e+03
-9.751891677354618150e+04
6.087086388270281168e+04
-7.711666388868684589e+04
1.337933260491604051e+04
2.153812893815344432e+04
-6.056660673786893312e+04
5.665934713685830502e+04
-2.977459740521308049e+04
5.835988597104399378e+04
-9.738124667161736579e+04
6.371267332018703746e+04
-1.105833100092532914e+04
4.655630958870376344e+04
-4.100472124051193532e+04
-3.831675114342416055e+04
6.239988134169024124e+04
-3.059434375986528175e+04
-2.835829310654860819e+04
-1.517957077963146912e+04
9.655363069275242742e+04
4.264297316506270727e+04
4.028717304651730956e+03
2.398146250184738165e+04
-9.014887220273609273e+03
3.536350990031768106e+03
4.039179946608057071e+04
9.517383440315900953e+04
3.168642583411983651e+04
4.281365425685434457e+04
1.980034394094150412e+04
5.271492575236772245e+04
9.310496398929524003e+04
1.408370904118122780e+04
-6.945971200796870107e+04
2.142371831204821865e+04
2.340034442314896660e+04
5.630864984553337854e+04
-1.805808826870349731e+04
7.903824306674278341e+04
7.411754357219699887e+04
-2.772317991350059310e+04
-9.312194306149527256e+04
-6.700360437981928408e+04
8.825106587348144967e+04
4.802154042816874426e+04
3.137718960453403997e+04
-9.138704101954608632e+04
-6.383564432562212460e+04
-5.778008171485192725e+04
6.209427610832615755e+04
9.314783901527833950e+04
7.196941385361441644e+04
-8.665656498149991967e+04
9.946345280205801828e+04
9.063991909800359281e+04
-3.716781706769134325e+04
8.859305410432437202e+04
4.605465054952690843e+04
9.167248285728284100e+04
-5.385324678740354284e+04
9.774512822022549517e+04
-4.587943108296982246e+04
-9.928561496232943318e+04
4.382480206005713262e+04
3.114899116602806316e+04
-4.913137504852195707e+04
-9.390887108955127769e+04
9.565058461723384971e+04
-2.116668760362202011e+04
-9.292225118614280655e+04
-9.305523833219285734e+03
6.066985360108806344e+04
3.669428746339491681e+03
7.282058588117313047e+04
7.424533323488372844e+04
-5.908687836283660727e+04
4.226179395886195562e+04
3.980005613043646008e+04
-5.543196257990794402e+04
6.651274525650056603e+04
9.154877925436871010e+04
5.684970186896841915e+04
6.194797162145660695e+04
-8.482843971836937999e+04
3.106552800002818344e+02
1.147670976203611644e+04
4.715512966518139365e+03
-6.321032235584708360e+03
-5.625943489818499984e+03
-3.402786427900633134e+04
-4.127217031074690021e+04
-9.620000650910195645e+02
6.309120328326305753e+04
-9.987516712641787308e+04
-3.470299806268679822e+04
-3.215774328078063991e+04
2.992718315766818478e+02
-8.274358443571705720e+04
6.819693821067454701e+04
-3.973409788534871768e+04
-7.369707932681645616e+04
-4.340444988442550311e+03
-9.193839006429252549e+03
-2.969992443835979429e+03
-2.015931019903041260e+03
-3.185664484979860936e+04
9.107781698620751558e+04
-1.157594335773741841e+04
4.913101515854784520e+04
6.510600543843986998e+03
-7.492333566376856470e+04
4.366566279159482656e+04
-1.853033002036871039e+04
-8.870222854252264369e+04
-7.255402754206764803e+04
-4.761657139499543518e+02
8.313467291609496169e+04
-7.144283942244898935e+04
-2.598227682566811200e+04
4.180544543395406072e+04
-8.134980766872459208e+04
-3.137777088063356587e+03
4.760224228068985394e+04
