7.095332671937170380e+04
8.528419752884701302e+04
-2.467037776890038003e+04
-6.313453515819039603e+04
-1.762180081708883517e+04
5.004490182038171770e+04
9.947112497023084143e+04
7.177534778521707631e+04
-3.509194981776875647e+04
8.902085745312193467e+04
3.454428671059697990e+03
-1.359241492810406999e+04
-3.124762950129094315e+04
-7.761515255892556161e+04
1.482569075283572784e+04
8.986235532451540348e+04
1.736241137181904924e+04
-5.377215124366496639e+03
8.017707287521822764e+03
-4.016864264583280601e+04
-5.624652472731490707e+04
8.430189812417401117e+04
-6.354872707452579925e+04
9.135396505038345640e+04
-2.860173771543143084e+04
6.443995123744512966e+04
-4.088959903870016660e+03
-1.677885185109090526e+04
-2.298025630797347912e+04
1.005756389443639819e+04
-4.092029040435440402e+04
-7.087923371454274456e+04
1.797919965018432413e+04
-1.106678019913822573e+04
1.561694085037672994e+04
-9.925266676421528973e+04
-4.519081325147765892e+04
1.722038770203529202e+04
4.410349228242898243e+04
-1.890524326960753751e+04
-8.105472939135326305e+04
3.304222324811235012e+04
-8.680954568736310466e+04
-2.627153117008487970e+04
2.481898019978926823e+04
-6.548687834160488273e+04
-6.456047845255656284e+04
5.974461932359276398e+04
-8.912291234841855476e+04
-7.741837962227442767e+04
5.004311350422530813e+04
9.027846501347802405e+04
-4.136392230649104022e+04
-3.265085186007433367e+04
2.665877933299179494e+04
-1.852661158143406647e+04
-2.709595349314127452e+04
-4.011766901396612229e+04
7.315343513495860680e+04
2.571787603162545929e+04
7.313512352541489236e+04
-4.303535392861503351e+04
8.778786878295887436e+04
-8.452960507632781810e+04
7.753367218728475564e+04
-2.289675473900992438e+04
-3.512202974734430609e+04
1.104202059859261317e+04
9.087565204044480924e+04
-7.941186400993325515e+04
-2.887929628160931316e+04
-5.987584514792629489e+04
2.078185965850909270e+04
-4.187618487241891853e+04
-7.139652926124043006e+04
9.292447374953584585e+03
6.210335859839121986e+04
5.510718033966411895e+04
-9.278500462835254439e+04
2.668612160863152894e+04
-9.021097547603152634e+04
3.894725978639474488e+04
-1.054474032014423756e+04
1.144025998637026714e+04
-8.238720263281950611e+04
-7.825342409200218390e+04
-8.707341834551311331e+04
-7.772998121097779949e+04
-4.675308695157783222e+04
-8.315355638831027318e+04
2.859221235331536809e+04
-7.148729597700892191e+04
7.818816988211830903e+04
4.397633154937363724e+04
-5.638725712034540265e+03
6.789438120952192548e+03
-2.759683069949847413e+04
8.569239469885549624e+04
-8.431712927729455987e+04
1.910350237211301283e+04
-3.139542906822459918e+04
-7.038955958326119799e+03
-1.040028272184887101e+04
-3.960039078615353901e+03
8.767539590107857657e+04
-2.892743310108048172e+04
-5.237709645109679695e+04
7.632340088353336614e+04
2.262705245779196048e+04
2.692969374584138131e+04
8.460412332985672401e+04
8.563373154111974873e+04
-2.949354920996416331e+04
9.574070453075025580e+04
-5.502460073005271261e+04
6.787415229832692421e+04
-4.763400100504876900e+04
-4.696809973744774470e+04
-4.556296956080487143e+04
-1.156843819330185397e+04
-7.470648380385104247e+03
-9.788012665714757168e+04
2.017452632351011198e+04
-9.400474956141669827e+04
2.874674603127148657e+04
-2.011621947246311902e+04
-7.996787145263784623e+04
-5.639452231983487582e+04
-5.384555783760560007e+04
4.989100223954170360e+04
-6.377659290002214220e+03
4.040914585881403036e+04
-9.439938536770043720e+04
-1.041967981999337462e+04
4.906221817345095042e+04
-3.327727165568821511e+04
-5.873349815498806856e+04
-2.504559697721508201e+04
7.824705852248640440e+04
2.419814320973306894e+04
2.066184715700138622e+04
-7.107160436541361560e+04
7.579403115599464218e+04
5.904585010464472725e+04
9.584040143866179278e+04
2.206634695048349022e+04
-8.280157688957307255e+04
2.866445445236079468e+04
-1.264967164406102256e+03
6.470927908245712752e+04
5.157045225117056361e+03
3.871164916754519800e+04
-9.422410342512167699e+04
-6.382055698561477038e+04
-9.689307165230967803e+04
-3.097317706722576622e+04
-6.984282719810520939e+04
-7.785513048207529209e+03
-6.792848039733858604e+04
9.206251269662599952e+04
1.213227934833803192e+04
-5.318688609249600268e+04
4.767185457584978576e+04
1.034724505156038686e+04
-1.548053807838234388e+04
7.136445245592664287e+04
-9.895357214459259922e+03
-5.638672443219655543e+04
4.092321870446964022e+04
-4.239334627604109119e+04
4.633811862510896026e+04
-5.569033839037721918e+04
3.584948541459545231e+04
-6.445757228596554341e+04
3.416785383617431944e+04
6.202276040035609913e+04
9.075294458662418765e+04
-7.640093646121564962e+04
8.379780372215733223e+04
7.912017984054633416e+04
7.327836139548935171e+04
-2.097348221197234670e+04
8.094730923359238659e+04
6.971928564220953376e+03
9.163108204512107477e+04
-2.800758122377104519e+04
5.490766742118554248e+04
7.436481228990998352e+04
8.955478069382827380e+04
-8.308703109708137345e+04
2.254832036252667967e+04
-7.230724483057649650e+02
-4.181855347623002308e+04
5.927731044448815373e+04
3.435511874319492927e+04
-9.543122969571952126e+04
-5.397262187437166722e+04
8.567188001468597213e+04
-9.882696948817468365e+04
6.037514287671202328e+04
-8.413459278208873002e+04
-9.111824785509089998e+04
6.174531090261461213e+04
-5.837336006741651545e+03
8.441805432385826134e+04
-3.199206522160085660e+04
5.937511655948861153e+04
8.044319469304758240e+04
2.988523505289639797e+04
-3.004604689139767288e+04
-2.027799881548377380e+04
-8.512580196501981845e+03
8.149181036374012183e+04
5.604359670920518693e+04
-2.390778945478448441e+04
-9.828711875866037735e+04
-7.458644068419230462e+04
-9.241038625546239200e+04
1.770348194330943079e+04
-4.807874344234327873e+04
4.928859356465211931e+03
-1.915911196721833767e+04
-8.712179921322427981e+04
-6.690839267802433460e+04
6.709368861395546992e+04
3.524930867474641127e+04
5.636642242398574308e+04
4.348460666360297182e+04
4.461692598465915944e+04
3.683938241188511165e+04
-2.493252729244954025e+04
3.162514116674448815e+04
5.282661167558878515e+04
-4.207298717619991658e+04
4.094108387514963397e+04
6.701869061403782689e+04
8.832012958676589187e+04
1.147132612487999722e+04
9.857289001422320143e+04
4.498433964987333457e+04
4.009161560437012668e+04
-6.254290263867806061e+04
-3.523108000493493455e+04
1.029206726984104353e+04
8.284313168541247433e+04
-2.814956162802334802e+04
-6.476905956109898398e+03
5.467109997394843958e+03
7.449550645192315278e+04
5.813179277369323245e+04
-4.028048835149851220e+04
-4.800200984430265817e+04
3.971321817805451246e+02
-8.700964515604320331e+04
9.279274328110484930e+04
8.210170862898933410e+04
5.072552719208355848e+04
-8.573809823227643210e+04
-4.727742154177896009e+04
-7.874157173876154411e+04
-1.323711309830018399e+04
-1.220913963139719954e+03
7.346201167607509706e+04
7.136396784957221826e+04
3.708288498936430642e+03
