-8.723029423038782261e+04
-1.189509251404737006e+04
-2.261376582401191627e+03
-4.232675898109519039e+04
-8.975611661524324154e+04
2.590006639755893411e+04
7.377980015613009164e+04
-6.736864925000010408e+04
-5.433731001324118779e+02
2.803449572666992026e+04
2.316106192544960140e+04
-4.173597541770043608e+04
-5.594511515756169501e+03
-3.666873902500188706e+04
6.858039193301265186e+04
9.582656880359462230e+04
3.769720573676049389e+04
8.127568328105320688e+04
7.329159107033538749e+04
-6.794419609565054998e+03
3.459723656034443411e+04
-1.570377002802828429e+04
5.650444633508372499e+04
-1.616292795393764209e+04
-2.360335117689134131e+04
6.221382611844618805e+04
1.068948646301240478e+04
-4.174625048988413619e+04
-7.497879965456640639e+04
9.139966680981025274e+04
8.258884948786263703e+04
7.474102126532283728e+04
6.901976249290355190e+04
9.491099161339328566e+04
2.203694492556952173e+04
9.949200832940412511e+04
9.732672127513586020e+04
1.576044104126213460e+04
2.356920631539434544e+04
-8.718122274734835082e+04
-1.742884628048935338e+04
-4.475338287275399489e+04
-8.070811532495246502e+04
2.792406257510986688e+04
-1.978430310308106345e+04
-2.366924718649548595e+04
-8.349658120462768420e+04
-8.897367442376932013e+04
3.496164750783539785e+04
-3.169392090647008445e+04
-9.545475655542431923e+04
8.143297993437408877e+04
-6.876535892064491054e+04
-2.503009811486728722e+04
-3.205160192668480522e+04
-1.759026111035121357e+04
-1.825113697781935844e+04
2.402324786460671385e+04
-7.856396170489507494e+04
4.171689448771104071e+04
9.253345019719690754e+03
-9.779497398643540510e+04
6.737473976202956692e+04
-1.030707409337220088e+04
9.736804918169000302e+04
-2.844766981141515862e+04
6.352237389720945066e+04
1.469157041861917787e+04
7.893916398601439141e+04
2.192888428921555169e+04
-7.813703214174167078e+04
4.315955879672822630e+04
-9.447189228767028544e+04
-6.401631585859410552e+04
-3.186964041487734721e+04
9.103121227250433003e+04
-7.893810267423266487e+04
3.097648776852794981e+03
4.613759927365010662e+04
-8.416581833045338863e+04
-7.448386965896486072e+04
-1.005048481769692808e+04
8.816838131389855698e+04
2.204893090334377484e+04
-4.902180047712337546e+04
-9.050460771029732132e+04
2.232050793629543841e+04
-7.722582967427247786e+04
4.908876453325087823e+03
4.162230332632141653e+04
-4.470956389712174860e+04
-3.402597804769047070e+04
2.998073170449004101e+04
-8.338129681610889384e+04
8.718669720844672702e+04
-8.248689755945587240e+04
4.276832624824847153e+04
2.616120434806985213e+04
7.053356101777362346e+04
5.584985987644109264e+04
-4.732972273683358071e+04
-8.761900881245909841e+04
-9.793440582605001691e+04
-1.064182700766685048e+04
2.934647816912781855e+04
6.278714643064361007e+04
4.887287885667580849e+04
7.943377408945790376e+04
5.046716977254403173e+04
-7.710263847771399014e+04
-9.219958313107979484e+04
1.335699144840096778e+04
1.673140040912728364e+04
-6.475980470404429798e+04
-7.432653039057375281e+04
9.721696430319598585e+04
-3.905478938738713623e+04
-4.206456169838706046e+03
1.264671017459946052e+04
-5.350983931209106959e+04
-7.912022688228572952e+04
7.661762344572102302e+04
-5.942135206687160462e+03
1.449665428768760830e+04
2.421271185102713571e+04
1.703232205758360942e+04
1.896083204877176104e+04
-9.172654329693163163e+03
6.318902281341072376e+04
1.696077194564797173e+04
-9.587011192655394552e+03
1.603935207852576241e+04
6.097346079120494687e+04
-4.258535208269352006e+04
9.542096451148796768e+04
4.764421039404715884e+03
-3.431046194498696423e+04
-3.178813016379058536e+04
-3.081738882123915391e+04
1.440533777837387970e+04
-8.640651054603089869e+04
-3.634685284761726962e+03
9.719058373353442585e+04
8.439491057568976248e+04
6.158416654148994667e+02
-3.313885098777407984e+04
2.899504328233814886e+04
-1.184596872858744791e+04
-8.050546258269196551e+04
7.665777063250141509e+04
3.858724558801717649e+04
4.328008267391173285e+04
5.307816659455293120e+04
-8.768552199779821967e+04
-4.535715696545912942e+04
-8.686242091707122745e+04
-8.136966279299792950e+04
-7.247333471480995649e+04
3.499852305307585630e+04
2.592999443652234731e+03
2.445240764117144863e+03
9.658949708959697455e+04
3.393501919792211265e+04
-4.874231137266380392e+04
-6.640941470321835368e+04
5.617442367408340942e+03
-8.120407116083713481e+04
-2.845794522633467568e+04
-7.248958930581594177e+04
-1.802320746643910752e+04
3.893618183198596671e+04
-1.404850298912577091e+04
-8.526738415514654480e+04
6.122759692176910903e+04
-8.581817460088313965e+03
-4.720022449100489757e+04
8.894716703650294221e+04
2.350583231822701418e+04
-4.399217408996191807e+04
-7.407989089434771449e+04
6.796706791831218288e+04
6.873547402203068486e+04
6.916056245571133331e+03
-5.759980866554587556e+04
-5.451010870344175055e+04
8.732568520591386186e+04
9.040251938151965442e+04
-6.307192277335945255e+04
4.805221940127399284e+04
-2.470555821873763489e+04
9.149660832914543789e+03
6.282995946841512341e+04
2.270075005848783621e+04
-4.852363138911188435e+04
-1.746979891611629137e+04
5.826193974361939036e+04
-7.726370511332279420e+04
6.761655279658453946e+04
-5.556211520048655075e+04
-5.103877233673099545e+04
6.139232871314008662e+04
-8.437346113982342649e+04
-8.537562700767150091e+04
9.210865754405948974e+04
-1.387284310927572733e+04
-8.206946229141949152e+04
5.065433374735705002e+04
7.199901017227457487e+04
2.225816715562242825e+04
5.953140353701196000e+04
-6.912008053625522007e+04
-6.072983329452311591e+04
5.695389924205312855e+04
-8.320087892929086229e+04
4.083613300488057575e+04
-3.392168159618549544e+04
6.752677145459550957e+04
-8.615874493157261168e+04
-9.581570476561201212e+04
2.312130542859963316e+04
4.676091233648818888e+04
4.486054382988299767e+04
-5.962026626536348340e+04
4.626621813052962352e+03
-6.256484359062810108e+04
1.548262147972606954e+03
8.859382274582143509e+03
2.082124915639350729e+04
2.592772573631568957e+04
-9.366245292154610797e+04
-3.795437483848620559e+03
4.209341081540402229e+04
7.088419790477908100e+04
-4.840256589753364824e+04
-6.792444782958323776e+04
-3.945113210151098610e+04
-1.249795436666378919e+04
-7.611948976173634583e+04
-6.575131060609528504e+04
6.036115758351969998e+04
-8.794886831041778350e+03
6.205732925100495777e+04
6.860451860535514425e+04
9.117122699366798042e+04
1.461774131214265799e+04
1.548779004859824795e+02
7.429034704131438048e+04
7.233404451735712064e+04
-7.239806220095659955e+04
2.410785885267802223e+04
4.688002452141932008e+04
-3.438211759244672430e+04
-5.300293136212377431e+04
-9.788060319489253743e+04
-1.801585442961255103e+04
1.051951300627838282e+04
-7.616581816673660069e+04
-3.266563810790800198e+04
-5.533508474695272889e+04
-4.432601045689351304e+04
3.642239726818430063e+04
-5.382554120458430407e+04
-2.327926976617389664e+04
9.434600880587191205e+04
-1.417954558577161151e+04
