-1.839085124015117367e+00
-1.654226573174234216e-01
1.250640221904854243e+00
-6.261010611106827550e-01
-1.310606352965152654e-01
-1.248944037234666210e-01
4.424030014649464881e-01
-3.544388411147635365e-01
-5.628193844258513323e-01
8.911859381365454247e-02
7.130971922410687114e-01
-6.713484337870192498e-01
-1.275522072367241133e+00
3.460138661068200561e-01
8.809331527459967059e-01
9.468381534193781590e-01
-4.474680869529569782e-01
2.056809953845502026e+00
-6.834856719936984737e-01
-1.744016129869275233e-01
-6.547743576981450431e-02
2.298506113997521860e-01
4.643151794821628320e-01
-7.390369505093657976e-02
-6.602693667113506137e-01
-8.462658958997656411e-01
9.638393121165765853e-01
-6.539666535044907913e-02
1.158169128306792528e+00
-1.456649066621853672e+00
-5.623989692949487029e-01
-4.484080928986055037e-01
-9.682978155981767365e-01
-3.640549703872609788e-01
2.258414709011839772e-02
-1.341056294735825105e-01
-1.252123686265157687e+00
6.090952770625827073e-01
-5.209372223339883146e-01
-5.077840232274200005e-01
5.103415970391950163e-01
-1.828808381632554436e+00
-1.654708538491505676e+00
8.060367262992285120e-02
8.637191096800933554e-01
3.590130444437374946e-01
-3.998432848500449999e-01
9.211895707340057582e-01
-3.288728433758703051e-01
6.064596246381712685e-01
5.294370038144714519e-01
-2.237130581761093140e-01
1.271275334493118025e+00
7.625924845629242776e-01
-1.014007040645678481e+00
-2.884395983510272266e-01
-5.356432029890441093e-01
-9.549081656985534128e-01
9.919333466307586056e-01
3.266604068185077203e-01
7.549258218226513328e-01
1.398056615630523247e-02
1.321388067924162968e-01
4.348912849548377535e-01
-5.353420493521379719e-02
-2.230113186640782230e-01
-1.241741045747350114e+00
-3.273652743493383199e-01
-2.033746237061859891e-02
2.699557904569912514e-01
6.775930777910812997e-02
-6.087102401119105499e-01
1.732374276887434839e+00
1.029144087876339597e+00
2.263018124906143735e-01
-4.240381366849313438e-01
2.526703310634395572e-01
-1.821204463211319569e+00
1.077823383835747828e+00
2.865837066874448169e-01
-2.506584971681607987e-01
-1.642864424368438436e-02
3.484184574611114971e-01
8.011256168557522317e-01
-8.239956217862520749e-01
-1.148518663611536983e+00
9.024852901988694720e-01
-6.968465116340688548e-02
8.393519898101855503e-01
1.110429448354266629e-01
-3.973494604665950281e-03
5.852437152298404360e-02
1.563362385537605981e+00
1.090500819038165092e+00
2.231747092271000599e-01
-2.525723961572613696e+00
-9.816041196821397863e-01
-1.413504739301800539e+00
9.149052442885629022e-01
-6.286065811764945943e-01
5.389514255279190813e-01
-5.542774427096088807e-01
7.154573157543133721e-01
-7.803166909972178988e-01
6.275811835356435164e-01
3.637468816442999131e-01
3.479031771091845582e-01
3.735009856197429312e-01
-7.112443430905255326e-01
-2.660836741953236384e-01
-1.115357130841742928e+00
8.517197164280551624e-03
1.577848822597793355e+00
6.405234420988759059e-01
1.751918140776110300e-01
-4.040765778506234529e-01
-1.329903266922772165e+00
2.476194319110536224e-02
-3.727298766529014706e-01
-1.911145083343282480e-02
-1.296386866995137499e+00
9.740369292499611031e-01
-5.528300041586400315e-01
-9.342237274000364522e-02
-1.332317713942500648e+00
-1.193979028285868244e-01
5.757781745041704591e-01
1.148020944099508389e+00
-1.723462992141415961e+00
7.722119529769112534e-01
-8.447830910372496893e-01
9.372236597380438905e-01
1.434427443309921557e+00
-1.310237129746935347e-01
-1.206046421907869037e+00
-6.804038849725044802e-01
-5.574506036015260957e-01
8.381307318815407470e-01
-4.611566701582867078e-01
-2.051467149161840253e-01
-2.008776610613140223e-01
-9.075174171973088288e-01
-1.069069191920888340e+00
-7.197955774873441293e-01
9.163074752967185210e-01
9.614957176400369399e-01
-3.693235403738654443e-01
-1.639985574422052617e-01
-1.200391237378898968e+00
-1.407997786408344831e-01
3.061295638706626465e-02
1.259337180109256327e+00
1.487386996114542503e-02
-6.213191798887899298e-01
6.009638247261214761e-02
-8.303033218831036288e-01
-1.121991609271700274e-01
-1.156923787394401160e+00
4.381407929447378446e-01
-1.840440720734085045e-01
3.978808344366820404e-01
-9.203395538715750668e-01
-9.320375551523259194e-02
1.470427787384516738e-01
6.133082700501568674e-01
5.785926466399996526e-01
1.059435987093084730e-01
-3.402958137883812517e-01
1.352840062307752556e+00
1.429988909624660687e-01
7.844321266030682693e-01
1.578361782508027056e-01
-2.911471045137403735e-01
4.011194491474540103e-01
2.260175168987748617e-01
-2.423089773016617876e-01
-1.315398613122437332e+00
-4.350021527744263317e-02
5.844428413898112851e-01
1.942050333450843769e-01
1.178544652707957496e+00
6.152724636348408938e-01
-6.461481130141633056e-01
-1.402523509669849622e+00
9.978771199058988906e-02
9.981425961514482914e-01
8.594225500587843181e-01
8.228623875990790371e-01
-1.505022849335960977e+00
-2.684296799359827679e-01
9.766599686406215453e-01
-6.556872721003385029e-01
2.956610234915780788e-01
-6.676996043114629131e-01
5.392479340206830785e-02
9.565210546499517408e-01
-1.948659105296038363e-02
1.941903695308019318e-01
-2.532712169252360201e-01
6.610360611191556934e-01
1.346247616548722770e-01
-1.104715482087564871e+00
-5.698196669647945800e-01
-2.131935383724813948e-01
-2.687263128508318166e-01
-1.798217610975517411e-01
4.045918023791188478e-01
-7.732638837014187416e-01
2.813713416496697595e-01
-7.800072286290611334e-01
-6.934237888016003826e-01
-6.058369616663136226e-01
3.325930929149068516e-01
1.066635262172066945e+00
1.404042836570972008e-01
-7.330625738534258806e-01
-5.583612729498927535e-02
-3.720962531154780595e-01
7.964108131896027731e-02
-1.029889276157654576e+00
-1.634537255530116973e+00
3.795925758829951091e-01
3.020894755332534376e-01
1.426976952859024539e-01
6.023295565033602861e-01
-1.884223681104791881e-01
-2.876614461262693379e+00
1.335083651617798628e+00
-7.573748059078240225e-01
3.992901597351896648e-01
-6.241294068419811492e-01
-1.116296399020085151e+00
6.646412773723830991e-01
7.351087125679267587e-01
3.441391455356271334e-01
8.455347824110507338e-01
7.151777953705842350e-01
3.695566753504548885e-01
9.831323103746808512e-02
-4.710364361300519165e-01
2.275493306913599356e-01
1.395980071300031211e+00
7.008304249941561537e-01
3.831264081836561197e-01
-1.774495945456277535e-01
-6.714948489398521181e-01
1.419760200306782738e-01
-1.474717644598369626e+00
7.885886162387667486e-02
-6.306871007989814926e-01
-5.669617119946558648e-02
2.456635745577290475e+00
-7.774773893190236596e-01
7.591261015626769026e-01
-4.289055029220360110e-02
-4.211065544855477905e-01
-1.305367137406142186e+00
-4.565788660855978898e-01
6.254004035187359367e-01
5.232215278101475242e-01
-5.418543319096076338e-01
-8.035896181166282681e-02
5.325675951410776543e-01
7.948687804460279338e-01
1.840486146520254662e+00
