3.688680352140206731e-01
2.472241363282307258e+00
-2.295123031330711605e+00
1.600271217567255655e-01
-1.448809419846553315e+00
-6.542010440836295571e-01
-6.154720024974562609e-01
1.328566019108045948e+00
2.878898950516014743e+00
2.985835427215963733e+00
-1.831459627068257046e+00
1.348327389277462984e+00
1.481015650776604575e+00
3.306684822611409835e-01
-6.864835704611914613e-01
2.538217058277428273e-01
-1.518038579204838978e+00
3.868134681893555804e-01
-1.099673522685042926e-01
-1.646317743867176331e+00
-2.094106195542899229e+00
1.611557153684082810e-01
-7.456744844003410089e-01
1.147164707506369119e+00
-9.714027929410342654e-01
-7.723581070477709698e-01
-3.845180259152705116e-01
1.947266593915158994e+00
-4.231284253503956982e+00
-1.150145567031668481e+00
-1.210903922409280797e+00
2.741540263846961034e-01
2.139898191433454944e+00
1.517150632618359696e+00
-1.585074582433183998e+00
-1.652968681210232216e+00
-1.748992878851270971e-01
4.309278750556958526e-01
8.553383775656786536e-01
-7.304502938353679697e-01
-2.796565812194533596e+00
-8.388019126508952095e-01
1.098229588802417389e+00
2.995760124877848707e-01
-1.105586482060494369e+00
-1.016196584475022258e+00
-9.069368325274310694e-01
-9.048344047784224742e-01
-1.201394942873874327e-01
-1.197072337854818702e+00
-2.897078177985454306e-01
-2.319418235853185628e+00
-1.175729929772488580e+00
-8.908058931905311617e-01
8.065214042475234990e-01
5.012451361835229546e-01
1.027567096558701376e-01
-1.558940123878630235e+00
2.872349554701588925e+00
3.003339850906538100e+00
-1.182212140971535597e+00
1.306385023159050696e-01
-7.306693456436562650e-01
-8.164435423957077109e-01
-5.934019527860586729e-01
-9.467067962594446495e-01
1.185683965876985102e+00
-1.343130900483582968e+00
8.049367093907576765e-01
-1.295950722646901226e-02
3.553423833370621954e-01
-1.158814373892391503e+00
5.469744645029908092e-01
-1.002146431087801659e+00
-2.605019889057655913e-01
1.122383211263090930e+00
1.010032099095518721e+00
-3.084744196759054979e+00
-5.366986520008607542e-01
-9.540072487413471247e-01
4.353973795101990785e-01
-3.206411672670250734e-01
7.845344029425549426e-03
-2.066583500676755669e+00
-1.840814860121984031e+00
2.356099951603671805e-01
5.888248527820199030e-01
3.333436475967482826e-01
-2.405529583138359406e-01
-1.510726232948950143e+00
2.165781792722081545e-01
1.486018459193505281e+00
-7.099116890200490859e-01
-2.986898630523027176e+00
1.063950147203871044e+00
1.632156224497252062e-01
1.389423816658021116e-01
-2.023856026065219638e+00
1.201270547943783296e+00
1.976975598926479893e+00
4.660925908080695845e-01
-3.059917515952385036e-01
2.620537929587759551e-01
-7.675460647206295839e-01
8.671138862070587594e-02
4.796608759213614182e-01
7.935790240584954525e-01
-1.483408868903472733e-01
-2.652794835325193556e+00
8.170248850755505998e-01
-1.175161440973429228e+00
2.698142935155897426e+00
2.044352584607171064e+00
-2.486101267180990670e-01
-1.002663278547195391e+00
1.033316112064688985e+00
-1.108983754247518050e+00
8.013065823785273656e-01
-1.719274644338229852e+00
1.009915176079225319e+00
-1.354665331726064181e+00
-1.227477067113405429e+00
9.426502097351521225e-01
1.148045770425928591e+00
-6.573146176660317197e-01
3.802264080579782490e-01
2.041230872733170165e-01
1.248789274616124878e+00
-1.432907075111472306e+00
-2.302384024515551353e+00
6.373542311753364054e-01
1.356651220811489811e+00
1.987639853194048234e+00
2.333629074429749206e+00
1.041995103642636922e+00
4.731289531168382800e-01
1.067583492778516052e-01
-1.000605525591601763e+00
1.285768097231441587e+00
-7.820954960440031078e-02
6.955612102635410077e-01
4.884273586728665739e-01
-2.240775629762403742e+00
1.778255880620881690e+00
3.500701617696055923e-01
4.735412164928136658e-01
1.239639679345342804e+00
2.529594222741781695e-01
-7.701128861170211115e-01
2.706573928141103313e-01
-2.126710347557011715e+00
-1.103060372506955211e+00
-7.121027437115102776e-01
1.129342873844892403e-01
1.542207778969777454e+00
-9.974393311125424599e-01
7.967676016867529798e-01
9.724114090713632530e-01
1.424910999760712560e+00
1.029105061059037318e+00
1.199279601848690369e-01
-1.184077986770017965e+00
-4.855892845073203068e-01
6.309691349680077721e-01
1.054939529211855298e+00
-2.188923533086093443e-01
-1.309095740853145839e+00
2.840895906184012221e-01
-2.846869449675814567e-01
7.297133123081742667e-01
-4.107227919292508189e-02
-2.281626503983828602e+00
-4.645627877774824999e-01
-8.969496925932164411e-01
3.218644744712744199e+00
-2.391235839954134690e+00
1.937273421936828166e+00
-1.188031385144086571e-02
3.235629807835323390e+00
1.260474139139635019e+00
-3.321437383481090633e-01
-2.605482404688138853e+00
-3.619063360798557838e-01
-1.491454899629833797e+00
7.087034622206059842e-01
-1.638182716385881532e+00
-1.278284835800718611e+00
4.890632347439533012e-01
-1.147733739995077107e+00
-2.467982265297901101e+00
7.200787657712375278e-01
-1.580271419432834223e+00
1.748555333002157708e+00
5.402296549152743044e-01
-4.278496610962679858e-01
-1.359535547468607442e-01
1.088379807160613444e+00
-1.198091578670911483e-01
-1.024184491544944509e+00
4.179616571665454305e-01
-1.308576392609593075e-01
-7.810335344910055433e-01
-1.234992231340166224e+00
7.104347216660276132e-01
-8.593314460087663198e-01
9.853604993653886090e-01
-9.714205307820118485e-01
-2.239546177741317257e-01
-1.669013580165940258e+00
-1.165493588735471153e+00
-2.159326469963586348e+00
3.361145684874923822e-01
3.486480027385022717e-01
6.301170120065051616e-01
2.510518780278361728e+00
-1.681738808610758529e+00
-2.834203945471267083e+00
-1.205601815440313196e+00
-1.779885960766412811e+00
1.259078739356076948e+00
-1.300165044309884887e+00
-7.931067101055860880e-01
-6.137811167102458221e-02
-2.186628786875038366e-01
-4.927385033813583975e-02
2.241548526799055363e-01
1.843059577234059221e+00
1.384970475293439973e+00
1.912853869641277127e+00
1.309004764831103618e+00
6.586351225874602644e-01
1.934647832958410252e+00
2.958865866434244651e+00
2.486499553509810667e+00
5.265287601557120389e-01
-1.410198625087595747e+00
-1.760322165897915569e+00
-2.372749491758785190e-01
6.723343773344486740e-02
1.973207009041793303e-01
1.307344039447148720e+00
-4.985786180272155366e-01
-7.022545246854493550e-01
1.734312827102107990e+00
1.439481437683391096e+00
-1.478938761667673463e+00
-1.027309627084810328e+00
-9.133448893776555666e-01
3.599964258536871409e+00
1.985663676264542543e+00
-1.981940153901170509e+00
1.499034305654648236e+00
2.911344430666584326e+00
1.651057495600897429e+00
1.590457659818043545e+00
-7.287202818157730855e-01
-3.268163752785861575e+00
4.415165483009665381e-01
-2.571030661147934437e-01
5.604508914088667249e-01
-7.027601359018489924e-02
-3.455135219279676484e+00
-1.802190043696843214e+00
1.807962395164032454e+00
9.157513395389691446e-01
