-1.723688654159494399e+04
-5.752210665192735905e+04
-8.352535883968375856e+04
-1.052731667390734947e+04
3.793817395724570815e+04
-9.232233924721018411e+04
-8.007517007934756111e+04
8.000703611156326951e+04
1.717041578378352642e+04
-8.509173390787644894e+04
-9.808107149534774362e+04
1.845871311080975647e+04
1.169140047866211353e+04
-6.708287110632717668e+04
-1.277425593366831890e+04
-6.373119381511453685e+04
3.711677212703108671e+04
9.271347403631362249e+04
-5.773975720428022032e+04
3.771296586593501161e+03
8.503693637618870707e+04
-7.705741515849994903e+04
7.012605759292424773e+04
-8.733153836260795651e+04
-4.626209856737951486e+04
-5.240074957773176720e+04
-7.655702109054026369e+04
9.125411074933571217e+04
8.418743370867626800e+04
2.054933563061943642e+04
8.703610545697178168e+04
-8.861164314844748878e+04
8.758588559544549207e+04
-6.557862237168723368e+04
-6.067255602505468414e+04
-3.002169765038468176e+04
9.524169262600044021e+04
7.518860556622252625e+04
-7.848654145151666307e+04
-4.973444349789284752e+04
-9.067821766403434594e+03
-1.425940534823412963e+04
-4.356275903954637215e+03
-7.133646753410759266e+04
-2.240463236955222237e+04
-6.241465081507257855e+04
-2.174159421758101234e+04
5.682436590954586427e+04
-9.900050064185625524e+04
8.775742111253441544e+04
-7.047960439685684105e+04
-9.357319487614494574e+04
-6.910772499157988932e+04
-9.312430692886795441e+04
-2.435622876190108582e+04
6.043820064484525938e+04
-2.005116844603829304e+04
2.173651553804326250e+04
3.517047705783260426e+03
8.857220783031392784e+04
3.151216089985184954e+04
-1.869587759139667469e+04
9.257204621101157682e+04
4.145538065494278271e+04
-9.428333996370011300e+04
-1.317932485910415380e+04
-4.826301809172304638e+04
3.495099658197706958e+03
-1.334068279209292268e+04
-5.158590674689447769e+04
-1.980186892679943048e+04
9.158009528220015636e+04
-1.549281017238680761e+04
-9.028964621697497205e+04
-8.120604343972839706e+04
2.418104098752745631e+04
-8.912117968980428122e+04
-5.662264533366129763e+04
-4.059921799601884413e+04
9.250522262759668229e+04
7.989145241549168713e+04
-1.646774807814196538e+04
-9.285435753020676202e+04
8.508562693148544349e+04
6.899552072681415302e+04
2.821012383554598273e+04
-4.075645318559529551e+04
-7.399568722495175280e+03
2.539040071071914281e+04
-2.489432912291364119e+04
-5.112926436638990708e+04
1.784193840343917691e+04
7.429442587381663907e+04
-9.216985206484516675e+04
-8.818214690562932810e+04
-5.235098012908749661e+04
-2.162766118383579305e+04
3.809406020578942116e+04
8.657352534110572014e+04
7.091995650157514319e+04
3.388842092105090160e+03
-1.883053198809543392e+04
6.176061796269409388e+04
-7.426712094950690516e+04
4.343868085461394367e+04
2.576312608204182834e+04
8.256432593649969203e+04
-9.249419998000461783e+04
7.499896668946219143e+04
-7.693884089357288030e+04
5.624073758814475150e+04
2.546912783532303729e+04
-2.964248935291047019e+04
8.642038143996607687e+04
6.969487358537767432e+04
-6.367808085327190929e+04
-6.315874288207150676e+04
-9.841234721675291075e+04
1.585072199711443682e+04
3.132049120191732072e+04
3.725046380256209522e+04
-3.823731697135184368e+04
-1.914603732096054955e+04
5.159171195556447492e+04
-8.336461390526342439e+04
-7.031854309421160724e+04
-9.645855744631020934e+04
-6.977456532900159073e+04
-2.444372939169291931e+04
-2.849571119439954055e+04
6.579436871281918684e+03
5.428926797041759710e+04
-1.055827709180528473e+04
-7.932957120982732158e+04
-1.769313703686009376e+03
-5.902817522313142399e+04
2.529789418077588198e+04
8.695330069997637474e+04
6.023680514738287457e+04
-6.189920753542522289e+04
-9.814117935247972491e+04
-9.734985662492255506e+04
-6.822079544386672205e+04
-2.550437857079288733e+04
4.840441541742410482e+04
-8.982321751546394080e+04
4.298087878943482792e+04
-1.162312803367428569e+04
6.633545644518756490e+03
5.039792547483667295e+04
-4.489912191327476467e+04
3.996077724409342045e+04
2.376844957158790567e+04
2.969941347880980175e+04
-4.864218518413776474e+04
6.378224667533801403e+04
-1.582803676768305741e+04
7.179866863656403439e+04
-5.068575217671597056e+04
7.736712851344123192e+04
1.338112752173693934e+03
4.545255907908980589e+04
6.311101434910544776e+04
9.197517990808218019e+04
-4.607995129144667590e+04
-4.720414426284289220e+04
3.621348051450805360e+04
-4.568797766204606887e+04
8.319344530448020669e+04
-5.312722517885199341e+04
1.898334572539578585e+04
-7.883913251806316839e+04
-3.121911936039030115e+04
-9.190343995419476414e+04
3.309780516640091082e+04
-5.701914801369539055e+04
6.991568236371216699e+03
-8.834415697595693928e+04
-8.088373325300951365e+03
-3.039566876631199193e+04
6.125415032343962957e+04
-3.863175385109066701e+04
8.184799051143092220e+04
-2.492840761095613925e+04
3.380980206798197469e+04
-2.426667008490825174e+04
-6.505278629072183685e+04
-2.631434440182858089e+04
-7.833982789235933160e+04
9.656333036391600035e+04
7.224187162123664166e+04
-5.827958663754296140e+04
4.277070775711742499e+03
4.176965258628159791e+04
5.242481271969593945e+04
5.423380830849011545e+04
-9.833859775278430607e+04
-6.754769149970529543e+04
7.294730736703156435e+04
7.578097564310851158e+04
-7.562545837168801518e+04
-2.527679767522885595e+04
4.541386442601733143e+04
6.444696137003728654e+04
5.049718344129309844e+04
1.977498322203035059e+04
2.554427178751240262e+03
-9.961312221633623994e+04
1.088441358972011585e+04
-6.078191415275684994e+04
-4.601699707382960696e+03
-6.308993061083989232e+03
-3.924667813115517492e+04
-1.139504305272012971e+04
-9.412971191849267052e+04
-4.086889501214584743e+04
3.879547225171897298e+04
6.572862410141467990e+04
3.618754764972486737e+04
-8.085292721282508865e+04
4.695143816093940404e+04
3.755195287256514803e+03
-4.849734462873450684e+04
4.654442129786784790e+04
7.259379939046145591e+04
-9.971231834042408445e+04
2.305755092544681975e+04
-3.312277466832835489e+04
-1.633911855623563679e+04
-5.820709958320115402e+04
-6.507936812421520153e+04
-3.551267680635595752e+04
-3.187923390333735733e+04
-6.878472895948230871e+04
-6.924463470982831495e+04
-7.406320300772666815e+04
-6.942304514911932347e+04
-2.008325687977281268e+04
6.342399178802843380e+04
1.611506231126952844e+04
1.523774719680161070e+04
-7.059038354413177331e+03
1.722919355458941936e+04
3.951545835324497602e+04
3.073976952909681131e+04
8.604267318244412309e+04
9.473118269906430214e+04
-1.376874673943775088e+04
2.334166225111753374e+04
-5.067328676310284936e+04
3.424655242913853726e+04
6.745448598156186927e+04
-2.360707376212706731e+04
-4.303394462731786916e+04
-4.492468418619089061e+04
7.326787470161389501e+04
2.862026035482656880e+04
-2.914260606630201073e+04
9.163662678785390744e+04
-8.555976067308579513e+04
2.280603335421070005e+04
3.938853655992538552e+04
-7.400117965674867446e+04
-1.295161088456788457e+04
-9.318492075754805410e+04
