5.193877907108279032e+04
-6.486281691256855993e+04
-7.343104983757941227e+04
-5.977414874657319160e+04
-4.973411368976267840e+04
-6.289901980241644196e+04
6.252257174689908425e+04
3.729934855849657470e+04
-5.335827433931978885e+04
-2.474123039602955396e+04
6.427619087114786817e+04
9.299300701978291909e+04
2.264986723616189920e+04
-7.268358532501697482e+04
7.997167885644657872e+03
7.688535207334034203e+04
7.154689721190152341e+04
6.815119785286778642e+04
-6.071261453773722315e+04
-6.176181119279048289e+04
-8.117691239192742796e+04
5.259766010816748894e+04
3.157092149755309219e+04
2.460283345209112304e+04
1.228758768568325422e+03
-2.891160935511047865e+04
-9.616987743929633871e+04
7.164831851855599780e+03
2.773151832388084949e+04
-4.430136169902603433e+04
-7.067201900695328368e+04
4.118522564614057774e+04
4.507989355865958350e+04
5.577035598073420260e+04
-3.036720651397488382e+02
-8.173725887867485289e+04
2.548168611315622184e+04
-7.096727619310440787e+04
9.145904234910661762e+04
5.652705658060433052e+04
6.295527891578827621e+03
4.971509886342617392e+04
-7.471941650380617648e+04
-2.312283730520204699e+04
7.951226197075792879e+04
-1.060224724696047087e+04
6.479425883565251570e+04
4.633919380478045059e+04
-1.142861953579208785e+04
6.136178919406644127e+04
-7.382810380314902432e+03
-7.601856005795845704e+04
-2.914122801389657252e+04
-7.603600722654577112e+04
4.104983630145737152e+03
-9.540281034864755929e+04
2.005721776791957745e+04
5.182055268239721772e+04
-2.383152869267278948e+04
-9.771061927140288753e+04
6.395391965054508182e+04
-9.204467360253397783e+04
7.369173236813038238e+04
-2.278398826769681909e+04
2.872446828385526260e+03
-1.331923640240675923e+04
-4.932741160943025170e+04
-6.040995475350289780e+04
-5.551725342038679810e+04
-8.145692461812890883e+01
8.454599393470519863e+04
-7.898637595352582866e+04
-6.007795724490211433e+04
6.702242974476434756e+04
1.955334806690005678e+02
-1.521081676843522246e+03
1.557216142225888871e+04
6.714989483025984373e+04
2.668405887584737138e+04
-1.134224306318135677e+04
4.831789109047967213e+04
-7.820266013228570228e+04
-3.922677213616591325e+04
-1.005638254103270992e+04
-8.044046466897931532e+04
5.081577915026933624e+04
4.055122858089824877e+04
8.224409784311088151e+04
5.098301967478058214e+04
5.826496294289833895e+04
-4.667499315429393755e+04
-5.174530672767812212e+04
-2.771594543860502017e+04
-5.059401104588726594e+04
-5.244666486682382674e+04
-8.441185413961524318e+04
3.326022493939726701e+04
-3.499104077980722650e+04
7.236406845555690234e+04
4.768036786488146754e+04
-6.073067709349925281e+04
-4.559950274735177663e+04
3.242463826673112999e+04
-4.581847442137754115e+04
-2.126407740295468102e+04
-8.845265567863921751e+04
-7.641744105694002064e+04
6.193287031595506414e+04
9.348328588115128514e+04
9.048841356977778196e+04
-4.401797261023061583e+04
9.647612948594706540e+04
1.166984616598858884e+04
-4.367423628745615133e+04
-3.186142183590331479e+04
-7.813380525579459209e+04
-8.879570962931185204e+04
-8.942029372742620762e+04
-7.979025605839633499e+03
3.787056976045900956e+04
-6.461397640848139417e+04
5.112496400621371868e+04
7.011824512124010653e+04
1.883358169696652112e+04
-3.761885810754171689e+04
-5.464825793667831749e+04
2.617913473716191220e+04
-5.653207891409762669e+04
-6.725869187279895414e+04
3.418233631310915371e+04
-7.285665887987584574e+04
-9.645516342036741844e+04
-5.642606338469307957e+04
8.399253772809461225e+04
-2.906584990054564696e+04
-4.944266359365099925e+04
1.972049402329716759e+04
-3.167652773930763578e+04
6.192225169067441311e+04
-8.801147472208924592e+04
-5.521312191975776659e+04
1.303460169878040870e+04
-9.400989236679019814e+04
-5.698395356753722444e+04
3.291701184315897262e+04
-2.794620068338526835e+04
2.812532013070293488e+03
-5.257835840178735452e+03
1.648951364240127441e+04
-1.748259010504015168e+04
-6.864335506055429869e+04
-7.369829580715420889e+04
-7.090680096394581778e+04
-3.937221022299708238e+03
6.946600260924357281e+04
7.416395090618636459e+04
-2.470354458481883921e+04
5.001539594887309067e+04
-8.999438818460104812e+04
-8.222344390936123091e+04
-6.127238784729032341e+04
4.459987057077655481e+04
-6.087928175222891150e+04
-2.383990373543572423e+04
3.279726082203940314e+04
-5.718993158015258086e+04
1.567100191693873421e+04
-1.601976092452687453e+03
9.056158201086815097e+03
4.853395356951835856e+04
9.682316502670405316e+04
-5.820399184232066182e+04
6.175905792828974518e+04
-2.497187805788933838e+04
3.155403394756943089e+04
8.678013306065261713e+04
-9.046345510325401847e+03
-7.173934449200957897e+04
8.525628993102152890e+04
3.479435100762162620e+03
1.213760447753454355e+04
-7.655490848031504720e+04
-3.189834384928210056e+04
6.421582973964158737e+04
-8.698937683721196663e+04
-7.029680932711315108e+04
-6.063049216125177190e+04
-5.441113210660278128e+04
8.716585870225333201e+04
5.865587249887709186e+04
-3.979695568829986587e+04
-9.288316387164642219e+04
1.687148760133422547e+04
-3.935690835945201979e+04
-2.227494707305128395e+04
3.872634486188783922e+04
1.963245620117261569e+04
5.689611773062351858e+04
-8.039509155877702869e+04
4.285061840259659948e+04
3.890935713730670250e+04
5.838608516141823930e+04
5.224350283444919478e+04
-8.340184511282286257e+04
2.030096947694192932e+04
8.983137657123756071e+04
-4.155604824801034556e+04
-7.785859492075582966e+04
4.177703580505756690e+04
-7.692781829685510274e+03
1.449028112933328703e+04
-9.883269911046711059e+03
-9.478336707332264632e+04
8.871317094893784088e+04
-2.852966207231079898e+04
9.885869422377759474e+04
4.991750006911445962e+04
5.007019480698298867e+04
8.133364122260636941e+04
2.574923581547552385e+04
3.024818272119774338e+04
-2.515387970366826266e+04
-1.411621871855361496e+04
4.298822794332719786e+04
-2.718091463039100199e+04
-7.533746455181157216e+04
1.130054875271253150e+04
-4.016559466678267199e+04
7.582950131324691756e+04
-4.114888380408830562e+04
9.866523742686661717e+04
-4.893610536304545531e+04
-6.987001223008520901e+04
7.033448703808087157e+04
3.645504860242511495e+04
2.374302784473702559e+04
8.221028926027171838e+04
8.062782997799027362e+04
8.825737645761614840e+04
2.007725541967792742e+04
-2.940517523388956761e+04
-5.100213238857328543e+04
2.572818232786787848e+04
-9.396328778254098142e+04
-5.849051805131047331e+03
6.088215092645635741e+04
-3.447448099968612496e+03
-1.996030575092300933e+04
-8.059795800953872094e+04
9.753028358148071857e+04
8.813035211043931486e+04
-9.332032333785609808e+04
5.402995346968896047e+04
-3.450975639159185448e+03
9.970319847547293466e+04
-6.090229508884028473e+04
2.134721667170513319e+04
-3.951743305615832651e+04
8.719783124536056130e+04
4.793969395742601046e+04
-1.940666894020191830e+04
7.412630311412576702e+04
-2.244414461610753278e+04
5.895744390648272383e+04
6.535802269698277814e+04
