-5.607439413824553048e+04
-2.602530920786813658e+04
3.331855320687845233e+04
-2.731065387978510989e+04
-3.089639683981821872e+04
-8.068890623695521208e+04
-8.595229846334671311e+04
-2.333126411891341559e+04
2.035324435026806896e+03
-8.464976738004168146e+04
-9.636357157719202223e+04
-2.606107731791949482e+04
7.848174187195274862e+04
-8.023466671087300347e+04
-5.359259563100278319e+04
-5.371511916299050063e+04
8.888731561472686008e+04
-6.256881670316918462e+04
-3.274546267750169500e+04
8.647334681732053286e+04
-2.745218730969558237e+03
-1.838142000274444581e+04
2.871139011227103765e+04
-5.544963483330531744e+04
-4.816589689895109768e+04
-1.213273749522723665e+04
-7.948759083481106791e+04
1.595093673113407567e+04
-6.556446104797287262e+03
3.717656250783547875e+04
8.834277887267607730e+04
-5.179610869427560101e+04
-2.816921034517080989e+04
-7.464511421472905204e+04
1.017800481684738770e+03
-1.685894274248326838e+04
8.804035255622569821e+03
2.059471427741728257e+04
5.156060820130584762e+04
5.190237595027184580e+04
4.917548172063569655e+04
-3.248624665333732264e+04
-4.135083381835662294e+04
4.681054710220504785e+04
7.110238560162734939e+04
8.450197874178850907e+04
-8.407735983640444465e+04
-4.805385795311530092e+04
-1.526140935043507488e+04
-9.021078226747209555e+03
-8.918602604148644605e+04
-8.059070947368830093e+04
-6.316297659305309935e+04
-6.659841491896047955e+03
2.729942563932035409e+04
-9.667917736008486827e+04
-7.329680778977136652e+04
2.277886096411466133e+04
7.933554558287374675e+03
6.981193823284585960e+04
-5.537324163210706320e+04
-8.186627652056887746e+04
1.670340279072140402e+04
-3.151827703149463923e+04
-4.511065346125193901e+04
5.478013529252971057e+04
9.322983957036340144e+03
1.295917997960276261e+04
-3.469104685422392504e+04
9.571398126558680087e+04
8.752316449488847866e+04
4.464099547800520668e+03
-5.760995942473834293e+04
7.302362577988827252e+04
4.314055654613109073e+04
9.135196396815561457e+04
-1.847298075839802914e+04
-1.430226592176142731e+04
-3.273802744954747322e+04
-7.838784649473361787e+04
-7.267341972468444146e+04
1.797570386313094059e+04
-2.046279901537537808e+04
-5.292235696100933274e+04
-9.971653892676084070e+04
1.701012122685367649e+04
2.321774303104297724e+04
-4.953356769744859776e+02
8.348506917908732430e+04
-3.226518255577850505e+04
4.299145858371202485e+04
-8.430065396298948326e+04
-2.539319809871079633e+04
9.188142640730697894e+04
-8.418662668080933508e+04
-5.485663563374429941e+03
7.410778290051204385e+04
-5.786187694002471108e+04
5.256410015966411447e+04
-1.729565375328669325e+04
-6.338730654413709999e+03
-9.110700208089966327e+04
6.018108136039361125e+04
9.242579696380230598e+04
1.970279374231047404e+04
-4.018191106433208915e+04
5.468731133317077183e+04
-9.116056783163837099e+04
-4.301208488192442746e+04
-5.894301460592574585e+04
7.386909433506897767e+04
9.888267616658244515e+04
9.655267056713753846e+03
1.144647308490479190e+04
8.755906540544010932e+04
-9.693850433898331539e+04
3.326319886188377859e+04
6.863622152322938200e+04
-9.845484072775043023e+04
-4.456283176741251373e+04
-1.833278526704176329e+04
2.154691341787275451e+04
-3.095986493425384106e+04
1.451417500676368945e+04
-5.019991692481067003e+04
-8.523873799668617721e+04
4.679617478054485400e+04
-7.969704082420638588e+04
7.840618490727461176e+04
8.166339284368150402e+04
2.461087082584563177e+02
7.645555440351294237e+04
-6.938866780044477491e+04
-7.181805042742910155e+04
-3.131094177012288128e+03
-6.296371585551401949e+03
5.784055129449014203e+04
4.997926023097272264e+03
6.920537123581144260e+04
-6.339286313287284429e+04
-9.038109399548391229e+04
3.778782002649630886e+04
1.914826142423358397e+04
4.077023307671479415e+03
-2.344220898654924531e+04
-5.861974571894041583e+04
-6.666751336676246137e+04
-7.472673219505356974e+04
-9.172162409421437769e+04
5.019197447484286386e+03
-6.258924198898321629e+04
-7.987095293006396969e+04
6.345504947155335685e+03
-1.683953136477945372e+04
6.760170316622988321e+04
8.885813138062396320e+04
-4.130168213521951839e+04
-9.519635413660992344e+04
1.575723067002862808e+04
3.292946108790446306e+04
5.554330886028078385e+04
4.265999640625412576e+04
-3.177095663097477518e+04
-1.142855085447187594e+04
5.834029954191177967e+04
-8.090583159339375561e+04
-1.001446741999454389e+04
-7.881940443728322862e+04
-3.987996824763817858e+04
-2.644885473150845792e+04
-2.328710671031643869e+04
-5.745018979311115982e+04
-6.712896507449273486e+04
4.638511103291728068e+04
4.233452816150971921e+04
2.640201067949930439e+04
8.821935298148624133e+04
6.762953542544486118e+04
4.178934904516197275e+04
9.044130785375749110e+04
4.894172111018429860e+03
-7.461140980409344775e+04
-9.022129609757060825e+04
7.032787283380227746e+04
2.377697797643973900e+04
-1.881341894389718072e+04
-4.772758436483379774e+04
3.443999504197883653e+04
-7.294024396482171142e+03
9.887407431478871149e+04
-9.136526404207269661e+04
6.472041694960070890e+04
-6.822685110781239928e+04
-4.905284140786867647e+04
2.838827949517988600e+04
5.995505398032910307e+04
1.910029889033937070e+04
-6.388355345848626166e+04
-4.755998228275595466e+04
-1.425202196840020770e+04
9.240643494732023100e+04
1.042439220396197925e+04
3.680015208006172907e+04
3.467505020988252363e+04
-2.666195357596618123e+03
-7.967072246602979430e+04
8.778008654428020236e+04
5.922312629385723267e+04
9.919891461524393526e+04
5.541839092501404230e+04
6.499546927849450731e+04
-6.997720747076091357e+02
4.376578823313352768e+04
6.801549948326405138e+04
8.444172829144189018e+04
-7.109863548603821255e+04
-1.347641178289642266e+04
-4.304877207619397814e+04
9.649586398456271854e+04
-7.001381173090710945e+04
7.349801563565389370e+04
-2.810699457575130509e+04
-7.077139924973549205e+04
-3.538556497410163865e+04
-8.207103373379845289e+04
4.353691411879216321e+04
-2.155291281278550741e+04
-1.110583228074022918e+04
5.759351040939366794e+04
-7.119853420995603665e+04
-1.603269897951751773e+04
5.169307015178084839e+03
9.379149759864114458e+04
-7.750217641042986361e+04
-2.049352984445731272e+04
-2.103086309740174329e+02
8.824973338232006063e+04
8.895265302876182250e+04
8.602232699452480301e+04
6.143109769328110269e+04
2.909159006556411623e+04
6.973788234024652047e+04
7.437939116065655253e+04
2.236430924862729444e+04
-7.441440476556983776e+04
-6.499662835848043323e+04
-5.776426771052902768e+04
-4.805766708095631475e+04
-6.487297545901147532e+04
-7.177049399075680412e+03
-8.050445232463983120e+04
-8.351008489041918074e+04
-3.321033972161036218e+03
3.086475446568291227e+04
-5.729266366089247458e+04
-1.783574932653069845e+04
9.145095333357751952e+04
6.527701951906783506e+04
-4.857259091799016460e+03
1.919875370125159679e+04
-3.332415305200182775e+04
-7.953707118185970467e+04
-3.890450288355496014e+02
4.296603979576172424e+04
7.664312506392592331e+04
