2.088448630787239608e+02
-4.329296261535281519e+04
-4.173899138532570214e+04
2.978239667934357203e+04
-3.557589494384689169e+04
1.919820498112867062e+04
6.079932397722905444e+04
-1.556277364842596762e+04
6.944088373687442072e+03
2.928865443261597193e+03
-4.253765740683842159e+04
-4.931645093868435652e+04
3.037879207340883568e+03
7.397531514656661602e+04
1.931493260958716928e+04
5.754883337228471646e+03
5.333232050505541702e+04
4.243239944556778210e+04
-6.805470274351135595e+04
-7.133889973705788725e+04
9.701246963050896738e+03
-7.323380366830498133e+03
-6.871411037755504367e+04
-1.047806647696359323e+04
-4.633935295639169453e+03
2.175675184941346015e+04
-7.142670940237778996e+04
1.007313288258335524e+04
-2.647979016767558733e+03
2.390971913902872257e+04
-2.647371481455620142e+03
-3.377857071098975666e+03
7.587704417586439376e+03
6.235429468212423672e+04
-4.941453604190459009e+04
2.724518425589457820e+03
-2.891161919557842339e+04
-5.506964649501456006e+04
-9.440165906552600745e+02
-7.738790329579789250e+04
6.297375510623908667e+03
-3.001516066605748347e+04
-7.000286083374056034e+04
1.415048364781281634e+04
1.363656286343384272e+04
-4.441197070371128211e+04
2.992508254863470938e+03
2.762345052258808209e+04
4.492472073674490821e+04
6.798949712866009213e+04
-3.022562313906224517e+03
-3.778281557635370700e+04
-4.304618855287782935e+04
2.864107214988924898e+04
-4.843879351105438218e+03
2.127922622032280196e+04
-4.441932741429004091e+04
2.998909982313832734e+04
4.035781115921626042e+04
-5.805046394060058810e+04
8.658061631412515999e+04
4.099818210393600748e+04
-3.562779208803264919e+04
-6.873081691987760132e+04
5.872640574002934954e+03
-3.117751291528982983e+04
9.185014953262107156e+03
3.233286185362134711e+04
-4.115340641166696150e+04
1.928428213623275724e+03
4.734021659264670598e+04
-5.452477617234433274e+04
-5.314814263302472682e+04
-1.295889287674426669e+04
2.269385686730338784e+04
3.090512978391356955e+04
1.007263787286499246e+04
-2.830936301393262329e+04
-1.282869757593426402e+04
-1.113484201781262709e+04
-2.152731739900128741e+04
-4.840058014070989884e+04
3.311909324990909954e+04
3.995082397113263141e+04
-1.987712404028887603e+00
3.291185909481282579e+04
-5.287120403914995404e+04
-3.230167543584891064e+03
-5.211068341359340411e+04
2.515355472997521792e+04
2.015170894808214871e+04
-3.082111638853360546e+03
-1.584881983081906355e+03
1.657976774765778100e+04
1.619974910795548931e+04
-3.006922835954559196e+04
-2.771878850764879098e+04
-1.591471861780970539e+04
6.787674747851438588e+04
-2.248646476622151386e+04
-3.069582956589746755e+04
4.144569505923317774e+04
4.168639648017656873e+04
1.062757783839037802e+04
2.061437193931138609e+04
2.934542535613966174e+04
-3.210696597704284068e+04
-1.135998384378416267e+04
-2.863022492258139027e+04
-4.938172664504413660e+03
-5.637949828050349606e+04
2.015742748640609352e+04
2.645488741820440555e+04
6.349659457940758875e+04
-1.225559865513192381e+04
6.558059361965907738e+04
-5.659196806402728726e+03
3.318358927290818247e+04
-4.012630854980691220e+04
-6.676749726232828107e+04
-3.365051413256546948e+04
1.772889281240881928e+03
-4.507971241108114191e+04
-9.120730847152279239e+03
-4.785636971529924631e+04
-5.640291665612177894e+04
-1.148655037463980807e+04
-5.107198483090133959e+04
-2.373131196599942268e+04
-1.828788732212277318e+04
-2.072810080791967266e+03
3.122585993275435612e+04
-2.028113532202736315e+04
-2.414832786432329885e+04
-6.304536839249918557e+04
-1.555348782345304608e+04
-6.715126818479230860e+04
-9.719475091897880702e+03
-2.275904654323558134e+04
-3.789755939217462583e+04
2.137832693991927590e+04
3.069613896575888066e+04
-3.253173565514911388e+04
-6.994670503163606918e+04
5.565508188780559431e+04
-2.010137083587047528e+04
2.209935944381656373e+04
2.331744672735151107e+04
3.825559239619525215e+03
-3.152576526102050411e+04
-6.204443972174315422e+04
-2.825004758121206760e+04
2.948042615380840289e+04
-3.223734040182969329e+04
2.304883025788041414e+04
-1.851007562893648355e+04
-1.228666325110952312e+04
-6.013894589359170641e+04
-3.633906510851910571e+04
-1.535589883209065010e+04
7.395779565079760505e+04
1.936978927529675639e+04
-8.634349973364043763e+03
4.842688342596419534e+04
-2.330539122860751013e+04
-5.333588159356852702e+04
-2.850956168437989254e+04
7.104246020020323340e+04
4.522238655690829910e+04
-5.089756541341194679e+04
8.807990126052260166e+03
-8.064078912775740901e+04
5.548072872728030234e+03
2.475264558610593303e+04
-3.366588500936361379e+04
-1.607326904296720932e+04
-3.687193646197903581e+04
7.606863698844121245e+04
6.298129176704115525e+04
-1.197768255457515988e+04
1.250726446959358145e+04
9.117289496954377682e+03
-1.952235492306034985e+03
-3.582883399080301024e+04
-6.551957332097561448e+04
5.896445809428584471e+04
4.046356665973318741e+04
-3.660399644686011015e+04
8.885681291459385830e+04
5.004481441811362311e+04
4.016206803255810519e+04
-2.234998383487407773e+04
-3.429323652661628148e+04
-3.053033815424496424e+04
-5.767113907512830338e+03
3.594099138173893880e+04
9.591027021399137084e+03
-7.140721342476892460e+04
-7.078028972630563658e+03
3.328427824485318706e+04
-2.958280241254260181e+04
2.649465146263407587e+04
-5.370152323942703515e+04
3.739957498567894072e+04
-6.699852058464397851e+04
-2.034617960106544706e+04
9.538837157728545435e+01
-7.051020675718347775e+04
-8.227715114049404292e+03
-5.869689147296839656e+04
-1.456287746117753341e+04
-5.352520103805993131e+03
5.459734364725155501e+03
4.842696410582461249e+04
1.471916664959337140e+03
-5.748297883724192798e+04
2.335910443086685336e+04
-1.821704920059013966e+04
6.418021637869718688e+04
9.833120349860248552e+02
3.265262663058306134e+04
-5.802637040681435610e+04
2.650814716423030768e+04
-9.976559462707571583e+03
-2.416366362179480711e+04
-4.024323561810544197e+04
6.162634625991396206e+03
-2.169838994756754619e+04
-8.952936473631789340e+03
2.220343882655695052e+04
1.188825796369059844e+03
-1.927520476923146271e+04
4.773529258755361661e+04
3.478503176330942097e+03
3.609039324498348287e+04
-1.454804495192457216e+04
4.564024254572576319e+04
-1.050638507309072338e+04
-9.041880450734333863e+03
3.567536021567103307e+04
-4.128349068422989512e+04
4.675941960825643764e+04
-1.679543482067850709e+04
-7.816066410849861859e+04
-4.154890736474510049e+04
3.644806296244904388e+03
3.097111405710654435e+04
-2.766195886517931649e+04
2.154098682104931868e+04
-2.191744607053039999e+03
4.818343980477618607e+04
-7.961788609848253145e+03
-1.456910826124735365e+02
-6.474865668841006845e+04
-3.710970172746491698e+03
-9.792774486169293596e+03
-8.944258366668029339e+04
-2.586023380451932462e+04
-1.886404759574092532e+04
-4.463752003614607383e+04
9.048542221619291013e+03
5.535014906562212127e+04
-1.150562586842711198e+03
-4.357016685200378561e+04
3.274869342812745163e+04
