4.302931758592726510e+03
-7.541006831481586232e+03
-4.869474038839358400e+04
2.747181658880774921e+04
-2.860128270395595973e+04
-4.961456744740544673e+04
4.181498095195976930e+03
-3.084227768443213063e+04
-4.210516574749472056e+03
-2.861916135154240328e+04
1.984578498604162814e+04
4.750819598063249578e+04
1.670293003185171256e+04
-6.343814813717820653e+04
-3.157836948778498481e+04
2.565012851013230829e+04
2.305557812399580507e+04
3.374741332229397813e+04
8.091407180954587602e+03
-3.645448917363210057e+04
-1.036496456039099394e+04
-6.040768262654249156e+03
-3.007220041583676357e+04
-2.982480299055222713e+04
3.210959943455990651e+04
3.311604263708307553e+04
2.871904467152598227e+04
9.174917811379378691e+03
3.748807823198863480e+04
7.025842351662456349e+04
-6.738962217539794437e+03
-3.674277483364629006e+03
9.326093766324444005e+03
-7.068319046275901201e+04
2.466570082806489881e+04
-2.157748180500401941e+04
5.516025876516198332e+04
-2.381884143549810233e+03
9.594327742145071170e+03
2.654024972960021478e+04
-6.847605808727527619e+04
-2.503859134905216342e+04
-2.279453481061609921e+02
2.407417759911406756e+04
6.078041100726718287e+04
3.187359720932011260e+04
-1.746766081028599729e+04
1.178864111191910888e+04
1.707972843577825552e+04
1.474606580681801097e+04
3.856243324309488526e+04
-4.676998040936802863e+04
5.911529002302085428e+04
5.129587744019409911e+03
3.511670805550420482e+04
-3.959262106746206882e+03
-3.734820612263525982e+04
-7.460384085772428989e+03
-1.138096095062292079e+04
7.574198091137730808e+04
5.728277411746034886e+03
9.419353066786012278e+03
-5.350150511897530669e+04
2.967251620936266409e+04
-3.894835799627764209e+04
-2.036970948454024619e+04
3.617963019387533859e+04
-5.321190678805113566e+04
-1.271604423178487559e+04
-2.978680697923148182e+04
4.035774404764589417e+04
5.982549694612038729e+04
4.790021060675724584e+03
5.002088702238576843e+03
3.595596070519427030e+03
-6.851972663472419299e+03
-2.031557788712278852e+04
2.890295190663554604e+04
-3.470361135130369803e+04
-2.330777452638764225e+04
1.764968848750587131e+04
-3.132807268609255334e+04
-4.729498431499478465e+04
-2.350395375427329418e+04
6.698311413983856619e+04
-2.951836005433782339e+04
2.262726844747146242e+04
-3.044467113530216739e+04
2.953500862265572869e+04
7.659686264592014595e+03
3.310438537631322106e+04
-3.304316685839781258e+03
-5.213293768507161019e+01
3.569721869771006459e+04
-1.378525514249666594e+04
1.063076409035660254e+04
4.922942006867966120e+04
3.159854374142134930e+03
-1.911823964779512971e+04
-3.769402469845276937e+04
4.448312986740419728e+04
-2.166168381486882936e+04
1.322334601652283891e+04
9.489699316626752989e+03
3.633670146646289504e+04
-1.492756046598803732e+04
-4.172649971801823267e+04
-6.534600410665301752e+03
-5.023919325122570444e+04
-6.247272220062621636e+04
-1.272159532250332813e+04
-4.433807332081904860e+03
1.607538413448611573e+04
3.196873732324246885e+04
-5.211220848256879253e+04
2.378071869995466477e+04
1.710989993229377797e+04
-1.422437327833704148e+04
-2.246593707676408303e+04
4.135698728171114453e+03
1.727709149102958690e+04
-3.679614423416806676e+04
-7.782986259650997454e+03
3.297060820914263604e+04
5.466236969909780601e+04
-3.491791517009120435e+04
-2.198454314464403069e+03
-6.083330454532767362e+03
6.031155644596978527e+04
-1.037657408742323969e+04
6.049909087558024476e+04
4.893470224723808496e+04
6.208597549781628186e+04
-3.733221965911948791e+04
2.348677246799518980e+04
2.905065860206819707e+04
-5.288554931818076875e+04
2.833375982812377697e+04
1.937914099954204357e+04
4.410879331260312756e+04
-3.877253976080794382e+04
-4.588156819030042243e+04
9.082921434737316304e+03
-1.532434660452846038e+04
6.161282298762471328e+04
-1.173640478033075169e+03
3.120151305823748407e+04
5.452802846739020606e+04
-3.842261421038383105e+03
-2.632448595754657435e+04
5.308401370873898122e+04
-1.880366078834452856e+04
-1.418082457283579606e+04
3.181247402280208189e+04
-4.914083434546927492e+03
-1.989321364032835845e+04
4.790740821057692665e+04
6.455097644483365002e+04
-4.806104730478718557e+04
4.758124225372757792e+03
-2.369224279423246116e+04
5.146156855272406392e+04
-1.907169907035518918e+04
-3.019407324353903277e+03
1.102543076697562901e+04
-4.636200308658120048e+04
-3.360977690000439179e+04
4.103216973721978866e+04
-3.948796681773601449e+03
2.808316326073827804e+04
-4.978625867484092305e+04
-1.448879074097551893e+04
-1.472775221012599286e+04
2.056352449736017297e+04
1.212677385975202378e+04
1.711437445694277631e+04
4.088272788853368547e+04
-3.205177222997327408e+04
-1.974610340529906898e+04
3.749393912368978636e+04
4.754187282503789902e+03
-2.249435706907512576e+04
2.019658977344261075e+03
5.027553597659955994e+04
5.183066053935846895e+01
3.390728431220671337e+04
4.768679702598361473e+04
-2.557601272159977088e+04
1.041484472169334185e+04
-4.432161641958161636e+04
2.454102042344704023e+04
-2.445273235566104631e+04
-3.743647618469111330e+04
-3.436924204618069052e+04
-1.398249006769759399e+04
-1.401391477842320273e+04
-1.115233895487779955e+04
1.516519488642526449e+04
1.488378829588453073e+03
2.778761838001820433e+04
5.347442978613114065e+03
-6.131380929344136530e+04
-2.086366386771403631e+04
1.205840210561816457e+04
-3.533647056705460272e+04
5.100292518063647003e+04
5.256498139102257846e+04
-4.759935349628067343e+03
-2.126089939507195959e+04
4.710463420165932621e+04
-6.193545784094009286e+04
-4.548103001758319442e+04
-2.163162947509135847e+04
-3.337071983719518175e+04
-3.573277521561428148e+04
-3.556948633177164447e+04
3.345635545670373540e+04
-2.220754224319467539e+04
3.429605065298077534e+04
1.621160177224896142e+04
2.474144370897560657e+04
-2.299800583447873578e+04
-4.264133717058547518e+03
3.160733442903378818e+04
-2.773575889057463064e+04
-5.265088121594845870e+04
2.075402490489830598e+04
-1.075943892607406451e+04
2.386769200201539206e+03
3.474616848377515998e+04
-4.655560411647056753e+04
2.034953415443666745e+04
1.856342246938601238e+04
4.832227458558986837e+04
1.717668343644185006e+04
-1.600641748056706092e+04
2.585415432602361034e+04
-4.743282413688855740e+04
2.349507343383301122e+04
-6.800194632236552025e+03
-4.609751188297950284e+04
5.444091835385093873e+04
4.752595881073291093e+04
5.559402671550514788e+04
2.039727016861250013e+04
-2.522968112842187111e+04
-6.983374032792229264e+04
4.049939468265468895e+04
2.192459803229034878e+04
2.935376012482333681e+04
-1.295460413968694229e+04
9.194494805980283445e+02
3.808700609413248458e+04
-2.863974485416425523e+04
1.759478631860535825e+04
-4.288727434867523698e+04
-4.063890247434402409e+04
-4.165677181486070185e+04
3.038727175484457257e+04
5.754507232055415079e+04
-3.504329104111760535e+04
4.902382447802695242e+04
4.289430852540698106e+04
-2.881283192180454080e+03
6.497847770240655518e+04
