-4.462555663549715973e+04
-4.640731873708448256e+04
-2.276231759840573068e+04
-3.397250128939698334e+04
-5.664329069843295292e+04
-5.704778622985607944e+04
-8.384093876490331240e+03
3.660889740502984205e+04
4.092096076250513579e+04
-4.097837500902786996e+04
7.366712092195103651e+03
-8.159268679057581176e+04
-3.390854985249163292e+04
-3.296457987421919825e+04
7.906016429823735962e+04
-1.281734938207826963e+04
-8.140344821506590233e+04
-4.225143657472472842e+04
3.767907429484619934e+04
-1.839518308540107000e+03
6.462442670607582841e+04
3.598339837918196281e+04
2.608261017805502706e+04
7.085891578916780418e+04
-6.599297347175799950e+04
1.283792143783852043e+04
7.958872897486083093e+04
5.543682852466672193e+04
-1.719151203165778861e+04
-2.070430843908677343e+04
-4.120311819180881139e+04
-6.598136956302265753e+04
3.815320306901794538e+04
1.099969828070956282e+04
4.590525104421825381e+04
5.477559189800180320e+04
2.378479075778702099e+04
-1.432512681713647180e+04
-6.722539919609946082e+04
-3.052075725899207828e+04
-2.053961500551740301e+03
6.242610495866045676e+04
-6.233530666379526519e+04
-2.157704284326375273e+04
-3.008754308648538790e+04
1.498633366576125627e+04
4.566780634511064272e+04
-6.294938566948084917e+04
-3.307932531676779035e+04
1.616961991461698926e+04
8.923864324151401524e+04
-1.053761971998522677e+04
7.674925473416890600e+04
-4.709540249654279251e+03
2.442966645522366161e+04
-7.003900386795381200e+04
5.922280926893588185e+04
-7.234740001680477872e+04
9.496612704433107865e+04
-7.417196828783400997e+04
4.175834917599071196e+04
2.796463338512915288e+04
-2.012123631940515406e+04
-6.734714695924055377e+03
7.876707760104413319e+04
7.623179358856500767e+04
-1.372868985885024267e+04
-8.528343885977430546e+03
-5.356789725998912763e+04
-5.023101487985953099e+03
5.190258419937423605e+04
2.725879440143976535e+04
3.525712084596212662e+04
3.855931305582404457e+04
-7.430232802909464226e+04
-6.295255193674001202e+04
-7.991377956686598191e+04
-8.765566452816389210e+04
7.630673845716784126e+04
4.056369400949229203e+03
-1.264436935783027729e+04
6.359728166481057997e+04
5.706247578095085191e+04
2.199541025593460290e+04
5.413124883522667005e+03
-6.816605472194359754e+04
-6.566746277543024917e+04
-2.330968231547126925e+04
9.986715310517483886e+03
2.102994235795364875e+04
-8.807664840321629526e+03
4.559630666921137163e+03
-1.001589123103247402e+04
-3.199194852761296488e+02
2.911988214767526188e+03
7.724588853065908188e+04
6.680812243793465314e+04
-4.396045943128463841e+04
-8.776056259961867181e+04
-4.848098100061504374e+04
7.668907828235914349e+04
6.414289490350304732e+03
-1.053198514100815555e+04
-3.954904865716530185e+04
4.923952491675497185e+03
7.604346804234897718e+04
-8.602539608523737115e+03
2.739609929164288042e+04
5.821140992785563867e+04
6.753155066713075212e+04
-2.877255848653967769e+04
-2.720457130103009149e+03
5.766597883837379777e+04
6.529146897255321528e+04
-3.994060834959642671e+04
-7.469037937322379730e+04
-4.165811318450264662e+04
-6.660044160874091904e+04
-5.543234169205796206e+04
-3.125683813256430585e+04
-6.986598632269736845e+04
2.074807435279899801e+04
-2.161256059253091007e+04
4.645204873231961392e+04
7.823629524159460561e+04
-2.402912754299608423e+04
-2.586924767550008255e+04
3.130091183813180032e+04
-2.844955238683879361e+04
-1.882362741046576275e+03
-7.581514366336075182e+04
-3.892230035597527603e+04
-2.870116943362472739e+04
-6.398966760229539796e+04
-3.865843187509574636e+04
2.977107051641269936e+04
-6.556392620761280705e+04
7.374874011864263821e+02
6.197550938557861809e+04
-6.504960380246848217e+02
9.435357503773871940e+03
-2.906271906950993070e+04
3.159549380505474983e+04
1.130458624226244319e+04
7.516801729950003210e+04
5.544591667117058387e+04
-8.080662294687209942e+04
7.602436101834529836e+04
2.314859058312253183e+04
-4.762583262309955899e+04
2.981552851086736700e+04
6.603544747946471034e+04
2.762297360208660757e+04
2.277141696742983186e+04
3.560393845344840520e+04
3.835571428679476230e+04
-1.498704520336974929e+04
1.598831801412284585e+04
7.246381401165675197e+04
3.292906614180406177e+04
6.134314356003270223e+04
1.794887489806364101e+04
-5.709800939043262042e+04
3.306453606165861856e+04
-4.850460152220520831e+04
3.015208192704004432e+03
4.035189443656260119e+04
4.471030996059110475e+04
-8.178791246189737649e+03
1.414238560972140112e+04
-6.155092798144346307e+04
-8.314555335369100794e+04
-5.651734721687930141e+04
-5.704441627277311636e+04
-7.811175939074440976e+04
-8.180895676739851478e+04
6.249435913090958638e+04
6.563813968785696488e+04
3.336790515995892929e+04
-1.610052572172529653e+04
-4.028948138061103964e+04
6.533827131629231008e+04
3.528671273272160033e+04
7.778088373697490169e+03
-5.834389163474815723e+04
3.083274539908885708e+04
6.235175617155378131e+04
-6.654493458357526106e+04
1.735263246239772343e+04
4.377329814771269594e+04
-2.907930810470669167e+04
4.676016864463432285e+04
-7.959730224743718281e+04
-4.423983253636617155e+04
-6.919385590125522867e+04
-4.157983765063934698e+04
4.185179747738916194e+04
-7.528486986388383957e+04
-6.784562633207581530e+04
7.699762353199356585e+04
-4.688258938070753356e+04
-7.232028402885957621e+04
2.353266057532900595e+04
6.038889664495898614e+04
-2.008790911084942127e+04
3.018530709820682750e+04
-2.031434019015289959e+04
-4.686948873087449465e+04
-1.825342519776940620e+01
-3.574465739324127208e+04
1.852932210582279367e+04
7.437324878208986775e+04
-6.102183906071011734e+03
-4.075718550340329239e+04
-6.934739462900160288e+04
7.236807813536651338e+03
-7.040489323218917707e+04
-1.586140426625287364e+04
5.645996973276058998e+04
2.316511747217092852e+04
6.400004223269039358e+04
-3.319491875142692152e+04
8.809125140761470539e+04
8.075927859858599550e+04
-4.671409443201246177e+04
5.195151866768638138e+04
-4.121203238937386050e+04
-1.364344745191289439e+04
4.160839030894014286e+04
-6.812895422289943963e+04
-6.047807042407095287e+04
6.249269295428720216e+04
-1.992767055157550931e+04
6.704676135817023169e+04
2.656001185797789731e+04
-1.633417164663537369e+04
1.560425351051052348e+04
3.911657106040881627e+04
-4.585547811935152276e+04
2.390371578041109387e+03
-5.774115886989288265e+04
-7.445733388487235061e+04
4.736518540202149597e+04
-2.080326499926270481e+04
1.810361821221401624e+04
7.778957003965221520e+04
1.341201193106120081e+04
-9.236788297137443806e+03
3.838083202614963375e+04
7.073119858473830391e+04
-1.879452014142250482e+04
-4.534534201253925858e+04
-4.082222923837949929e+04
6.802229900462055230e+04
5.279255773061805667e+04
-4.718170203710639180e+04
-2.225789019027824452e+03
-4.247197128131056525e+04
9.650228967126655334e+03
-4.347026617419646209e+04
7.007406716581244837e+04
-7.297378682918149570e+04
-5.191560624545974861e+04
8.968717297190420140e+03
-3.118445379704148945e+04
