-4.193841508438409801e+04
-2.252615856103243277e+04
-5.488513883342809277e+04
3.645203205542085925e+04
2.108700799708093473e+04
-6.535710720513562410e+04
-5.151216314489304932e+04
2.772471804555342533e+04
1.157185577703221134e+04
-2.029649119899046127e+04
-6.465571748227829630e+03
2.216594412120962716e+03
-4.151570167378424230e+04
1.552297510020861591e+04
7.390855105868447026e+03
-1.991346298891564220e+04
1.083830732434106176e+04
7.765219267946473337e+03
-4.210398017021037958e+04
2.277486490962088283e+03
5.392023421827053971e+04
1.247335738635619009e+03
1.213683774303801692e+04
2.462901670850149094e+04
-7.102148033264905280e+03
1.466785776240049745e+04
4.563319688242842676e+04
-2.593310885080994558e+04
1.636583460169294449e+04
-6.864374801607623522e+04
-6.760467450883823039e+04
-2.897109659212386396e+04
3.720185258182451435e+03
-7.193387370332582213e+04
4.655513392268164898e+04
3.619902874084130417e+03
-5.964518355858226278e+04
1.523888179441977627e+04
4.889094589415787777e+04
-3.046706079928224881e+03
2.024363322845668154e+04
-4.299526436813329929e+04
-4.999190548456076795e+04
-3.952482973974988272e+04
-3.539515725897943776e+04
1.420122999744188064e+03
4.046820535905486759e+04
-1.819742661163524826e+04
1.645982276472897138e+04
-5.008632481711703440e+04
-2.484066455659758140e+04
-4.591450359578187090e+03
-1.217932938533361812e+04
-6.064237273087924405e+04
5.171876591786592144e+03
-3.571392754062124004e+04
-1.588972675332852850e+04
-5.495537328223955228e+03
-6.444908686996646793e+03
6.905188854380730481e+04
5.207639095293840001e+03
-9.839132138891100112e+03
3.228960571492119561e+04
4.408963962922408973e+04
1.044710844693766740e+04
2.694426235928260576e+04
-1.741288092141825837e+04
3.968940599061726243e+04
-2.820213863312347257e+03
3.555172241366273374e+04
-2.097368645291763823e+04
2.842954344027221305e+04
3.622446262001588184e+04
-2.993514991240556628e+04
-4.892952985954203177e+04
-7.643620131036786006e+03
-3.910704853852598899e+04
-3.953310624457286758e+04
-3.191656983181839678e+04
1.371211280412056476e+04
2.005708818647825683e+04
-4.222756699607375049e+04
-2.397982665339552113e+04
2.916444931793762589e+04
-8.068973497607751597e+03
-9.097276280317015335e+03
5.774809396174042377e+03
7.956106205906868126e+03
-6.620144916016064599e+03
-5.122558439543518034e+03
6.919617450338546769e+04
3.973844336718427803e+04
1.605761104412012901e+04
6.253868074597314990e+04
-7.720098370155341399e+04
-4.975680818523032212e+04
-1.266020750422459059e+04
-1.857528141044058430e+03
7.895284121700995456e+03
-1.934214632211208664e+04
5.255028036422310834e+04
-2.321593198661026690e+04
1.032832611972559971e+04
2.745443739449709028e+04
3.594051965656944230e+04
6.777837823464460962e+04
-2.001971306020137490e+04
7.408087768702622270e+04
-4.465425343969941605e+04
-2.276346138403306759e+04
-2.150573738106276141e+04
-4.672481530029433634e+04
-1.404860286323877517e+03
-4.925655607578864146e+04
1.375482337474362794e+04
-6.097493190525790124e+04
9.249772269147147017e+04
-4.058192267239980720e+04
-3.447703847437728837e+04
-1.236681212316344499e+04
4.606661486046271602e+04
1.568089096842921754e+04
-1.244924914938610345e+04
-1.981010502324754634e+04
-5.905294161138655181e+04
1.110373572884747227e+04
-2.193603114511616877e+04
7.186508586657510023e+04
3.670195342764875386e+04
3.200055266363760165e+04
-5.923433765177836904e+03
-1.913694176633477400e+04
-3.329548842434631661e+04
1.627736003614636138e+04
4.788794545653914975e+04
1.798924110522398769e+04
2.032545989470136192e+04
-3.646419349588183104e+04
-6.405753887260590091e+03
-4.811566364111436997e+04
6.437747703011659905e+04
-4.858038445618184051e+04
7.102407782762878924e+04
-3.630116007460207038e+04
-7.054439849015284381e+03
-1.332679041210525156e+03
7.657567849426230532e+04
2.572197728975639984e+04
-3.995663513300877821e+04
-1.499607314592064176e+04
1.186140567816077237e+04
4.694431460128875187e+04
2.522313300363574308e+04
7.285871615405140619e+04
1.941305759660863259e+03
3.966721168698759720e+04
4.310401910601517011e+04
-2.939755130096735957e+04
-1.835559494925098261e+04
7.095217757555271419e+03
4.977326131403631007e+04
-4.906573477979788004e+04
-3.772798811959847080e+04
-2.130972425517762895e+04
1.461372032487734032e+03
1.809027413951676135e+04
7.012958284782621195e+04
-9.473927340560321682e+03
-2.590128236362563985e+04
1.929228215520692174e+04
-6.778782037639981718e+04
3.896039598815028148e+04
4.291236099422792904e+04
-1.811827954228430463e+04
-7.205826525598224180e+03
-2.995869821474263063e+03
1.242600404024979071e+03
-1.680350885916267362e+04
4.490524421299361711e+04
2.237737147419033499e+04
-7.904579169397350597e+03
-3.645699299576319027e+04
-4.569161217576988565e+04
-1.321971258232833497e+04
-5.129707488434064544e+03
-3.692498489724488991e+03
4.234901883950285082e+03
1.466969694858026924e+04
3.104049786744898665e+04
-8.257943224834601278e+04
-5.912136959280095471e+04
6.647844192235347691e+03
-2.237381066119155366e+04
4.955553947867191891e+04
-3.393439236252918363e+03
7.182013205653558543e+04
1.067643357991361154e+04
9.327312415179194431e+03
5.122851043932118773e+04
-1.690195270244355561e+04
3.779434294612770464e+04
-3.649034533956439554e+04
3.692642747774884629e+04
-3.076757934426941210e+04
5.051561198607685947e+04
2.971601906727218739e+04
2.972936173534182308e+04
4.247232366587943397e+04
-8.258782711435147212e+04
-4.462774622993897356e+04
3.812461786030555959e+04
-2.655854833062403486e+04
-3.634825436530321895e+04
6.351919019168063824e+04
-4.390308068635601558e+03
-7.885024172499221459e+04
6.910748680457423688e+03
1.408811900470304863e+04
-1.560151405178410187e+03
5.381284493424425818e+03
-3.760662668457828113e+04
-7.805439203757842188e+04
6.372597199992549577e+04
4.067633549724690238e+04
-2.216292776548665643e+04
-1.329345687780477056e+04
3.700455731176919653e+04
5.763602120558102615e+04
5.726099170572667936e+04
3.334178842403824092e+04
-9.629918377627440350e+03
3.439488445089633751e+04
9.566146418850816190e+03
-4.510657686223077326e+04
1.884328196968547127e+04
4.832435764974734775e+04
-4.312242338120123168e+04
7.606133355189198483e+03
3.022782331787327348e+04
-8.176808175141258289e+03
-1.557933400247259488e+04
2.592357071666215052e+04
2.215786178653370735e+04
3.612973291881813930e+04
6.519617323794653930e+04
-1.189461173242666700e+04
9.025195601948814783e+02
3.564748646017618012e+04
6.376925469798659833e+03
4.643974789354516543e+04
-2.250330878927058075e+04
3.663540853967964358e+04
3.389873856897692167e+04
2.301035080094042132e+04
5.189453948774206947e+04
-1.078801386983172961e+04
-6.166084670981184900e+03
2.036698007524197965e+04
-2.831974656447258531e+04
-2.259776700988786615e+04
-4.854005246565705602e+04
-1.467659788389047208e+04
1.092367981116202827e+04
9.973908706966853060e+03
2.995149824973619252e+04
