6.521158537461538799e+03
2.623103380454810394e+04
5.227614274228081922e+04
-3.064955937626218656e+04
-7.242693252579108230e+04
3.290208733149687760e+04
-9.205163653450494166e+04
-6.933981431520980550e+04
-1.618426653498943779e+04
-5.429590888703312521e+04
-3.766194423947724135e+04
-9.606893408879100753e+04
-5.192377746718876733e+04
-2.607319356963080645e+04
2.041689621166136931e+03
-3.412260961455288634e+04
-9.030820340380267589e+04
9.995660646945485496e+03
-1.665065939243801404e+04
1.639122102082500351e+04
8.858888600602102815e+04
9.201824127556566964e+04
-1.270763667814491782e+04
-2.753380314353009453e+03
4.289179008954274468e+04
7.362835858951119008e+04
-5.535844954548805254e+04
9.460801929959375411e+04
-6.818871187317605654e+04
-8.360530187725488213e+04
-8.917966985421738354e+04
-3.496988202131114667e+04
7.947494140693100053e+04
9.322923924948004424e+04
9.071512223302084021e+04
-9.195277849386967137e+04
9.564961765603895765e+04
-9.116790830199950142e+04
6.479480652636842569e+04
-4.226346406156216108e+04
-6.552756199272850790e+04
-5.865586150106176501e+04
5.271492265765962657e+04
-7.218266510061317240e+04
-9.868394052995022503e+04
-9.710447542934057128e+04
-2.486842449079398648e+04
5.938590480385138653e+04
-8.353430482114791812e+04
7.414684896792279324e+04
-2.847842413009109441e+04
4.613026052470898139e+04
-9.133930645330857078e+04
5.196027620355362887e+04
-9.516375839619927865e+04
-7.311720481593835575e+04
3.112836999715401907e+04
3.820188760543643730e+04
6.896244636167981662e+04
2.543990733622592234e+04
-7.191874735134237562e+04
5.247982149668302736e+04
-6.159358707211996807e+04
1.883584638224706578e+04
2.851091885779819859e+04
5.898769269652385265e+04
6.686661321505127125e+04
-4.316637118349377852e+04
1.733168732581862423e+04
3.694106301478375099e+04
-3.135101869570129202e+04
3.131024660597331240e+04
8.289331128417004948e+03
5.259920180884937872e+04
2.566713956905748637e+04
-1.125747479916678276e+04
7.299683694536975236e+04
9.940082471662797616e+04
5.651444758582991199e+03
-6.975467159723571967e+04
-6.274045303379916004e+04
-5.157520232853916241e+03
-1.828294117779080989e+04
2.885838969449931756e+04
8.024147794550564140e+04
8.723806442366549163e+04
-7.037959312492550816e+04
-6.534590144719962700e+04
7.416614005208757590e+04
3.790015809466617065e+04
-7.507020920179654786e+04
-2.910033509868939291e+04
-1.501483636766816198e+04
-5.049756847962050233e+04
-3.467920649679499184e+04
7.645769756113440963e+03
7.168780155019354424e+03
-4.312766651541524334e+04
-6.688197781246161321e+04
1.858293623136164388e+04
6.064276187921030214e+04
-5.180261363543409971e+04
-4.669862952818410122e+03
3.674573383749130880e+04
-8.748951740603681537e+04
-4.378750662634334003e+04
6.895017433469984098e+04
8.774702760890286299e+04
-2.567485408989261487e+03
-6.731771048510204128e+04
-9.813846591855656879e+04
7.984903600355616072e+04
6.329299497489165515e+04
-3.128873546057353087e+04
6.552596900747361360e+03
-1.209357880469544034e+04
6.384608447899573366e+04
3.927879766933969222e+04
8.441644409966270905e+04
-2.438174049223083421e+04
-3.516382384646165883e+04
3.397563092547157430e+04
-1.035664844652524334e+04
7.816580126683035633e+04
-2.188665182876930339e+04
-8.589464736357840593e+03
5.348105451077441103e+03
-9.243670281261482160e+04
4.361930750379979145e+02
1.783909387074632104e+04
-3.248350916045976919e+04
-7.795659990360864322e+04
-1.267150199263040849e+04
-3.294034999970687204e+04
6.450778365443681832e+04
9.150090518400655128e+03
-4.101742944006771722e+04
9.574906092466757400e+04
-6.467808790508024686e+04
4.840897851620591246e+04
-3.534099904200409219e+04
-5.316678573789024085e+04
-5.787315114162279497e+04
-1.476582005076482892e+04
9.708590957953379257e+04
-7.165129395397909684e+04
8.630967131613710080e+04
7.715755165645512170e+04
-2.330924984168866649e+04
-8.878224407270895608e+04
2.990809624206607987e+04
-1.106692005121671536e+04
-4.969769300054212363e+04
1.525620485887295217e+04
3.079394531139792525e+04
6.609136541937853326e+04
-8.569679318798292661e+04
-6.884600562768770033e+04
9.251376852823761874e+04
-7.093256932208474609e+03
-7.955258520228028647e+04
7.819203083053595037e+04
-7.684460052686839481e+04
1.361116627425464685e+03
-8.446096951000780973e+04
-3.094494618957226339e+04
-9.691415052680208464e+04
-2.049778881612059195e+04
5.933590799856762169e+04
5.862503298816157621e+04
-4.575883904938762134e+04
-5.459084698157752428e+04
1.058628004267798678e+04
-6.872261442916243686e+04
9.444803282305816538e+03
8.270458836765569868e+04
4.704994377441820689e+04
-2.083447318889868620e+04
-7.425132263893229538e+04
-4.379301019916099904e+04
5.122260611634870293e+04
-3.422966407318861457e+04
-1.308901140054129064e+04
-3.628716905728403799e+04
6.242865362960551283e+04
9.346237965934869135e+04
-7.623491926798135682e+04
7.354675445247592870e+04
7.133082970794121502e+04
-5.967262597229931998e+04
1.766151208330002555e+04
3.390285228715569247e+04
3.913734737004822819e+03
2.280677705850997881e+04
9.329257138843429857e+03
-6.869043524699167756e+04
-2.824392697867352399e+04
1.283225280873898009e+04
6.369487085069878958e+03
6.336931630860915175e+04
-5.011580600540051819e+03
2.543500034724536818e+04
9.008972477642152808e+04
8.601634804623562377e+04
8.656146310897023068e+04
2.197353803152494947e+03
-8.072730639257741859e+04
-1.194000943001141422e+04
-7.467277099849996739e+04
-8.684397232794313459e+04
3.053985744130276726e+04
-7.295017989734260482e+04
1.126085104930933448e+04
5.584207803906002664e+04
8.094142157143779332e+04
1.973419737798145798e+04
2.251419222382354201e+04
6.248032267008558847e+03
-2.617131471631820023e+04
-7.604642722998331010e+04
-2.521166376363117888e+04
4.199933032996926340e+04
8.186932439477517619e+03
-5.973080590496814693e+03
8.346707897275866708e+04
7.574963306966322125e+04
5.858760076139535522e+04
-7.752472622328945727e+04
1.113433491212209628e+04
-7.444292819402278110e+04
-5.038258130659512244e+04
-2.789718025299411966e+04
7.869535380390344653e+04
-9.038024985256290529e+04
1.737751631718561111e+04
1.970013759673656023e+04
-2.556123500869631243e+04
-6.588904394059258630e+04
-5.666138357960581925e+04
6.732985401434637606e+04
-4.713421509668783983e+03
5.516233022535484633e+04
-1.224349157048198686e+04
2.098238047546148300e+04
7.731272647402837174e+04
-1.887099895658796595e+04
-6.302317606268883537e+04
5.020197421335076797e+03
3.190887028712936444e+04
8.791269938803263358e+04
-8.192451275522325886e+04
-3.450021572938839381e+04
5.452702600955148228e+04
9.419596255327155814e+04
-2.066638672541323467e+04
1.458451518596451206e+04
9.710558653568229056e+04
8.550795545188459801e+04
2.025824112970646820e+04
-7.293143713270215085e+04
-5.473983823767223657e+04
-8.247494278869807022e+04
-6.936932959122638567e+04
-4.889395949183173070e+04
-1.687777232687629294e+03
