-1.510766880879042037e+04
7.353752670959866373e+04
-7.010264565212956222e+04
-3.175403461103951122e+04
9.893273299279378261e+04
2.822211290850567366e+03
-2.681527179698281907e+04
-6.835429831883350562e+04
3.502662848542930442e+04
-1.876089273187602885e+04
-6.229128843898855121e+04
2.122277744835362319e+04
2.300017548497087409e+04
-7.185262445054035925e+04
-1.953072453062275963e+04
8.615430470100125240e+04
8.941411576626687747e+03
-1.413729518715741688e+04
-5.858444181302753714e+04
9.986693995755007199e+04
-6.746743752367053276e+03
-2.843496755644693985e+04
-1.552300910634733191e+04
-7.139740944362276059e+04
1.754220513927391221e+04
4.447136409237643966e+04
2.610516243763859529e+04
-8.164738586258106807e+04
-7.887784956871104077e+04
-7.119792688507173443e+04
1.545234247970232718e+04
6.264456555218630092e+04
-4.581454182271713216e+04
3.112355998229995384e+04
-7.661790854540525470e+04
4.378737907014613302e+04
-1.638300749139509389e+04
1.762067895846069587e+04
-9.401676962437946349e+04
-7.198150193206020049e+04
-3.303008800035017339e+04
-5.020562799176292901e+04
-4.675872998276881845e+04
5.853784537554230337e+04
-2.976373270107066128e+04
-3.471268297128827271e+03
5.568484513477811561e+04
-2.331789940658978958e+04
-7.118829041631557629e+04
-7.697023260210505396e+04
6.672451389499193465e+04
8.274987541254897951e+04
-2.327643848868305577e+04
7.634246063451454393e+04
5.122010013137012720e+03
5.674649894575007784e+04
-6.281735093927656999e+04
-2.789926530387701496e+04
2.761075799080151228e+03
2.654858797115035486e+04
-3.537660556333323620e+04
4.426774631053640042e+04
9.964276367216501967e+04
-4.653496054454924888e+04
-1.888101061660957203e+04
7.820819107520593388e+04
2.913108965716204330e+04
8.148887209078004526e+04
5.132841724609721132e+04
-6.784750908540513774e+04
5.306053186114512209e+04
8.016751615318619588e+04
-1.004206419887538323e+04
-7.985940277339206659e+04
1.434259745683988149e+04
9.059088300454814453e+04
-8.130189719072206935e+04
-8.167385124556168739e+04
6.371545809104870568e+04
2.277141009385272991e+04
-8.337748974884573545e+04
-2.174208540948376321e+04
-3.695419093068656821e+03
9.573123288725610473e+04
-5.875387491779859556e+04
3.641374957482588798e+04
1.390787419878460787e+04
-4.620710302032139589e+04
-6.672345242526520451e+04
-5.954596413190199382e+04
-5.455713005202000204e+04
-9.190413382286214619e+04
9.545677778837295773e+04
-6.829665322098846082e+04
7.669736339638223581e+04
3.806070344805502828e+04
-9.932157653403999575e+04
5.159730632992788014e+04
9.098405339725548401e+04
4.923967495708938259e+03
-5.501301823858239368e+04
8.618613626072395709e+04
8.133047714848200849e+04
7.545166624917858280e+04
5.531463221937885100e+04
-5.763731333611051377e+04
-1.779891312977398411e+04
8.974001873064544634e+04
6.188572798286033503e+04
5.309454511867215479e+04
5.081906873052653827e+04
2.367319764171832867e+04
-7.558540094255327131e+04
1.182707268732485318e+04
9.629738541028960026e+04
2.624521166755314334e+04
5.679966230572642417e+03
7.351301077302939666e+04
-4.273870044573060295e+04
-5.388803470676491270e+04
-7.432598903122260526e+04
5.610110302410099393e+04
-7.369562291383939737e+04
-5.576883908976435487e+04
2.884575269246751850e+04
-2.931178142776296590e+04
-2.335449765373017362e+04
-8.251949878234027710e+04
8.086065479823414353e+04
2.830816924883578395e+04
-9.244047830871178303e+04
-9.981865315290562285e+04
-3.409240043831511866e+04
-2.309794008589833538e+04
-8.789143701542713097e+04
5.711935890854000172e+04
-8.980167355627453071e+04
-1.602087773323674446e+04
8.713248647765884016e+03
6.884304478055317304e+04
-3.900550082110307267e+04
4.096675068657769589e+04
8.641253682834774372e+04
-1.441843104233939630e+04
-2.461974042033417936e+04
6.658057442133661243e+04
-3.283085047415017470e+04
-4.521031991136367287e+04
-2.533062263660370809e+04
1.179370058692748353e+04
-1.751215716128358690e+04
-7.568696428328880575e+04
3.404181962364434003e+04
-8.722580865653368164e+03
7.460914831606077496e+04
-1.379150852055411087e+04
-9.863632868972263532e+04
5.602720693876379300e+03
7.041087020929645223e+04
-1.942441729471811414e+04
-2.606153007202309163e+04
-2.718734111782239779e+04
4.568639167775303940e+04
1.204360528758739019e+04
5.536942501459969208e+04
4.322770884365699749e+04
6.099589561237648741e+04
-2.591410604779362257e+04
-6.571004068666230887e+04
-8.300642131467584113e+04
-8.081366481408943946e+04
-3.463107390567415132e+04
-9.834174069753216463e+04
2.267604505779330066e+04
7.107600220377047663e+04
1.830220261292808743e+02
8.534684579727696473e+03
-6.233626245831883716e+04
5.467075236014926486e+04
-7.268347854441874370e+04
-6.717328908402848174e+04
2.380472854622689920e+04
9.042424759431801795e+04
-4.749683534510627214e+04
1.556334973681707197e+04
5.148665176609853370e+04
-1.046120522413554681e+04
6.715905483595153783e+04
3.860671285045376135e+04
-1.360061825784547364e+04
-4.744194245936533116e+04
4.595903457042642549e+04
-5.447583537456538761e+04
-5.978629034941001737e+04
-9.265473468829563353e+04
8.261186520519993792e+04
4.724056743512069806e+04
3.438050388911472692e+04
7.366728965097587206e+04
-8.118178933333378518e+04
-4.276966135153431242e+04
2.905976158523887716e+04
-9.435210909277325845e+04
5.169025498452725151e+04
4.347050577754619007e+04
7.104056230186964967e+04
1.009918550923317889e+04
6.758110090095413034e+04
8.889219184613076504e+04
5.949706560321262077e+04
-9.320353955146591761e+04
-7.000711162075665197e+04
7.982493718362526852e+04
3.677493658811248315e+04
9.911369092079254915e+04
-4.244976750780626753e+04
1.205203950687394172e+04
7.948685832932814083e+04
2.629431842625163881e+03
-3.997294228395498794e+04
7.011344071181985782e+04
-1.283527484188659400e+04
5.154873671990092589e+03
-8.627384025375611964e+04
5.109309390801491099e+04
-9.540506811918865424e+04
-5.548848934681210085e+04
-3.315814743342066504e+04
6.536099491540758754e+04
4.971633975857948826e+04
-1.120339737441582838e+04
-9.702429441500041867e+04
-3.069442120137698657e+04
5.449070094361547490e+03
-6.262500374502274644e+04
-3.569493659900916828e+04
4.077068320170356310e+04
2.106007703829687671e+04
6.297210463594068278e+04
-4.373746565527999337e+03
-5.170954580636989704e+04
2.773228286606310212e+04
4.510051346528402064e+04
8.085358040317300765e+04
1.734005606460620402e+04
-8.069773436483260593e+04
-7.737586496503424132e+04
4.183628174813384976e+04
-2.439380326911830343e+04
9.434395335678503034e+04
4.069805977360937686e+04
8.454504730618951726e+04
-9.262852128309116233e+04
7.557957502095225209e+04
7.406418040675719385e+04
-4.584218791555691132e+04
4.920314869308722700e+04
-1.630176507310785382e+04
-1.031888597859835500e+04
8.802407977503570146e+04
-5.276026203899479697e+03
9.951587512483497267e+04
3.900517678252374753e+04
3.325805769848950149e+04
9.649976219692567247e+04
