8.550663968464470236e+04
3.655967977257249731e+04
-7.143630531569909363e+04
-4.438150190096365986e+04
2.904276242857857505e+04
6.099123661993331916e+04
5.672137001531208080e+04
2.450373151687158315e+04
6.853160346519683662e+04
-1.758726256129814283e+04
-9.321483311790935113e+04
-3.174190428681383128e+04
-4.464907912893571483e+04
9.125554872826061910e+03
-4.915836950483129476e+04
-7.129222063746138883e+04
2.109673220302948903e+04
-4.653248709213298571e+04
-1.277674236830702966e+03
-4.728762257082912583e+03
6.936991609843933475e+03
3.727870741029699275e+04
-3.991028592353169370e+04
-6.551991436169255758e+04
1.798191545863024658e+04
-4.009157871997248731e+04
-9.580293425510083034e+04
8.392569138661910256e+04
5.728889023957142490e+04
-5.676240350699771807e+04
-9.149741397751364275e+04
-9.174560431629596860e+04
-2.240492674803572299e+04
6.583650392245090916e+04
9.874871667790420179e+04
5.062306478520376550e+04
-6.404761098474405298e+04
-8.580941640485957032e+04
-4.676502753297238087e+03
-1.101810517415318463e+04
2.614874920995973298e+04
1.370330115622795711e+04
9.715291050234212889e+04
9.174765178952143469e+04
-3.365554954965659272e+04
-7.203376834330132988e+04
-1.703677014208739593e+03
3.565234443609813025e+04
6.173554977962863632e+04
4.988239647171149954e+03
-7.833744345307337062e+04
9.023612509128489182e+04
9.011380430735767004e+04
-4.350732452824159554e+04
5.055654166826612709e+03
8.747988358392460214e+04
-4.167810202129115351e+04
-5.875908146276290790e+04
5.047694663652774034e+04
-2.663124948986893287e+04
-2.511747105648806246e+04
4.255864639620082016e+04
6.468997987102060870e+04
2.029429684528700091e+04
-9.715481288776206202e+04
5.015225401271994997e+03
5.443792381645873684e+04
-4.425237642479473288e+04
3.864102509392450884e+04
7.125181466341757914e+04
2.419888209159166217e+04
-9.454927860134418006e+04
6.178219320954744035e+03
4.015414834365183924e+04
9.855309867572678195e+04
8.289553865373648296e+04
2.717310074875918508e+04
-1.399417249040088791e+04
3.600938580499282398e+04
4.212176679108467215e+04
3.365278475100648211e+04
-3.209981849262983087e+04
8.374770873400011624e+04
5.034137609414528561e+04
1.554108538166351900e+04
-9.253775709891894076e+04
6.052821615149101854e+04
-4.088796061667871254e+04
6.868903843926102854e+04
5.145847433320309938e+04
-8.672564259595876501e+04
-3.898397068011054216e+04
6.488011141621377647e+03
7.998554129741033830e+04
1.191486924188099692e+04
-3.276377489397903264e+04
-4.091852082259296731e+04
-2.662034320348966867e+04
9.812558987568083103e+04
-8.896192713817981712e+04
9.406167278379682102e+04
-7.960735162544310151e+04
-9.979278945932797797e+04
-4.407530783795195748e+04
1.585371201947293957e+04
8.339755397405242547e+04
8.990551479760218353e+04
-8.522672574341795553e+03
-6.738901530575226934e+04
-5.845138722581287584e+04
-9.857321815795081784e+04
3.022087224370728291e+04
-7.456536464534052357e+04
9.387998439754285209e+04
1.269472616593377552e+03
-5.242144457628762211e+03
2.943352325453250160e+04
-8.017905905181709386e+04
5.338637877071125695e+04
-2.311578894515342654e+03
-1.207633906243619276e+04
-1.830118142701778197e+04
-4.360104108084799373e+04
3.986383704580347694e+04
1.218149715349509461e+04
8.138122547131363535e+04
-6.325680742850400566e+04
9.977589791203082132e+04
7.181022247571866319e+04
-7.506857936930823780e+04
-3.325581736644406919e+04
5.888900769255407067e+04
6.910941861199200503e+04
-2.341677317954675163e+04
4.802272761402731703e+04
3.501659643567294552e+04
-1.717411946595597692e+04
8.191843035343244264e+04
8.268737692387687275e+04
-3.317430799511165969e+04
-8.514803654061850102e+04
3.634894018343938660e+04
-6.377710479343298357e+04
1.451327118307276214e+04
-6.465147897041507531e+04
-8.833009845176359522e+04
-3.341752898817478854e+04
-6.395787042297056178e+04
9.555559542611008510e+04
-4.990166580622270703e+04
-4.064892143658854184e+04
-3.349987963673139802e+03
-8.901623364895596751e+04
-4.771318867205582501e+04
-3.175724935603023550e+04
-1.601150109113913277e+04
-5.323704609444872767e+04
8.857303111877481570e+04
7.247621743850244093e+04
6.876719157372885093e+04
6.191840512397086422e+04
1.761997236274481475e+04
3.858255568421454518e+04
-3.768428328346429680e+03
-2.274543210353838731e+04
6.292201618568706181e+03
4.434979384143785137e+04
8.651494242054668575e+03
-7.049411157625862688e+04
2.932397620854013439e+03
2.005267706564383616e+03
-5.683378083569365845e+04
5.402510254053056269e+04
-4.704552658349639387e+04
-1.125079132646666403e+04
-4.846382435570342204e+04
-7.771411256538594898e+03
5.099837894158782728e+04
-3.091312420619712066e+04
-1.239035878210238479e+04
-3.569476064045329986e+04
9.026630392494834086e+04
-6.550078635076235514e+04
8.455499611147673568e+04
9.674329186668941111e+04
-4.155771148186164646e+04
8.731607153557143465e+04
-3.142460754859792360e+04
-8.145539608896341815e+04
-5.887203749423874251e+04
8.447190031917385932e+04
-1.001852704810623800e+04
1.180300473038361088e+04
8.380873170341792866e+04
2.756142789010555134e+04
4.489335957918188069e+04
-7.973335467705370684e+04
-9.994553231709172542e+04
3.134178804272389607e+04
-5.610038201378090162e+04
-7.544430829988246842e+04
5.578524816375717637e+04
9.203698746772868617e+04
8.015617170972206804e+04
7.297174929378775414e+04
9.219127670355625742e+04
-7.224343042668084308e+03
-2.961215578177514180e+04
-6.014843617067630839e+04
-7.214935873973141133e+04
-4.711600506397330173e+04
3.446231526810339801e+03
8.985907452543354884e+04
-8.650807367506297305e+04
1.680203419682464664e+04
1.595788134974388959e+04
-7.652983547107802588e+04
-3.288120401148573001e+04
7.485720262381101202e+04
8.480559047063767503e+04
-8.522038950760228909e+04
9.866629533362737857e+04
7.954564683684696502e+04
3.571910968061824678e+04
-3.090076034538966996e+04
-9.031717947882469161e+04
9.264185393165959977e+04
-5.169282633188158798e+04
9.711776456212266930e+04
-8.534823877430733410e+04
-3.779904772522091662e+04
-9.647625010830862448e+04
-2.115962001326696554e+04
8.235166845557441411e+04
8.230773862397979246e+04
-5.843528914182290464e+04
3.361738964442337601e+04
4.130729298277007183e+04
5.657717845112097712e+04
-8.581403215679221830e+03
-5.226471154165399639e+04
5.647523818754212698e+04
6.076552440764693165e+04
2.494567183585031671e+04
6.821584277030752855e+04
6.692269395277235890e+04
3.932616490140483074e+04
2.372287490821431493e+04
-1.309674564437169101e+04
-8.385275474124062748e+04
-2.256903244593895579e+03
-9.723463712549404590e+03
-3.545565559699099686e+04
3.839598628465453203e+03
1.133226666600992576e+04
-1.837898009459076275e+04
-7.178874497406574665e+04
-5.050944361870115972e+04
-1.467392569218721655e+04
3.485238918809413008e+04
-7.944573427596426336e+04
7.406669027406086389e+04
4.874838488610105560e+04
-6.419157856126451952e+04
-1.645840687281954160e+04
