-8.760856282954815833e+04
-4.971426397335389629e+04
-9.618933958134488785e+04
4.880792361658661684e+04
7.494071130049308704e+04
2.827895471963790988e+04
-4.199558660309572588e+03
3.018233389602510579e+04
7.293401956241701555e+04
-3.878826036503156502e+04
5.145498364280875830e+04
-1.645050308613768721e+04
2.643195497527882253e+04
-8.415102067637241271e+04
1.988619603220298814e+04
-1.097164478891808903e+04
-6.509208804685334326e+04
4.996974778720315226e+04
9.389618892716834671e+04
-8.374228069240335799e+02
-7.099583791403536452e+04
8.535278721603129816e+04
6.378796331830390409e+04
1.133293130765099340e+04
-1.874428485389611888e+04
7.694576799135952024e+04
5.789863134748847369e+04
-1.628045954088461076e+04
-1.492746483571089630e+04
-5.888405525058259809e+04
6.745546712299418868e+04
9.491735720876649430e+04
-5.323392208444784046e+04
-7.434862330114250653e+04
-1.897638458273642391e+04
8.075049278976589267e+04
6.325899718880584260e+04
4.058062049297992780e+04
9.545849097191551118e+04
7.804131945791854378e+03
-4.704361397614350426e+04
-8.333595819939093781e+04
-1.250519044220745855e+03
5.631203807450102613e+04
-8.505390113838759135e+04
-5.006612571592059248e+04
-9.557393118313266314e+04
-1.259456432953058356e+04
-5.331332919513357047e+04
-1.145557957856707071e+04
3.063831907644266903e+04
3.211615689361736372e+02
-5.065599479560554028e+04
7.975143334077598411e+04
6.585249043749511475e+04
-1.791131134293271714e+02
2.825845708607365850e+03
-6.683483989771777124e+04
-9.654682788291074394e+04
-6.628206747837054718e+04
-2.127043824280966146e+04
-8.662418424839654472e+04
-4.919788097573602863e+04
-4.749230468560863665e+04
9.025655555459366587e+04
7.636302313510068052e+04
5.225952174690803076e+04
9.493813525468803709e+04
2.814630876106028154e+04
7.715011355093801103e+04
-9.980642825442504545e+04
4.185944730334514315e+04
-5.850739393810761976e+04
-6.330450798683328321e+04
6.283357963466814545e+04
-6.493910233404850442e+04
7.277201198461470085e+03
1.541711828816648631e+04
-8.329472836621859460e+04
4.523792054947301040e+03
-1.393548129080142826e+04
9.828640870574879227e+04
7.432335589711698412e+04
-4.569675825833938870e+04
-5.411411244034269475e+04
2.691329843595399143e+04
3.970120063004669646e+04
2.819357821925713870e+04
1.427907150839126007e+04
2.271561246102743826e+04
9.533329885332492995e+04
-7.331704174274258548e+04
4.513924067622716393e+04
3.562022095944607281e+04
9.479017422349349363e+04
-5.827371710272637574e+04
2.576869579384831013e+04
-1.860909178009033712e+04
5.761426734614395536e+04
-9.822726833181674010e+04
7.071265577534127806e+04
-6.145172242423072021e+04
8.528582874495896976e+04
-1.057476814524230122e+03
-2.932807984191487412e+04
-7.097497577967680991e+04
6.296206047691041022e+04
7.795065943651286034e+03
-6.743059740101800708e+04
2.147150273660747189e+04
-3.581224426509901241e+04
6.754726505574764451e+04
-9.005283610627395683e+04
-5.643349546960975567e+04
-5.318884106325713947e+04
3.506068167148804059e+04
-7.536941633900433953e+04
6.207519377428919688e+04
-1.119652929530091114e+03
9.643794701803584758e+04
4.030573212309089286e+04
2.601715374155589234e+04
5.783555164567484098e+03
-9.143522236909257481e+04
1.510479423717249119e+04
4.575765637717605568e+04
-2.657626719808866255e+03
3.374104224343888200e+04
-3.066453652385859095e+04
-8.427473507557816629e+04
-4.918642783115107159e+04
-1.843459097209272295e+04
-1.221367317947442280e+04
4.536366862606532231e+04
6.950824870057578664e+04
-4.334727852741051902e+04
9.551725657906035485e+04
-7.324623270361886534e+04
4.865102945876280864e+04
3.799819474915316096e+04
4.227359796087824361e+04
2.537828137762838196e+03
-2.157698844449651006e+04
2.417498340776583427e+04
-3.693830026884009567e+04
3.968648931982864451e+04
1.754051929060503608e+04
3.678101547623240185e+04
-1.502639341446676735e+04
-1.642850452813425818e+03
4.800999373257415573e+04
7.684251060667747515e+04
4.498544095730379922e+04
2.541253289365092132e+04
6.170036620569814113e+04
9.381070973641307501e+04
-9.733402359723909467e+04
-7.420210493581523770e+04
-1.433734814949496285e+04
7.107424780668069434e+04
-5.840796537892736524e+03
-5.044005555877335428e+04
-5.266986925674582017e+04
1.805087120901200251e+04
4.393551970943918604e+03
-9.123811064114543842e+04
-2.286242604573947028e+04
-1.410803792923711444e+04
5.998594466180079326e+04
-1.254583811472502020e+03
-8.606776807964475302e+04
-2.281933207940594730e+04
1.917126071669210660e+03
-6.604840310041161138e+04
-1.734437870520423166e+04
-7.022541360903784516e+04
-5.986596246164150944e+04
4.345645781706565322e+04
-4.292211588836741430e+04
6.973400522584436112e+04
9.269752448880203883e+04
8.372000886163038376e+04
1.622653410615728535e+04
8.392676495553710265e+04
-8.690575443916332733e+04
-1.809331679550191620e+04
4.955781676269344462e+04
4.836864281133743498e+04
-8.327715092473833647e+04
-1.524632536433808355e+03
3.331199279113832017e+04
8.342425964741464122e+04
8.020912503061992174e+04
-9.305386571701202774e+04
-8.164607357816307922e+04
-7.081493833985495439e+04
-2.345176593913078250e+04
2.887117337358089208e+04
-3.837434966853801598e+04
2.542724069996954859e+04
-4.588924453368539980e+04
-8.571260183076647809e+04
3.070891533869894556e+04
-3.372202722422372608e+04
-4.155199883689116541e+04
1.931516626018859461e+04
-4.706619439018960111e+04
-2.528546103749047325e+04
3.549409184624689078e+04
-7.062072527499876742e+04
5.587854739509120554e+04
2.740104667603929556e+04
-6.490105818920754973e+04
-1.558877128702804112e+04
7.003178068848195835e+04
5.868987575820224447e+04
5.563689537961498718e+04
4.020586276680499577e+04
6.976209593550283171e+04
6.675419886337153730e+04
-7.711435293700487819e+04
-5.867516414642704331e+04
4.372044224353454047e+04
5.033485486612444947e+04
-2.177106640183917989e+04
-7.016903948752104770e+04
4.321545754414654948e+04
-7.008173120655489038e+04
-3.290939415704793646e+04
-1.547144342825593412e+04
6.352261164807435125e+04
7.439105787883188168e+04
-1.319640811463704995e+04
-7.644231119954776659e+04
6.918533997974413069e+03
-5.897528472246516685e+03
-8.639193088156802696e+04
-5.362236234966632037e+04
7.815481862774740148e+04
3.646720035901121446e+04
-3.459374719449910117e+03
-7.010597448362292198e+04
-9.832987365650676657e+04
-1.080546482249919063e+04
8.281779790475597838e+04
-8.066730018556787400e+04
5.049467146011356090e+04
6.230827932599480118e+04
8.093677616384817520e+04
7.645592600942609715e+04
7.898922485003310430e+04
3.533795666449978307e+04
6.430958343222127587e+04
6.277914662349267746e+04
7.369962156060364214e+04
3.809602751819964760e+04
-1.472604434177670009e+04
-1.981470700289870365e+04
6.165413847366056871e+04
-1.553155908911289407e+04
-6.060868582948022959e+04
7.751138876687895390e+04
6.938852852045711188e+04
4.066447648500309879e+04
-1.829629731298183833e+04
